track_id,filename,sweep_idx,sweep_angle,count_scaling,n_roost_pixels,n_refAbove40_pixels,n_refBelow40_animals,n_xcorrAbove0.95_pixels,n_xcorrBelow0.95_refAbove40_pixels,n_xcorrBelow0.95_refBelow40_animals
KBYX20130603-2,KBYX20130603_111744_V06,0,0.483,1.200,3573,3335,1.401,3191,144,1.401
KBYX20130603-2,KBYX20130603_111744_V06,2,0.879,1.200,3577,3179,2.466,2701,478,2.466
KBYX20130605-10,KBYX20130605_103401_V06,0,0.483,1.200,5960,1595,431.586,2380,82,209.293
KBYX20130605-10,KBYX20130605_103401_V06,2,0.879,1.200,5959,1464,338.268,2685,13,37.225
KBYX20130605-10,KBYX20130605_103401_V06,4,1.318,1.200,5958,1352,330.557,2399,2,19.136
KBYX20130605-10,KBYX20130605_103401_V06,6,1.802,1.200,2980,600,246.309,922,5,21.147
KBYX20130605-10,KBYX20130605_103401_V06,7,2.417,1.200,2985,612,174.215,897,2,9.087
KBYX20130605-10,KBYX20130605_103401_V06,8,3.120,1.200,2983,608,141.217,842,2,5.077
KBYX20130605-10,KBYX20130605_103401_V06,9,3.999,1.200,2990,625,120.393,793,7,7.317
KBYX20130605-10,KBYX20130605_103401_V06,10,5.098,1.200,2994,647,187.721,893,3,30.710
KBYX20130605-10,KBYX20130605_103401_V06,11,6.416,1.200,3006,817,587.133,1450,12,95.779
KBYX20130605-17,KBYX20130605_112816_V06,0,0.483,1.200,16703,1248,814.690,2290,244,362.032
KBYX20130605-17,KBYX20130605_112816_V06,2,0.879,1.200,16704,1164,943.429,3528,16,110.399
KBYX20130605-17,KBYX20130605_112816_V06,4,1.318,1.200,16709,1203,787.697,3497,8,53.473
KBYX20130605-17,KBYX20130605_112816_V06,6,1.802,1.200,8361,593,432.470,1321,8,39.348
KBYX20130605-17,KBYX20130605_112816_V06,7,2.417,1.200,8357,561,334.289,1232,0,15.240
KBYX20130605-17,KBYX20130605_112816_V06,8,3.120,1.200,8364,493,313.847,1091,0,16.104
KBYX20130605-17,KBYX20130605_112816_V06,9,3.999,1.200,8367,477,618.282,1055,4,70.302
KBYX20130605-17,KBYX20130605_112816_V06,10,5.098,1.200,8386,547,2020.146,1547,14,438.188
KBYX20130606-2,KBYX20130606_095443_V06,0,0.483,1.200,4875,480,364.157,527,26,75.881
KBYX20130606-2,KBYX20130606_095443_V06,2,0.879,1.200,4868,468,312.353,523,6,44.757
KBYX20130606-2,KBYX20130606_095443_V06,4,1.318,1.200,4883,449,173.181,482,4,22.402
KBYX20130606-2,KBYX20130606_095443_V06,6,1.802,1.200,2432,192,85.098,194,6,20.735
KBYX20130606-2,KBYX20130606_095443_V06,7,2.417,1.200,2431,168,111.646,175,2,20.579
KBYX20130606-2,KBYX20130606_095443_V06,8,3.120,1.200,2427,110,125.458,119,2,27.356
KBYX20130612-10,KBYX20130612_100731_V06,0,0.483,1.200,8465,1567,880.548,1810,31,99.299
KBYX20130612-10,KBYX20130612_100731_V06,2,0.879,1.200,8478,1734,868.285,1958,31,138.532
KBYX20130612-10,KBYX20130612_100731_V06,4,1.318,1.200,8480,1921,701.726,2105,46,67.847
KBYX20130612-10,KBYX20130612_100731_V06,6,1.802,1.200,4235,950,444.072,962,47,91.591
KBYX20130612-10,KBYX20130612_100731_V06,7,2.417,1.200,4229,1072,553.307,1073,74,59.615
KBYX20130612-10,KBYX20130612_100731_V06,8,3.120,1.200,4243,1649,930.631,1688,70,111.579
KBYX20130618-3,KBYX20130618_093912_V06,0,0.483,1.200,532,87,34.314,87,2,20.741
KBYX20130618-3,KBYX20130618_093912_V06,2,0.879,1.200,532,95,12.595,96,1,0.882
KBYX20130618-3,KBYX20130618_093912_V06,4,1.318,1.200,529,80,7.610,81,0,0.909
KBYX20130618-3,KBYX20130618_093912_V06,6,1.802,1.200,269,28,0.979,26,2,0.979
KBYX20130618-3,KBYX20130618_093912_V06,7,2.417,1.200,267,17,1.017,17,0,1.017
KBYX20130622-2,KBYX20130622_094107_V06,0,0.483,1.200,1454,243,190.077,332,13,25.761
KBYX20130622-2,KBYX20130622_094107_V06,2,0.879,1.200,1454,321,323.677,484,4,27.796
KBYX20130622-2,KBYX20130622_094107_V06,4,1.318,1.200,1461,362,290.379,501,12,28.317
KBYX20130622-2,KBYX20130622_094107_V06,6,1.802,1.200,726,156,170.685,187,4,22.511
KBYX20130622-2,KBYX20130622_094107_V06,7,2.417,1.200,730,148,91.178,166,5,8.831
KBYX20130622-2,KBYX20130622_094107_V06,8,3.120,1.200,730,121,39.182,129,3,0.933
KBYX20130622-2,KBYX20130622_094107_V06,9,3.999,1.200,731,110,27.496,118,0,4.355
KBYX20130622-2,KBYX20130622_094543_V06,0,0.483,1.200,3052,330,389.193,512,7,56.068
KBYX20130622-2,KBYX20130622_094543_V06,2,0.879,1.200,3053,428,545.321,677,7,46.999
KBYX20130622-2,KBYX20130622_094543_V06,4,1.318,1.200,3056,426,383.704,595,7,31.939
KBYX20130622-2,KBYX20130622_094543_V06,6,1.802,1.200,1523,181,131.225,196,8,35.510
KBYX20130622-2,KBYX20130622_094543_V06,7,2.417,1.200,1529,174,66.129,189,1,2.093
KBYX20130622-2,KBYX20130622_094543_V06,8,3.120,1.200,1534,146,36.123,154,0,9.639
KBYX20130622-2,KBYX20130622_094543_V06,9,3.999,1.200,1537,121,61.650,132,2,9.569
KBYX20130624-6,KBYX20130624_103003_V06,0,0.483,1.200,5315,1019,189.140,1944,22,36.631
KBYX20130624-6,KBYX20130624_103003_V06,2,0.879,1.200,5315,977,143.651,1782,6,10.889
KBYX20130624-6,KBYX20130624_103003_V06,4,1.318,1.200,5311,948,138.067,1748,3,5.872
KBYX20130624-6,KBYX20130624_103003_V06,6,1.802,1.200,2660,463,113.286,665,9,8.057
KBYX20130624-6,KBYX20130624_103003_V06,7,2.417,1.200,2668,434,89.818,618,6,3.191
KBYX20130624-6,KBYX20130624_103003_V06,8,3.120,1.200,2666,435,89.101,573,5,5.538
KBYX20130624-6,KBYX20130624_103003_V06,9,3.999,1.200,2668,391,113.708,574,3,4.773
KBYX20130624-6,KBYX20130624_103003_V06,10,5.098,1.200,2662,312,104.053,490,3,7.762
KBYX20130624-6,KBYX20130624_103003_V06,11,6.416,1.200,2682,220,85.687,380,2,7.845
KBYX20130624-6,KBYX20130624_103003_V06,12,7.998,1.200,2693,134,95.966,366,0,5.666
KBYX20130624-6,KBYX20130624_103435_V06,0,0.483,1.200,10789,925,338.839,3008,37,75.087
KBYX20130624-6,KBYX20130624_103435_V06,2,0.879,1.200,10789,837,254.829,2993,9,19.025
KBYX20130624-6,KBYX20130624_103435_V06,4,1.318,1.200,10795,798,238.377,2734,4,12.106
KBYX20130624-6,KBYX20130624_103435_V06,6,1.802,1.200,5397,376,211.100,1052,12,16.285
KBYX20130624-6,KBYX20130624_103435_V06,7,2.417,1.200,5394,353,192.703,961,2,8.513
KBYX20130624-6,KBYX20130624_103435_V06,8,3.120,1.200,5405,337,169.471,796,0,7.392
KBYX20130624-6,KBYX20130624_103435_V06,9,3.999,1.200,5402,305,151.095,643,2,11.625
KBYX20130624-6,KBYX20130624_103435_V06,10,5.098,1.200,5421,252,110.220,491,3,9.963
KBYX20130624-6,KBYX20130624_103435_V06,11,6.416,1.200,5421,189,55.484,317,5,6.965
KBYX20130624-6,KBYX20130624_103435_V06,12,7.998,1.200,5449,107,89.282,297,2,7.833
KBYX20130624-2,KBYX20130624_093949_V06,0,0.483,1.200,709,334,1.796,320,14,1.796
KBYX20130624-2,KBYX20130624_093949_V06,2,0.879,1.200,712,295,1.997,281,14,1.997
KBYX20130624-2,KBYX20130624_093949_V06,4,1.318,1.200,712,124,2.786,121,3,2.786
KBYX20130703-5,KBYX20130703_103726_V06,0,0.483,1.200,2484,564,15.041,527,38,5.929
KBYX20130703-5,KBYX20130703_103726_V06,2,0.879,1.200,2493,617,22.582,581,38,5.792
KBYX20130703-5,KBYX20130703_103726_V06,4,1.318,1.200,2491,753,14.880,690,64,5.315
KBYX20130703-5,KBYX20130703_103726_V06,6,1.802,1.200,1243,320,5.654,185,135,5.654
KBYX20130703-9,KBYX20130703_114619_V06,0,0.483,1.200,12913,527,731.386,2890,23,147.230
KBYX20130703-9,KBYX20130703_114619_V06,2,0.879,1.200,12923,509,910.146,3800,19,148.673
KBYX20130703-9,KBYX20130703_114619_V06,4,1.318,1.200,12921,452,888.716,3669,9,79.662
KBYX20130703-9,KBYX20130703_114619_V06,6,1.802,1.200,6460,186,612.585,786,23,162.930
KBYX20130703-9,KBYX20130703_114619_V06,7,2.417,1.200,6458,140,423.643,584,16,121.474
KBYX20130703-9,KBYX20130703_114619_V06,8,3.120,1.200,6468,88,269.937,255,12,85.135
KBYX20130703-9,KBYX20130703_114619_V06,9,3.999,1.200,6481,120,246.294,319,0,22.261
KBYX20130703-9,KBYX20130703_114619_V06,10,5.098,1.200,6489,114,238.804,270,1,72.305
KBYX20130703-9,KBYX20130703_114619_V06,11,6.416,1.200,6507,76,132.870,146,14,43.200
KBYX20130703-9,KBYX20130703_115112_V06,0,0.483,1.200,5978,285,407.281,1423,9,77.528
KBYX20130703-9,KBYX20130703_115112_V06,2,0.879,1.200,5980,269,507.254,1716,20,79.289
KBYX20130703-9,KBYX20130703_115112_V06,4,1.318,1.200,5977,234,558.412,1674,5,42.499
KBYX20130703-9,KBYX20130703_115112_V06,6,1.802,1.200,2994,95,399.891,335,16,150.456
KBYX20130703-9,KBYX20130703_115112_V06,7,2.417,1.200,2997,47,234.252,263,5,94.520
KBYX20130703-9,KBYX20130703_115112_V06,8,3.120,1.200,3002,30,78.251,90,1,32.578
KBYX20130703-9,KBYX20130703_115112_V06,9,3.999,1.200,3000,54,107.110,142,0,8.808
KBYX20130703-9,KBYX20130703_115112_V06,10,5.098,1.200,3001,52,97.513,125,2,21.715
KBYX20130703-9,KBYX20130703_115112_V06,11,6.416,1.200,3020,46,87.756,95,14,29.129
KBYX20130712-7,KBYX20130712_105323_V06,0,0.483,1.200,1065,278,74.618,355,3,12.632
KBYX20130712-7,KBYX20130712_105323_V06,2,1.450,1.200,1066,308,81.292,396,0,2.255
KBYX20130712-7,KBYX20130712_105323_V06,4,2.417,1.200,533,141,39.402,166,1,0.388
KBYX20130712-7,KBYX20130712_105323_V06,5,3.384,1.200,533,116,41.636,137,0,0.420
KBYX20130712-7,KBYX20130712_105323_V06,6,4.307,1.200,538,92,54.160,112,4,5.399
KBYX20130712-7,KBYX20130712_105922_V06,0,0.483,1.200,3131,323,174.243,551,12,35.551
KBYX20130712-7,KBYX20130712_105922_V06,2,1.450,1.200,3137,383,296.977,725,1,14.055
KBYX20130712-7,KBYX20130712_105922_V06,4,2.417,1.200,1569,121,155.145,203,0,3.437
KBYX20130712-7,KBYX20130712_105922_V06,5,3.384,1.200,1568,85,65.068,117,0,1.524
KBYX20130712-7,KBYX20130712_105922_V06,6,4.307,1.200,1574,93,73.374,128,2,3.668
KBYX20130714-8,KBYX20130714_110048_V06,0,0.483,1.200,7531,185,570.378,432,15,109.955
KBYX20130714-8,KBYX20130714_110048_V06,2,0.879,1.200,7532,219,489.328,432,7,70.580
KBYX20130714-8,KBYX20130714_110048_V06,4,1.318,1.200,7533,321,572.087,570,13,47.498
KBYX20130714-8,KBYX20130714_110048_V06,6,1.802,1.200,3769,144,350.815,217,4,60.907
KBYX20130714-8,KBYX20130714_110048_V06,7,2.417,1.200,3772,208,552.885,299,10,66.993
KBYX20130714-8,KBYX20130714_110048_V06,8,3.120,1.200,3777,1116,1394.401,1342,25,141.548
KBYX20130714-8,KBYX20130714_110048_V06,9,3.999,1.200,3782,2185,511.301,2302,14,32.139
KBYX20130715-4,KBYX20130715_095950_V06,0,0.483,1.200,2447,1842,2.673,1757,85,2.673
KBYX20130715-4,KBYX20130715_095950_V06,2,0.879,1.200,2452,2109,1.476,1977,132,1.476
KBYX20130715-4,KBYX20130715_095950_V06,4,1.318,1.200,2454,2149,1.287,1954,195,1.287
KBYX20130715-4,KBYX20130715_100425_V06,0,0.483,1.200,3753,2303,6.225,2208,95,6.225
KBYX20130715-4,KBYX20130715_100425_V06,2,0.879,1.200,3765,2683,4.518,2511,172,4.518
KBYX20130715-4,KBYX20130715_100425_V06,4,1.318,1.200,3757,2808,3.992,2556,252,3.992
KBYX20130715-4,KBYX20130715_100859_V06,0,0.483,1.200,3839,2392,6.084,2294,98,6.084
KBYX20130715-4,KBYX20130715_100859_V06,2,0.879,1.200,3833,2742,4.515,2560,182,4.515
KBYX20130715-4,KBYX20130715_100859_V06,4,1.318,1.200,3833,2808,4.294,2540,268,4.294
KBYX20130715-4,KBYX20130715_101333_V06,0,0.483,1.200,3713,2272,6.140,2176,96,6.140
KBYX20130715-4,KBYX20130715_101333_V06,2,0.879,1.200,3719,2519,5.127,2374,145,5.127
KBYX20130715-4,KBYX20130715_101333_V06,4,1.318,1.200,3721,2497,5.288,2249,248,5.288
KBYX20130715-4,KBYX20130715_102017_V06,0,0.483,1.200,3831,2011,7.823,1899,112,7.823
KBYX20130715-4,KBYX20130715_102017_V06,2,0.879,1.200,3821,2266,6.682,2087,179,6.682
KBYX20130715-4,KBYX20130715_102017_V06,4,1.318,1.200,3834,2268,6.904,1981,287,6.904
KBYX20130715-4,KBYX20130715_102452_V06,0,0.483,1.200,7639,2680,21.526,2522,158,21.526
KBYX20130715-4,KBYX20130715_102452_V06,2,0.879,1.200,7639,3366,18.532,3125,241,18.532
KBYX20130715-4,KBYX20130715_102452_V06,4,1.318,1.200,7637,3367,19.211,3004,363,19.211
KBYX20130715-4,KBYX20130715_102926_V06,0,0.483,1.200,8820,2833,25.859,2619,214,25.859
KBYX20130715-4,KBYX20130715_102926_V06,2,0.879,1.200,8831,3630,22.522,3293,337,22.522
KBYX20130715-4,KBYX20130715_102926_V06,4,1.318,1.200,8833,3085,26.382,2727,358,26.382
KBYX20130715-2,KBYX20130715_095517_V06,0,0.483,1.200,10194,3540,29.240,3187,353,29.240
KBYX20130715-2,KBYX20130715_095517_V06,2,0.879,1.200,10201,4375,25.202,3802,573,25.202
KBYX20130715-2,KBYX20130715_095517_V06,4,1.318,1.200,10208,4969,22.498,4521,448,22.498
KBYX20130715-5,KBYX20130715_102017_V06,0,0.483,1.200,11259,4887,27.193,4551,336,27.193
KBYX20130715-5,KBYX20130715_102017_V06,2,0.879,1.200,11262,5427,24.714,4841,586,24.714
KBYX20130715-5,KBYX20130715_102017_V06,4,1.318,1.200,11264,5558,24.875,4988,570,24.875
KBYX20130722-3,KBYX20130722_100250_V06,0,0.483,1.200,1776,85,697.727,259,7,57.180
KBYX20130722-3,KBYX20130722_100250_V06,2,1.494,1.200,1778,0,13.982,3,0,2.678
KBYX20130722-3,KBYX20130722_100250_V06,4,2.505,1.200,891,0,2.691,0,0,2.691
KBYX20130724-2,KBYX20130724_104015_V06,0,0.483,1.200,4112,808,101.724,227,583,79.018
KBYX20130724-2,KBYX20130724_104015_V06,2,1.494,1.200,4119,0,16.951,0,0,16.951
KBYX20130726-1,KBYX20130726_111913_V06,0,0.483,1.200,11522,2679,1746.718,665,2117,1066.265
KBYX20130726-1,KBYX20130726_111913_V06,2,1.494,1.200,11528,7,67.382,0,7,67.382
KBYX20130726-1,KBYX20130726_112831_V06,0,0.483,1.200,16122,2497,2821.119,805,1966,1462.190
KBYX20130726-1,KBYX20130726_112831_V06,2,1.494,1.200,16144,4,76.253,3,2,63.592
KBYX20130730-1,KBYX20130730_095548_V06,0,0.483,1.200,947,374,1.783,360,14,1.783
KBYX20130730-1,KBYX20130730_095548_V06,2,0.879,1.200,951,388,1.755,371,17,1.755
KBYX20130730-1,KBYX20130730_095548_V06,4,1.318,1.200,947,485,1.467,401,84,1.467
KBYX20130730-1,KBYX20130730_095548_V06,6,1.802,1.200,470,289,1.155,264,25,1.155
KBYX20130730-2,KBYX20130730_095548_V06,0,0.483,1.200,559,136,53.038,142,3,10.618
KBYX20130730-2,KBYX20130730_095548_V06,2,0.879,1.200,555,137,37.656,140,3,6.010
KBYX20130730-2,KBYX20130730_095548_V06,4,1.318,1.200,554,121,23.806,126,0,0.740
KBYX20130730-2,KBYX20130730_095548_V06,6,1.802,1.200,273,52,12.584,53,0,0.758
KBYX20130730-2,KBYX20130730_095548_V06,7,2.417,1.200,271,49,11.596,47,3,0.761
KBYX20130804-5,KBYX20130804_104838_V06,0,0.483,1.200,326,33,1.331,31,2,1.331
KBYX20130804-5,KBYX20130804_104838_V06,2,0.879,1.200,326,0,1.475,0,0,1.475
KBYX20130804-5,KBYX20130804_104838_V06,4,1.318,1.200,325,0,1.471,0,0,1.471
KBYX20130807-2,KBYX20130807_100203_V06,0,0.483,1.200,826,242,321.271,239,46,174.950
KBYX20130807-2,KBYX20130807_100203_V06,2,0.879,1.200,825,204,182.205,231,17,41.136
KBYX20130807-2,KBYX20130807_100203_V06,4,1.318,1.200,823,192,130.391,224,5,5.329
KBYX20130807-2,KBYX20130807_100203_V06,6,1.802,1.200,411,76,118.948,87,1,18.962
KBYX20130807-2,KBYX20130807_100203_V06,7,2.417,1.200,405,62,77.236,71,0,0.854
KBYX20130807-2,KBYX20130807_100203_V06,8,3.120,1.200,411,25,16.096,27,0,0.991
KBYX20130807-15,KBYX20130807_110714_V06,0,0.483,1.200,5801,1530,1412.202,673,950,927.764
KBYX20130807-15,KBYX20130807_110714_V06,2,0.879,1.200,5805,587,962.743,306,343,672.403
KBYX20130807-15,KBYX20130807_110714_V06,4,1.318,1.200,5811,31,118.343,30,12,70.829
KBYX20130807-15,KBYX20130807_110714_V06,6,1.802,1.200,2913,5,24.182,6,0,12.092
KBYX20130807-15,KBYX20130807_110714_V06,7,2.417,1.200,2909,0,12.108,0,0,12.108
KBYX20130807-28,KBYX20130807_115503_V06,0,0.483,1.200,673,262,1.156,254,8,1.156
KBYX20130807-28,KBYX20130807_115503_V06,2,0.879,1.200,671,262,1.151,256,6,1.151
KBYX20130807-28,KBYX20130807_115503_V06,4,1.318,1.200,666,267,1.125,263,4,1.125
KBYX20130807-28,KBYX20130807_115503_V06,6,1.802,1.200,336,78,1.479,68,10,1.479
KBYX20130808-3,KBYX20130808_111239_V06,0,0.483,1.200,42800,17393,1442.048,16026,7065,1246.977
KBYX20130808-3,KBYX20130808_111239_V06,2,1.450,1.200,42820,12914,731.534,28711,1474,80.679
KBYX20130808-3,KBYX20130808_111239_V06,4,2.417,1.200,21432,5852,604.585,13339,520,57.809
KBYX20130808-3,KBYX20130808_111239_V06,5,3.384,1.200,21449,5755,480.800,12775,397,54.804
KBYX20130808-3,KBYX20130808_111239_V06,6,4.307,1.200,21480,5706,438.391,12584,287,44.052
KBYX20130808-3,KBYX20130808_111239_V06,7,6.021,1.200,21539,5827,418.297,12518,290,41.994
KBYX20130808-3,KBYX20130808_111239_V06,8,9.888,1.200,21773,5860,568.836,13164,261,40.384
KBYX20130808-3,KBYX20130808_111239_V06,9,14.590,1.200,22217,4697,358.644,12091,157,31.638
KBYX20130808-3,KBYX20130808_111239_V06,10,19.512,1.200,22907,3081,298.061,9539,193,30.382
KBYX20130810-8,KBYX20130810_113637_V06,0,0.483,1.200,2487,1173,590.403,886,511,466.868
KBYX20130810-8,KBYX20130810_113637_V06,2,0.879,1.200,2488,673,77.354,811,14,31.456
KBYX20130810-8,KBYX20130810_113637_V06,4,1.318,1.200,2490,681,42.049,810,3,2.987
KBYX20130810-8,KBYX20130810_113637_V06,6,1.802,1.200,1247,313,35.644,355,3,2.363
KBYX20130810-8,KBYX20130810_113637_V06,7,2.417,1.200,1248,336,46.746,386,4,1.040
KBYX20130810-8,KBYX20130810_113637_V06,8,3.120,1.200,1247,329,32.783,368,1,2.561
KBYX20130810-8,KBYX20130810_113637_V06,9,3.999,1.200,1248,315,26.872,351,1,2.030
KBYX20130810-8,KBYX20130810_113637_V06,10,5.098,1.200,1250,257,28.528,295,3,2.662
KBYX20130810-8,KBYX20130810_113637_V06,11,6.416,1.200,1256,208,33.361,245,0,3.657
KBYX20130810-8,KBYX20130810_114057_V06,0,0.483,1.200,6745,2906,1477.120,2040,1494,1142.903
KBYX20130810-8,KBYX20130810_114057_V06,2,0.879,1.200,6745,1401,268.766,2070,15,54.736
KBYX20130810-8,KBYX20130810_114057_V06,4,1.318,1.200,6748,1426,192.021,2018,5,16.127
KBYX20130810-8,KBYX20130810_114057_V06,6,1.802,1.200,3375,741,127.236,891,16,15.840
KBYX20130810-8,KBYX20130810_114057_V06,7,2.417,1.200,3380,768,134.666,957,7,11.339
KBYX20130810-8,KBYX20130810_114057_V06,8,3.120,1.200,3382,790,129.457,958,5,11.890
KBYX20130810-8,KBYX20130810_114057_V06,9,3.999,1.200,3382,781,131.168,951,1,4.546
KBYX20130810-8,KBYX20130810_114057_V06,10,5.098,1.200,3391,776,133.440,893,2,34.156
KBYX20130810-8,KBYX20130810_114057_V06,11,6.416,1.200,3397,731,127.254,834,6,29.473
KBYX20130810-8,KBYX20130810_114518_V06,0,0.483,1.200,10170,4192,2014.383,2816,2204,1596.608
KBYX20130810-8,KBYX20130810_114518_V06,2,0.879,1.200,10173,2033,482.693,3137,33,88.694
KBYX20130810-8,KBYX20130810_114518_V06,4,1.318,1.200,10165,2115,337.909,3038,33,29.669
KBYX20130810-8,KBYX20130810_114518_V06,6,1.802,1.200,5089,1094,174.591,1309,21,19.912
KBYX20130810-8,KBYX20130810_114518_V06,7,2.417,1.200,5090,1140,165.642,1369,10,14.492
KBYX20130810-8,KBYX20130810_114518_V06,8,3.120,1.200,5090,1171,190.821,1406,13,10.346
KBYX20130810-8,KBYX20130810_114518_V06,9,3.999,1.200,5086,1192,147.839,1392,21,5.292
KBYX20130810-8,KBYX20130810_114518_V06,10,5.098,1.200,5112,1207,247.784,1455,6,36.075
KBYX20130810-8,KBYX20130810_114518_V06,11,6.416,1.200,5120,1318,303.285,1505,17,42.595
KBYX20130810-8,KBYX20130810_114939_V06,0,0.483,1.200,11303,4620,1923.102,3477,2244,1460.519
KBYX20130810-8,KBYX20130810_114939_V06,2,0.879,1.200,11311,2576,494.763,3918,66,126.043
KBYX20130810-8,KBYX20130810_114939_V06,4,1.318,1.200,11307,2667,348.561,3918,37,35.524
KBYX20130810-8,KBYX20130810_114939_V06,6,1.802,1.200,5659,1329,219.066,1698,19,21.891
KBYX20130810-8,KBYX20130810_114939_V06,7,2.417,1.200,5661,1350,206.192,1737,6,17.309
KBYX20130810-8,KBYX20130810_114939_V06,8,3.120,1.200,5661,1391,200.438,1781,8,11.757
KBYX20130810-8,KBYX20130810_114939_V06,9,3.999,1.200,5666,1426,177.960,1808,6,8.804
KBYX20130810-8,KBYX20130810_114939_V06,10,5.098,1.200,5677,1377,213.830,1742,17,22.082
KBYX20130810-8,KBYX20130810_114939_V06,11,6.416,1.200,5700,1465,293.584,1773,14,35.585
KBYX20130810-8,KBYX20130810_115400_V06,0,0.483,1.200,14079,6990,2209.758,4124,3952,1749.665
KBYX20130810-8,KBYX20130810_115400_V06,2,0.879,1.200,14085,3449,855.611,4831,363,459.726
KBYX20130810-8,KBYX20130810_115400_V06,4,1.318,1.200,14083,3345,419.979,5306,45,29.047
KBYX20130810-8,KBYX20130810_115400_V06,6,1.802,1.200,7049,1658,266.286,2233,25,28.429
KBYX20130810-8,KBYX20130810_115400_V06,7,2.417,1.200,7050,1706,222.383,2262,31,10.403
KBYX20130810-8,KBYX20130810_115400_V06,8,3.120,1.200,7051,1725,211.460,2290,11,10.413
KBYX20130810-8,KBYX20130810_115400_V06,9,3.999,1.200,7061,1767,219.379,2354,14,13.690
KBYX20130810-8,KBYX20130810_115400_V06,10,5.098,1.200,7071,1816,198.503,2371,8,17.335
KBYX20130810-8,KBYX20130810_115400_V06,11,6.416,1.200,7086,1894,349.192,2458,21,45.679
KBYX20130810-8,KBYX20130810_115400_V06,12,7.998,1.200,7118,1943,560.999,2439,11,71.252
KBYX20130810-8,KBYX20130810_115821_V06,0,0.483,1.200,17370,8828,2413.955,4678,5413,1956.873
KBYX20130810-8,KBYX20130810_115821_V06,2,0.879,1.200,17369,3982,655.223,6627,117,222.994
KBYX20130810-8,KBYX20130810_115821_V06,4,1.318,1.200,17376,4034,488.076,7531,70,37.490
KBYX20130810-8,KBYX20130810_115821_V06,6,1.802,1.200,8693,2028,318.277,3129,58,40.999
KBYX20130810-8,KBYX20130810_115821_V06,7,2.417,1.200,8697,2107,202.088,3039,35,18.130
KBYX20130810-8,KBYX20130810_115821_V06,8,3.120,1.200,8708,2161,201.569,3113,37,15.255
KBYX20130810-8,KBYX20130810_115821_V06,9,3.999,1.200,8717,2184,244.903,3246,26,17.807
KBYX20130810-8,KBYX20130810_115821_V06,10,5.098,1.200,8720,2240,264.935,3274,14,24.351
KBYX20130810-8,KBYX20130810_115821_V06,11,6.416,1.200,8740,2372,429.689,3229,23,41.000
KBYX20130810-8,KBYX20130810_115821_V06,12,7.998,1.200,8783,2579,491.505,3389,23,67.174
KBYX20130815-4,KBYX20130815_102523_V06,0,0.483,1.200,5380,1136,176.503,1103,49,32.490
KBYX20130815-4,KBYX20130815_102523_V06,2,0.879,1.200,5380,1657,277.249,1598,84,54.527
KBYX20130815-4,KBYX20130815_102523_V06,4,1.318,1.200,5384,2114,308.316,2056,93,18.942
KBYX20130815-4,KBYX20130815_102523_V06,6,1.802,1.200,2695,1080,11.769,944,136,11.769
KBYX20130815-4,KBYX20130815_102944_V06,0,0.483,1.200,8145,1320,276.250,1254,92,56.408
KBYX20130815-4,KBYX20130815_102944_V06,2,0.879,1.200,8142,1736,396.092,1687,84,102.321
KBYX20130815-4,KBYX20130815_102944_V06,4,1.318,1.200,8145,2823,538.534,2724,153,114.865
KBYX20130815-4,KBYX20130815_102944_V06,6,1.802,1.200,4083,1415,19.584,1308,107,19.584
KBYX20130815-21,KBYX20130815_120422_V06,0,0.483,1.200,12350,3104,132.941,5380,270,45.352
KBYX20130815-21,KBYX20130815_120422_V06,2,0.879,1.200,12345,3031,136.594,6401,135,40.898
KBYX20130815-21,KBYX20130815_120422_V06,4,1.318,1.200,12347,2951,141.111,6822,74,26.146
KBYX20130815-21,KBYX20130815_120422_V06,6,1.802,1.200,6170,1411,89.066,2245,44,19.639
KBYX20130815-21,KBYX20130815_120422_V06,7,2.417,1.200,6174,1354,62.482,1812,38,10.276
KBYX20130815-21,KBYX20130815_120422_V06,8,3.120,1.200,6180,1301,32.945,1739,33,4.329
KBYX20130815-21,KBYX20130815_120422_V06,9,3.999,1.200,6183,1253,45.467,1762,33,7.099
KBYX20130815-21,KBYX20130815_120422_V06,10,5.098,1.200,6203,1175,36.717,1808,5,5.766
KBYX20130815-21,KBYX20130815_120422_V06,11,6.416,1.200,6219,1162,38.924,1956,13,5.595
KBYX20130815-21,KBYX20130815_120422_V06,12,7.998,1.200,6232,1136,42.835,2160,11,4.333
KBYX20130815-21,KBYX20130815_120747_V06,0,0.483,1.200,21481,4677,262.419,8337,853,103.902
KBYX20130815-21,KBYX20130815_120747_V06,2,0.879,1.200,21485,4418,257.688,9788,524,77.652
KBYX20130815-21,KBYX20130815_120747_V06,4,1.318,1.200,21486,4259,223.934,10009,345,47.282
KBYX20130815-21,KBYX20130815_120747_V06,6,1.802,1.200,10743,2091,111.117,3555,125,25.705
KBYX20130815-21,KBYX20130815_120747_V06,7,2.417,1.200,10747,2033,75.883,2851,147,10.609
KBYX20130815-21,KBYX20130815_120747_V06,8,3.120,1.200,10748,2010,77.662,2883,109,11.630
KBYX20130815-21,KBYX20130815_120747_V06,9,3.999,1.200,10761,1965,50.278,2838,63,9.410
KBYX20130815-21,KBYX20130815_120747_V06,10,5.098,1.200,10779,1892,46.243,2837,38,10.187
KBYX20130815-21,KBYX20130815_120747_V06,11,6.416,1.200,10818,1885,45.083,3010,39,7.420
KBYX20130815-21,KBYX20130815_121058_V06,0,0.483,1.200,14788,2999,150.091,6101,310,63.755
KBYX20130815-21,KBYX20130815_121058_V06,2,0.879,1.200,14790,2739,164.018,7339,224,50.570
KBYX20130815-21,KBYX20130815_121058_V06,4,1.318,1.200,14793,2534,157.614,7418,127,31.821
KBYX20130815-21,KBYX20130815_121058_V06,6,1.802,1.200,7399,1202,73.301,2253,48,11.813
KBYX20130815-21,KBYX20130815_121058_V06,7,2.417,1.200,7399,1096,48.930,1630,26,7.074
KBYX20130815-21,KBYX20130815_121058_V06,8,3.120,1.200,7405,1034,42.504,1635,19,6.238
KBYX20130815-21,KBYX20130815_121058_V06,9,3.999,1.200,7407,975,43.359,1699,15,5.173
KBYX20130815-21,KBYX20130815_121058_V06,10,5.098,1.200,7430,915,38.012,1713,14,9.014
KBYX20130815-21,KBYX20130815_121058_V06,11,6.416,1.200,7456,866,33.871,1893,9,4.389
KBYX20130815-21,KBYX20130815_121410_V06,0,0.483,1.200,12370,3607,92.178,5449,757,44.909
KBYX20130815-21,KBYX20130815_121410_V06,2,0.879,1.200,12375,3432,99.413,7434,442,21.442
KBYX20130815-21,KBYX20130815_121410_V06,4,1.318,1.200,12377,3164,110.506,7706,297,18.273
KBYX20130815-21,KBYX20130815_121410_V06,6,1.802,1.200,6187,1518,51.725,2632,150,9.942
KBYX20130815-21,KBYX20130815_121410_V06,7,2.417,1.200,6190,1479,31.024,2058,101,4.156
KBYX20130815-21,KBYX20130815_121410_V06,8,3.120,1.200,6192,1422,35.475,2038,72,4.959
KBYX20130815-21,KBYX20130815_121410_V06,9,3.999,1.200,6197,1319,37.278,2147,47,3.355
KBYX20130815-21,KBYX20130815_121410_V06,10,5.098,1.200,6209,1266,41.603,2179,32,10.640
KBYX20130815-21,KBYX20130815_121410_V06,11,6.416,1.200,6229,1231,28.010,2185,27,5.509
KBYX20130819-7,KBYX20130819_112123_V06,0,0.483,1.200,1936,331,178.270,335,17,34.217
KBYX20130819-7,KBYX20130819_112123_V06,2,0.879,1.200,1942,368,259.770,391,15,16.568
KBYX20130819-7,KBYX20130819_112123_V06,4,1.318,1.200,1941,351,148.018,358,15,3.334
KBYX20130819-7,KBYX20130819_112123_V06,6,1.802,1.200,970,125,12.843,106,20,3.604
KBYX20130819-7,KBYX20130819_112123_V06,7,2.417,1.200,969,70,13.300,65,6,3.854
KBYX20130823-2,KBYX20130823_100652_V06,0,0.483,1.200,787,120,88.464,136,4,15.583
KBYX20130823-2,KBYX20130823_100652_V06,2,0.879,1.200,785,103,51.825,109,2,21.522
KBYX20130823-2,KBYX20130823_100652_V06,4,1.318,1.200,785,89,24.313,95,0,0.998
KBYX20130823-2,KBYX20130823_100652_V06,6,1.802,1.200,392,34,10.603,35,0,1.033
KBYX20130823-2,KBYX20130823_100652_V06,7,2.417,1.200,391,17,36.496,21,0,1.072
KBYX20130823-2,KBYX20130823_100652_V06,8,3.120,1.200,394,3,9.413,4,0,1.131
KBYX20130825-6,KBYX20130825_101028_V06,0,0.483,1.200,549,101,96.609,111,10,4.475
KBYX20130825-6,KBYX20130825_101028_V06,2,0.879,1.200,551,115,115.702,129,8,17.226
KBYX20130825-6,KBYX20130825_101028_V06,4,1.318,1.200,551,83,61.370,94,2,0.728
KBYX20130825-6,KBYX20130825_101028_V06,6,1.802,1.200,276,33,12.020,34,0,0.777
KBYX20130825-6,KBYX20130825_101028_V06,7,2.417,1.200,274,2,10.529,3,0,0.873
KBYX20130825-6,KBYX20130825_101448_V06,0,0.483,1.200,1479,140,225.136,170,15,33.810
KBYX20130825-6,KBYX20130825_101448_V06,2,0.879,1.200,1465,132,169.003,159,3,32.689
KBYX20130825-6,KBYX20130825_101448_V06,4,1.318,1.200,1476,95,116.050,115,2,22.249
KBYX20130825-6,KBYX20130825_101448_V06,6,1.802,1.200,734,29,22.535,31,0,2.284
KBYX20130825-6,KBYX20130825_101448_V06,7,2.417,1.200,734,18,24.748,20,0,2.322
KBYX20130827-2,KBYX20130827_103007_V06,0,0.483,1.200,3567,585,568.935,702,280,408.735
KBYX20130827-2,KBYX20130827_103007_V06,2,0.879,1.200,3567,367,271.466,597,78,158.663
KBYX20130827-2,KBYX20130827_103007_V06,4,1.318,1.200,3571,228,135.817,503,0,15.379
KBYX20130827-2,KBYX20130827_103007_V06,6,1.802,1.200,1783,94,87.511,158,0,12.930
KBYX20130827-2,KBYX20130827_103007_V06,7,2.417,1.200,1792,70,63.139,112,2,1.690
KBYX20130827-2,KBYX20130827_103007_V06,8,3.120,1.200,1789,44,42.923,73,0,7.356
KBYX20130827-2,KBYX20130827_103007_V06,9,3.999,1.200,1791,30,42.214,46,3,4.250
KBYX20130827-2,KBYX20130827_103007_V06,10,5.098,1.200,1790,4,34.846,28,0,5.241
KBYX20130827-2,KBYX20130827_103007_V06,11,6.416,1.200,1802,0,5.571,3,0,2.104
KBYX20130827-2,KBYX20130827_103449_V06,0,0.483,1.200,7063,904,1101.182,1216,511,768.937
KBYX20130827-2,KBYX20130827_103449_V06,2,0.879,1.200,7061,335,509.082,1054,73,266.541
KBYX20130827-2,KBYX20130827_103449_V06,4,1.318,1.200,7063,199,196.611,702,7,42.418
KBYX20130827-2,KBYX20130827_103449_V06,6,1.802,1.200,3528,81,65.559,118,1,8.102
KBYX20130827-2,KBYX20130827_103449_V06,7,2.417,1.200,3539,73,79.977,113,0,9.970
KBYX20130827-2,KBYX20130827_103449_V06,8,3.120,1.200,3542,64,48.004,85,2,8.270
KBYX20130827-2,KBYX20130827_103449_V06,9,3.999,1.200,3540,28,54.345,49,0,8.477
KBYX20130827-2,KBYX20130827_103449_V06,10,5.098,1.200,3548,6,36.269,21,0,5.308
KBYX20130827-2,KBYX20130827_103449_V06,11,6.416,1.200,3559,35,71.949,56,0,7.162
KBYX20130830-2,KBYX20130830_110239_V06,0,0.483,1.200,2252,1253,272.880,498,1002,198.708
KBYX20130830-2,KBYX20130830_110239_V06,2,0.879,1.200,2253,760,329.033,633,520,208.439
KBYX20130830-2,KBYX20130830_110239_V06,4,1.318,1.200,2254,705,333.646,827,366,194.207
KBYX20130830-2,KBYX20130830_110239_V06,6,1.802,1.200,1130,226,283.517,368,102,129.878
KBYX20130830-2,KBYX20130830_110239_V06,7,2.417,1.200,1130,90,151.012,241,29,46.712
KBYX20130830-2,KBYX20130830_110239_V06,8,3.120,1.200,1136,8,16.349,35,0,7.595
KBYX20130830-2,KBYX20130830_110239_V06,9,3.999,1.200,1140,0,0.531,0,0,0.531
KBYX20130830-2,KBYX20130830_110239_V06,10,5.098,1.200,1133,0,0.705,0,0,0.705
KBYX20130830-2,KBYX20130830_110239_V06,11,6.416,1.200,1144,0,0.538,0,0,0.538
KBYX20130830-2,KBYX20130830_110239_V06,12,7.998,1.200,1141,0,0.540,0,0,0.540
KBYX20130831-3,KBYX20130831_104105_V06,0,0.483,1.200,1548,904,136.809,579,566,74.057
KBYX20130831-3,KBYX20130831_104105_V06,2,0.879,1.200,1548,498,168.050,532,296,91.633
KBYX20130831-3,KBYX20130831_104105_V06,4,1.318,1.200,1546,75,52.319,258,15,21.473
KBYX20130831-3,KBYX20130831_104105_V06,6,1.802,1.200,775,8,16.266,38,0,4.290
KBYX20130831-3,KBYX20130831_104105_V06,7,2.417,1.200,772,2,1.992,4,0,0.679
KBYX20130831-3,KBYX20130831_104105_V06,8,3.120,1.200,774,0,0.557,3,0,0.318
KBYX20130831-3,KBYX20130831_104105_V06,9,3.999,1.200,774,0,0.320,0,0,0.320
KBYX20130831-3,KBYX20130831_104105_V06,10,5.098,1.200,778,0,0.571,0,0,0.571
KBYX20130831-3,KBYX20130831_104105_V06,11,6.416,1.200,776,0,0.323,0,0,0.323
KBYX20130831-3,KBYX20130831_104105_V06,12,7.998,1.200,784,0,0.329,0,0,0.329
KBYX20130831-3,KBYX20130831_104527_V06,0,0.483,1.200,4576,2175,470.429,1567,1352,274.425
KBYX20130831-3,KBYX20130831_104527_V06,2,0.879,1.200,4573,1103,497.167,1556,554,262.332
KBYX20130831-3,KBYX20130831_104527_V06,4,1.318,1.200,4576,344,234.615,1060,88,86.896
KBYX20130831-3,KBYX20130831_104527_V06,6,1.802,1.200,2292,52,65.716,164,18,26.379
KBYX20130831-3,KBYX20130831_104527_V06,7,2.417,1.200,2286,4,10.857,40,0,5.089
KBYX20130831-3,KBYX20130831_104527_V06,8,3.120,1.200,2293,0,3.041,13,0,1.636
KBYX20130831-3,KBYX20130831_104527_V06,9,3.999,1.200,2294,0,1.009,2,0,0.950
KBYX20130831-3,KBYX20130831_104527_V06,10,5.098,1.200,2295,0,1.092,2,0,1.041
KBYX20130831-3,KBYX20130831_104527_V06,11,6.416,1.200,2300,0,0.960,0,0,0.960
KBYX20130831-3,KBYX20130831_104527_V06,12,7.998,1.200,2313,0,1.151,1,0,1.114
KBYX20130908-4,KBYX20130908_110836_V06,0,0.483,1.200,655,342,10.972,132,211,0.942
KBYX20130908-4,KBYX20130908_110836_V06,2,0.879,1.200,658,89,1.751,45,44,1.751
KBYX20130908-4,KBYX20130908_110836_V06,4,1.318,1.200,658,0,2.044,0,0,2.044
KBYX20130908-4,KBYX20130908_110836_V06,6,1.802,1.200,324,0,2.014,0,0,2.014
KBYX20130908-4,KBYX20130908_111256_V06,0,0.483,1.200,1764,697,23.045,252,445,23.045
KBYX20130908-4,KBYX20130908_111256_V06,2,0.879,1.200,1765,160,4.919,67,93,4.919
KBYX20130908-4,KBYX20130908_111256_V06,4,1.318,1.200,1761,0,5.441,0,0,5.441
KBYX20130908-4,KBYX20130908_111256_V06,6,1.802,1.200,878,0,5.429,0,0,5.429
KBYX20130908-4,KBYX20130908_111716_V06,0,0.483,1.200,2850,869,32.612,326,546,5.877
KBYX20130908-4,KBYX20130908_111716_V06,2,0.879,1.200,2842,240,26.236,98,143,17.042
KBYX20130908-4,KBYX20130908_111716_V06,4,1.318,1.200,2846,0,8.730,0,0,8.730
KBYX20130908-4,KBYX20130908_111716_V06,6,1.802,1.200,1426,0,8.754,0,0,8.754
KBYX20130910-6,KBYX20130910_115313_V06,0,0.483,1.200,3438,524,310.395,1132,49,84.271
KBYX20130910-6,KBYX20130910_115313_V06,2,0.879,1.200,3441,493,299.762,1118,38,47.192
KBYX20130910-6,KBYX20130910_115313_V06,4,1.318,1.200,3442,480,135.404,754,7,16.794
KBYX20130910-6,KBYX20130910_115313_V06,6,1.802,1.200,1721,231,97.267,314,7,13.312
KBYX20130910-6,KBYX20130910_115313_V06,7,2.417,1.200,1728,245,98.770,319,2,8.795
KBYX20130910-6,KBYX20130910_115313_V06,8,3.120,1.200,1721,246,84.780,316,1,3.023
KBYX20130910-6,KBYX20130910_115313_V06,9,3.999,1.200,1724,222,56.363,276,2,3.731
KBYX20130910-6,KBYX20130910_115313_V06,10,5.098,1.200,1722,208,57.685,253,1,11.521
KBYX20130910-6,KBYX20130910_115313_V06,11,6.416,1.200,1733,160,50.981,200,1,7.509
KBYX20130912-18,KBYX20130912_120259_V06,0,0.483,1.200,873,427,1.765,341,86,1.765
KBYX20130912-18,KBYX20130912_120259_V06,2,0.879,1.200,875,561,1.239,503,58,1.239
KBYX20130912-18,KBYX20130912_120259_V06,4,1.318,1.200,878,797,0.324,692,105,0.324
KBYX20130915-2,KBYX20130915_111819_V06,0,0.483,1.200,3911,2390,1286.997,1451,1361,751.484
KBYX20130915-2,KBYX20130915_111819_V06,2,0.879,1.200,3916,1525,1428.105,1395,726,740.770
KBYX20130915-2,KBYX20130915_111819_V06,4,1.318,1.200,3914,430,504.724,723,70,163.750
KBYX20130915-2,KBYX20130915_111819_V06,6,1.802,1.200,1962,128,199.719,197,6,45.791
KBYX20130915-2,KBYX20130915_111819_V06,7,2.417,1.200,1950,97,129.627,152,0,9.078
KBYX20130915-2,KBYX20130915_111819_V06,8,3.120,1.200,1958,58,77.463,89,0,2.363
KBYX20130915-2,KBYX20130915_111819_V06,9,3.999,1.200,1962,23,56.239,45,0,4.593
KBYX20130915-2,KBYX20130915_112239_V06,0,0.483,1.200,6926,3501,2304.548,2361,2049,1308.279
KBYX20130915-2,KBYX20130915_112239_V06,2,0.879,1.200,6923,1994,2212.397,2206,924,1123.943
KBYX20130915-2,KBYX20130915_112239_V06,4,1.318,1.200,6927,724,970.569,1239,247,325.858
KBYX20130915-2,KBYX20130915_112239_V06,6,1.802,1.200,3464,190,317.211,303,15,77.629
KBYX20130915-2,KBYX20130915_112239_V06,7,2.417,1.200,3473,113,192.883,219,0,7.960
KBYX20130915-2,KBYX20130915_112239_V06,8,3.120,1.200,3472,64,128.022,136,0,15.645
KBYX20130915-2,KBYX20130915_112239_V06,9,3.999,1.200,3473,39,59.501,58,0,15.924
KBYX20130916-5,KBYX20130916_101741_V06,0,0.483,1.200,1378,301,4.055,279,22,4.055
KBYX20130916-5,KBYX20130916_101741_V06,2,0.879,1.200,1375,320,3.964,298,22,3.964
KBYX20130916-5,KBYX20130916_101741_V06,4,1.318,1.200,1373,368,3.793,332,36,3.793
KBYX20130916-12,KBYX20130916_113740_V06,0,0.483,1.200,15259,4089,1567.886,5101,899,628.784
KBYX20130916-12,KBYX20130916_113740_V06,2,0.879,1.200,15265,3523,1256.164,4991,295,345.698
KBYX20130916-12,KBYX20130916_113740_V06,4,1.318,1.200,15261,3433,1199.940,4897,61,139.246
KBYX20130916-12,KBYX20130916_113740_V06,6,1.802,1.200,7639,1704,922.427,2116,39,134.898
KBYX20130916-12,KBYX20130916_113740_V06,7,2.417,1.200,7642,1792,1028.608,2261,11,85.927
KBYX20130916-12,KBYX20130916_113740_V06,8,3.120,1.200,7641,1886,1022.640,2357,11,73.207
KBYX20130916-12,KBYX20130916_113740_V06,9,3.999,1.200,7657,1810,1219.030,2162,93,123.544
KBYX20130916-12,KBYX20130916_113740_V06,10,5.098,1.200,7670,2110,1539.413,2471,95,267.910
KBYX20130917-7,KBYX20130917_112407_V06,0,0.483,1.200,4815,581,40.172,220,361,40.172
KBYX20130917-7,KBYX20130917_112407_V06,2,0.879,1.200,4816,12,13.749,5,7,13.749
KBYX20130917-7,KBYX20130917_112407_V06,4,1.318,1.200,4824,0,13.817,0,0,13.817
KBYX20130917-7,KBYX20130917_112407_V06,6,1.802,1.200,2410,0,13.814,0,0,13.814
KBYX20130917-7,KBYX20130917_112850_V06,0,0.483,1.200,6990,686,65.214,265,422,55.354
KBYX20130917-7,KBYX20130917_112850_V06,2,0.879,1.200,6990,6,28.628,3,3,28.628
KBYX20130917-7,KBYX20130917_112850_V06,4,1.318,1.200,6996,2,20.127,2,0,20.127
KBYX20130917-7,KBYX20130917_112850_V06,6,1.802,1.200,3500,0,20.155,0,0,20.155
KBYX20130927-3,KBYX20130927_104442_V06,0,0.483,1.200,633,632,3.352,166,466,3.352
KBYX20130927-3,KBYX20130927_104442_V06,2,0.879,1.200,631,386,380.442,324,123,218.885
KBYX20130927-3,KBYX20130927_104442_V06,4,1.318,1.200,625,277,131.555,290,22,48.559
KBYX20130927-3,KBYX20130927_104442_V06,6,1.802,1.200,312,115,54.898,122,1,9.402
KBYX20130927-3,KBYX20130927_104442_V06,7,2.417,1.200,320,100,45.765,106,1,6.000
KBYX20130927-3,KBYX20130927_104442_V06,8,3.120,1.200,318,58,51.306,64,0,10.610
KBYX20130927-6,KBYX20130927_123529_V06,0,0.483,1.200,411,383,17.689,102,282,17.132
KBYX20130927-6,KBYX20130927_123529_V06,2,0.879,1.200,415,384,21.885,110,278,19.651
KBYX20130927-6,KBYX20130927_123529_V06,4,1.318,1.200,412,309,27.776,162,161,21.657
KBYX20130927-6,KBYX20130927_123529_V06,6,1.802,1.200,210,144,20.928,106,47,11.294
KBYX20130927-6,KBYX20130927_123529_V06,7,2.417,1.200,210,147,24.619,121,38,11.093
KBYX20130927-6,KBYX20130927_123529_V06,8,3.120,1.200,207,155,15.131,117,45,8.153
KBYX20130927-6,KBYX20130927_123529_V06,9,3.999,1.200,208,149,20.827,127,37,4.715
KBYX20130927-6,KBYX20130927_123529_V06,10,5.098,1.200,209,126,44.015,147,12,12.051
KBYX20130927-6,KBYX20130927_123529_V06,11,6.416,1.200,210,72,50.163,95,15,11.117
KBYX20130928-5,KBYX20130928_112048_V06,0,0.483,1.200,4678,771,420.855,262,522,319.126
KBYX20130928-5,KBYX20130928_112048_V06,2,0.879,1.200,4674,21,42.285,11,13,22.212
KBYX20130928-5,KBYX20130928_112048_V06,4,1.318,1.200,4676,0,13.584,0,0,13.584
KBYX20130928-5,KBYX20130928_112048_V06,6,1.802,1.200,2338,0,13.588,0,0,13.588
KBYX20130928-5,KBYX20130928_112450_V06,0,0.483,1.200,6526,1425,847.611,539,928,538.654
KBYX20130928-5,KBYX20130928_112450_V06,2,0.879,1.200,6517,194,131.739,86,116,70.857
KBYX20130928-5,KBYX20130928_112450_V06,4,1.318,1.200,6523,0,18.994,0,0,18.994
KBYX20130928-5,KBYX20130928_112450_V06,6,1.802,1.200,3265,2,19.013,2,0,19.013
KBYX20130928-5,KBYX20130928_112851_V06,0,0.483,1.200,6871,1791,1021.749,640,1199,668.022
KBYX20130928-5,KBYX20130928_112851_V06,2,0.879,1.200,6870,200,220.685,97,111,161.968
KBYX20130928-5,KBYX20130928_112851_V06,4,1.318,1.200,6876,2,20.394,2,0,20.394
KBYX20130928-5,KBYX20130928_112851_V06,6,1.802,1.200,3440,0,20.434,0,0,20.434
KBYX20130928-5,KBYX20130928_113252_V06,0,0.483,1.200,9003,2278,1540.158,812,1538,1029.407
KBYX20130928-5,KBYX20130928_113252_V06,2,0.879,1.200,9023,177,243.706,75,110,187.323
KBYX20130928-5,KBYX20130928_113252_V06,4,1.318,1.200,9006,0,36.639,1,0,32.049
KBYX20130928-5,KBYX20130928_113252_V06,6,1.802,1.200,4503,0,26.938,0,0,26.938
KBYX20131005-4,KBYX20131005_115956_V06,0,0.483,1.200,927,700,1.058,624,76,1.058
KBYX20131005-4,KBYX20131005_115956_V06,2,0.879,1.200,925,732,0.907,610,122,0.907
KBYX20131005-4,KBYX20131005_115956_V06,4,1.318,1.200,920,719,0.958,618,101,0.958
KBYX20131005-4,KBYX20131005_120420_V06,0,0.483,1.200,1839,1101,3.372,980,121,3.372
KBYX20131005-4,KBYX20131005_120420_V06,2,0.879,1.200,1846,1172,3.106,979,193,3.106
KBYX20131005-4,KBYX20131005_120420_V06,4,1.318,1.200,1844,1130,3.318,983,147,3.318
KBYX20131010-3,KBYX20131010_103245_V06,0,0.483,1.200,20925,19133,771.816,2556,16684,730.730
KBYX20131010-3,KBYX20131010_103245_V06,2,0.879,1.200,20930,12655,1783.541,4769,9121,1449.229
KBYX20131010-3,KBYX20131010_103245_V06,4,1.318,1.200,20937,6486,1064.830,6864,2889,590.734
KBYX20131010-3,KBYX20131010_103245_V06,6,1.802,1.200,10472,2089,622.270,3545,447,216.663
KBYX20131010-3,KBYX20131010_103245_V06,7,2.417,1.200,10474,1665,475.483,3405,165,101.410
KBYX20131010-3,KBYX20131010_103245_V06,8,3.120,1.200,10481,1593,448.687,3385,102,60.210
KBYX20131010-3,KBYX20131010_103245_V06,9,3.999,1.200,10486,1469,503.766,3444,58,69.130
KBYX20131010-3,KBYX20131010_103245_V06,10,5.098,1.200,10503,1326,576.275,3460,29,62.162
KBYX20131010-3,KBYX20131010_103245_V06,11,6.416,1.200,10526,973,470.621,3242,21,60.926
KBYX20131010-3,KBYX20131010_103245_V06,12,7.998,1.200,10563,694,407.941,2951,3,30.353
KBYX20131010-3,KBYX20131010_103245_V06,13,10.020,1.200,10628,164,79.954,1281,2,10.871
KBYX20131021-1,KBYX20131021_103003_V06,0,0.483,1.200,705,523,237.560,208,359,173.525
KBYX20131021-1,KBYX20131021_103003_V06,2,0.879,1.200,705,366,288.822,240,195,183.076
KBYX20131021-1,KBYX20131021_103003_V06,4,1.318,1.200,705,263,291.479,235,120,159.857
KBYX20131021-1,KBYX20131021_103003_V06,6,1.802,1.200,352,69,145.590,88,11,62.061
KBYX20131021-1,KBYX20131021_103003_V06,7,2.417,1.200,356,54,27.842,62,0,2.927
KBYX20131021-1,KBYX20131021_103003_V06,8,3.120,1.200,356,30,71.753,55,0,0.432
KBYX20131021-1,KBYX20131021_103003_V06,9,3.999,1.200,359,15,12.869,20,0,0.486
KBYX20131022-3,KBYX20131022_122319_V06,0,0.483,1.200,7488,4136,568.200,2912,2236,337.737
KBYX20131022-3,KBYX20131022_122319_V06,2,0.879,1.200,7490,2362,654.166,2650,1150,369.415
KBYX20131022-3,KBYX20131022_122319_V06,4,1.318,1.200,7491,921,455.852,2074,386,225.056
KBYX20131022-3,KBYX20131022_122319_V06,6,1.802,1.200,3747,189,197.655,545,39,81.531
KBYX20131022-3,KBYX20131022_122319_V06,7,2.417,1.200,3750,95,104.451,260,21,28.698
KBYX20131022-3,KBYX20131022_122319_V06,8,3.120,1.200,3755,14,28.849,67,4,14.950
KBYX20131022-3,KBYX20131022_122319_V06,9,3.999,1.200,3757,10,14.366,46,0,3.946
KBYX20131022-3,KBYX20131022_122319_V06,10,5.098,1.200,3767,0,7.292,19,0,4.223
KBYX20131022-3,KBYX20131022_122319_V06,11,6.416,1.200,3775,9,14.698,26,1,7.729
KBYX20131022-3,KBYX20131022_122319_V06,12,7.998,1.200,3789,3,4.822,10,2,2.416
KBYX20131024-5,KBYX20131024_110408_V06,0,0.483,1.200,2362,1792,1232.004,636,1250,879.938
KBYX20131024-5,KBYX20131024_110408_V06,2,0.879,1.200,2358,879,942.830,782,260,407.547
KBYX20131024-5,KBYX20131024_110408_V06,4,1.318,1.200,2364,657,544.227,744,51,102.566
KBYX20131024-5,KBYX20131024_110408_V06,6,1.802,1.200,1177,242,358.570,274,8,71.769
KBYX20131024-5,KBYX20131024_110408_V06,7,2.417,1.200,1183,245,268.323,260,16,62.732
KBYX20131024-5,KBYX20131024_110408_V06,8,3.120,1.200,1184,177,239.895,201,7,26.969
KBYX20131024-5,KBYX20131024_110830_V06,0,0.483,1.200,4239,3220,1928.437,815,2543,1388.406
KBYX20131024-5,KBYX20131024_110830_V06,2,0.879,1.200,4245,1308,1702.033,1048,490,1070.938
KBYX20131024-5,KBYX20131024_110830_V06,4,1.318,1.200,4246,843,849.611,924,112,265.241
KBYX20131024-5,KBYX20131024_110830_V06,6,1.802,1.200,2123,341,298.063,360,15,58.405
KBYX20131024-5,KBYX20131024_110830_V06,7,2.417,1.200,2120,337,401.864,359,29,42.693
KBYX20131024-5,KBYX20131024_110830_V06,8,3.120,1.200,2122,239,369.082,264,16,87.375
KBYX20131024-5,KBYX20131024_111251_V06,0,0.483,1.200,4722,4073,1610.799,810,3362,1201.501
KBYX20131024-5,KBYX20131024_111251_V06,2,0.879,1.200,4724,1549,2213.754,1048,811,1328.824
KBYX20131024-5,KBYX20131024_111251_V06,4,1.318,1.200,4724,860,1011.763,897,184,444.006
KBYX20131024-5,KBYX20131024_111251_V06,6,1.802,1.200,2364,291,473.444,339,14,73.365
KBYX20131024-5,KBYX20131024_111251_V06,7,2.417,1.200,2365,298,470.758,331,34,56.767
KBYX20131024-5,KBYX20131024_111251_V06,8,3.120,1.200,2371,253,540.957,307,14,70.968
KBYX20131024-5,KBYX20131024_111711_V06,0,0.483,1.200,4553,4127,1256.494,670,3539,934.147
KBYX20131024-5,KBYX20131024_111711_V06,2,0.879,1.200,4555,1673,2353.647,1057,960,1478.127
KBYX20131024-5,KBYX20131024_111711_V06,4,1.318,1.200,4562,870,1296.633,860,284,654.596
KBYX20131024-5,KBYX20131024_111711_V06,6,1.802,1.200,2278,282,387.036,310,15,142.102
KBYX20131024-5,KBYX20131024_111711_V06,7,2.417,1.200,2281,345,507.951,385,20,98.660
KBYX20131024-5,KBYX20131024_111711_V06,8,3.120,1.200,2290,328,536.580,355,36,112.736
KBYX20131024-4,KBYX20131024_105526_V06,0,0.483,1.200,1813,1376,891.693,606,837,633.155
KBYX20131024-4,KBYX20131024_105526_V06,2,0.879,1.200,1813,831,695.456,870,94,197.008
KBYX20131024-4,KBYX20131024_105526_V06,4,1.318,1.200,1817,653,485.838,744,25,68.257
KBYX20131024-4,KBYX20131024_105526_V06,6,1.802,1.200,903,266,247.357,274,19,59.130
KBYX20131024-4,KBYX20131024_105526_V06,7,2.417,1.200,915,256,223.909,252,22,75.626
KBYX20131024-4,KBYX20131024_105526_V06,8,3.120,1.200,904,147,194.169,160,11,24.466
KBYX20131024-4,KBYX20131024_105948_V06,0,0.483,1.200,3452,2236,1831.516,856,1535,1228.609
KBYX20131024-4,KBYX20131024_105948_V06,2,0.879,1.200,3458,1042,955.213,1016,209,333.657
KBYX20131024-4,KBYX20131024_105948_V06,4,1.318,1.200,3460,837,643.199,953,37,116.837
KBYX20131024-4,KBYX20131024_105948_V06,6,1.802,1.200,1727,347,329.792,379,8,29.292
KBYX20131024-4,KBYX20131024_105948_V06,7,2.417,1.200,1730,340,334.369,349,31,47.261
KBYX20131024-4,KBYX20131024_105948_V06,8,3.120,1.200,1736,230,338.144,234,24,131.514
KBYX20131103-2,KBYX20131103_113814_V06,0,0.483,1.200,8425,6662,2366.940,2386,4721,1603.792
KBYX20131103-2,KBYX20131103_113814_V06,2,0.879,1.200,8429,6132,2656.892,3234,3543,1587.020
KBYX20131103-2,KBYX20131103_113814_V06,4,1.318,1.200,8422,4380,2527.718,4222,1251,1109.420
KBYX20131103-2,KBYX20131103_113814_V06,6,1.802,1.200,4223,1127,1641.459,1123,287,783.280
KBYX20131103-2,KBYX20131103_113814_V06,7,2.417,1.200,4218,483,1138.657,781,13,192.449
KBYX20131103-2,KBYX20131103_113814_V06,8,3.120,1.200,4218,139,471.002,324,0,39.256
KBYX20131103-2,KBYX20131103_113814_V06,9,3.999,1.200,4232,1,17.536,9,0,6.556
KBYX20131103-2,KBYX20131103_114234_V06,0,0.483,1.200,12445,9152,4118.548,3345,6651,2737.122
KBYX20131103-2,KBYX20131103_114234_V06,2,0.879,1.200,12446,8010,4350.031,4051,5021,2775.067
KBYX20131103-2,KBYX20131103_114234_V06,4,1.318,1.200,12451,5642,3768.045,4763,2308,1918.730
KBYX20131103-2,KBYX20131103_114234_V06,6,1.802,1.200,6228,1518,2440.260,1395,532,1372.531
KBYX20131103-2,KBYX20131103_114234_V06,7,2.417,1.200,6226,521,1141.007,869,43,250.482
KBYX20131103-2,KBYX20131103_114234_V06,8,3.120,1.200,6242,152,517.062,366,1,45.132
KBYX20131103-2,KBYX20131103_114234_V06,9,3.999,1.200,6245,2,53.197,29,0,11.503
KBYX20131103-2,KBYX20131103_114654_V06,0,0.483,1.200,17573,11538,6868.628,4663,8387,4496.606
KBYX20131103-2,KBYX20131103_114654_V06,2,0.879,1.200,17586,10331,7032.132,5415,6780,4294.833
KBYX20131103-2,KBYX20131103_114654_V06,4,1.318,1.200,17580,6522,5535.007,5586,3092,2918.359
KBYX20131103-2,KBYX20131103_114654_V06,6,1.802,1.200,8789,1414,3071.533,1503,579,1638.348
KBYX20131103-2,KBYX20131103_114654_V06,7,2.417,1.200,8802,599,1458.758,1006,97,356.205
KBYX20131103-2,KBYX20131103_114654_V06,8,3.120,1.200,8813,167,606.512,435,10,90.269
KBYX20131103-2,KBYX20131103_114654_V06,9,3.999,1.200,8818,0,73.724,39,0,30.574
KBYX20131103-2,KBYX20131103_115116_V06,0,0.483,1.200,9853,6896,3729.374,2814,4921,2406.153
KBYX20131103-2,KBYX20131103_115116_V06,2,0.879,1.200,9860,6271,3727.864,3186,4045,2263.401
KBYX20131103-2,KBYX20131103_115116_V06,4,1.318,1.200,9860,4191,3192.002,3301,1953,1694.982
KBYX20131103-2,KBYX20131103_115116_V06,6,1.802,1.200,4932,861,1875.498,767,378,994.955
KBYX20131103-2,KBYX20131103_115116_V06,7,2.417,1.200,4940,259,887.072,446,50,207.221
KBYX20131103-2,KBYX20131103_115116_V06,8,3.120,1.200,4937,48,207.274,130,1,29.370
KBYX20131103-2,KBYX20131103_115116_V06,9,3.999,1.200,4939,0,15.964,6,0,7.779
KBYX20131112-1,KBYX20131112_104830_V06,0,0.483,1.200,4178,1271,11.623,1183,88,11.623
KBYX20131112-1,KBYX20131112_104830_V06,2,0.879,1.200,4174,1724,9.852,1553,171,9.852
KBYX20131112-1,KBYX20131112_104830_V06,4,1.318,1.200,4174,2337,7.642,2069,268,7.642
KBYX20131112-1,KBYX20131112_105251_V06,0,0.483,1.200,5883,1234,18.403,1134,100,18.403
KBYX20131112-1,KBYX20131112_105251_V06,2,0.879,1.200,5884,1857,16.031,1643,214,16.031
KBYX20131112-1,KBYX20131112_105251_V06,4,1.318,1.200,5907,2639,13.352,2273,366,13.352
KBYX20131112-1,KBYX20131112_105713_V06,0,0.483,1.200,8025,1161,36.838,1058,103,36.838
KBYX20131112-1,KBYX20131112_105713_V06,2,0.879,1.200,8012,1810,63.493,1631,182,34.503
KBYX20131112-1,KBYX20131112_105713_V06,4,1.318,1.200,8026,2554,70.883,2203,353,50.989
KBYX20131112-1,KBYX20131112_110135_V06,0,0.483,1.200,3093,697,9.401,638,59,9.401
KBYX20131112-1,KBYX20131112_110135_V06,2,0.879,1.200,3098,1040,8.170,939,101,8.170
KBYX20131112-1,KBYX20131112_110135_V06,4,1.318,1.200,3105,1351,7.068,1190,161,7.068
KBYX20131112-1,KBYX20131112_110556_V06,0,0.483,1.200,4715,758,15.414,706,52,15.414
KBYX20131112-1,KBYX20131112_110556_V06,2,0.879,1.200,4747,1241,34.089,1130,113,13.772
KBYX20131112-1,KBYX20131112_110556_V06,4,1.318,1.200,4764,1722,12.078,1501,221,12.078
KBYX20131112-1,KBYX20131112_111019_V06,0,0.483,1.200,6779,753,23.295,694,59,23.295
KBYX20131112-1,KBYX20131112_111019_V06,2,0.879,1.200,6784,1005,32.347,927,79,22.403
KBYX20131112-1,KBYX20131112_111019_V06,4,1.318,1.200,6782,1871,48.278,1659,214,28.721
KBYX20131112-1,KBYX20131112_111441_V06,0,0.483,1.200,3908,356,13.832,330,26,13.832
KBYX20131112-1,KBYX20131112_111441_V06,2,0.879,1.200,3909,487,13.346,450,37,13.346
KBYX20131112-1,KBYX20131112_111441_V06,4,1.318,1.200,3909,970,11.556,867,103,11.556
KBYX20131113-1,KBYX20131113_111943_V06,0,0.483,1.200,4847,1195,16.203,1133,62,16.203
KBYX20131113-1,KBYX20131113_111943_V06,2,0.879,1.200,4859,1116,16.733,1025,91,16.733
KBYX20131113-1,KBYX20131113_111943_V06,4,1.318,1.200,4856,701,18.644,619,82,18.644
KBYX20131113-1,KBYX20131113_112403_V06,0,0.483,1.200,7326,1064,27.618,1003,61,27.618
KBYX20131113-1,KBYX20131113_112403_V06,2,0.879,1.200,7336,983,28.132,912,71,28.132
KBYX20131113-1,KBYX20131113_112403_V06,4,1.318,1.200,7340,613,29.842,553,60,29.842
KBYX20131116-13,KBYX20131116_115002_V06,0,0.483,1.200,1168,502,3.304,477,25,3.304
KBYX20131116-13,KBYX20131116_115002_V06,2,0.879,1.200,1170,451,3.591,402,49,3.591
KBYX20131116-13,KBYX20131116_115445_V06,0,0.483,1.200,2300,690,7.984,660,30,7.984
KBYX20131116-13,KBYX20131116_115445_V06,2,0.879,1.200,2306,566,8.673,508,58,8.673
KBYX20131116-13,KBYX20131116_115927_V06,0,0.483,1.200,2649,647,9.918,611,36,9.918
KBYX20131116-13,KBYX20131116_115927_V06,2,0.879,1.200,2648,540,10.471,458,82,10.471
KBYX20131116-13,KBYX20131116_120410_V06,0,0.483,1.200,3294,623,13.232,570,53,13.232
KBYX20131116-13,KBYX20131116_120410_V06,2,0.879,1.200,3301,478,14.006,405,73,14.006
KBYX20131116-13,KBYX20131116_120852_V06,0,0.483,1.200,1410,592,3.835,549,43,3.835
KBYX20131116-13,KBYX20131116_120852_V06,2,0.879,1.200,1409,445,4.554,403,42,4.554
KBYX20131116-13,KBYX20131116_120852_V06,4,1.318,1.200,1412,338,5.086,292,46,5.086
KBYX20131116-3,KBYX20131116_104848_V06,0,0.483,1.200,1192,503,151.210,661,0,11.820
KBYX20131116-3,KBYX20131116_104848_V06,2,0.879,1.200,1194,499,178.683,698,1,10.494
KBYX20131116-3,KBYX20131116_104848_V06,4,1.318,1.200,1191,452,197.056,685,0,4.540
KBYX20131116-3,KBYX20131116_104848_V06,6,1.802,1.200,596,116,167.968,208,0,21.819
KBYX20131116-3,KBYX20131116_104848_V06,7,2.417,1.200,595,13,49.206,50,0,5.418
KBYX20131116-3,KBYX20131116_104848_V06,8,3.120,1.200,596,0,0.591,0,0,0.591
KBYX20131116-3,KBYX20131116_104848_V06,9,3.999,1.200,596,0,0.593,0,0,0.593
KBYX20131116-3,KBYX20131116_104848_V06,10,5.098,1.200,598,0,0.597,0,0,0.597
KBYX20131116-3,KBYX20131116_105330_V06,0,0.483,1.200,17154,943,888.565,3997,24,86.601
KBYX20131116-3,KBYX20131116_105330_V06,2,0.879,1.200,17160,846,819.950,4191,5,53.835
KBYX20131116-3,KBYX20131116_105330_V06,4,1.318,1.200,17160,678,716.755,3477,4,39.545
KBYX20131116-3,KBYX20131116_105330_V06,6,1.802,1.200,8576,120,417.982,469,1,57.221
KBYX20131116-3,KBYX20131116_105330_V06,7,2.417,1.200,8583,5,100.605,116,0,16.656
KBYX20131116-3,KBYX20131116_105330_V06,8,3.120,1.200,8589,0,24.241,141,0,8.037
KBYX20131116-3,KBYX20131116_105330_V06,9,3.999,1.200,8608,0,13.628,83,0,6.204
KBYX20131116-3,KBYX20131116_105330_V06,10,5.098,1.200,8615,0,15.574,158,0,7.080
KBYX20131116-3,KBYX20131116_105330_V06,11,6.416,1.200,8627,0,7.519,51,0,5.017
KBYX20131116-3,KBYX20131116_105330_V06,12,7.998,1.200,8665,0,5.096,26,0,4.519
KBYX20131116-9,KBYX20131116_112144_V06,0,0.483,1.200,5351,1584,719.190,2505,121,311.537
KBYX20131116-9,KBYX20131116_112144_V06,2,0.879,1.200,5357,1450,523.121,3133,0,26.653
KBYX20131116-9,KBYX20131116_112144_V06,4,1.318,1.200,5361,1317,498.380,2993,1,17.584
KBYX20131116-9,KBYX20131116_112144_V06,6,1.802,1.200,2677,482,373.713,996,0,16.420
KBYX20131116-9,KBYX20131116_112144_V06,7,2.417,1.200,2681,295,332.835,849,0,15.412
KBYX20131116-9,KBYX20131116_112144_V06,8,3.120,1.200,2683,138,158.599,457,0,7.193
KBYX20131116-9,KBYX20131116_112144_V06,9,3.999,1.200,2682,146,43.409,205,0,2.614
KBYX20131116-9,KBYX20131116_112144_V06,10,5.098,1.200,2690,145,40.942,135,33,13.906
KBYX20131116-9,KBYX20131116_112144_V06,11,6.416,1.200,2693,198,26.881,222,1,3.583
KBYX20131116-10,KBYX20131116_112144_V06,0,0.483,1.200,1215,325,384.724,432,11,51.754
KBYX20131116-10,KBYX20131116_112144_V06,2,0.879,1.200,1219,352,373.059,468,5,37.027
KBYX20131116-10,KBYX20131116_112144_V06,4,1.318,1.200,1222,337,307.062,431,5,18.494
KBYX20131116-10,KBYX20131116_112144_V06,6,1.802,1.200,610,136,147.224,158,0,6.588
KBYX20131116-10,KBYX20131116_112144_V06,7,2.417,1.200,613,116,210.662,149,1,8.547
KBYX20131116-10,KBYX20131116_112144_V06,8,3.120,1.200,608,176,223.675,173,35,23.192
KBYX20131118-2,KBYX20131118_125010_V06,0,0.483,1.200,1234,7,16.634,7,1,4.776
KBYX20131118-2,KBYX20131118_125010_V06,2,1.494,1.200,1238,0,4.826,0,0,4.826
KBYX20131118-2,KBYX20131118_125955_V06,0,0.483,1.200,3126,46,41.499,48,1,12.110
KBYX20131118-2,KBYX20131118_125955_V06,2,1.494,1.200,3126,0,12.280,0,0,12.280
KBYX20131118-2,KBYX20131118_130939_V06,0,0.483,1.200,3403,16,32.113,16,2,13.113
KBYX20131118-2,KBYX20131118_130939_V06,2,1.494,1.200,3405,0,13.197,0,0,13.197
KBYX20131118-1,KBYX20131118_124026_V06,0,0.483,1.200,2992,367,755.302,105,297,540.665
KBYX20131118-1,KBYX20131118_124026_V06,2,1.494,1.200,2992,9,18.603,9,0,18.603
KBYX20131118-3,KBYX20131118_125010_V06,0,0.483,1.200,4338,150,300.416,438,3,20.815
KBYX20131118-3,KBYX20131118_125010_V06,2,1.494,1.200,4341,83,485.459,639,0,6.743
KBYX20131118-3,KBYX20131118_125010_V06,4,2.505,1.200,2170,0,3.218,0,0,3.218
KBYX20131118-3,KBYX20131118_125010_V06,5,3.516,1.200,2172,0,3.229,0,0,3.229
KBYX20131118-3,KBYX20131118_125010_V06,6,4.482,1.200,2178,0,3.245,0,0,3.245
KBYX20131119-1,KBYX20131119_114232_V06,0,0.483,1.200,179,124,0.179,52,72,0.179
KBYX20131119-1,KBYX20131119_114232_V06,2,0.879,1.200,182,0,0.592,0,0,0.592
KBYX20131119-1,KBYX20131119_114232_V06,4,1.318,1.200,177,0,0.575,0,0,0.575
KBYX20131119-1,KBYX20131119_114232_V06,6,1.802,1.200,89,0,0.579,0,0,0.579
KBYX20131119-2,KBYX20131119_121720_V06,0,0.483,1.200,1831,205,423.459,144,124,263.210
KBYX20131119-2,KBYX20131119_121720_V06,2,0.879,1.200,1832,0,1.874,0,0,1.874
KBYX20131119-2,KBYX20131119_121720_V06,4,1.318,1.200,1832,0,1.875,0,0,1.875
KBYX20131119-2,KBYX20131119_121720_V06,6,1.802,1.200,915,0,1.874,0,0,1.874
KBYX20131119-2,KBYX20131119_121720_V06,7,2.417,1.200,918,0,1.882,0,0,1.882
KBYX20131119-2,KBYX20131119_121720_V06,8,3.120,1.200,919,0,1.887,0,0,1.887
KBYX20131125-6,KBYX20131125_124552_V06,0,0.483,1.200,9471,3130,3318.904,3108,1817,2070.233
KBYX20131125-6,KBYX20131125_124552_V06,2,0.879,1.200,9470,941,752.605,2305,16,155.605
KBYX20131125-6,KBYX20131125_124552_V06,4,1.318,1.200,9469,835,691.409,2127,2,54.925
KBYX20131125-6,KBYX20131125_124552_V06,6,1.802,1.200,4730,261,510.163,628,1,43.893
KBYX20131125-6,KBYX20131125_124552_V06,7,2.417,1.200,4738,143,163.798,344,3,10.253
KBYX20131125-6,KBYX20131125_124552_V06,8,3.120,1.200,4738,55,111.942,239,1,7.462
KBYX20131125-6,KBYX20131125_124552_V06,9,3.999,1.200,4742,11,63.091,51,0,9.181
KBYX20131125-6,KBYX20131125_124552_V06,10,5.098,1.200,4756,57,189.796,113,2,39.524
KBYX20131125-6,KBYX20131125_125014_V06,0,0.483,1.200,14007,4733,4834.494,4588,2814,2920.500
KBYX20131125-6,KBYX20131125_125014_V06,2,0.879,1.200,14015,1059,1144.626,3148,24,183.939
KBYX20131125-6,KBYX20131125_125014_V06,4,1.318,1.200,14017,952,1005.799,3254,7,69.015
KBYX20131125-6,KBYX20131125_125014_V06,6,1.802,1.200,7011,279,541.361,804,1,86.767
KBYX20131125-6,KBYX20131125_125014_V06,7,2.417,1.200,7015,167,191.288,501,2,15.453
KBYX20131125-6,KBYX20131125_125014_V06,8,3.120,1.200,7027,122,198.309,422,2,23.427
KBYX20131125-6,KBYX20131125_125014_V06,9,3.999,1.200,7030,93,239.288,269,2,12.008
KBYX20131125-6,KBYX20131125_125014_V06,10,5.098,1.200,7039,93,192.605,141,3,52.409
KBYX20131125-6,KBYX20131125_125434_V06,0,0.483,1.200,14928,4489,4662.117,4511,2765,2893.869
KBYX20131125-6,KBYX20131125_125434_V06,2,0.879,1.200,14932,999,1160.635,3436,10,209.162
KBYX20131125-6,KBYX20131125_125434_V06,4,1.318,1.200,14936,916,890.845,3487,5,65.292
KBYX20131125-6,KBYX20131125_125434_V06,6,1.802,1.200,7461,346,466.712,908,2,48.808
KBYX20131125-6,KBYX20131125_125434_V06,7,2.417,1.200,7468,231,332.780,668,7,18.262
KBYX20131125-6,KBYX20131125_125434_V06,8,3.120,1.200,7483,167,266.365,589,5,12.173
KBYX20131125-6,KBYX20131125_125434_V06,9,3.999,1.200,7482,106,228.559,333,6,23.553
KBYX20131125-6,KBYX20131125_125434_V06,10,5.098,1.200,7501,82,169.784,140,0,29.328
KBYX20131125-6,KBYX20131125_125434_V06,11,6.416,1.200,7518,55,117.858,80,9,37.061
KBYX20131125-1,KBYX20131125_111002_V06,0,0.483,1.200,23783,7658,2851.767,8583,2861,1986.152
KBYX20131125-1,KBYX20131125_111002_V06,2,0.879,1.200,23778,4281,1075.841,9395,41,203.778
KBYX20131125-1,KBYX20131125_111002_V06,4,1.318,1.200,23793,4395,948.862,10635,2,43.800
KBYX20131125-1,KBYX20131125_111002_V06,6,1.802,1.200,11894,2076,822.828,3831,8,52.277
KBYX20131125-1,KBYX20131125_111002_V06,7,2.417,1.200,11904,1783,886.802,3557,1,40.375
KBYX20131125-1,KBYX20131125_111002_V06,8,3.120,1.200,11914,1091,691.414,2291,4,20.219
KBYX20131125-1,KBYX20131125_111002_V06,9,3.999,1.200,11926,602,367.195,1207,0,8.755
KBYX20131125-1,KBYX20131125_111002_V06,10,5.098,1.200,11938,280,219.601,684,1,38.656
KBYX20131125-1,KBYX20131125_111002_V06,11,6.416,1.200,11974,39,139.462,289,1,29.130
KBYX20131125-1,KBYX20131125_111002_V06,12,7.998,1.200,12023,5,43.183,172,0,13.068
KBYX20131125-7,KBYX20131125_131159_V06,0,0.483,1.200,15373,2736,3640.760,3434,1674,2338.942
KBYX20131125-7,KBYX20131125_131159_V06,2,0.879,1.200,15375,603,814.368,2670,4,171.234
KBYX20131125-7,KBYX20131125_131159_V06,4,1.318,1.200,15378,546,611.838,3061,1,36.100
KBYX20131125-7,KBYX20131125_131159_V06,6,1.802,1.200,7682,184,343.324,652,1,53.343
KBYX20131125-7,KBYX20131125_131159_V06,7,2.417,1.200,7693,89,300.574,464,2,20.211
KBYX20131125-7,KBYX20131125_131159_V06,8,3.120,1.200,7693,14,132.671,268,0,13.607
KBYX20131125-7,KBYX20131125_131159_V06,9,3.999,1.200,7716,8,96.308,93,0,13.547
KBYX20131125-7,KBYX20131125_131159_V06,10,5.098,1.200,7724,49,159.214,83,6,45.756
KBYX20131127-18,KBYX20131127_123732_V06,0,0.483,1.200,14414,188,101.805,181,14,55.274
KBYX20131127-18,KBYX20131127_123732_V06,2,0.879,1.200,14434,4,70.034,4,1,62.626
KBYX20131127-18,KBYX20131127_123732_V06,4,1.318,1.200,14429,1,62.214,2,0,56.005
KBYX20131127-18,KBYX20131127_124213_V06,0,0.483,1.200,18587,214,142.468,201,21,91.646
KBYX20131127-18,KBYX20131127_124213_V06,2,0.879,1.200,18595,22,113.364,24,3,77.073
KBYX20131127-18,KBYX20131127_124213_V06,4,1.318,1.200,18601,0,71.612,0,0,71.612
KBYX20131127-18,KBYX20131127_124655_V06,0,0.483,1.200,21762,305,286.111,311,26,94.367
KBYX20131127-18,KBYX20131127_124655_V06,2,0.879,1.200,21763,30,171.579,38,4,103.838
KBYX20131127-18,KBYX20131127_124655_V06,4,1.318,1.200,21769,0,80.055,0,0,80.055
KBYX20131127-18,KBYX20131127_125136_V06,0,0.483,1.200,22966,347,421.580,367,32,123.598
KBYX20131127-18,KBYX20131127_125136_V06,2,0.879,1.200,22957,53,146.989,62,2,91.334
KBYX20131127-18,KBYX20131127_125136_V06,4,1.318,1.200,22972,0,101.560,1,0,98.435
KBYX20131127-13,KBYX20131127_113627_V06,0,0.483,1.200,6846,330,25.660,301,29,25.660
KBYX20131127-13,KBYX20131127_113627_V06,2,0.879,1.200,6849,239,26.019,225,14,26.019
KBYX20131127-13,KBYX20131127_113627_V06,4,1.318,1.200,6863,263,46.184,253,11,35.940
KBYX20131128-10,KBYX20131128_130100_V06,0,0.483,1.200,1471,341,486.822,428,0,39.667
KBYX20131128-10,KBYX20131128_130100_V06,2,1.494,1.200,1470,0,3.057,0,0,3.057
KBYX20131128-10,KBYX20131128_130100_V06,4,2.505,1.200,738,0,3.073,0,0,3.073
KBYX20131203-2,KBYX20131203_120838_V06,0,0.483,1.200,8272,2896,308.666,907,2009,161.539
KBYX20131203-2,KBYX20131203_120838_V06,2,0.879,1.200,8272,863,284.980,383,491,189.268
KBYX20131203-2,KBYX20131203_120838_V06,4,1.318,1.200,8269,187,94.340,93,97,66.380
KBYX20131203-2,KBYX20131203_120838_V06,6,1.802,1.200,4144,18,21.617,10,8,21.617
KBYX20131204-1,KBYX20131204_113627_V06,0,0.483,1.200,510,248,0.838,57,191,0.838
KBYX20131204-1,KBYX20131204_113627_V06,2,1.450,1.200,507,0,1.596,0,0,1.596
KBYX20131204-1,KBYX20131204_114216_V06,0,0.483,1.200,2089,681,4.580,177,504,4.580
KBYX20131204-1,KBYX20131204_114216_V06,2,1.450,1.200,2085,0,6.697,0,0,6.697
KBYX20131204-1,KBYX20131204_114806_V06,0,0.483,1.200,3448,1117,17.019,231,886,17.019
KBYX20131204-1,KBYX20131204_114806_V06,2,1.450,1.200,3456,0,11.302,0,0,11.302
KBYX20131204-1,KBYX20131204_115357_V06,0,0.483,1.200,3866,1256,98.077,314,946,62.990
KBYX20131204-1,KBYX20131204_115357_V06,2,1.450,1.200,3871,0,12.153,0,0,12.153
KBYX20131204-1,KBYX20131204_115948_V06,0,0.483,1.200,4409,1273,127.239,330,948,85.973
KBYX20131204-1,KBYX20131204_115948_V06,2,1.450,1.200,4413,0,13.375,0,0,13.375
KBYX20131204-1,KBYX20131204_120540_V06,0,0.483,1.200,3373,1400,242.519,327,1081,173.441
KBYX20131204-1,KBYX20131204_120540_V06,2,1.450,1.200,3380,0,9.420,0,0,9.420
KBYX20131204-1,KBYX20131204_121130_V06,0,0.483,1.200,4793,1606,332.582,384,1237,222.728
KBYX20131204-1,KBYX20131204_121130_V06,2,1.450,1.200,4800,0,13.222,0,0,13.222
KBYX20131204-1,KBYX20131204_121721_V06,0,0.483,1.200,5247,1595,493.490,453,1167,303.988
KBYX20131204-1,KBYX20131204_121721_V06,2,1.450,1.200,5256,0,13.982,0,0,13.982
KBYX20131204-1,KBYX20131204_122311_V06,0,0.483,1.200,5457,1388,665.098,384,1036,433.735
KBYX20131204-1,KBYX20131204_122311_V06,2,1.450,1.200,5461,0,13.724,0,0,13.724
KBYX20131204-3,KBYX20131204_115948_V06,0,0.483,1.200,2932,876,729.125,212,708,514.116
KBYX20131204-3,KBYX20131204_115948_V06,2,1.450,1.200,2936,0,5.179,0,0,5.179
KBYX20131204-3,KBYX20131204_115948_V06,4,2.417,1.200,1471,0,5.205,0,0,5.205
KBYX20131205-2,KBYX20131205_131221_V06,0,0.483,1.200,622,110,37.705,109,93,31.015
KBYX20131205-2,KBYX20131205_131221_V06,2,1.494,1.200,622,0,2.496,45,0,0.205
KBYX20131205-2,KBYX20131205_131221_V06,4,2.505,1.200,312,0,0.119,0,0,0.119
KBYX20131205-2,KBYX20131205_131221_V06,5,3.516,1.200,311,0,0.119,0,0,0.119
KBYX20131205-2,KBYX20131205_131221_V06,6,4.482,1.200,314,0,0.120,0,0,0.120
KBYX20131207-9,KBYX20131207_120450_V06,0,0.483,1.200,1892,521,60.641,732,28,11.242
KBYX20131207-9,KBYX20131207_120450_V06,2,1.450,1.200,1894,562,93.134,942,10,5.925
KBYX20131207-9,KBYX20131207_120450_V06,4,2.417,1.200,947,321,127.110,542,4,6.046
KBYX20131207-9,KBYX20131207_120450_V06,5,3.384,1.200,948,351,278.690,763,6,1.081
KBYX20131207-9,KBYX20131207_120450_V06,6,4.307,1.200,947,266,163.226,564,0,2.943
KBYX20131207-9,KBYX20131207_120450_V06,7,6.021,1.200,951,5,18.332,23,0,3.999
KBYX20131207-9,KBYX20131207_120945_V06,0,0.483,1.200,5304,527,91.096,901,41,16.780
KBYX20131207-9,KBYX20131207_120945_V06,2,1.450,1.200,5306,627,230.296,1593,22,7.914
KBYX20131207-9,KBYX20131207_120945_V06,4,2.417,1.200,2654,385,251.088,829,5,7.086
KBYX20131207-9,KBYX20131207_120945_V06,5,3.384,1.200,2656,421,417.137,1094,7,10.758
KBYX20131207-9,KBYX20131207_120945_V06,6,4.307,1.200,2662,313,342.358,1016,4,6.836
KBYX20131207-9,KBYX20131207_120945_V06,7,6.021,1.200,2671,21,18.521,45,0,2.685
KBYX20131207-9,KBYX20131207_121441_V06,0,0.483,1.200,10687,570,130.869,1233,49,35.317
KBYX20131207-9,KBYX20131207_121441_V06,2,1.450,1.200,10689,660,342.577,2314,15,20.243
KBYX20131207-9,KBYX20131207_121441_V06,4,2.417,1.200,5346,423,335.376,1062,7,12.447
KBYX20131207-9,KBYX20131207_121441_V06,5,3.384,1.200,5354,449,597.357,1512,6,19.881
KBYX20131207-9,KBYX20131207_121441_V06,6,4.307,1.200,5358,378,505.120,1627,4,14.401
KBYX20131207-9,KBYX20131207_121441_V06,7,6.021,1.200,5372,56,28.627,208,2,4.881
KBYX20131207-9,KBYX20131207_121935_V06,0,0.483,1.200,5718,521,87.735,977,23,19.488
KBYX20131207-9,KBYX20131207_121935_V06,2,1.450,1.200,5726,559,267.040,1794,7,12.989
KBYX20131207-9,KBYX20131207_121935_V06,4,2.417,1.200,2860,352,254.384,863,1,8.734
KBYX20131207-9,KBYX20131207_121935_V06,5,3.384,1.200,2860,399,384.066,1085,1,7.545
KBYX20131207-9,KBYX20131207_121935_V06,6,4.307,1.200,2866,325,322.439,1105,4,2.901
KBYX20131207-9,KBYX20131207_121935_V06,7,6.021,1.200,2869,12,9.377,54,0,1.877
KBYX20131207-9,KBYX20131207_122431_V06,0,0.483,1.200,12521,665,170.050,1535,78,57.167
KBYX20131207-9,KBYX20131207_122431_V06,2,1.450,1.200,12518,721,441.046,3013,25,20.069
KBYX20131207-9,KBYX20131207_122431_V06,4,2.417,1.200,6270,506,478.051,1570,9,15.988
KBYX20131207-9,KBYX20131207_122431_V06,5,3.384,1.200,6276,615,658.858,1934,3,10.897
KBYX20131207-9,KBYX20131207_122431_V06,6,4.307,1.200,6278,468,522.573,2015,2,18.473
KBYX20131207-9,KBYX20131207_122431_V06,7,6.021,1.200,6301,60,96.581,657,3,11.862
KBYX20131207-9,KBYX20131207_122927_V06,0,0.483,1.200,5822,541,122.934,1108,21,17.918
KBYX20131207-9,KBYX20131207_122927_V06,2,1.450,1.200,5827,686,253.988,1955,12,8.675
KBYX20131207-9,KBYX20131207_122927_V06,4,2.417,1.200,2917,462,305.641,1037,2,3.542
KBYX20131207-9,KBYX20131207_122927_V06,5,3.384,1.200,2921,493,421.830,1167,5,8.573
KBYX20131207-9,KBYX20131207_122927_V06,6,4.307,1.200,2923,395,304.058,1133,0,1.395
KBYX20131207-9,KBYX20131207_122927_V06,7,6.021,1.200,2937,14,32.465,107,0,2.254
KBYX20131207-9,KBYX20131207_123424_V06,0,0.483,1.200,3350,632,94.403,955,14,13.228
KBYX20131207-9,KBYX20131207_123424_V06,2,1.450,1.200,3351,763,197.079,1558,6,9.368
KBYX20131207-9,KBYX20131207_123424_V06,4,2.417,1.200,1664,484,274.954,889,3,3.442
KBYX20131207-9,KBYX20131207_123424_V06,5,3.384,1.200,1662,486,408.422,1091,0,5.924
KBYX20131207-9,KBYX20131207_123424_V06,6,4.307,1.200,1661,342,234.836,762,0,0.895
KBYX20131207-9,KBYX20131207_123424_V06,7,6.021,1.200,1673,20,23.470,67,0,1.767
KBYX20131207-5,KBYX20131207_115457_V06,0,0.483,1.200,2819,848,15.253,138,710,15.253
KBYX20131207-5,KBYX20131207_115457_V06,2,1.450,1.200,2818,0,8.388,0,0,8.388
KBYX20131207-6,KBYX20131207_115457_V06,0,0.483,1.200,934,524,1.261,80,444,1.261
KBYX20131207-6,KBYX20131207_115457_V06,2,1.450,1.200,937,0,2.978,0,0,2.978
KBYX20131207-10,KBYX20131207_120945_V06,0,0.483,1.200,2006,905,178.458,135,775,143.496
KBYX20131207-10,KBYX20131207_120945_V06,2,1.450,1.200,2008,0,5.110,0,0,5.110
KBYX20131208-2,KBYX20131208_110000_V06,0,0.483,1.200,147,73,21.442,19,65,15.514
KBYX20131208-2,KBYX20131208_110000_V06,2,0.879,1.200,146,0,7.064,15,0,2.829
KBYX20131208-2,KBYX20131208_110000_V06,4,1.318,1.200,148,0,0.159,1,0,0.049
KBYX20131208-2,KBYX20131208_110000_V06,6,1.802,1.200,74,0,0.050,0,0,0.050
KBYX20131208-2,KBYX20131208_110000_V06,7,2.417,1.200,73,0,1.819,2,0,0.048
KBYX20131208-2,KBYX20131208_110000_V06,8,3.120,1.200,72,0,1.135,1,0,0.681
KBYX20131208-2,KBYX20131208_110000_V06,9,3.999,1.200,73,0,0.049,0,0,0.049
KBYX20131208-2,KBYX20131208_110000_V06,10,5.098,1.200,73,0,0.050,0,0,0.050
KBYX20131208-2,KBYX20131208_110000_V06,11,6.416,1.200,74,0,0.050,0,0,0.050
KBYX20131220-3,KBYX20131220_122418_V06,0,0.483,1.200,5692,177,112.957,469,18,14.750
KBYX20131220-3,KBYX20131220_122418_V06,2,0.879,1.200,5691,143,132.538,501,1,11.387
KBYX20131220-3,KBYX20131220_122418_V06,4,1.318,1.200,5694,114,106.210,355,1,6.608
KBYX20131220-3,KBYX20131220_122418_V06,6,1.802,1.200,2838,47,33.459,79,0,5.203
KBYX20131220-3,KBYX20131220_122418_V06,7,2.417,1.200,2837,28,28.868,57,3,4.394
KBYX20131220-3,KBYX20131220_122418_V06,8,3.120,1.200,2843,16,13.825,31,0,3.449
KBYX20131220-3,KBYX20131220_122418_V06,9,3.999,1.200,2847,9,52.912,46,0,4.190
KBYX20131220-3,KBYX20131220_122418_V06,10,5.098,1.200,2863,26,180.489,155,0,22.111
KBYX20131220-3,KBYX20131220_122418_V06,11,6.416,1.200,2867,0,52.352,90,0,16.899
KBYX20131220-5,KBYX20131220_125652_V06,0,0.483,1.200,8647,2243,814.118,3750,81,204.679
KBYX20131220-5,KBYX20131220_125652_V06,2,0.879,1.200,8643,2219,652.703,3920,4,36.801
KBYX20131220-5,KBYX20131220_125652_V06,4,1.318,1.200,8649,2143,624.552,3783,3,29.756
KBYX20131220-5,KBYX20131220_125652_V06,6,1.802,1.200,4325,992,544.104,1629,2,13.832
KBYX20131220-5,KBYX20131220_125652_V06,7,2.417,1.200,4320,809,510.646,1424,0,12.338
KBYX20131220-5,KBYX20131220_125652_V06,8,3.120,1.200,4326,402,401.666,861,1,25.986
KBYX20131220-5,KBYX20131220_125652_V06,9,3.999,1.200,4329,242,263.569,642,0,11.796
KBYX20131220-5,KBYX20131220_125652_V06,10,5.098,1.200,4342,63,243.402,377,0,42.488
KBYX20131220-5,KBYX20131220_125652_V06,11,6.416,1.200,4348,0,4.403,4,0,2.754
KBYX20131224-5,KBYX20131224_115602_V06,0,0.483,1.200,7009,1518,255.053,1054,991,151.587
KBYX20131224-5,KBYX20131224_115602_V06,2,0.879,1.200,7008,30,129.468,364,18,72.062
KBYX20131224-5,KBYX20131224_115602_V06,4,1.318,1.200,7004,0,30.341,249,0,12.112
KBYX20131224-5,KBYX20131224_115602_V06,6,1.802,1.200,3502,0,1.878,2,0,1.776
KBYX20131224-5,KBYX20131224_115602_V06,7,2.417,1.200,3508,0,3.006,1,0,2.338
KBYX20131224-5,KBYX20131224_115602_V06,8,3.120,1.200,3508,0,3.687,1,0,3.196
KBYX20131224-5,KBYX20131224_115602_V06,9,3.999,1.200,3507,0,9.563,18,0,5.626
KBYX20131224-5,KBYX20131224_115602_V06,10,5.098,1.200,3521,0,7.638,51,0,3.162
KBYX20131224-5,KBYX20131224_115602_V06,11,6.416,1.200,3520,0,8.999,25,0,2.984
KBYX20131224-5,KBYX20131224_115602_V06,12,7.998,1.200,3536,0,8.371,19,0,4.827
KBYX20131224-5,KBYX20131224_120027_V06,0,0.483,1.200,13783,2446,448.677,1908,1501,272.672
KBYX20131224-5,KBYX20131224_120027_V06,2,0.879,1.200,13788,22,165.605,529,11,88.105
KBYX20131224-5,KBYX20131224_120027_V06,4,1.318,1.200,13791,0,46.499,461,0,23.213
KBYX20131224-5,KBYX20131224_120027_V06,6,1.802,1.200,6898,0,13.134,39,0,10.136
KBYX20131224-5,KBYX20131224_120027_V06,7,2.417,1.200,6899,0,6.007,12,0,5.691
KBYX20131224-5,KBYX20131224_120027_V06,8,3.120,1.200,6902,3,7.768,6,1,6.266
KBYX20131224-5,KBYX20131224_120027_V06,9,3.999,1.200,6900,0,13.774,22,0,6.175
KBYX20131224-5,KBYX20131224_120027_V06,10,5.098,1.200,6920,0,8.497,39,0,5.246
KBYX20131224-5,KBYX20131224_120027_V06,11,6.416,1.200,6936,0,14.745,101,0,7.224
KBYX20131224-5,KBYX20131224_120027_V06,12,7.998,1.200,6969,0,17.976,63,0,6.898
KBYX20131224-5,KBYX20131224_120448_V06,0,0.483,1.200,18210,2920,679.683,2507,1823,385.718
KBYX20131224-5,KBYX20131224_120448_V06,2,0.879,1.200,18202,59,210.519,550,31,128.546
KBYX20131224-5,KBYX20131224_120448_V06,4,1.318,1.200,18207,0,50.683,372,0,27.010
KBYX20131224-5,KBYX20131224_120448_V06,6,1.802,1.200,9103,1,13.750,93,1,9.902
KBYX20131224-5,KBYX20131224_120448_V06,7,2.417,1.200,9113,0,17.302,79,0,10.812
KBYX20131224-5,KBYX20131224_120448_V06,8,3.120,1.200,9121,0,11.214,12,0,7.356
KBYX20131224-5,KBYX20131224_120448_V06,9,3.999,1.200,9124,0,8.129,17,0,3.674
KBYX20131224-5,KBYX20131224_120448_V06,10,5.098,1.200,9138,0,8.609,32,0,5.722
KBYX20131224-5,KBYX20131224_120448_V06,11,6.416,1.200,9162,0,14.387,153,0,5.696
KBYX20131224-5,KBYX20131224_120448_V06,12,7.998,1.200,9197,0,10.508,172,0,4.002
KBYX20131224-6,KBYX20131224_120910_V06,0,0.483,1.200,1213,896,19.628,280,616,19.628
KBYX20131224-6,KBYX20131224_120910_V06,2,0.879,1.200,1207,0,3.693,0,0,3.693
KBYX20131224-6,KBYX20131224_120910_V06,4,1.318,1.200,1208,0,3.696,0,0,3.696
KBYX20131224-6,KBYX20131224_120910_V06,6,1.802,1.200,610,0,3.738,0,0,3.738
KBYX20131224-6,KBYX20131224_121330_V06,0,0.483,1.200,2370,1666,63.986,548,1123,19.191
KBYX20131224-6,KBYX20131224_121330_V06,2,0.879,1.200,2371,2,7.221,1,1,7.221
KBYX20131224-6,KBYX20131224_121330_V06,4,1.318,1.200,2374,0,7.238,0,0,7.238
KBYX20131224-6,KBYX20131224_121330_V06,6,1.802,1.200,1189,0,7.256,0,0,7.256
KBYX20131224-4,KBYX20131224_115141_V06,0,0.483,1.200,670,128,98.538,78,82,48.661
KBYX20131224-4,KBYX20131224_115141_V06,2,0.879,1.200,670,3,23.563,2,2,21.590
KBYX20131224-4,KBYX20131224_115141_V06,4,1.318,1.200,669,0,0.514,0,0,0.514
KBYX20131224-4,KBYX20131224_115141_V06,6,1.802,1.200,337,0,0.519,0,0,0.519
KBYX20131224-4,KBYX20131224_115141_V06,7,2.417,1.200,334,0,0.516,0,0,0.516
KBYX20131224-4,KBYX20131224_115141_V06,8,3.120,1.200,333,0,0.514,0,0,0.514
KBYX20131224-4,KBYX20131224_115141_V06,9,3.999,1.200,338,0,0.523,0,0,0.523
KBYX20131227-9,KBYX20131227_125013_V06,0,0.483,1.200,5249,635,212.990,1407,11,24.351
KBYX20131227-9,KBYX20131227_125013_V06,2,0.879,1.200,5254,646,220.423,1446,5,12.471
KBYX20131227-9,KBYX20131227_125013_V06,4,1.318,1.200,5252,656,189.837,1395,4,12.345
KBYX20131227-9,KBYX20131227_125013_V06,6,1.802,1.200,2628,319,153.470,574,0,10.737
KBYX20131227-9,KBYX20131227_125013_V06,7,2.417,1.200,2627,317,156.318,573,4,4.175
KBYX20131227-9,KBYX20131227_125013_V06,8,3.120,1.200,2632,255,153.480,512,2,2.984
KBYX20131227-9,KBYX20131227_125013_V06,9,3.999,1.200,2634,137,90.327,284,0,4.730
KBYX20131227-9,KBYX20131227_125013_V06,10,5.098,1.200,2642,18,45.593,109,2,10.544
KBYX20131227-9,KBYX20131227_125013_V06,11,6.416,1.200,2641,1,16.455,51,0,3.920
KBYX20131227-9,KBYX20131227_125325_V06,0,0.483,1.200,9056,1380,308.052,2430,26,38.268
KBYX20131227-9,KBYX20131227_125325_V06,2,0.879,1.200,9059,1412,320.341,2527,15,21.797
KBYX20131227-9,KBYX20131227_125325_V06,4,1.318,1.200,9058,1418,344.057,2595,4,20.798
KBYX20131227-9,KBYX20131227_125325_V06,6,1.802,1.200,4540,670,278.621,1113,8,16.325
KBYX20131227-9,KBYX20131227_125325_V06,7,2.417,1.200,4534,599,326.885,1071,3,11.835
KBYX20131227-9,KBYX20131227_125325_V06,8,3.120,1.200,4541,412,302.874,857,8,11.773
KBYX20131227-9,KBYX20131227_125325_V06,9,3.999,1.200,4543,253,145.755,539,0,7.931
KBYX20131227-9,KBYX20131227_125325_V06,10,5.098,1.200,4552,121,95.275,374,2,10.911
KBYX20131227-9,KBYX20131227_125325_V06,11,6.416,1.200,4564,26,43.809,180,0,5.610
KBYX20131227-9,KBYX20131227_125637_V06,0,0.483,1.200,3729,492,164.380,1007,5,10.876
KBYX20131227-9,KBYX20131227_125637_V06,2,0.879,1.200,3726,487,203.383,1106,1,10.841
KBYX20131227-9,KBYX20131227_125637_V06,4,1.318,1.200,3727,450,186.966,1020,5,9.488
KBYX20131227-9,KBYX20131227_125637_V06,6,1.802,1.200,1871,192,135.376,371,4,5.720
KBYX20131227-9,KBYX20131227_125637_V06,7,2.417,1.200,1869,181,110.518,336,0,4.135
KBYX20131227-9,KBYX20131227_125637_V06,8,3.120,1.200,1869,145,68.552,235,4,6.577
KBYX20131227-9,KBYX20131227_125637_V06,9,3.999,1.200,1872,88,56.650,166,0,2.002
KBYX20131227-9,KBYX20131227_125637_V06,10,5.098,1.200,1872,22,26.163,79,0,3.469
KBYX20131227-9,KBYX20131227_125637_V06,11,6.416,1.200,1876,0,12.552,36,0,4.058
KBYX20131229-4,KBYX20131229_114129_V06,0,0.483,1.200,3696,220,116.234,368,153,77.126
KBYX20131229-4,KBYX20131229_114129_V06,2,0.879,1.200,3697,5,26.641,182,5,15.108
KBYX20131229-4,KBYX20131229_114129_V06,4,1.318,1.200,3697,0,15.152,135,0,8.435
KBYX20131229-4,KBYX20131229_114129_V06,6,1.802,1.200,1846,0,3.388,0,0,3.388
KBYX20131229-4,KBYX20131229_114129_V06,7,2.417,1.200,1847,0,1.455,0,0,1.455
KBYX20131229-4,KBYX20131229_114129_V06,8,3.120,1.200,1853,0,0.813,0,0,0.813
KBYX20131229-4,KBYX20131229_114129_V06,9,3.999,1.200,1853,0,0.659,0,0,0.659
KBYX20131229-4,KBYX20131229_114129_V06,10,5.098,1.200,1859,0,0.665,0,0,0.665
KBYX20131229-4,KBYX20131229_114129_V06,11,6.416,1.200,1858,0,0.667,0,0,0.667
KBYX20131229-4,KBYX20131229_114129_V06,12,7.998,1.200,1870,88,100.630,211,0,4.195
KBYX20131229-4,KBYX20131229_114535_V06,0,0.483,1.200,19092,470,328.329,1757,304,202.260
KBYX20131229-4,KBYX20131229_114535_V06,2,0.879,1.200,19099,19,118.972,1582,7,65.187
KBYX20131229-4,KBYX20131229_114535_V06,4,1.318,1.200,19098,20,64.246,1792,4,22.506
KBYX20131229-4,KBYX20131229_114535_V06,6,1.802,1.200,9567,2,28.054,177,2,18.260
KBYX20131229-4,KBYX20131229_114535_V06,7,2.417,1.200,9566,1,10.253,105,0,5.249
KBYX20131229-4,KBYX20131229_114535_V06,8,3.120,1.200,9568,0,5.218,74,0,3.214
KBYX20131229-4,KBYX20131229_114535_V06,9,3.999,1.200,9573,0,2.897,6,0,2.799
KBYX20131229-4,KBYX20131229_114535_V06,10,5.098,1.200,9579,0,3.010,24,0,2.867
KBYX20131229-4,KBYX20131229_114535_V06,11,6.416,1.200,9615,64,114.873,176,0,7.953
KBYX20131229-4,KBYX20131229_114535_V06,12,7.998,1.200,9652,929,417.030,1365,0,13.260
KBYX20131229-4,KBYX20131229_114535_V06,13,10.020,1.200,9704,2424,203.847,2823,0,3.510
