track_id,filename,sweep_idx,sweep_angle,count_scaling,n_roost_pixels,n_refAbove40_pixels,n_refBelow40_animals,n_xcorrAbove0.95_pixels,n_xcorrBelow0.95_refAbove40_pixels,n_xcorrBelow0.95_refBelow40_animals
KBYX20150603-5,KBYX20150603_105800_V06,0,0.483,1.200,1862,569,4.571,516,53,4.571
KBYX20150603-5,KBYX20150603_105800_V06,2,0.879,1.200,1861,270,5.604,237,33,5.604
KBYX20150603-5,KBYX20150603_105800_V06,4,1.318,1.200,1858,18,6.443,16,2,6.443
KBYX20150603-5,KBYX20150603_110318_V06,0,0.483,1.200,1365,483,3.085,442,41,3.085
KBYX20150603-5,KBYX20150603_110318_V06,2,0.879,1.200,1358,206,4.027,179,27,4.027
KBYX20150603-5,KBYX20150603_110318_V06,4,1.318,1.200,1353,0,4.710,0,0,4.710
KBYX20150605-9,KBYX20150605_111958_V06,0,0.483,1.200,1132,383,3.279,336,47,3.279
KBYX20150605-9,KBYX20150605_111958_V06,2,0.879,1.200,1134,414,3.151,355,59,3.151
KBYX20150605-9,KBYX20150605_111958_V06,4,1.318,1.200,1131,394,3.217,331,63,3.217
KBYX20150614-3,KBYX20150614_103504_V06,0,0.483,1.200,9253,609,1020.147,1651,72,624.906
KBYX20150614-3,KBYX20150614_103504_V06,2,0.879,1.200,9257,656,689.854,2042,8,164.774
KBYX20150614-3,KBYX20150614_103504_V06,4,1.318,1.200,9261,715,623.493,1963,14,86.515
KBYX20150614-3,KBYX20150614_103504_V06,6,1.802,1.200,4629,334,268.156,453,6,108.205
KBYX20150614-3,KBYX20150614_103504_V06,7,2.417,1.200,4631,333,166.684,389,12,85.913
KBYX20150614-3,KBYX20150614_103504_V06,8,3.120,1.200,4631,336,138.170,369,26,57.783
KBYX20150614-3,KBYX20150614_103504_V06,11,3.999,1.200,4635,296,155.804,335,28,42.009
KBYX20150614-3,KBYX20150614_103504_V06,12,5.098,1.200,4645,387,175.078,397,45,80.406
KBYX20150614-3,KBYX20150614_103504_V06,13,6.416,1.200,4653,352,155.058,348,61,67.939
KBYX20150614-3,KBYX20150614_104015_V06,0,0.483,1.200,17616,1237,1767.229,2913,236,1048.903
KBYX20150614-3,KBYX20150614_104015_V06,2,0.879,1.200,17614,1059,1070.191,3417,24,264.821
KBYX20150614-3,KBYX20150614_104015_V06,4,1.318,1.200,17626,1138,975.396,3471,11,181.889
KBYX20150614-3,KBYX20150614_104015_V06,6,1.802,1.200,8810,494,460.334,708,14,187.628
KBYX20150614-3,KBYX20150614_104015_V06,7,2.417,1.200,8818,462,352.486,607,16,132.758
KBYX20150614-3,KBYX20150614_104015_V06,8,3.120,1.200,8826,449,276.158,523,42,101.829
KBYX20150614-3,KBYX20150614_104015_V06,11,3.999,1.200,8826,467,340.248,559,27,122.222
KBYX20150614-3,KBYX20150614_104015_V06,12,5.098,1.200,8839,670,324.111,694,61,205.859
KBYX20150614-3,KBYX20150614_104015_V06,13,6.416,1.200,8862,816,494.146,783,151,218.286
KBYX20150614-3,KBYX20150614_104535_V06,0,0.483,1.200,28990,2523,2676.798,4383,739,1587.029
KBYX20150614-3,KBYX20150614_104535_V06,2,0.879,1.200,28984,1832,1834.133,5583,58,448.961
KBYX20150614-3,KBYX20150614_104535_V06,4,1.318,1.200,28991,1812,1624.197,6120,20,286.747
KBYX20150614-3,KBYX20150614_104535_V06,6,1.802,1.200,14492,736,732.523,1242,28,366.640
KBYX20150614-3,KBYX20150614_104535_V06,7,2.417,1.200,14504,667,492.467,905,59,244.462
KBYX20150614-3,KBYX20150614_104535_V06,8,3.120,1.200,14513,585,437.849,705,54,212.115
KBYX20150614-3,KBYX20150614_104535_V06,11,3.999,1.200,14545,611,399.304,686,44,199.821
KBYX20150614-3,KBYX20150614_104535_V06,12,5.098,1.200,14562,984,685.865,1080,80,311.293
KBYX20150614-3,KBYX20150614_104535_V06,13,6.416,1.200,14596,1270,609.723,1273,126,337.439
KBYX20150614-3,KBYX20150614_105046_V06,0,0.483,1.200,5919,703,556.376,1471,35,220.156
KBYX20150614-3,KBYX20150614_105046_V06,2,0.879,1.200,5921,633,582.878,1664,7,118.188
KBYX20150614-3,KBYX20150614_105046_V06,4,1.318,1.200,5923,581,506.068,1392,5,71.376
KBYX20150614-3,KBYX20150614_105046_V06,6,1.802,1.200,2966,191,217.658,228,13,144.894
KBYX20150614-3,KBYX20150614_105046_V06,7,2.417,1.200,2963,193,194.323,259,6,89.757
KBYX20150614-3,KBYX20150614_105046_V06,8,3.120,1.200,2962,196,99.884,228,7,44.849
KBYX20150614-3,KBYX20150614_105046_V06,11,3.999,1.200,2963,174,81.493,187,21,33.500
KBYX20150614-3,KBYX20150614_105046_V06,12,5.098,1.200,2972,199,122.116,215,33,48.506
KBYX20150614-3,KBYX20150614_105046_V06,13,6.416,1.200,2983,468,169.713,530,23,36.692
KBYX20150622-4,KBYX20150622_093908_V06,0,0.483,1.200,994,132,106.801,150,9,32.931
KBYX20150622-4,KBYX20150622_093908_V06,2,0.879,1.200,997,131,114.852,168,2,16.253
KBYX20150622-4,KBYX20150622_093908_V06,4,1.318,1.200,997,118,94.910,141,5,19.912
KBYX20150622-4,KBYX20150622_093908_V06,6,1.802,1.200,499,32,37.886,36,0,13.069
KBYX20150622-4,KBYX20150622_093908_V06,7,2.417,1.200,501,18,11.706,17,2,6.417
KBYX20150622-4,KBYX20150622_093908_V06,8,3.120,1.200,500,5,6.827,0,5,6.827
KBYX20150622-15,KBYX20150622_114206_V06,0,0.483,1.200,5425,1415,636.091,1602,42,187.912
KBYX20150622-15,KBYX20150622_114206_V06,2,0.879,1.200,5429,1413,718.371,1631,31,182.259
KBYX20150622-15,KBYX20150622_114206_V06,4,1.318,1.200,5431,1478,629.575,1670,34,164.773
KBYX20150622-15,KBYX20150622_114206_V06,6,1.802,1.200,2725,693,339.426,699,31,173.273
KBYX20150622-15,KBYX20150622_114206_V06,7,2.417,1.200,2717,563,258.098,581,11,108.538
KBYX20150622-15,KBYX20150622_114206_V06,8,3.120,1.200,2723,406,201.103,410,19,74.800
KBYX20150630-4,KBYX20150630_113832_V06,0,0.483,1.200,5108,832,994.118,20,815,968.091
KBYX20150630-4,KBYX20150630_113832_V06,2,1.494,1.200,5110,0,17.926,0,0,17.926
KBYX20150630-4,KBYX20150630_114816_V06,0,0.483,1.200,9084,1365,1405.052,26,1343,1374.488
KBYX20150630-4,KBYX20150630_114816_V06,2,1.494,1.200,9093,0,31.549,0,0,31.549
KBYX20150630-1,KBYX20150630_104958_V06,0,0.483,1.200,6537,1057,1757.505,70,994,1711.889
KBYX20150630-1,KBYX20150630_104958_V06,2,1.494,1.200,6537,0,17.629,0,0,17.629
KBYX20150630-2,KBYX20150630_104958_V06,0,0.483,1.200,504,210,267.978,27,185,256.697
KBYX20150630-2,KBYX20150630_104958_V06,2,1.494,1.200,505,0,1.026,0,0,1.026
KBYX20150630-2,KBYX20150630_104958_V06,4,2.505,1.200,258,0,1.052,0,0,1.052
KBYX20150630-5,KBYX20150630_114816_V06,0,0.483,1.200,8298,967,2066.686,39,939,2006.581
KBYX20150630-5,KBYX20150630_114816_V06,2,1.494,1.200,8305,0,22.526,0,0,22.526
KBYX20150702-6,KBYX20150702_103401_V06,0,0.483,1.200,2703,185,110.955,552,16,25.544
KBYX20150702-6,KBYX20150702_103401_V06,2,0.879,1.200,2704,200,261.805,1044,6,42.552
KBYX20150702-6,KBYX20150702_103401_V06,4,1.318,1.200,2712,241,262.907,1054,11,23.738
KBYX20150702-6,KBYX20150702_103401_V06,6,1.802,1.200,1350,122,221.716,373,4,36.605
KBYX20150702-6,KBYX20150702_103401_V06,7,2.417,1.200,1352,154,143.807,298,4,30.900
KBYX20150702-6,KBYX20150702_103401_V06,8,3.120,1.200,1357,148,126.478,275,3,30.664
KBYX20150702-6,KBYX20150702_103401_V06,9,3.999,1.200,1358,111,55.556,145,3,22.631
KBYX20150702-6,KBYX20150702_103401_V06,10,5.098,1.200,1358,114,16.230,122,6,5.842
KBYX20150702-6,KBYX20150702_103401_V06,11,6.416,1.200,1364,125,27.727,142,6,5.525
KBYX20150707-3,KBYX20150707_094538_V06,0,0.483,1.200,396,129,54.667,161,4,16.279
KBYX20150707-3,KBYX20150707_094538_V06,2,0.879,1.200,395,136,88.482,202,4,10.442
KBYX20150707-3,KBYX20150707_094538_V06,4,1.318,1.200,390,148,109.393,231,0,17.956
KBYX20150707-3,KBYX20150707_094538_V06,6,1.802,1.200,199,67,66.036,73,3,37.369
KBYX20150707-3,KBYX20150707_094538_V06,7,2.417,1.200,199,62,27.491,62,1,23.026
KBYX20150707-3,KBYX20150707_094538_V06,8,3.120,1.200,199,49,8.600,37,12,8.600
KBYX20150707-3,KBYX20150707_094538_V06,11,3.999,1.200,196,30,20.680,35,0,9.978
KBYX20150707-3,KBYX20150707_095034_V06,0,0.483,1.200,1614,223,154.128,328,12,42.772
KBYX20150707-3,KBYX20150707_095034_V06,2,0.879,1.200,1612,250,285.915,478,6,45.288
KBYX20150707-3,KBYX20150707_095034_V06,4,1.318,1.200,1619,278,397.177,571,4,67.803
KBYX20150707-3,KBYX20150707_095034_V06,6,1.802,1.200,805,122,152.944,138,14,81.652
KBYX20150707-3,KBYX20150707_095034_V06,7,2.417,1.200,807,84,83.889,104,1,30.865
KBYX20150707-3,KBYX20150707_095034_V06,8,3.120,1.200,814,38,45.506,49,2,8.828
KBYX20150707-3,KBYX20150707_095034_V06,11,3.999,1.200,803,18,21.977,20,1,10.083
KBYX20150709-19,KBYX20150709_114840_V06,0,0.483,1.200,900,355,37.762,236,228,20.755
KBYX20150709-19,KBYX20150709_114840_V06,2,0.879,1.200,901,3,15.423,93,2,8.352
KBYX20150709-19,KBYX20150709_114840_V06,4,1.318,1.200,899,0,6.891,101,0,1.647
KBYX20150709-19,KBYX20150709_114840_V06,6,1.802,1.200,451,0,1.094,1,0,0.985
KBYX20150709-19,KBYX20150709_114840_V06,7,2.417,1.200,452,0,0.133,0,0,0.133
KBYX20150709-19,KBYX20150709_114840_V06,8,3.120,1.200,454,0,0.383,1,0,0.273
KBYX20150709-19,KBYX20150709_114840_V06,11,3.999,1.200,454,0,0.515,2,0,0.133
KBYX20150709-19,KBYX20150709_114840_V06,12,5.098,1.200,453,0,0.134,0,0,0.134
KBYX20150709-19,KBYX20150709_114840_V06,13,6.416,1.200,454,0,0.135,0,0,0.135
KBYX20150709-19,KBYX20150709_114840_V06,14,7.998,1.200,458,0,0.137,0,0,0.137
KBYX20150709-19,KBYX20150709_114840_V06,15,10.020,1.200,457,0,0.138,0,0,0.138
KBYX20150710-3,KBYX20150710_094620_V06,0,0.483,1.200,1956,387,164.713,506,32,64.803
KBYX20150710-3,KBYX20150710_094620_V06,2,0.879,1.200,1960,356,109.894,467,7,22.368
KBYX20150710-3,KBYX20150710_094620_V06,4,1.318,1.200,1961,353,113.356,481,6,11.682
KBYX20150710-3,KBYX20150710_094620_V06,6,1.802,1.200,973,169,88.957,207,1,15.515
KBYX20150710-3,KBYX20150710_094620_V06,7,2.417,1.200,974,159,85.635,198,6,9.027
KBYX20150710-3,KBYX20150710_094620_V06,8,3.120,1.200,976,158,77.318,175,11,23.031
KBYX20150710-3,KBYX20150710_094620_V06,11,3.999,1.200,978,135,54.446,145,12,16.848
KBYX20150710-3,KBYX20150710_094620_V06,12,5.098,1.200,982,101,65.586,127,2,19.174
KBYX20150715-2,KBYX20150715_095153_V06,0,0.483,1.200,842,261,80.283,271,9,7.890
KBYX20150715-2,KBYX20150715_095153_V06,2,0.879,1.200,841,202,64.353,205,11,0.969
KBYX20150715-2,KBYX20150715_095153_V06,4,1.318,1.200,843,128,139.168,143,11,21.997
KBYX20150715-2,KBYX20150715_095153_V06,6,1.802,1.200,417,37,34.044,26,12,21.754
KBYX20150715-2,KBYX20150715_095153_V06,7,2.417,1.200,417,34,45.554,24,12,21.967
KBYX20150717-1,KBYX20150717_095133_V06,0,0.483,1.200,332,95,64.657,101,9,20.792
KBYX20150717-1,KBYX20150717_095133_V06,2,0.879,1.200,329,76,67.170,94,3,14.363
KBYX20150717-1,KBYX20150717_095133_V06,4,1.318,1.200,334,60,70.531,76,5,13.249
KBYX20150717-1,KBYX20150717_095133_V06,6,1.802,1.200,166,9,24.572,9,1,16.572
KBYX20150717-1,KBYX20150717_095133_V06,7,2.417,1.200,166,5,11.391,5,0,11.391
KBYX20150717-1,KBYX20150717_095133_V06,8,3.120,1.200,168,0,0.382,0,0,0.382
KBYX20150719-10,KBYX20150719_114118_V06,0,0.483,1.200,11726,2682,388.962,3837,564,224.222
KBYX20150719-10,KBYX20150719_114118_V06,2,0.879,1.200,11730,2244,294.302,5863,135,61.969
KBYX20150719-10,KBYX20150719_114118_V06,4,1.318,1.200,11737,2102,269.346,6068,83,35.244
KBYX20150719-10,KBYX20150719_114118_V06,6,1.802,1.200,5875,1039,220.144,2477,37,40.554
KBYX20150719-10,KBYX20150719_114118_V06,7,2.417,1.200,5881,1044,216.086,2478,46,28.791
KBYX20150719-10,KBYX20150719_114118_V06,8,3.120,1.200,5884,1074,234.278,2519,31,29.722
KBYX20150719-10,KBYX20150719_114118_V06,11,3.999,1.200,5888,1160,247.170,2560,38,25.651
KBYX20150719-10,KBYX20150719_114118_V06,12,5.098,1.200,5900,1226,245.508,2586,31,28.647
KBYX20150719-10,KBYX20150719_114118_V06,13,6.416,1.200,5913,1298,195.018,2357,37,22.629
KBYX20150719-10,KBYX20150719_114118_V06,14,7.998,1.200,5931,1383,143.967,2527,23,7.833
KBYX20150719-10,KBYX20150719_114118_V06,15,10.020,1.200,5965,1271,73.909,1989,8,8.407
KBYX20150719-10,KBYX20150719_114118_V06,16,12.480,1.200,6018,1180,53.285,1656,11,5.609
KBYX20150721-9,KBYX20150721_112933_V06,0,0.483,1.200,1617,494,251.542,529,59,102.574
KBYX20150721-9,KBYX20150721_112933_V06,2,0.879,1.200,1620,456,415.670,619,23,106.512
KBYX20150721-9,KBYX20150721_112933_V06,4,1.318,1.200,1617,455,370.075,606,20,58.862
KBYX20150721-9,KBYX20150721_112933_V06,6,1.802,1.200,805,171,190.590,187,14,83.432
KBYX20150721-9,KBYX20150721_112933_V06,7,2.417,1.200,814,126,92.337,126,11,48.634
KBYX20150721-9,KBYX20150721_112933_V06,8,3.120,1.200,819,100,60.147,102,9,21.425
KBYX20150721-9,KBYX20150721_112933_V06,11,3.999,1.200,816,53,57.892,50,12,23.486
KBYX20150723-4,KBYX20150723_095439_V06,0,0.483,1.200,451,108,76.995,108,11,16.633
KBYX20150723-4,KBYX20150723_095439_V06,2,0.879,1.200,451,117,44.977,119,3,16.603
KBYX20150723-4,KBYX20150723_095439_V06,4,1.318,1.200,448,102,54.246,105,5,10.572
KBYX20150723-4,KBYX20150723_095439_V06,6,1.802,1.200,227,25,23.585,25,1,12.572
KBYX20150723-4,KBYX20150723_095439_V06,7,2.417,1.200,231,17,0.757,15,2,0.757
KBYX20150802-10,KBYX20150802_121923_V06,0,0.483,1.200,301,135,0.675,90,45,0.675
KBYX20150802-10,KBYX20150802_121923_V06,2,0.879,1.200,305,202,0.425,130,72,0.425
KBYX20150802-10,KBYX20150802_121923_V06,4,1.318,1.200,300,215,0.356,178,37,0.356
KBYX20150807-2,KBYX20150807_105140_V06,0,0.483,1.200,10746,313,1745.628,328,161,1203.865
KBYX20150807-2,KBYX20150807_105140_V06,2,1.494,1.200,10756,1,55.050,15,1,24.539
KBYX20150807-2,KBYX20150807_105140_V06,4,2.505,1.200,5378,0,13.651,0,0,13.651
KBYX20150807-2,KBYX20150807_110124_V06,0,0.483,1.200,16822,433,2620.095,554,242,1624.105
KBYX20150807-2,KBYX20150807_110124_V06,2,1.494,1.200,16828,14,171.049,84,4,73.339
KBYX20150807-2,KBYX20150807_110124_V06,4,2.505,1.200,8426,0,26.555,0,0,26.555
KBYX20150807-2,KBYX20150807_111108_V06,0,0.483,1.200,11966,361,2001.323,415,215,1199.699
KBYX20150807-2,KBYX20150807_111108_V06,2,1.494,1.200,11970,34,175.144,73,18,90.460
KBYX20150807-2,KBYX20150807_111108_V06,4,2.505,1.200,5995,0,18.703,0,0,18.703
KBYX20150812-40,KBYX20150812_122458_V06,0,0.483,1.200,1406,57,5.327,43,14,5.327
KBYX20150812-40,KBYX20150812_122458_V06,2,0.879,1.200,1398,7,5.469,6,1,5.469
KBYX20150812-40,KBYX20150812_122458_V06,4,1.318,1.200,1402,0,5.510,0,0,5.510
KBYX20150812-40,KBYX20150812_122849_V06,0,0.483,1.200,2283,77,8.697,53,24,8.697
KBYX20150812-40,KBYX20150812_122849_V06,2,0.879,1.200,2280,23,8.875,21,2,8.875
KBYX20150812-40,KBYX20150812_122849_V06,4,1.318,1.200,2284,7,8.944,7,0,8.944
KBYX20150813-20,KBYX20150813_120710_V06,0,0.483,1.200,2079,281,4.729,207,74,4.729
KBYX20150813-20,KBYX20150813_120710_V06,2,0.879,1.200,2085,218,4.928,189,29,4.928
KBYX20150813-20,KBYX20150813_120710_V06,4,1.318,1.200,2080,153,5.104,122,31,5.104
KBYX20150813-20,KBYX20150813_120710_V06,6,1.802,1.200,1047,12,5.515,0,12,5.515
KBYX20150817-1,KBYX20150817_100427_V06,0,0.483,1.200,1658,366,176.952,413,11,46.932
KBYX20150817-1,KBYX20150817_100427_V06,2,0.879,1.200,1660,364,114.828,405,8,16.824
KBYX20150817-1,KBYX20150817_100427_V06,4,1.318,1.200,1662,366,98.183,399,5,19.493
KBYX20150817-1,KBYX20150817_100427_V06,6,1.802,1.200,832,153,100.166,156,5,58.871
KBYX20150817-1,KBYX20150817_100427_V06,7,2.417,1.200,831,134,94.443,140,4,46.232
KBYX20150817-1,KBYX20150817_100427_V06,8,3.120,1.200,835,98,53.683,93,11,27.542
KBYX20150817-1,KBYX20150817_100427_V06,9,3.999,1.200,834,75,36.766,77,2,18.948
KBYX20150819-1,KBYX20150819_100347_V06,0,0.483,1.200,1149,408,1.934,384,24,1.934
KBYX20150819-1,KBYX20150819_100347_V06,2,0.879,1.200,1145,344,19.762,322,24,2.104
KBYX20150819-1,KBYX20150819_100347_V06,4,1.318,1.200,1147,264,30.243,250,17,2.329
KBYX20150819-1,KBYX20150819_100347_V06,6,1.802,1.200,553,78,2.517,68,10,2.517
KBYX20150819-4,KBYX20150819_100347_V06,0,0.483,1.200,533,97,9.224,93,5,0.947
KBYX20150819-4,KBYX20150819_100347_V06,2,0.879,1.200,535,91,0.970,89,2,0.970
KBYX20150819-4,KBYX20150819_100347_V06,4,1.318,1.200,539,70,15.743,65,5,15.743
KBYX20150819-4,KBYX20150819_100347_V06,6,1.802,1.200,270,4,1.178,3,1,1.178
KBYX20150819-7,KBYX20150819_100347_V06,0,0.483,1.200,477,135,30.300,133,7,0.663
KBYX20150819-7,KBYX20150819_100347_V06,2,0.879,1.200,475,130,66.113,125,10,32.107
KBYX20150819-7,KBYX20150819_100347_V06,4,1.318,1.200,476,111,50.335,114,2,18.948
KBYX20150819-7,KBYX20150819_100347_V06,6,1.802,1.200,233,39,0.768,37,2,0.768
KBYX20150819-7,KBYX20150819_100347_V06,7,2.417,1.200,234,9,14.766,6,3,14.766
KBYX20150821-5,KBYX20150821_100752_V06,0,0.483,1.200,762,204,101.276,207,30,45.946
KBYX20150821-5,KBYX20150821_100752_V06,2,0.879,1.200,765,202,91.811,227,10,34.932
KBYX20150821-5,KBYX20150821_100752_V06,4,1.318,1.200,765,200,95.166,237,4,28.277
KBYX20150821-5,KBYX20150821_100752_V06,6,1.802,1.200,385,99,76.211,98,10,37.796
KBYX20150821-5,KBYX20150821_100752_V06,7,2.417,1.200,384,68,78.264,84,2,9.044
KBYX20150821-5,KBYX20150821_100752_V06,8,3.120,1.200,381,35,20.583,37,0,14.790
KBYX20150821-5,KBYX20150821_100752_V06,9,3.999,1.200,378,0,0.622,0,0,0.622
KBYX20150821-10,KBYX20150821_103436_V06,0,0.483,1.200,2227,202,296.218,297,95,174.841
KBYX20150821-10,KBYX20150821_103436_V06,2,0.879,1.200,2233,136,188.103,301,11,54.339
KBYX20150821-10,KBYX20150821_103436_V06,4,1.318,1.200,2221,152,159.683,285,7,35.738
KBYX20150821-10,KBYX20150821_103436_V06,6,1.802,1.200,1115,71,79.788,75,15,38.865
KBYX20150821-10,KBYX20150821_103436_V06,7,2.417,1.200,1115,43,47.982,42,12,16.956
KBYX20150821-10,KBYX20150821_103436_V06,8,3.120,1.200,1114,27,5.043,28,0,3.136
KBYX20150821-10,KBYX20150821_103436_V06,9,3.999,1.200,1123,10,7.333,12,0,1.260
KBYX20150821-10,KBYX20150821_103436_V06,10,5.098,1.200,1124,0,1.279,0,0,1.279
KBYX20150821-15,KBYX20150821_122426_V06,0,0.483,1.200,1813,431,30.236,561,310,21.593
KBYX20150821-15,KBYX20150821_122426_V06,2,0.879,1.200,1812,112,23.657,609,72,14.736
KBYX20150821-15,KBYX20150821_122426_V06,4,1.318,1.200,1808,13,20.779,877,6,7.593
KBYX20150821-15,KBYX20150821_122426_V06,6,1.802,1.200,910,15,21.573,390,3,4.171
KBYX20150821-15,KBYX20150821_122426_V06,7,2.417,1.200,906,17,29.908,418,3,6.544
KBYX20150821-15,KBYX20150821_122426_V06,8,3.120,1.200,908,1,11.255,263,0,3.576
KBYX20150821-15,KBYX20150821_122426_V06,9,3.999,1.200,907,0,3.851,108,0,1.640
KBYX20150821-15,KBYX20150821_122426_V06,10,5.098,1.200,907,1,0.358,9,0,0.287
KBYX20150821-15,KBYX20150821_122426_V06,11,6.416,1.200,911,0,0.429,6,0,0.290
KBYX20150822-7,KBYX20150822_102630_V06,0,0.483,1.200,4276,3065,955.706,588,2607,840.735
KBYX20150822-7,KBYX20150822_102630_V06,2,0.879,1.200,4278,1624,1549.966,725,1186,1322.570
KBYX20150822-7,KBYX20150822_102630_V06,4,1.318,1.200,4277,642,793.319,823,187,469.715
KBYX20150822-7,KBYX20150822_102630_V06,6,1.802,1.200,2145,214,259.728,244,26,126.410
KBYX20150822-7,KBYX20150822_102630_V06,7,2.417,1.200,2146,142,194.546,180,7,51.956
KBYX20150822-7,KBYX20150822_102630_V06,8,3.120,1.200,2146,96,71.806,99,7,38.479
KBYX20150822-7,KBYX20150822_102630_V06,9,3.999,1.200,2142,53,60.348,59,5,35.740
KBYX20150822-7,KBYX20150822_102630_V06,10,5.098,1.200,2156,46,34.921,53,2,16.599
KBYX20150822-10,KBYX20150822_103726_V06,0,0.483,1.200,2730,2144,529.522,491,1714,475.727
KBYX20150822-10,KBYX20150822_103726_V06,2,0.879,1.200,2737,1366,1145.729,614,905,983.767
KBYX20150822-10,KBYX20150822_103726_V06,4,1.318,1.200,2734,579,670.458,668,159,421.898
KBYX20150822-10,KBYX20150822_103726_V06,6,1.802,1.200,1366,214,181.261,234,14,77.895
KBYX20150822-10,KBYX20150822_103726_V06,7,2.417,1.200,1369,176,85.663,190,3,26.640
KBYX20150822-10,KBYX20150822_103726_V06,8,3.120,1.200,1368,127,89.617,135,8,35.250
KBYX20150822-10,KBYX20150822_103726_V06,9,3.999,1.200,1374,80,66.437,87,6,27.670
KBYX20150824-1,KBYX20150824_100652_V06,0,0.483,1.200,1263,487,406.285,473,116,225.092
KBYX20150824-1,KBYX20150824_100652_V06,2,0.879,1.200,1260,468,383.119,492,92,180.563
KBYX20150824-1,KBYX20150824_100652_V06,4,1.318,1.200,1262,428,372.955,511,59,116.078
KBYX20150824-1,KBYX20150824_100652_V06,6,1.802,1.200,624,191,213.661,199,15,107.174
KBYX20150824-1,KBYX20150824_100652_V06,7,2.417,1.200,630,166,143.755,174,11,46.442
KBYX20150824-1,KBYX20150824_100652_V06,8,3.120,1.200,630,104,108.418,105,11,50.023
KBYX20150824-1,KBYX20150824_100652_V06,9,3.999,1.200,633,37,43.512,34,8,19.778
KBYX20150827-11,KBYX20150827_110707_V06,0,0.483,1.200,3700,3133,2.253,2903,230,2.253
KBYX20150827-11,KBYX20150827_110707_V06,2,0.879,1.200,3707,3262,1.675,2679,583,1.675
KBYX20150827-11,KBYX20150827_110707_V06,4,1.318,1.200,3709,3277,1.642,2788,489,1.642
KBYX20150827-14,KBYX20150827_112135_V06,0,0.483,1.200,4878,1237,360.630,1542,217,131.594
KBYX20150827-14,KBYX20150827_112135_V06,2,0.879,1.200,4884,1085,327.376,1564,106,97.770
KBYX20150827-14,KBYX20150827_112135_V06,4,1.318,1.200,4885,950,332.051,1519,65,83.134
KBYX20150827-14,KBYX20150827_112135_V06,6,1.802,1.200,2435,387,202.584,491,11,56.564
KBYX20150827-14,KBYX20150827_112135_V06,7,2.417,1.200,2437,342,173.900,439,6,36.780
KBYX20150827-14,KBYX20150827_112135_V06,8,3.120,1.200,2444,312,163.007,417,7,25.089
KBYX20150827-14,KBYX20150827_112135_V06,9,3.999,1.200,2447,260,140.228,331,10,45.348
KBYX20150827-14,KBYX20150827_112135_V06,10,5.098,1.200,2447,431,135.247,447,45,44.008
KBYX20150827-14,KBYX20150827_112135_V06,11,6.416,1.200,2457,614,112.621,666,12,21.381
KBYX20150828-2,KBYX20150828_100746_V06,0,0.483,1.200,1883,539,109.626,648,93,50.263
KBYX20150828-2,KBYX20150828_100746_V06,2,0.879,1.200,1884,481,75.320,673,33,19.132
KBYX20150828-2,KBYX20150828_100746_V06,4,1.318,1.200,1886,465,85.247,752,11,8.388
KBYX20150828-2,KBYX20150828_100746_V06,6,1.802,1.200,938,221,101.751,340,2,14.027
KBYX20150828-2,KBYX20150828_100746_V06,7,2.417,1.200,938,232,87.075,325,8,12.743
KBYX20150828-2,KBYX20150828_100746_V06,8,3.120,1.200,939,212,77.166,308,3,11.397
KBYX20150828-2,KBYX20150828_100746_V06,9,3.999,1.200,940,155,97.560,291,1,8.264
KBYX20150828-2,KBYX20150828_100746_V06,10,5.098,1.200,944,119,64.482,206,7,8.946
KBYX20150828-2,KBYX20150828_100746_V06,11,6.416,1.200,946,82,39.807,136,6,7.370
KBYX20150828-2,KBYX20150828_100746_V06,12,7.998,1.200,950,53,23.052,81,0,0.774
KBYX20150828-4,KBYX20150828_100746_V06,0,0.483,1.200,606,189,1.665,177,12,1.665
KBYX20150828-4,KBYX20150828_100746_V06,2,0.879,1.200,601,184,1.667,168,16,1.667
KBYX20150828-4,KBYX20150828_100746_V06,4,1.318,1.200,606,173,1.731,165,8,1.731
KBYX20150829-2,KBYX20150829_112325_V06,0,0.483,1.200,1869,126,131.799,133,24,61.117
KBYX20150829-2,KBYX20150829_112325_V06,2,0.879,1.200,1860,127,93.524,146,6,32.160
KBYX20150829-2,KBYX20150829_112325_V06,4,1.318,1.200,1866,137,92.534,165,7,15.294
KBYX20150829-2,KBYX20150829_112325_V06,6,1.802,1.200,934,73,38.279,76,1,21.035
KBYX20150829-2,KBYX20150829_112325_V06,7,2.417,1.200,933,53,69.748,58,2,31.870
KBYX20150829-2,KBYX20150829_112325_V06,8,3.120,1.200,937,42,18.714,44,1,2.141
KBYX20150903-8,KBYX20150903_111755_V06,0,0.483,1.200,1792,709,792.110,354,508,608.685
KBYX20150903-8,KBYX20150903_111755_V06,2,0.879,1.200,1794,600,814.342,330,458,583.129
KBYX20150903-8,KBYX20150903_111755_V06,4,1.318,1.200,1800,334,661.129,332,180,465.912
KBYX20150903-8,KBYX20150903_111755_V06,6,1.802,1.200,899,92,191.058,106,23,110.050
KBYX20150903-8,KBYX20150903_111755_V06,7,2.417,1.200,897,56,77.650,56,10,55.102
KBYX20150903-8,KBYX20150903_111755_V06,8,3.120,1.200,900,25,29.494,36,1,4.946
KBYX20150903-8,KBYX20150903_111755_V06,9,3.999,1.200,897,0,7.161,0,0,7.161
KBYX20150903-13,KBYX20150903_120329_V06,0,0.483,1.200,31742,3759,70.840,8331,2223,42.928
KBYX20150903-13,KBYX20150903_120329_V06,2,0.879,1.200,31744,1547,43.113,7737,733,24.066
KBYX20150903-13,KBYX20150903_120329_V06,4,1.318,1.200,31755,972,34.761,7688,395,17.003
KBYX20150903-13,KBYX20150903_120329_V06,6,1.802,1.200,15875,271,21.802,1760,72,9.456
KBYX20150903-13,KBYX20150903_120329_V06,7,2.417,1.200,15882,259,29.663,1748,77,14.196
KBYX20150903-13,KBYX20150903_120329_V06,8,3.120,1.200,15894,178,27.259,1710,46,12.845
KBYX20150903-13,KBYX20150903_120329_V06,9,3.999,1.200,15905,215,35.653,1889,60,18.418
KBYX20150903-13,KBYX20150903_120329_V06,10,5.098,1.200,15946,129,26.109,1691,51,12.116
KBYX20150903-13,KBYX20150903_120329_V06,11,6.416,1.200,15995,174,23.571,1710,47,12.113
KBYX20150904-3,KBYX20150904_104007_V06,0,0.483,1.200,306,200,23.364,132,69,15.319
KBYX20150904-3,KBYX20150904_104007_V06,2,0.879,1.200,307,90,0.524,85,5,0.524
KBYX20150904-3,KBYX20150904_104007_V06,4,1.318,1.200,310,88,9.202,85,3,9.202
KBYX20150904-3,KBYX20150904_104007_V06,6,1.802,1.200,146,18,0.614,18,0,0.614
KBYX20150904-6,KBYX20150904_120643_V06,0,0.483,1.200,888,643,203.341,234,415,171.225
KBYX20150904-6,KBYX20150904_120643_V06,2,0.879,1.200,890,458,292.534,332,150,178.823
KBYX20150904-6,KBYX20150904_120643_V06,4,1.318,1.200,885,391,175.602,371,42,71.053
KBYX20150904-6,KBYX20150904_120643_V06,6,1.802,1.200,441,168,33.687,148,21,23.264
KBYX20150904-6,KBYX20150904_120643_V06,7,2.417,1.200,443,128,33.450,116,13,22.851
KBYX20150905-2,KBYX20150905_110612_V06,0,0.483,1.200,3761,2616,1393.262,1196,1636,910.605
KBYX20150905-2,KBYX20150905_110612_V06,2,0.879,1.200,3756,1829,1577.346,1186,931,971.720
KBYX20150905-2,KBYX20150905_110612_V06,4,1.318,1.200,3760,997,872.173,1010,193,425.380
KBYX20150905-2,KBYX20150905_110612_V06,6,1.802,1.200,1881,349,270.835,340,31,148.333
KBYX20150905-2,KBYX20150905_110612_V06,7,2.417,1.200,1876,330,264.316,249,95,183.425
KBYX20150905-2,KBYX20150905_110612_V06,8,3.120,1.200,1886,327,335.385,277,70,194.047
KBYX20150905-2,KBYX20150905_110937_V06,0,0.483,1.200,5675,3273,2273.152,1479,2155,1529.516
KBYX20150905-2,KBYX20150905_110937_V06,2,0.879,1.200,5682,2211,2278.221,1496,1186,1287.313
KBYX20150905-2,KBYX20150905_110937_V06,4,1.318,1.200,5686,932,1166.355,1019,200,552.126
KBYX20150905-2,KBYX20150905_110937_V06,6,1.802,1.200,2843,290,395.643,305,19,174.579
KBYX20150905-2,KBYX20150905_110937_V06,7,2.417,1.200,2846,288,229.317,233,72,114.939
KBYX20150905-2,KBYX20150905_110937_V06,8,3.120,1.200,2856,347,423.206,341,31,237.867
KBYX20150905-2,KBYX20150905_111303_V06,0,0.483,1.200,6610,3499,2755.975,1600,2329,1776.752
KBYX20150905-2,KBYX20150905_111303_V06,2,0.879,1.200,6601,2485,2668.458,1564,1444,1581.272
KBYX20150905-2,KBYX20150905_111303_V06,4,1.318,1.200,6601,922,1393.607,1017,269,642.665
KBYX20150905-2,KBYX20150905_111303_V06,6,1.802,1.200,3306,222,272.554,213,28,156.307
KBYX20150905-2,KBYX20150905_111303_V06,7,2.417,1.200,3308,261,199.341,185,83,155.082
KBYX20150905-2,KBYX20150905_111303_V06,8,3.120,1.200,3310,295,291.776,283,31,146.971
KBYX20150910-2,KBYX20150910_101245_V06,0,0.483,1.200,985,215,2.326,196,19,2.326
KBYX20150910-2,KBYX20150910_101245_V06,2,0.879,1.200,980,200,2.361,184,16,2.361
KBYX20150910-2,KBYX20150910_101245_V06,4,1.318,1.200,984,175,2.444,165,10,2.444
KBYX20150910-2,KBYX20150910_101245_V06,6,1.802,1.200,492,46,2.680,35,11,2.680
KBYX20150912-2,KBYX20150912_101450_V06,0,0.483,1.200,699,60,16.424,54,8,1.433
KBYX20150912-2,KBYX20150912_101450_V06,2,0.879,1.200,704,53,8.395,51,3,1.461
KBYX20150912-2,KBYX20150912_101450_V06,4,1.318,1.200,698,46,9.471,43,4,1.464
KBYX20150912-2,KBYX20150912_101450_V06,6,1.802,1.200,364,17,1.561,13,4,1.561
KBYX20150912-2,KBYX20150912_101911_V06,0,0.483,1.200,1617,69,57.616,66,6,36.860
KBYX20150912-2,KBYX20150912_101911_V06,2,0.879,1.200,1605,56,17.459,48,8,17.459
KBYX20150912-2,KBYX20150912_101911_V06,4,1.318,1.200,1611,51,23.303,50,3,9.702
KBYX20150912-2,KBYX20150912_101911_V06,6,1.802,1.200,827,21,3.615,19,2,3.615
KBYX20150912-5,KBYX20150912_105820_V06,0,0.483,1.200,1610,535,3.081,482,53,3.081
KBYX20150912-5,KBYX20150912_105820_V06,2,0.879,1.200,1611,452,12.297,429,24,3.307
KBYX20150912-5,KBYX20150912_105820_V06,4,1.318,1.200,1613,406,3.445,392,14,3.445
KBYX20150912-5,KBYX20150912_105820_V06,6,1.802,1.200,812,157,3.749,107,50,3.749
KBYX20150912-5,KBYX20150912_110240_V06,0,0.483,1.200,2347,675,13.515,607,69,4.925
KBYX20150912-5,KBYX20150912_110240_V06,2,0.879,1.200,2345,604,5.103,573,31,5.103
KBYX20150912-5,KBYX20150912_110240_V06,4,1.318,1.200,2345,567,5.205,547,20,5.205
KBYX20150912-5,KBYX20150912_110240_V06,6,1.802,1.200,1172,237,5.500,152,85,5.500
KBYX20150912-5,KBYX20150912_110701_V06,0,0.483,1.200,1615,693,2.851,646,47,2.851
KBYX20150912-5,KBYX20150912_110701_V06,2,0.879,1.200,1621,630,3.041,611,19,3.041
KBYX20150912-5,KBYX20150912_110701_V06,4,1.318,1.200,1623,568,3.238,550,18,3.238
KBYX20150912-5,KBYX20150912_110701_V06,6,1.802,1.200,819,235,3.610,123,112,3.610
KBYX20150912-5,KBYX20150912_111122_V06,0,0.483,1.200,2887,831,14.988,760,71,14.988
KBYX20150912-5,KBYX20150912_111122_V06,2,0.879,1.200,2879,771,6.491,744,27,6.491
KBYX20150912-5,KBYX20150912_111122_V06,4,1.318,1.200,2889,716,6.705,678,38,6.705
KBYX20150912-5,KBYX20150912_111122_V06,6,1.802,1.200,1446,290,7.201,148,142,7.201
KBYX20150912-9,KBYX20150912_111122_V06,0,0.483,1.200,4167,2249,545.179,1777,940,370.759
KBYX20150912-9,KBYX20150912_111122_V06,2,0.879,1.200,4167,2108,546.575,1805,845,359.991
KBYX20150912-9,KBYX20150912_111122_V06,4,1.318,1.200,4165,1654,518.540,1966,374,292.992
KBYX20150912-9,KBYX20150912_111122_V06,6,1.802,1.200,2080,730,286.458,919,54,109.144
KBYX20150912-9,KBYX20150912_111122_V06,7,2.417,1.200,2079,746,225.541,891,30,86.231
KBYX20150912-9,KBYX20150912_111122_V06,8,3.120,1.200,2083,760,166.852,848,34,62.569
KBYX20150912-9,KBYX20150912_111122_V06,9,3.999,1.200,2087,770,168.010,844,44,47.290
KBYX20150912-9,KBYX20150912_111122_V06,10,5.098,1.200,2098,730,142.146,754,71,58.949
KBYX20150912-9,KBYX20150912_111122_V06,11,6.416,1.200,2099,721,198.451,769,50,97.522
KBYX20150915-2,KBYX20150915_101515_V06,0,0.483,1.200,1832,582,11.612,516,66,11.612
KBYX20150915-2,KBYX20150915_101515_V06,2,0.879,1.200,1837,585,26.771,558,29,11.623
KBYX20150915-2,KBYX20150915_101515_V06,4,1.318,1.200,1836,532,3.592,474,58,3.592
KBYX20150915-2,KBYX20150915_101515_V06,6,1.802,1.200,921,200,3.972,127,73,3.972
KBYX20150915-3,KBYX20150915_103410_V06,0,0.483,1.200,2710,2710,0.000,387,2323,0.000
KBYX20150915-3,KBYX20150915_103410_V06,2,0.879,1.200,2711,2176,185.897,759,1461,171.964
KBYX20150915-3,KBYX20150915_103410_V06,4,1.318,1.200,2713,950,170.032,1317,83,97.582
KBYX20150915-3,KBYX20150915_103410_V06,6,1.802,1.200,1357,508,140.035,650,30,52.102
KBYX20150915-3,KBYX20150915_103410_V06,7,2.417,1.200,1359,541,135.508,743,13,37.320
KBYX20150915-3,KBYX20150915_103410_V06,8,3.120,1.200,1358,570,96.661,780,5,16.144
KBYX20150915-3,KBYX20150915_103410_V06,9,3.999,1.200,1361,605,77.977,775,4,11.176
KBYX20150915-3,KBYX20150915_103410_V06,10,5.098,1.200,1363,553,72.203,699,2,12.928
KBYX20150915-3,KBYX20150915_103410_V06,11,6.416,1.200,1365,481,51.035,579,8,8.626
KBYX20150915-3,KBYX20150915_103410_V06,12,7.998,1.200,1370,462,44.857,534,14,5.174
KBYX20150915-3,KBYX20150915_103410_V06,13,10.020,1.200,1382,507,49.776,586,0,4.332
KBYX20150915-3,KBYX20150915_103857_V06,0,0.483,1.200,8092,7675,188.753,1023,6696,173.475
KBYX20150915-3,KBYX20150915_103857_V06,2,0.879,1.200,8091,4382,721.843,1826,2988,638.081
KBYX20150915-3,KBYX20150915_103857_V06,4,1.318,1.200,8093,1624,390.781,2480,243,209.760
KBYX20150915-3,KBYX20150915_103857_V06,6,1.802,1.200,4052,732,254.694,1193,28,71.453
KBYX20150915-3,KBYX20150915_103857_V06,7,2.417,1.200,4055,770,254.630,1294,16,57.039
KBYX20150915-3,KBYX20150915_103857_V06,8,3.120,1.200,4052,760,233.240,1299,11,47.299
KBYX20150915-3,KBYX20150915_103857_V06,9,3.999,1.200,4053,727,190.142,1230,13,39.068
KBYX20150915-3,KBYX20150915_103857_V06,10,5.098,1.200,4061,726,146.639,1114,7,31.642
KBYX20150915-3,KBYX20150915_103857_V06,11,6.416,1.200,4077,681,75.450,921,7,13.421
KBYX20150915-3,KBYX20150915_103857_V06,12,7.998,1.200,4089,681,105.773,949,3,11.944
KBYX20150915-3,KBYX20150915_103857_V06,13,10.020,1.200,4116,896,150.827,1136,8,8.740
KBYX20150915-3,KBYX20150915_104344_V06,0,0.483,1.200,4300,4285,5.908,663,3625,4.770
KBYX20150915-3,KBYX20150915_104344_V06,2,0.879,1.200,4300,3258,276.276,1232,2126,249.236
KBYX20150915-3,KBYX20150915_104344_V06,4,1.318,1.200,4298,1647,302.971,1833,373,187.015
KBYX20150915-3,KBYX20150915_104344_V06,6,1.802,1.200,2152,686,208.705,922,39,61.107
KBYX20150915-3,KBYX20150915_104344_V06,7,2.417,1.200,2150,674,180.706,959,23,37.128
KBYX20150915-3,KBYX20150915_104344_V06,8,3.120,1.200,2152,679,164.590,933,7,32.125
KBYX20150915-3,KBYX20150915_104344_V06,9,3.999,1.200,2155,659,108.585,883,3,18.276
KBYX20150915-3,KBYX20150915_104344_V06,10,5.098,1.200,2160,635,89.033,812,6,17.638
KBYX20150915-3,KBYX20150915_104344_V06,11,6.416,1.200,2165,639,65.586,809,2,10.118
KBYX20150915-3,KBYX20150915_104344_V06,12,7.998,1.200,2167,685,63.953,842,6,6.194
KBYX20150915-3,KBYX20150915_104344_V06,13,10.020,1.200,2183,784,102.984,987,15,5.808
KBYX20150915-6,KBYX20150915_104833_V06,0,0.483,1.200,16810,4381,4198.731,3127,2069,2724.198
KBYX20150915-6,KBYX20150915_104833_V06,2,0.879,1.200,16813,2303,1353.556,2848,149,424.877
KBYX20150915-6,KBYX20150915_104833_V06,4,1.318,1.200,16827,2147,1339.916,2845,82,239.288
KBYX20150915-6,KBYX20150915_104833_V06,6,1.802,1.200,8416,889,639.772,1000,54,203.593
KBYX20150915-6,KBYX20150915_104833_V06,7,2.417,1.200,8414,842,648.156,952,45,233.479
KBYX20150915-6,KBYX20150915_104833_V06,8,3.120,1.200,8417,692,562.307,790,44,205.347
KBYX20150916-7,KBYX20150916_111624_V06,0,0.483,1.200,21488,10413,798.884,11577,1741,292.214
KBYX20150916-7,KBYX20150916_111624_V06,2,0.879,1.200,21496,10030,550.824,11675,865,184.893
KBYX20150916-7,KBYX20150916_111624_V06,4,1.318,1.200,21499,9729,361.051,11636,356,64.849
KBYX20150916-7,KBYX20150916_111624_V06,6,1.802,1.200,10750,4714,250.937,5302,67,52.863
KBYX20150916-7,KBYX20150916_111624_V06,7,2.417,1.200,10756,4640,235.283,5189,54,40.469
KBYX20150916-7,KBYX20150916_111624_V06,8,3.120,1.200,10770,4599,189.888,4990,36,24.591
KBYX20150916-7,KBYX20150916_111624_V06,9,3.999,1.200,10777,4560,163.557,4914,33,27.532
KBYX20150916-7,KBYX20150916_111624_V06,10,5.098,1.200,10786,4463,171.186,4774,42,33.331
KBYX20150916-7,KBYX20150916_111624_V06,11,6.416,1.200,10810,4407,151.348,4673,76,32.277
KBYX20150916-7,KBYX20150916_111624_V06,12,7.998,1.200,10849,4542,219.018,5063,59,10.305
KBYX20150916-8,KBYX20150916_114958_V06,0,0.483,1.200,2289,1189,5.115,1064,125,5.115
KBYX20150916-8,KBYX20150916_114958_V06,2,0.879,1.200,2282,1153,5.305,1008,145,5.305
KBYX20150916-8,KBYX20150916_114958_V06,4,1.318,1.200,2287,1137,5.478,905,232,5.478
KBYX20150917-2,KBYX20150917_101509_V06,0,0.483,1.200,948,125,2.451,104,21,2.451
KBYX20150917-2,KBYX20150917_101509_V06,2,0.879,1.200,943,123,2.445,102,21,2.445
KBYX20150917-2,KBYX20150917_101509_V06,4,1.318,1.200,947,88,2.571,70,18,2.571
KBYX20150917-2,KBYX20150917_101509_V06,6,1.802,1.200,476,12,2.781,4,8,2.781
KBYX20150918-2,KBYX20150918_103746_V06,0,0.483,1.200,10821,4190,41.966,4029,162,34.336
KBYX20150918-2,KBYX20150918_103746_V06,2,0.879,1.200,10836,4162,69.064,3959,207,35.128
KBYX20150918-2,KBYX20150918_103746_V06,4,1.318,1.200,10849,4462,95.147,3945,522,52.891
KBYX20150919-4,KBYX20150919_102002_V06,0,0.483,1.200,1039,393,334.785,259,275,255.081
KBYX20150919-4,KBYX20150919_102002_V06,2,0.879,1.200,1038,207,239.916,256,109,167.916
KBYX20150919-4,KBYX20150919_102002_V06,4,1.318,1.200,1039,137,132.120,283,11,47.462
KBYX20150919-4,KBYX20150919_102002_V06,6,1.802,1.200,521,67,62.556,103,2,14.254
KBYX20150919-4,KBYX20150919_102002_V06,7,2.417,1.200,525,62,48.573,98,1,5.723
KBYX20150919-4,KBYX20150919_102002_V06,8,3.120,1.200,524,57,40.532,84,2,6.223
KBYX20150919-4,KBYX20150919_102002_V06,9,3.999,1.200,523,44,25.637,66,1,2.495
KBYX20150919-4,KBYX20150919_102002_V06,10,5.098,1.200,524,5,4.585,4,1,4.585
KBYX20150919-4,KBYX20150919_102002_V06,11,6.416,1.200,523,0,0.401,0,0,0.401
KBYX20150919-10,KBYX20150919_105027_V06,0,0.483,1.200,86,81,7.636,19,62,7.636
KBYX20150919-10,KBYX20150919_105027_V06,2,0.879,1.200,87,57,26.243,40,21,22.583
KBYX20150919-10,KBYX20150919_105027_V06,4,1.318,1.200,87,50,21.160,58,2,10.561
KBYX20150919-10,KBYX20150919_105027_V06,6,1.802,1.200,40,10,15.903,19,0,1.788
KBYX20150919-10,KBYX20150919_105027_V06,7,2.417,1.200,46,16,21.544,23,1,1.689
KBYX20150919-10,KBYX20150919_105027_V06,8,3.120,1.200,40,6,5.816,6,0,5.816
KBYX20150919-10,KBYX20150919_105027_V06,9,3.999,1.200,40,0,0.042,0,0,0.042
KBYX20150919-10,KBYX20150919_105027_V06,10,5.098,1.200,42,0,0.045,0,0,0.045
KBYX20150919-12,KBYX20150919_115540_V06,0,0.483,1.200,2602,1121,515.182,843,573,347.674
KBYX20150919-12,KBYX20150919_115540_V06,2,0.879,1.200,2601,1212,459.504,922,591,294.256
KBYX20150919-12,KBYX20150919_115540_V06,4,1.318,1.200,2604,1207,439.204,1003,496,272.163
KBYX20150919-12,KBYX20150919_115540_V06,6,1.802,1.200,1302,482,363.529,358,205,251.835
KBYX20150919-12,KBYX20150919_115540_V06,7,2.417,1.200,1301,230,213.030,231,60,123.882
KBYX20150919-12,KBYX20150919_115540_V06,8,3.120,1.200,1301,114,60.391,134,7,17.921
KBYX20150919-12,KBYX20150919_115540_V06,9,3.999,1.200,1300,58,31.580,66,2,12.333
KBYX20150919-12,KBYX20150919_115540_V06,10,5.098,1.200,1302,63,8.002,63,3,2.074
KBYX20150921-4,KBYX20150921_112305_V06,0,0.483,1.200,59,48,0.028,21,27,0.028
KBYX20150921-4,KBYX20150921_112305_V06,2,0.879,1.200,58,40,0.045,32,8,0.045
KBYX20150921-4,KBYX20150921_112305_V06,4,1.318,1.200,58,35,0.057,30,5,0.057
KBYX20150921-4,KBYX20150921_112305_V06,6,1.802,1.200,27,12,0.074,10,2,0.074
KBYX20150923-3,KBYX20150923_111433_V06,0,0.483,1.200,12313,4541,1749.454,2294,2388,1121.231
KBYX20150923-3,KBYX20150923_111433_V06,2,0.879,1.200,12322,3410,1441.508,2404,1157,718.508
KBYX20150923-3,KBYX20150923_111433_V06,4,1.318,1.200,12323,2750,1221.325,2482,466,374.532
KBYX20150923-3,KBYX20150923_111433_V06,6,1.802,1.200,6172,1045,808.271,683,401,464.643
KBYX20150923-3,KBYX20150923_111433_V06,7,2.417,1.200,6169,1076,607.007,776,328,361.287
KBYX20150928-5,KBYX20150928_123115_V06,0,0.483,1.200,12592,9508,9.141,8913,595,9.141
KBYX20150928-5,KBYX20150928_123115_V06,2,0.879,1.200,12602,10220,15.038,8872,1348,15.038
KBYX20150928-5,KBYX20150928_123115_V06,4,1.318,1.200,12602,10772,13.712,8731,2042,5.280
KBYX20150928-5,KBYX20150928_123547_V06,0,0.483,1.200,15598,11037,13.390,10290,747,13.390
KBYX20150928-5,KBYX20150928_123547_V06,2,0.879,1.200,15602,11718,19.386,10211,1508,11.264
KBYX20150928-5,KBYX20150928_123547_V06,4,1.318,1.200,15620,12614,98.973,10416,2209,8.564
KBYX20150928-5,KBYX20150928_124019_V06,0,0.483,1.200,15851,10911,14.527,10150,761,14.527
KBYX20150928-5,KBYX20150928_124019_V06,2,0.879,1.200,15863,11781,19.574,10253,1528,19.574
KBYX20150928-5,KBYX20150928_124019_V06,4,1.318,1.200,15868,12411,65.502,10234,2183,17.532
KBYX20150928-4,KBYX20150928_115926_V06,0,0.483,1.200,16013,10461,19.584,9540,921,19.584
KBYX20150928-4,KBYX20150928_115926_V06,2,0.879,1.200,16017,10716,18.577,8932,1784,18.577
KBYX20150928-4,KBYX20150928_115926_V06,4,1.318,1.200,16023,11287,16.219,9344,1943,16.219
KBYX20150928-4,KBYX20150928_120358_V06,0,0.483,1.200,18848,11366,26.438,10312,1054,26.438
KBYX20150928-4,KBYX20150928_120358_V06,2,0.879,1.200,18853,11805,24.598,9671,2134,24.598
KBYX20150928-4,KBYX20150928_120358_V06,4,1.318,1.200,18865,12557,21.609,10504,2053,21.609
KBYX20150930-6,KBYX20150930_114646_V06,0,0.483,1.200,11475,953,1429.704,1129,429,692.197
KBYX20150930-6,KBYX20150930_114646_V06,2,0.879,1.200,11472,727,1123.342,974,218,489.730
KBYX20150930-6,KBYX20150930_114646_V06,4,1.318,1.200,11479,642,849.716,890,147,326.518
KBYX20150930-6,KBYX20150930_114646_V06,6,1.802,1.200,5737,205,330.319,207,61,161.238
KBYX20150930-6,KBYX20150930_114646_V06,7,2.417,1.200,5739,149,218.268,160,33,119.004
KBYX20150930-6,KBYX20150930_114646_V06,8,3.120,1.200,5745,36,133.741,57,5,92.340
KBYX20150930-6,KBYX20150930_114646_V06,9,3.999,1.200,5751,17,43.358,18,1,33.327
KBYX20151001-4,KBYX20151001_120232_V06,0,0.483,1.200,2667,1850,1154.506,712,1238,827.306
KBYX20151001-4,KBYX20151001_120232_V06,2,0.879,1.200,2659,1573,1277.585,766,909,960.037
KBYX20151001-4,KBYX20151001_120232_V06,4,1.318,1.200,2670,901,1118.564,680,350,710.901
KBYX20151001-4,KBYX20151001_120232_V06,6,1.802,1.200,1329,157,299.280,115,54,201.733
KBYX20151001-4,KBYX20151001_120232_V06,7,2.417,1.200,1324,31,77.493,24,10,55.656
KBYX20151001-4,KBYX20151001_120232_V06,8,3.120,1.200,1336,0,3.521,0,0,3.521
KBYX20151002-4,KBYX20151002_113753_V06,0,0.483,1.200,6992,4811,634.658,2058,3208,479.720
KBYX20151002-4,KBYX20151002_113753_V06,2,0.879,1.200,6997,4661,518.167,2796,2637,344.190
KBYX20151002-4,KBYX20151002_113753_V06,4,1.318,1.200,6995,4494,533.927,3103,2343,327.048
KBYX20151002-4,KBYX20151002_113753_V06,6,1.802,1.200,3483,2115,509.798,1702,878,295.036
KBYX20151002-4,KBYX20151002_113753_V06,7,2.417,1.200,3487,1471,527.869,1577,508,271.207
KBYX20151002-4,KBYX20151002_113753_V06,8,3.120,1.200,3480,917,456.648,1515,154,193.622
KBYX20151002-4,KBYX20151002_113753_V06,9,3.999,1.200,3495,639,389.659,1304,66,135.356
KBYX20151002-4,KBYX20151002_113753_V06,10,5.098,1.200,3502,464,331.367,930,53,114.399
KBYX20151002-4,KBYX20151002_113753_V06,11,6.416,1.200,3506,206,104.370,403,17,41.747
KBYX20151002-4,KBYX20151002_113753_V06,12,7.998,1.200,3517,47,30.428,129,5,8.065
KBYX20151005-20,KBYX20151005_122416_V06,0,0.483,1.200,5566,1976,582.608,1550,797,468.175
KBYX20151005-20,KBYX20151005_122416_V06,2,0.879,1.200,5566,1781,399.488,1959,436,221.222
KBYX20151005-20,KBYX20151005_122416_V06,4,1.318,1.200,5568,1839,467.072,1985,505,281.330
KBYX20151005-20,KBYX20151005_122416_V06,6,1.802,1.200,2784,855,356.414,843,221,231.941
KBYX20151005-20,KBYX20151005_122416_V06,7,2.417,1.200,2781,757,215.830,909,99,76.665
KBYX20151005-20,KBYX20151005_122416_V06,8,3.120,1.200,2788,703,202.730,961,21,46.651
KBYX20151005-20,KBYX20151005_122416_V06,9,3.999,1.200,2791,644,259.533,997,11,45.811
KBYX20151005-20,KBYX20151005_122416_V06,10,5.098,1.200,2797,525,269.007,943,1,34.436
KBYX20151005-20,KBYX20151005_122416_V06,11,6.416,1.200,2803,208,118.529,428,9,26.663
KBYX20151005-20,KBYX20151005_122416_V06,12,7.998,1.200,2811,0,12.925,15,0,7.382
KBYX20151005-20,KBYX20151005_122838_V06,0,0.483,1.200,10001,3022,1016.764,2196,1536,833.909
KBYX20151005-20,KBYX20151005_122838_V06,2,0.879,1.200,10001,2492,760.178,3066,629,444.084
KBYX20151005-20,KBYX20151005_122838_V06,4,1.318,1.200,9996,2651,746.829,3202,744,445.774
KBYX20151005-20,KBYX20151005_122838_V06,6,1.802,1.200,5001,1201,489.188,1275,345,307.275
KBYX20151005-20,KBYX20151005_122838_V06,7,2.417,1.200,5004,1040,383.604,1394,192,165.239
KBYX20151005-20,KBYX20151005_122838_V06,8,3.120,1.200,5007,971,266.435,1414,82,68.846
KBYX20151005-20,KBYX20151005_122838_V06,9,3.999,1.200,5007,949,218.958,1365,11,51.505
KBYX20151005-20,KBYX20151005_122838_V06,10,5.098,1.200,5022,861,363.397,1637,11,50.019
KBYX20151005-20,KBYX20151005_122838_V06,11,6.416,1.200,5034,511,232.118,1053,12,42.100
KBYX20151005-20,KBYX20151005_122838_V06,12,7.998,1.200,5056,85,73.550,308,2,11.925
KBYX20151005-12,KBYX20151005_111853_V06,0,0.483,1.200,2568,375,55.997,266,112,34.571
KBYX20151005-12,KBYX20151005_111853_V06,2,0.879,1.200,2568,285,80.168,262,29,34.649
KBYX20151005-12,KBYX20151005_111853_V06,4,1.318,1.200,2572,180,64.286,164,24,6.265
KBYX20151005-12,KBYX20151005_111853_V06,6,1.802,1.200,1316,10,6.814,9,1,6.814
KBYX20151005-14,KBYX20151005_113157_V06,0,0.483,1.200,12548,4457,1467.688,1546,3592,1328.110
KBYX20151005-14,KBYX20151005_113157_V06,2,0.879,1.200,12527,1365,645.538,3083,532,395.310
KBYX20151005-14,KBYX20151005_113157_V06,4,1.318,1.200,12551,1238,585.280,3738,483,300.533
KBYX20151005-14,KBYX20151005_113157_V06,6,1.802,1.200,6246,688,551.401,1319,273,342.165
KBYX20151005-14,KBYX20151005_113157_V06,7,2.417,1.200,6258,565,523.259,1704,149,236.417
KBYX20151005-14,KBYX20151005_113157_V06,8,3.120,1.200,6254,495,371.536,1456,41,112.598
KBYX20151005-14,KBYX20151005_113157_V06,9,3.999,1.200,6257,495,491.903,1379,24,85.149
KBYX20151005-14,KBYX20151005_113157_V06,10,5.098,1.200,6274,202,303.738,837,14,74.140
KBYX20151005-14,KBYX20151005_113157_V06,11,6.416,1.200,6286,8,40.469,177,5,20.988
KBYX20151005-14,KBYX20151005_113157_V06,12,7.998,1.200,6304,10,11.182,180,6,3.849
KBYX20151005-14,KBYX20151005_113157_V06,13,10.020,1.200,6337,2,5.099,141,1,2.619
KBYX20151005-18,KBYX20151005_121532_V06,0,0.483,1.200,1628,501,4.506,422,79,4.506
KBYX20151005-18,KBYX20151005_121532_V06,2,0.879,1.200,1628,256,5.442,204,52,5.442
KBYX20151005-18,KBYX20151005_121532_V06,4,1.318,1.200,1630,60,6.169,45,15,6.169
KBYX20151006-2,KBYX20151006_102102_V06,0,0.483,1.200,1222,333,105.930,315,23,65.702
KBYX20151006-2,KBYX20151006_102102_V06,2,0.879,1.200,1229,326,103.833,324,14,10.555
KBYX20151006-2,KBYX20151006_102102_V06,4,1.318,1.200,1221,215,121.703,211,16,32.720
KBYX20151006-2,KBYX20151006_102102_V06,6,1.802,1.200,576,20,2.561,14,6,2.561
KBYX20151006-9,KBYX20151006_103830_V06,0,0.483,1.200,5113,3456,810.637,1768,2094,568.451
KBYX20151006-9,KBYX20151006_103830_V06,2,0.879,1.200,5117,2006,918.454,1646,998,564.008
KBYX20151006-9,KBYX20151006_103830_V06,4,1.318,1.200,5116,1094,436.541,1370,218,241.341
KBYX20151006-9,KBYX20151006_103830_V06,6,1.802,1.200,2565,577,376.018,774,17,148.243
KBYX20151006-9,KBYX20151006_103830_V06,7,2.417,1.200,2564,747,700.546,1141,12,158.491
KBYX20151006-9,KBYX20151006_103830_V06,8,3.120,1.200,2560,728,529.628,1108,1,98.439
KBYX20151006-9,KBYX20151006_103830_V06,9,3.999,1.200,2565,415,366.049,726,1,65.174
KBYX20151006-9,KBYX20151006_103830_V06,10,5.098,1.200,2572,6,50.009,64,1,17.679
KBYX20151006-9,KBYX20151006_103830_V06,11,6.416,1.200,2577,0,1.819,0,0,1.819
KBYX20151007-5,KBYX20151007_110244_V06,0,0.483,1.200,1693,1232,444.712,471,835,370.938
KBYX20151007-5,KBYX20151007_110244_V06,2,0.879,1.200,1692,1018,491.579,658,495,352.559
KBYX20151007-5,KBYX20151007_110244_V06,4,1.318,1.200,1692,661,251.519,682,100,138.314
KBYX20151007-5,KBYX20151007_110244_V06,6,1.802,1.200,843,294,95.264,297,10,69.305
KBYX20151007-5,KBYX20151007_110244_V06,7,2.417,1.200,847,297,73.232,300,13,33.999
KBYX20151007-5,KBYX20151007_110244_V06,8,3.120,1.200,845,279,100.983,305,3,27.106
KBYX20151007-5,KBYX20151007_110244_V06,9,3.999,1.200,848,113,96.609,145,3,27.548
KBYX20151007-5,KBYX20151007_110244_V06,10,5.098,1.200,845,9,76.394,12,1,67.695
KBYX20151008-13,KBYX20151008_123629_V06,0,0.483,1.200,2172,1050,3.822,195,855,3.822
KBYX20151008-13,KBYX20151008_123629_V06,2,0.879,1.200,2165,472,14.872,147,325,14.872
KBYX20151008-13,KBYX20151008_123629_V06,4,1.318,1.200,2169,255,16.013,135,120,16.013
KBYX20151008-13,KBYX20151008_123629_V06,6,1.802,1.200,1090,33,6.962,8,25,6.962
KBYX20151008-13,KBYX20151008_124050_V06,0,0.483,1.200,3297,1503,6.104,249,1254,6.104
KBYX20151008-13,KBYX20151008_124050_V06,2,0.879,1.200,3299,758,8.519,234,524,8.519
KBYX20151008-13,KBYX20151008_124050_V06,4,1.318,1.200,3294,387,35.507,176,212,26.025
KBYX20151008-13,KBYX20151008_124050_V06,6,1.802,1.200,1649,61,10.415,14,47,10.415
KBYX20151008-13,KBYX20151008_124512_V06,0,0.483,1.200,4072,1633,25.915,315,1319,17.206
KBYX20151008-13,KBYX20151008_124512_V06,2,0.879,1.200,4078,808,34.456,237,571,34.456
KBYX20151008-13,KBYX20151008_124512_V06,4,1.318,1.200,4078,425,36.751,235,191,28.279
KBYX20151008-13,KBYX20151008_124512_V06,6,1.802,1.200,2038,95,13.070,22,73,13.070
KBYX20151008-13,KBYX20151008_124932_V06,0,0.483,1.200,4005,1504,34.275,332,1172,34.275
KBYX20151008-13,KBYX20151008_124932_V06,2,0.879,1.200,4003,699,47.090,311,390,28.826
KBYX20151008-13,KBYX20151008_124932_V06,4,1.318,1.200,4002,487,61.205,287,205,20.127
KBYX20151008-13,KBYX20151008_124932_V06,6,1.802,1.200,2004,98,12.850,30,68,12.850
KBYX20151008-8,KBYX20151008_104749_V06,0,0.483,1.200,324,267,81.010,116,169,54.026
KBYX20151008-8,KBYX20151008_104749_V06,2,0.879,1.200,323,212,69.062,152,81,40.440
KBYX20151008-8,KBYX20151008_104749_V06,4,1.318,1.200,324,210,52.091,207,24,26.737
KBYX20151008-8,KBYX20151008_104749_V06,6,1.802,1.200,162,99,66.118,103,9,29.002
KBYX20151008-8,KBYX20151008_104749_V06,7,2.417,1.200,162,106,40.232,98,17,16.941
KBYX20151008-8,KBYX20151008_104749_V06,8,3.120,1.200,164,83,38.751,87,1,20.623
KBYX20151008-8,KBYX20151008_104749_V06,9,3.999,1.200,164,70,22.996,71,6,6.505
KBYX20151008-8,KBYX20151008_105210_V06,0,0.483,1.200,1298,928,426.624,435,601,265.879
KBYX20151008-8,KBYX20151008_105210_V06,2,0.879,1.200,1300,429,405.328,446,143,217.830
KBYX20151008-8,KBYX20151008_105210_V06,4,1.318,1.200,1299,346,268.522,362,89,134.790
KBYX20151008-8,KBYX20151008_105210_V06,6,1.802,1.200,654,147,130.594,134,26,93.735
KBYX20151008-8,KBYX20151008_105210_V06,7,2.417,1.200,650,150,152.652,144,24,101.070
KBYX20151008-8,KBYX20151008_105210_V06,8,3.120,1.200,652,127,77.784,121,16,47.589
KBYX20151008-8,KBYX20151008_105210_V06,9,3.999,1.200,650,97,27.335,96,7,16.831
KBYX20151008-5,KBYX20151008_102143_V06,0,0.483,1.200,852,845,5.248,177,668,5.248
KBYX20151008-5,KBYX20151008_102143_V06,2,0.879,1.200,851,451,137.798,394,159,98.977
KBYX20151008-5,KBYX20151008_102143_V06,4,1.318,1.200,851,399,115.790,498,57,63.815
KBYX20151008-5,KBYX20151008_102143_V06,6,1.802,1.200,422,180,76.779,225,11,24.953
KBYX20151008-5,KBYX20151008_102143_V06,7,2.417,1.200,422,161,60.543,196,3,21.886
KBYX20151008-5,KBYX20151008_102143_V06,8,3.120,1.200,423,165,49.086,202,1,6.122
KBYX20151008-5,KBYX20151008_102143_V06,9,3.999,1.200,425,139,81.758,192,3,25.832
KBYX20151008-5,KBYX20151008_102143_V06,10,5.098,1.200,428,69,86.020,86,16,53.860
KBYX20151008-5,KBYX20151008_102143_V06,11,6.416,1.200,428,0,0.244,0,0,0.244
KBYX20151008-7,KBYX20151008_103447_V06,0,0.483,1.200,1085,197,4.056,75,122,4.056
KBYX20151008-7,KBYX20151008_103447_V06,2,0.879,1.200,1083,65,4.637,35,30,4.637
KBYX20151008-7,KBYX20151008_103447_V06,4,1.318,1.200,1083,0,4.911,0,0,4.911
KBYX20151009-2,KBYX20151009_105830_V06,0,0.483,1.200,343,235,103.945,126,139,68.782
KBYX20151009-2,KBYX20151009_105830_V06,2,0.879,1.200,342,140,103.339,136,46,61.412
KBYX20151009-2,KBYX20151009_105830_V06,4,1.318,1.200,341,120,70.596,161,7,15.000
KBYX20151009-2,KBYX20151009_105830_V06,6,1.802,1.200,172,49,61.136,59,4,26.104
KBYX20151009-2,KBYX20151009_105830_V06,7,2.417,1.200,169,21,87.583,39,1,27.937
KBYX20151009-2,KBYX20151009_105830_V06,8,3.120,1.200,170,3,9.894,4,0,6.704
KBYX20151009-2,KBYX20151009_105830_V06,9,3.999,1.200,170,0,0.212,0,0,0.212
KBYX20151010-11,KBYX20151010_111811_V06,0,0.483,1.200,1067,683,185.643,313,386,84.810
KBYX20151010-11,KBYX20151010_111811_V06,2,0.879,1.200,1068,464,220.444,274,198,164.088
KBYX20151010-11,KBYX20151010_111811_V06,4,1.318,1.200,1072,226,153.419,193,45,72.933
KBYX20151010-11,KBYX20151010_111811_V06,6,1.802,1.200,537,48,16.455,38,11,2.076
KBYX20151010-11,KBYX20151010_111811_V06,7,2.417,1.200,539,23,2.198,11,12,2.198
KBYX20151012-2,KBYX20151012_102629_V06,0,0.483,1.200,732,246,205.197,222,48,66.049
KBYX20151012-2,KBYX20151012_102629_V06,2,0.879,1.200,741,231,135.742,222,22,50.139
KBYX20151012-2,KBYX20151012_102629_V06,4,1.318,1.200,734,201,78.959,195,16,19.006
KBYX20151012-2,KBYX20151012_102629_V06,6,1.802,1.200,400,27,14.614,16,11,14.614
KBYX20151012-2,KBYX20151012_102629_V06,7,2.417,1.200,390,0,1.507,0,0,1.507
KBYX20151012-4,KBYX20151012_113605_V06,0,0.483,1.200,241,102,0.503,39,63,0.503
KBYX20151012-4,KBYX20151012_113605_V06,2,0.879,1.200,240,39,0.731,26,13,0.731
KBYX20151012-4,KBYX20151012_113605_V06,4,1.318,1.200,242,5,0.867,4,1,0.867
KBYX20151013-2,KBYX20151013_102438_V06,0,0.483,1.200,213,40,0.518,36,4,0.518
KBYX20151013-2,KBYX20151013_102438_V06,2,0.879,1.200,212,43,0.507,41,2,0.507
KBYX20151013-2,KBYX20151013_102438_V06,4,1.318,1.200,212,35,0.531,32,3,0.531
KBYX20151013-2,KBYX20151013_102438_V06,6,1.802,1.200,107,0,0.636,0,0,0.636
KBYX20151015-4,KBYX20151015_115606_V06,0,0.483,1.200,1767,1138,27.747,239,899,27.747
KBYX20151015-4,KBYX20151015_115606_V06,2,0.879,1.200,1766,424,45.940,96,328,45.940
KBYX20151015-4,KBYX20151015_115606_V06,4,1.318,1.200,1774,23,23.312,17,8,5.044
KBYX20151015-4,KBYX20151015_115606_V06,6,1.802,1.200,883,2,5.089,0,2,5.089
KBYX20151016-8,KBYX20151016_113648_V06,0,0.483,1.200,2185,280,10.036,235,45,10.036
KBYX20151016-8,KBYX20151016_113648_V06,2,0.879,1.200,2190,250,10.220,204,46,10.220
KBYX20151016-8,KBYX20151016_114109_V06,0,0.483,1.200,3721,210,18.345,148,62,18.345
KBYX20151016-8,KBYX20151016_114109_V06,2,0.879,1.200,3729,152,18.663,121,31,18.663
KBYX20151016-15,KBYX20151016_115412_V06,0,0.483,1.200,1011,393,156.413,311,99,35.907
KBYX20151016-15,KBYX20151016_115412_V06,2,0.879,1.200,1008,438,189.749,367,88,70.085
KBYX20151016-15,KBYX20151016_115412_V06,4,1.318,1.200,1007,510,265.543,457,79,75.989
KBYX20151016-15,KBYX20151016_115412_V06,6,1.802,1.200,506,336,0.772,248,88,0.772
KBYX20151016-16,KBYX20151016_115831_V06,0,0.483,1.200,1940,446,5.097,304,142,5.097
KBYX20151016-16,KBYX20151016_115831_V06,2,0.879,1.200,1941,425,5.181,347,78,5.181
KBYX20151016-16,KBYX20151016_115831_V06,4,1.318,1.200,1940,698,4.311,534,164,4.311
KBYX20151016-16,KBYX20151016_115831_V06,6,1.802,1.200,962,756,1.545,653,103,1.545
KBYX20151017-19,KBYX20151017_122444_V06,0,0.483,1.200,4071,1175,134.739,1068,119,57.901
KBYX20151017-19,KBYX20151017_122444_V06,2,0.879,1.200,4076,1242,121.631,1130,126,30.539
KBYX20151017-19,KBYX20151017_122444_V06,4,1.318,1.200,4065,1411,125.580,1265,159,43.618
KBYX20151017-19,KBYX20151017_122444_V06,6,1.802,1.200,2033,602,19.314,385,217,19.314
KBYX20151017-19,KBYX20151017_122916_V06,0,0.483,1.200,6518,1956,370.754,1768,234,115.281
KBYX20151017-19,KBYX20151017_122916_V06,2,0.879,1.200,6508,2072,325.864,1825,282,121.618
KBYX20151017-19,KBYX20151017_122916_V06,4,1.318,1.200,6502,2134,441.206,1945,246,125.772
KBYX20151017-19,KBYX20151017_122916_V06,6,1.802,1.200,3265,865,71.968,485,384,24.235
KBYX20151017-3,KBYX20151017_103250_V06,0,0.483,1.200,4015,1262,237.171,1507,262,162.308
KBYX20151017-3,KBYX20151017_103250_V06,2,0.879,1.200,4013,1039,133.235,1502,81,64.225
KBYX20151017-3,KBYX20151017_103250_V06,4,1.318,1.200,4016,994,79.713,1353,31,21.542
KBYX20151017-3,KBYX20151017_103250_V06,6,1.802,1.200,2012,489,64.363,592,7,14.442
KBYX20151017-3,KBYX20151017_103250_V06,7,2.417,1.200,2013,509,55.759,590,13,11.676
KBYX20151017-3,KBYX20151017_103250_V06,8,3.120,1.200,2013,527,66.187,619,9,12.335
KBYX20151017-3,KBYX20151017_103250_V06,9,3.999,1.200,2014,544,41.377,611,9,7.579
KBYX20151017-3,KBYX20151017_103250_V06,10,5.098,1.200,2012,531,42.638,591,15,18.001
KBYX20151017-3,KBYX20151017_103250_V06,11,6.416,1.200,2031,579,32.105,657,6,7.640
KBYX20151017-3,KBYX20151017_103250_V06,12,7.998,1.200,2028,608,51.530,757,3,2.261
KBYX20151017-18,KBYX20151017_122444_V06,0,0.483,1.200,3008,669,6.547,448,221,6.547
KBYX20151017-18,KBYX20151017_122444_V06,2,0.879,1.200,3005,789,21.161,609,181,13.494
KBYX20151017-18,KBYX20151017_122444_V06,4,1.318,1.200,3009,963,5.580,800,163,5.580
KBYX20151017-18,KBYX20151017_122444_V06,6,1.802,1.200,1500,502,5.407,120,382,5.407
KBYX20151018-1,KBYX20151018_115313_V06,0,0.483,1.200,5219,3260,10.760,2497,763,10.760
KBYX20151018-1,KBYX20151018_115313_V06,2,0.879,1.200,5217,3337,10.256,2751,586,10.256
KBYX20151019-17,KBYX20151019_121453_V06,0,0.483,1.200,3112,618,432.598,611,243,361.690
KBYX20151019-17,KBYX20151019_121453_V06,2,0.879,1.200,3114,414,150.515,783,15,36.662
KBYX20151019-17,KBYX20151019_121453_V06,4,1.318,1.200,3120,377,161.686,805,6,23.916
KBYX20151019-17,KBYX20151019_121453_V06,6,1.802,1.200,1564,164,116.425,260,1,26.126
KBYX20151019-17,KBYX20151019_121453_V06,7,2.417,1.200,1561,150,140.751,270,3,29.874
KBYX20151019-17,KBYX20151019_121453_V06,8,3.120,1.200,1563,155,316.166,417,0,54.098
KBYX20151019-17,KBYX20151019_121453_V06,9,3.999,1.200,1562,95,222.585,327,2,53.431
KBYX20151019-17,KBYX20151019_121453_V06,10,5.098,1.200,1564,1,27.721,47,0,8.339
KBYX20151019-17,KBYX20151019_121453_V06,11,6.416,1.200,1569,0,0.784,0,0,0.784
KBYX20151019-17,KBYX20151019_121453_V06,12,7.998,1.200,1575,0,0.791,0,0,0.791
KBYX20151019-17,KBYX20151019_121926_V06,0,0.483,1.200,7770,1083,1073.734,1111,617,890.451
KBYX20151019-17,KBYX20151019_121926_V06,2,0.879,1.200,7773,382,273.726,1137,9,90.334
KBYX20151019-17,KBYX20151019_121926_V06,4,1.318,1.200,7777,385,227.191,1216,5,45.311
KBYX20151019-17,KBYX20151019_121926_V06,6,1.802,1.200,3881,171,179.039,291,5,50.141
KBYX20151019-17,KBYX20151019_121926_V06,7,2.417,1.200,3881,180,253.228,363,2,76.299
KBYX20151019-17,KBYX20151019_121926_V06,8,3.120,1.200,3895,171,465.583,549,3,91.462
KBYX20151019-17,KBYX20151019_121926_V06,9,3.999,1.200,3896,59,291.415,342,0,61.446
KBYX20151019-17,KBYX20151019_121926_V06,10,5.098,1.200,3908,2,28.438,48,0,12.827
KBYX20151019-17,KBYX20151019_121926_V06,11,6.416,1.200,3907,3,21.716,104,0,7.533
KBYX20151019-17,KBYX20151019_121926_V06,12,7.998,1.200,3927,0,3.460,18,0,2.264
KBYX20151019-17,KBYX20151019_122400_V06,0,0.483,1.200,9788,1360,1116.514,1510,708,868.605
KBYX20151019-17,KBYX20151019_122400_V06,2,0.879,1.200,9795,433,284.420,1216,17,114.833
KBYX20151019-17,KBYX20151019_122400_V06,4,1.318,1.200,9791,423,277.782,1343,6,53.995
KBYX20151019-17,KBYX20151019_122400_V06,6,1.802,1.200,4898,172,200.053,304,4,76.986
KBYX20151019-17,KBYX20151019_122400_V06,7,2.417,1.200,4899,185,332.332,425,4,81.169
KBYX20151019-17,KBYX20151019_122400_V06,8,3.120,1.200,4903,119,401.509,413,3,159.167
KBYX20151019-17,KBYX20151019_122400_V06,9,3.999,1.200,4908,36,215.189,202,3,86.345
KBYX20151019-17,KBYX20151019_122400_V06,10,5.098,1.200,4921,0,47.459,114,0,24.285
KBYX20151019-17,KBYX20151019_122400_V06,11,6.416,1.200,4930,14,42.462,207,0,9.542
KBYX20151019-17,KBYX20151019_122400_V06,12,7.998,1.200,4942,0,10.028,76,0,2.937
KBYX20151019-17,KBYX20151019_122833_V06,0,0.483,1.200,10137,1255,1133.341,1308,760,888.183
KBYX20151019-17,KBYX20151019_122833_V06,2,0.879,1.200,10139,308,314.313,1118,13,117.900
KBYX20151019-17,KBYX20151019_122833_V06,4,1.318,1.200,10143,275,235.912,1210,1,50.416
KBYX20151019-17,KBYX20151019_122833_V06,6,1.802,1.200,5080,112,180.386,274,0,80.445
KBYX20151019-17,KBYX20151019_122833_V06,7,2.417,1.200,5074,128,284.771,327,5,113.515
KBYX20151019-17,KBYX20151019_122833_V06,8,3.120,1.200,5079,76,335.250,289,3,125.353
KBYX20151019-17,KBYX20151019_122833_V06,9,3.999,1.200,5082,6,105.302,88,1,46.948
KBYX20151019-17,KBYX20151019_122833_V06,10,5.098,1.200,5091,7,71.731,171,0,34.267
KBYX20151019-17,KBYX20151019_122833_V06,11,6.416,1.200,5107,25,59.743,282,0,9.884
KBYX20151019-17,KBYX20151019_122833_V06,12,7.998,1.200,5132,17,14.249,96,0,3.106
KBYX20151019-17,KBYX20151019_123305_V06,0,0.483,1.200,10099,1042,862.861,1138,552,624.843
KBYX20151019-17,KBYX20151019_123305_V06,2,0.879,1.200,10091,319,238.205,862,25,89.810
KBYX20151019-17,KBYX20151019_123305_V06,4,1.318,1.200,10100,246,173.666,884,4,46.204
KBYX20151019-17,KBYX20151019_123305_V06,6,1.802,1.200,5049,86,178.171,212,1,91.303
KBYX20151019-17,KBYX20151019_123305_V06,7,2.417,1.200,5049,89,293.660,220,2,129.765
KBYX20151019-17,KBYX20151019_123305_V06,8,3.120,1.200,5049,33,222.117,128,0,105.354
KBYX20151019-17,KBYX20151019_123305_V06,9,3.999,1.200,5060,1,64.080,46,1,41.193
KBYX20151019-17,KBYX20151019_123305_V06,10,5.098,1.200,5066,7,96.660,220,0,27.328
KBYX20151019-17,KBYX20151019_123305_V06,11,6.416,1.200,5079,22,56.806,221,0,8.261
KBYX20151019-17,KBYX20151019_123739_V06,0,0.483,1.200,11878,1173,1146.168,1255,629,838.909
KBYX20151019-17,KBYX20151019_123739_V06,2,0.879,1.200,11874,363,359.750,1121,43,124.622
KBYX20151019-17,KBYX20151019_123739_V06,4,1.318,1.200,11883,209,281.411,1092,1,74.101
KBYX20151019-17,KBYX20151019_123739_V06,6,1.802,1.200,5985,84,213.732,190,3,110.895
KBYX20151019-17,KBYX20151019_123739_V06,7,2.417,1.200,5979,71,289.825,201,5,128.622
KBYX20151019-17,KBYX20151019_123739_V06,8,3.120,1.200,5985,9,188.862,95,3,79.327
KBYX20151019-17,KBYX20151019_123739_V06,9,3.999,1.200,5989,2,60.604,82,0,37.451
KBYX20151019-17,KBYX20151019_123739_V06,10,5.098,1.200,6006,40,130.284,371,0,25.783
KBYX20151019-17,KBYX20151019_123739_V06,11,6.416,1.200,6028,27,50.056,194,0,11.715
KBYX20151019-17,KBYX20151019_124213_V06,0,0.483,1.200,14877,1283,1343.456,1390,743,999.076
KBYX20151019-17,KBYX20151019_124213_V06,2,0.879,1.200,14864,296,414.036,1182,58,165.592
KBYX20151019-17,KBYX20151019_124213_V06,4,1.318,1.200,14887,174,305.914,1386,4,74.834
KBYX20151019-17,KBYX20151019_124213_V06,6,1.802,1.200,7473,76,280.966,218,8,162.453
KBYX20151019-17,KBYX20151019_124213_V06,7,2.417,1.200,7472,54,258.440,194,8,155.272
KBYX20151019-17,KBYX20151019_124213_V06,8,3.120,1.200,7479,12,194.325,121,2,93.198
KBYX20151019-17,KBYX20151019_124213_V06,9,3.999,1.200,7488,7,87.892,133,0,40.343
KBYX20151019-17,KBYX20151019_124213_V06,10,5.098,1.200,7497,14,144.322,423,1,36.967
KBYX20151019-17,KBYX20151019_124213_V06,11,6.416,1.200,7514,10,64.029,235,1,20.329
KBYX20151019-17,KBYX20151019_124647_V06,0,0.483,1.200,16302,1170,1370.570,1394,652,951.843
KBYX20151019-17,KBYX20151019_124647_V06,2,0.879,1.200,16298,304,410.576,1200,33,157.081
KBYX20151019-17,KBYX20151019_124647_V06,4,1.318,1.200,16310,236,354.630,1321,9,75.228
KBYX20151019-17,KBYX20151019_124647_V06,6,1.802,1.200,8167,102,269.949,183,10,171.744
KBYX20151019-17,KBYX20151019_124647_V06,7,2.417,1.200,8175,38,172.099,103,9,107.247
KBYX20151019-17,KBYX20151019_124647_V06,8,3.120,1.200,8172,18,184.065,82,3,108.363
KBYX20151019-17,KBYX20151019_124647_V06,9,3.999,1.200,8179,8,117.856,116,0,61.378
KBYX20151019-17,KBYX20151019_124647_V06,10,5.098,1.200,8203,4,139.960,327,0,45.993
KBYX20151019-17,KBYX20151019_125121_V06,0,0.483,1.200,18069,1083,1303.189,1279,605,902.153
KBYX20151019-17,KBYX20151019_125121_V06,2,0.879,1.200,18065,270,415.516,988,47,159.167
KBYX20151019-17,KBYX20151019_125121_V06,4,1.318,1.200,18082,252,392.505,1176,15,100.830
KBYX20151019-17,KBYX20151019_125121_V06,6,1.802,1.200,9036,90,202.680,149,9,122.511
KBYX20151019-17,KBYX20151019_125121_V06,7,2.417,1.200,9040,48,171.644,75,7,133.268
KBYX20151019-17,KBYX20151019_125121_V06,8,3.120,1.200,9048,20,174.945,43,4,127.292
KBYX20151019-17,KBYX20151019_125121_V06,9,3.999,1.200,9067,6,104.545,81,4,55.630
KBYX20151019-17,KBYX20151019_125121_V06,10,5.098,1.200,9069,1,109.047,211,0,47.626
KBYX20151019-17,KBYX20151019_125554_V06,0,0.483,1.200,17839,1058,1234.078,1156,555,804.269
KBYX20151019-17,KBYX20151019_125554_V06,2,0.879,1.200,17833,334,388.045,820,44,150.226
KBYX20151019-17,KBYX20151019_125554_V06,4,1.318,1.200,17853,271,416.241,796,21,120.211
KBYX20151019-17,KBYX20151019_125554_V06,6,1.802,1.200,8925,89,228.135,108,10,175.368
KBYX20151019-17,KBYX20151019_125554_V06,7,2.417,1.200,8920,45,198.928,47,15,162.910
KBYX20151019-17,KBYX20151019_125554_V06,8,3.120,1.200,8937,26,129.776,26,9,112.499
KBYX20151019-17,KBYX20151019_125554_V06,9,3.999,1.200,8942,6,77.879,48,1,52.859
KBYX20151019-17,KBYX20151019_125554_V06,10,5.098,1.200,8948,1,61.419,90,0,32.578
KBYX20151019-16,KBYX20151019_120546_V06,0,0.483,1.200,23170,4024,2575.722,5629,887,1675.777
KBYX20151019-16,KBYX20151019_120546_V06,2,0.879,1.200,23171,3465,2070.776,8667,291,832.049
KBYX20151019-16,KBYX20151019_120546_V06,4,1.318,1.200,23172,3500,2184.973,9127,144,508.727
KBYX20151019-16,KBYX20151019_120546_V06,6,1.802,1.200,11584,1729,1574.164,2700,111,682.674
KBYX20151019-16,KBYX20151019_120546_V06,7,2.417,1.200,11592,1613,1466.211,2510,52,562.220
KBYX20151019-16,KBYX20151019_120546_V06,8,3.120,1.200,11599,1474,807.811,2380,48,238.458
KBYX20151019-16,KBYX20151019_120546_V06,9,3.999,1.200,11614,1269,451.729,1974,16,144.025
KBYX20151019-16,KBYX20151019_120546_V06,10,5.098,1.200,11642,1143,205.812,1594,21,70.743
KBYX20151019-16,KBYX20151019_120546_V06,11,6.416,1.200,11667,867,287.192,1568,17,103.092
KBYX20151019-19,KBYX20151019_121453_V06,0,0.483,1.200,2846,304,307.645,349,57,162.188
KBYX20151019-19,KBYX20151019_121453_V06,2,0.879,1.200,2836,225,202.952,303,5,51.460
KBYX20151019-19,KBYX20151019_121453_V06,4,1.318,1.200,2842,245,262.498,351,10,54.785
KBYX20151019-19,KBYX20151019_121453_V06,6,1.802,1.200,1410,106,231.425,127,10,97.206
KBYX20151019-19,KBYX20151019_121453_V06,7,2.417,1.200,1410,5,24.283,7,2,16.810
KBYX20151019-19,KBYX20151019_121453_V06,8,3.120,1.200,1415,0,1.957,0,0,1.957
KBYX20151019-19,KBYX20151019_121453_V06,9,3.999,1.200,1414,0,1.960,0,0,1.960
KBYX20151019-22,KBYX20151019_124647_V06,0,0.483,1.200,10030,1723,1292.324,2310,505,991.347
KBYX20151019-22,KBYX20151019_124647_V06,2,0.879,1.200,10033,1356,671.761,3592,83,239.368
KBYX20151019-22,KBYX20151019_124647_V06,4,1.318,1.200,10035,1352,688.050,4378,28,124.445
KBYX20151019-22,KBYX20151019_124647_V06,6,1.802,1.200,5017,693,560.429,1264,21,264.733
KBYX20151019-22,KBYX20151019_124647_V06,7,2.417,1.200,5027,749,607.183,1401,24,239.584
KBYX20151019-22,KBYX20151019_124647_V06,8,3.120,1.200,5026,732,461.223,1469,22,122.096
KBYX20151019-22,KBYX20151019_124647_V06,9,3.999,1.200,5036,650,300.611,1268,7,81.487
KBYX20151019-22,KBYX20151019_124647_V06,10,5.098,1.200,5047,473,162.531,915,11,46.101
KBYX20151019-22,KBYX20151019_124647_V06,11,6.416,1.200,5051,343,68.610,553,13,22.620
KBYX20151019-22,KBYX20151019_124647_V06,12,7.998,1.200,5069,234,88.386,674,1,4.820
KBYX20151020-6,KBYX20151020_121614_V06,0,0.483,1.200,7051,2096,2224.140,1313,1304,1612.653
KBYX20151020-6,KBYX20151020_121614_V06,2,0.879,1.200,7061,1556,1270.896,2518,65,254.993
KBYX20151020-6,KBYX20151020_121614_V06,4,1.318,1.200,7059,1351,973.456,2316,6,105.703
KBYX20151020-6,KBYX20151020_121614_V06,6,1.802,1.200,3529,378,607.365,594,45,223.052
KBYX20151020-6,KBYX20151020_121614_V06,7,2.417,1.200,3533,13,201.186,87,4,105.413
KBYX20151020-6,KBYX20151020_121614_V06,8,3.120,1.200,3537,0,12.386,0,0,12.386
KBYX20151020-6,KBYX20151020_121614_V06,9,3.999,1.200,3534,22,107.001,28,1,65.606
KBYX20151020-7,KBYX20151020_122456_V06,0,0.483,1.200,4675,103,207.675,172,10,43.225
KBYX20151020-7,KBYX20151020_122456_V06,2,0.879,1.200,4672,71,193.074,140,1,55.199
KBYX20151020-7,KBYX20151020_122456_V06,4,1.318,1.200,4673,9,83.460,47,0,20.378
KBYX20151020-7,KBYX20151020_122456_V06,6,1.802,1.200,2348,0,5.974,0,0,5.974
KBYX20151020-7,KBYX20151020_122456_V06,7,2.417,1.200,2352,0,5.994,0,0,5.994
KBYX20151020-7,KBYX20151020_122456_V06,8,3.120,1.200,2342,0,5.976,0,0,5.976
KBYX20151020-9,KBYX20151020_124221_V06,0,0.483,1.200,9476,2397,2615.696,2134,1594,1721.169
KBYX20151020-9,KBYX20151020_124221_V06,2,0.879,1.200,9483,1506,1483.121,3477,55,273.082
KBYX20151020-9,KBYX20151020_124221_V06,4,1.318,1.200,9487,1292,1479.073,3665,6,140.913
KBYX20151020-9,KBYX20151020_124221_V06,6,1.802,1.200,4742,239,956.734,737,46,370.013
KBYX20151020-9,KBYX20151020_124221_V06,7,2.417,1.200,4745,16,252.809,146,5,146.732
KBYX20151020-9,KBYX20151020_124221_V06,8,3.120,1.200,4756,0,30.684,0,0,30.684
KBYX20151020-9,KBYX20151020_124221_V06,9,3.999,1.200,4753,55,209.032,81,8,90.362
KBYX20151020-9,KBYX20151020_124221_V06,10,5.098,1.200,4762,792,1102.622,1008,25,270.974
KBYX20151025-2,KBYX20151025_103213_V06,0,0.483,1.200,717,103,68.425,133,4,12.560
KBYX20151025-2,KBYX20151025_103213_V06,2,0.879,1.200,708,118,66.614,141,4,10.844
KBYX20151025-2,KBYX20151025_103213_V06,4,1.318,1.200,708,119,79.011,152,5,10.954
KBYX20151025-2,KBYX20151025_103213_V06,6,1.802,1.200,347,46,97.912,49,5,53.218
KBYX20151025-2,KBYX20151025_103213_V06,7,2.417,1.200,339,25,65.848,30,0,39.049
KBYX20151025-2,KBYX20151025_103213_V06,8,3.120,1.200,344,9,16.042,11,0,5.505
KBYX20151026-4,KBYX20151026_104916_V06,0,0.483,1.200,3184,29,670.811,501,22,412.190
KBYX20151026-4,KBYX20151026_104916_V06,2,0.879,1.200,3183,11,283.080,526,1,58.377
KBYX20151026-4,KBYX20151026_104916_V06,4,1.318,1.200,3180,6,93.077,210,0,17.426
KBYX20151026-4,KBYX20151026_104916_V06,6,1.802,1.200,1593,0,1.575,0,0,1.575
KBYX20151026-4,KBYX20151026_104916_V06,7,2.417,1.200,1597,0,1.582,0,0,1.582
KBYX20151026-4,KBYX20151026_104916_V06,8,3.120,1.200,1598,0,2.484,0,0,2.484
KBYX20151026-4,KBYX20151026_104916_V06,9,3.999,1.200,1593,0,1.583,0,0,1.583
KBYX20151026-4,KBYX20151026_104916_V06,10,5.098,1.200,1597,0,1.592,0,0,1.592
KBYX20151104-2,KBYX20151104_103557_V06,0,0.483,1.200,1521,217,114.303,346,11,29.355
KBYX20151104-2,KBYX20151104_103557_V06,2,0.879,1.200,1517,202,135.119,368,0,23.592
KBYX20151104-2,KBYX20151104_103557_V06,4,1.318,1.200,1520,205,135.075,367,3,15.715
KBYX20151104-2,KBYX20151104_103557_V06,6,1.802,1.200,757,89,141.163,151,2,25.526
KBYX20151104-2,KBYX20151104_103557_V06,7,2.417,1.200,761,33,128.668,81,0,34.225
KBYX20151104-2,KBYX20151104_103557_V06,8,3.120,1.200,762,0,8.442,7,0,2.151
KBYX20151104-2,KBYX20151104_103557_V06,9,3.999,1.200,760,0,0.771,0,0,0.771
KBYX20151104-2,KBYX20151104_103557_V06,10,5.098,1.200,764,0,0.777,0,0,0.777
KBYX20151107-4,KBYX20151107_103931_V06,0,0.483,1.200,739,85,224.210,174,2,53.835
KBYX20151107-4,KBYX20151107_103931_V06,2,0.879,1.200,743,61,153.283,130,2,21.696
KBYX20151107-4,KBYX20151107_103931_V06,4,1.318,1.200,743,40,99.701,97,0,13.631
KBYX20151107-4,KBYX20151107_103931_V06,6,1.802,1.200,368,8,29.389,11,2,10.260
KBYX20151107-4,KBYX20151107_103931_V06,7,2.417,1.200,368,0,0.681,0,0,0.681
KBYX20151107-4,KBYX20151107_103931_V06,8,3.120,1.200,370,0,0.685,0,0,0.685
KBYX20151107-4,KBYX20151107_103931_V06,9,3.999,1.200,367,0,0.681,0,0,0.681
KBYX20151110-10,KBYX20151110_125807_V06,0,0.483,1.200,3122,2118,4.898,1915,203,4.898
KBYX20151110-10,KBYX20151110_125807_V06,2,0.879,1.200,3113,2284,4.069,1817,467,4.069
KBYX20151110-10,KBYX20151110_125807_V06,4,1.318,1.200,3117,2555,2.852,2207,348,2.852
KBYX20151110-10,KBYX20151110_130228_V06,0,0.483,1.200,4597,2499,10.161,2334,165,10.161
KBYX20151110-10,KBYX20151110_130228_V06,2,0.879,1.200,4600,2687,9.319,2269,418,9.319
KBYX20151110-10,KBYX20151110_130228_V06,4,1.318,1.200,4606,3100,19.431,2630,471,7.526
KBYX20151110-10,KBYX20151110_130649_V06,0,0.483,1.200,4691,2676,9.624,2499,177,9.624
KBYX20151110-10,KBYX20151110_130649_V06,2,0.879,1.200,4693,2792,9.157,2315,477,9.157
KBYX20151110-10,KBYX20151110_130649_V06,4,1.318,1.200,4699,3065,8.048,2554,511,8.048
KBYX20151114-3,KBYX20151114_104206_V06,0,0.483,1.200,920,248,105.357,257,15,40.883
KBYX20151114-3,KBYX20151114_104206_V06,2,0.879,1.200,916,256,68.123,265,8,20.162
KBYX20151114-3,KBYX20151114_104206_V06,4,1.318,1.200,915,244,60.066,259,2,4.319
KBYX20151114-3,KBYX20151114_104206_V06,6,1.802,1.200,462,100,49.885,105,1,7.615
KBYX20151114-3,KBYX20151114_104206_V06,7,2.417,1.200,456,86,67.884,81,10,34.804
KBYX20151114-3,KBYX20151114_104206_V06,8,3.120,1.200,454,77,30.796,76,5,7.255
KBYX20151116-10,KBYX20151116_112533_V06,0,0.483,1.200,2318,1108,734.623,1229,35,155.486
KBYX20151116-10,KBYX20151116_112533_V06,2,0.879,1.200,2319,1064,780.340,1222,25,121.175
KBYX20151116-10,KBYX20151116_112533_V06,4,1.318,1.200,2323,898,579.931,1000,27,134.961
KBYX20151116-10,KBYX20151116_112533_V06,6,1.802,1.200,1160,369,486.718,389,22,184.042
KBYX20151116-10,KBYX20151116_112533_V06,7,2.417,1.200,1164,484,192.709,468,34,52.866
KBYX20151116-10,KBYX20151116_112533_V06,8,3.120,1.200,1164,458,351.231,462,31,96.342
KBYX20151117-10,KBYX20151117_123513_V06,0,0.483,1.200,7048,221,884.198,1215,48,522.953
KBYX20151117-10,KBYX20151117_123513_V06,2,0.879,1.200,7050,160,617.774,1310,3,107.442
KBYX20151117-10,KBYX20151117_123513_V06,4,1.318,1.200,7045,189,604.024,1190,2,97.225
KBYX20151117-10,KBYX20151117_123513_V06,6,1.802,1.200,3523,96,295.961,212,7,97.737
KBYX20151117-10,KBYX20151117_123513_V06,7,2.417,1.200,3526,84,125.814,128,5,63.878
KBYX20151117-10,KBYX20151117_123513_V06,8,3.120,1.200,3524,65,41.803,96,2,11.043
KBYX20151117-10,KBYX20151117_123513_V06,9,3.999,1.200,3537,38,29.996,54,5,10.283
KBYX20151117-10,KBYX20151117_123513_V06,10,5.098,1.200,3533,4,13.734,14,1,7.401
KBYX20151117-11,KBYX20151117_125239_V06,0,0.483,1.200,4319,99,428.278,502,4,222.799
KBYX20151117-11,KBYX20151117_125239_V06,2,0.879,1.200,4320,93,586.793,805,0,106.635
KBYX20151117-11,KBYX20151117_125239_V06,4,1.318,1.200,4319,123,649.467,935,2,81.980
KBYX20151117-11,KBYX20151117_125239_V06,6,1.802,1.200,2163,23,242.043,103,2,106.887
KBYX20151117-11,KBYX20151117_125239_V06,7,2.417,1.200,2163,13,78.397,38,1,34.351
KBYX20151117-11,KBYX20151117_125239_V06,8,3.120,1.200,2167,11,34.459,24,0,13.223
KBYX20151117-11,KBYX20151117_125239_V06,9,3.999,1.200,2168,3,7.027,3,0,7.027
KBYX20151117-11,KBYX20151117_125239_V06,10,5.098,1.200,2163,0,2.332,0,0,2.332
KBYX20151126-5,KBYX20151126_131543_V06,0,0.483,1.200,10470,2328,454.497,3669,117,168.309
KBYX20151126-5,KBYX20151126_131543_V06,2,0.879,1.200,10471,2130,383.641,3742,32,43.193
KBYX20151126-5,KBYX20151126_131543_V06,4,1.318,1.200,10477,1959,377.752,3485,12,28.672
KBYX20151126-5,KBYX20151126_131543_V06,6,1.802,1.200,5237,897,277.811,1286,27,61.006
KBYX20151126-5,KBYX20151126_131543_V06,7,2.417,1.200,5238,898,349.435,1525,12,45.463
KBYX20151126-5,KBYX20151126_131543_V06,8,3.120,1.200,5243,828,411.340,1608,23,47.983
KBYX20151126-5,KBYX20151126_131543_V06,9,3.999,1.200,5256,664,443.574,1560,2,72.487
KBYX20151126-5,KBYX20151126_131543_V06,10,5.098,1.200,5265,369,414.945,1420,2,87.196
KBYX20151126-5,KBYX20151126_131543_V06,11,6.416,1.200,5273,159,417.613,1482,0,61.557
KBYX20151126-5,KBYX20151126_131543_V06,12,7.998,1.200,5295,49,85.557,496,0,5.511
KBYX20151203-8,KBYX20151203_123128_V06,0,0.483,1.200,3739,689,522.191,1109,76,197.321
KBYX20151203-8,KBYX20151203_123128_V06,2,0.879,1.200,3735,577,526.013,1060,63,168.223
KBYX20151203-8,KBYX20151203_123128_V06,4,1.318,1.200,3738,495,340.981,890,25,75.098
KBYX20151203-8,KBYX20151203_123128_V06,6,1.802,1.200,1871,186,226.526,278,14,74.709
KBYX20151203-8,KBYX20151203_123128_V06,7,2.417,1.200,1877,148,221.655,240,3,71.062
KBYX20151203-8,KBYX20151203_123128_V06,8,3.120,1.200,1874,144,293.357,268,3,54.858
KBYX20151203-8,KBYX20151203_123128_V06,9,3.999,1.200,1877,223,274.837,314,12,60.346
KBYX20151203-8,KBYX20151203_123128_V06,10,5.098,1.200,1879,202,411.376,309,31,130.430
KBYX20151203-8,KBYX20151203_123549_V06,0,0.483,1.200,7067,1203,1082.168,2064,194,419.799
KBYX20151203-8,KBYX20151203_123549_V06,2,0.879,1.200,7066,966,1162.984,1885,145,424.286
KBYX20151203-8,KBYX20151203_123549_V06,4,1.318,1.200,7068,688,862.344,1597,46,224.005
KBYX20151203-8,KBYX20151203_123549_V06,6,1.802,1.200,3537,227,525.026,407,11,209.028
KBYX20151203-8,KBYX20151203_123549_V06,7,2.417,1.200,3542,196,438.553,346,12,154.196
KBYX20151203-8,KBYX20151203_123549_V06,8,3.120,1.200,3545,181,453.131,317,13,143.939
KBYX20151203-8,KBYX20151203_123549_V06,9,3.999,1.200,3545,271,498.514,376,48,159.356
KBYX20151203-8,KBYX20151203_123549_V06,10,5.098,1.200,3554,192,491.659,336,23,181.412
KBYX20151205-2,KBYX20151205_110337_V06,0,0.483,1.200,458,144,65.478,90,109,49.708
KBYX20151205-2,KBYX20151205_110337_V06,2,0.879,1.200,458,2,4.365,12,1,2.843
KBYX20151205-2,KBYX20151205_110337_V06,4,1.318,1.200,456,0,0.118,0,0,0.118
KBYX20151205-2,KBYX20151205_110337_V06,6,1.802,1.200,225,0,0.116,0,0,0.116
KBYX20151205-2,KBYX20151205_110337_V06,7,2.417,1.200,221,0,0.115,0,0,0.115
KBYX20151205-2,KBYX20151205_110337_V06,8,3.120,1.200,222,0,0.115,0,0,0.115
KBYX20151205-2,KBYX20151205_110337_V06,9,3.999,1.200,220,0,0.114,0,0,0.114
KBYX20151205-2,KBYX20151205_110337_V06,10,5.098,1.200,219,0,0.114,0,0,0.114
KBYX20151205-2,KBYX20151205_110337_V06,11,6.416,1.200,222,0,0.116,0,0,0.116
KBYX20151207-7,KBYX20151207_115947_V06,0,0.483,1.200,3232,906,11.064,801,105,11.064
KBYX20151207-7,KBYX20151207_115947_V06,2,0.879,1.200,3232,1088,10.389,901,187,10.389
KBYX20151207-7,KBYX20151207_115947_V06,4,1.318,1.200,3231,1508,8.635,1257,251,8.635
KBYX20151207-7,KBYX20151207_120420_V06,0,0.483,1.200,4838,984,18.327,824,160,18.327
KBYX20151207-7,KBYX20151207_120420_V06,2,0.879,1.200,4838,1259,17.265,1030,229,17.265
KBYX20151207-7,KBYX20151207_120420_V06,4,1.318,1.200,4838,1871,14.748,1508,363,14.748
KBYX20151207-7,KBYX20151207_120855_V06,0,0.483,1.200,5459,990,21.275,839,151,21.275
KBYX20151207-7,KBYX20151207_120855_V06,2,0.879,1.200,5462,1380,19.837,1157,223,19.837
KBYX20151207-7,KBYX20151207_120855_V06,4,1.318,1.200,5457,2127,16.814,1807,320,16.814
KBYX20151208-3,KBYX20151208_115500_V06,0,0.483,1.200,4621,1231,121.917,1687,174,60.078
KBYX20151208-3,KBYX20151208_115500_V06,2,0.879,1.200,4621,1132,105.905,2784,13,6.678
KBYX20151208-3,KBYX20151208_115500_V06,4,1.318,1.200,4621,1103,94.383,2634,8,2.756
KBYX20151208-3,KBYX20151208_115500_V06,6,1.802,1.200,2311,507,86.780,1065,0,8.275
KBYX20151208-3,KBYX20151208_115500_V06,7,2.417,1.200,2311,448,90.424,982,2,9.595
KBYX20151208-3,KBYX20151208_115500_V06,8,3.120,1.200,2316,444,73.961,964,2,4.638
KBYX20151208-3,KBYX20151208_115500_V06,9,3.999,1.200,2314,431,64.876,941,2,2.354
KBYX20151208-3,KBYX20151208_115500_V06,10,5.098,1.200,2319,367,52.746,703,24,11.711
KBYX20151208-3,KBYX20151208_115500_V06,11,6.416,1.200,2330,352,52.590,645,32,14.662
KBYX20151210-1,KBYX20151210_114435_V06,0,0.483,1.200,738,287,138.602,81,227,98.945
KBYX20151210-1,KBYX20151210_114435_V06,2,0.879,1.200,735,23,91.513,27,9,62.448
KBYX20151210-1,KBYX20151210_114435_V06,4,1.318,1.200,737,11,105.644,33,3,62.318
KBYX20151210-1,KBYX20151210_114435_V06,6,1.802,1.200,370,1,10.948,1,1,7.686
KBYX20151210-1,KBYX20151210_114435_V06,7,2.417,1.200,369,0,7.060,1,0,4.912
KBYX20151210-1,KBYX20151210_114435_V06,8,3.120,1.200,370,0,0.646,0,0,0.646
KBYX20151210-1,KBYX20151210_114435_V06,9,3.999,1.200,371,0,0.650,0,0,0.650
KBYX20151213-12,KBYX20151213_130352_V06,0,0.483,1.200,18627,839,644.424,2646,26,113.318
KBYX20151213-12,KBYX20151213_130352_V06,2,0.879,1.200,18630,756,641.467,1585,9,109.167
KBYX20151213-12,KBYX20151213_130352_V06,4,1.318,1.200,18636,558,691.355,1168,5,85.834
KBYX20151213-12,KBYX20151213_130352_V06,6,1.802,1.200,9321,96,357.127,172,12,165.953
KBYX20151213-12,KBYX20151213_130352_V06,7,2.417,1.200,9333,2,38.281,3,2,34.033
KBYX20151213-12,KBYX20151213_130352_V06,8,3.120,1.200,9332,0,6.841,0,0,6.841
KBYX20151213-12,KBYX20151213_130352_V06,9,3.999,1.200,9339,0,7.194,0,0,7.194
KBYX20151213-12,KBYX20151213_130352_V06,10,5.098,1.200,9359,0,7.271,0,0,7.271
KBYX20151213-12,KBYX20151213_130352_V06,11,6.416,1.200,9385,0,6.947,0,0,6.947
KBYX20151213-12,KBYX20151213_130703_V06,0,0.483,1.200,24887,945,934.588,4064,40,183.505
KBYX20151213-12,KBYX20151213_130703_V06,2,0.879,1.200,24883,863,824.639,2510,16,118.695
KBYX20151213-12,KBYX20151213_130703_V06,4,1.318,1.200,24901,636,750.330,1255,6,121.706
KBYX20151213-12,KBYX20151213_130703_V06,6,1.802,1.200,12461,82,291.102,139,7,132.180
KBYX20151213-12,KBYX20151213_130703_V06,7,2.417,1.200,12461,0,11.473,0,0,11.473
KBYX20151213-12,KBYX20151213_130703_V06,8,3.120,1.200,12472,0,9.153,0,0,9.153
KBYX20151213-12,KBYX20151213_130703_V06,9,3.999,1.200,12483,0,9.177,0,0,9.177
KBYX20151213-12,KBYX20151213_130703_V06,10,5.098,1.200,12521,0,9.239,0,0,9.239
KBYX20151213-12,KBYX20151213_130703_V06,11,6.416,1.200,12547,0,9.306,0,0,9.306
KBYX20151213-12,KBYX20151213_131015_V06,0,0.483,1.200,26745,1068,1038.162,4099,30,232.630
KBYX20151213-12,KBYX20151213_131015_V06,2,0.879,1.200,26751,985,972.038,2699,27,171.178
KBYX20151213-12,KBYX20151213_131015_V06,4,1.318,1.200,26757,656,868.105,1268,13,122.355
KBYX20151213-12,KBYX20151213_131015_V06,6,1.802,1.200,13392,96,322.731,161,9,107.810
KBYX20151213-12,KBYX20151213_131015_V06,7,2.417,1.200,13394,6,31.842,14,0,15.093
KBYX20151213-12,KBYX20151213_131015_V06,8,3.120,1.200,13401,0,10.588,0,0,10.588
KBYX20151213-12,KBYX20151213_131015_V06,9,3.999,1.200,13406,0,10.614,0,0,10.614
KBYX20151213-12,KBYX20151213_131015_V06,10,5.098,1.200,13429,0,10.666,0,0,10.666
KBYX20151213-12,KBYX20151213_131015_V06,11,6.416,1.200,13471,0,10.751,0,0,10.751
KBYX20151218-3,KBYX20151218_110541_V06,0,0.483,1.200,620,97,56.717,110,2,5.948
KBYX20151218-3,KBYX20151218_110541_V06,2,0.879,1.200,616,94,31.757,100,4,5.097
KBYX20151218-3,KBYX20151218_110541_V06,4,1.318,1.200,617,74,92.362,91,4,19.202
KBYX20151218-3,KBYX20151218_110541_V06,6,1.802,1.200,309,28,21.668,26,4,8.961
KBYX20151218-3,KBYX20151218_110541_V06,7,2.417,1.200,309,17,46.707,17,2,33.513
KBYX20151218-3,KBYX20151218_110541_V06,8,3.120,1.200,312,0,0.771,0,0,0.771
KBYX20151218-3,KBYX20151218_110853_V06,0,0.483,1.200,1431,89,33.093,93,5,4.823
KBYX20151218-3,KBYX20151218_110853_V06,2,0.879,1.200,1434,88,71.163,99,6,14.315
KBYX20151218-3,KBYX20151218_110853_V06,4,1.318,1.200,1430,82,48.754,94,1,11.052
KBYX20151218-3,KBYX20151218_110853_V06,6,1.802,1.200,720,22,9.638,20,3,1.718
KBYX20151218-3,KBYX20151218_110853_V06,7,2.417,1.200,715,20,8.084,16,5,1.712
KBYX20151218-3,KBYX20151218_110853_V06,8,3.120,1.200,721,0,1.783,0,0,1.783
KBYX20151219-19,KBYX20151219_124607_V06,0,0.483,1.200,467,89,109.835,86,16,33.427
KBYX20151219-19,KBYX20151219_124607_V06,2,0.879,1.200,467,129,89.599,132,11,11.276
KBYX20151219-19,KBYX20151219_124607_V06,4,1.318,1.200,466,176,68.115,173,13,11.191
KBYX20151219-19,KBYX20151219_124607_V06,6,1.802,1.200,235,64,74.235,56,10,49.742
KBYX20151219-19,KBYX20151219_124607_V06,7,2.417,1.200,234,10,11.611,3,7,11.611
KBYX20151220-2,KBYX20151220_125410_V06,0,0.483,1.200,3209,573,1002.843,479,240,863.968
KBYX20151220-2,KBYX20151220_125410_V06,2,1.494,1.200,3208,145,431.381,771,0,34.522
KBYX20151220-2,KBYX20151220_125410_V06,4,2.505,1.200,1604,0,1.730,0,0,1.730
KBYX20151220-2,KBYX20151220_125410_V06,5,3.516,1.200,1607,0,1.735,0,0,1.735
KBYX20151220-2,KBYX20151220_125410_V06,6,4.482,1.200,1611,0,1.743,0,0,1.743
KBYX20151223-3,KBYX20151223_124229_V06,0,0.483,1.200,19505,1039,206.850,3376,778,105.892
KBYX20151223-3,KBYX20151223_124229_V06,2,1.494,1.200,19513,87,71.692,5637,24,15.745
KBYX20151223-3,KBYX20151223_124229_V06,4,2.505,1.200,9755,21,61.190,2450,5,13.956
KBYX20151223-3,KBYX20151223_124229_V06,5,3.516,1.200,9771,8,45.973,2361,0,9.671
KBYX20151223-3,KBYX20151223_124229_V06,6,4.482,1.200,9780,25,40.370,2242,4,7.800
KBYX20151225-1,KBYX20151225_125155_V06,0,0.483,1.200,3038,352,143.576,590,61,96.129
KBYX20151225-1,KBYX20151225_125155_V06,2,0.879,1.200,3042,287,85.205,746,1,7.697
KBYX20151225-1,KBYX20151225_125155_V06,4,1.318,1.200,3039,264,78.504,668,0,7.772
KBYX20151225-1,KBYX20151225_125155_V06,6,1.802,1.200,1522,120,55.467,226,1,11.191
KBYX20151225-1,KBYX20151225_125155_V06,7,2.417,1.200,1528,122,49.242,239,1,7.560
KBYX20151225-1,KBYX20151225_125155_V06,8,3.120,1.200,1528,117,36.257,205,0,2.268
KBYX20151225-1,KBYX20151225_125155_V06,9,3.999,1.200,1527,122,168.594,305,2,20.903
KBYX20151225-1,KBYX20151225_125155_V06,10,5.098,1.200,1529,115,252.306,445,4,37.913
KBYX20151225-1,KBYX20151225_125155_V06,11,6.416,1.200,1534,45,82.133,182,0,15.129
