track_id,filename,sweep_idx,sweep_angle,count_scaling,n_roost_pixels,n_refAbove40_pixels,n_refBelow40_animals,n_xcorrAbove0.95_pixels,n_xcorrBelow0.95_refAbove40_pixels,n_xcorrBelow0.95_refBelow40_animals
KGYX20140602-1,KGYX20140602_094553_V06,0,0.483,1.200,2117,183,7.621,11,172,7.621
KGYX20140602-1,KGYX20140602_094553_V06,2,1.450,1.200,2118,0,8.407,0,0,8.407
KGYX20140604-4,KGYX20140604_093259_V06,0,0.483,1.200,1033,183,23.549,29,154,23.549
KGYX20140604-4,KGYX20140604_093259_V06,2,1.450,1.200,1034,1,12.893,1,1,3.256
KGYX20140609-1,KGYX20140609_090054_V06,0,0.483,1.200,2445,1249,21.229,1234,16,6.159
KGYX20140609-1,KGYX20140609_091034_V06,0,0.483,1.200,4220,2388,112.403,2329,66,8.634
KGYX20140609-2,KGYX20140609_102223_V06,0,0.483,1.200,3710,2655,4.684,2518,137,4.684
KGYX20140609-2,KGYX20140609_102812_V06,0,0.483,1.200,6173,3641,11.105,3473,168,11.105
KGYX20140611-2,KGYX20140611_101406_V06,0,0.483,1.200,14395,375,22.540,2836,279,18.171
KGYX20140611-2,KGYX20140611_101406_V06,2,1.494,1.200,14399,24,2.745,3306,15,1.875
KGYX20140611-2,KGYX20140611_101406_V06,4,2.505,1.200,7206,1,1.872,917,1,1.109
KGYX20140611-2,KGYX20140611_101406_V06,5,3.516,1.200,7211,8,1.740,1193,8,1.051
KGYX20140611-2,KGYX20140611_101406_V06,6,4.482,1.200,7220,0,1.640,1313,0,1.037
KGYX20140611-2,KGYX20140611_102348_V06,0,0.483,1.200,36383,961,78.690,6813,731,62.493
KGYX20140611-2,KGYX20140611_102348_V06,2,1.494,1.200,36398,48,9.281,6102,30,5.769
KGYX20140611-2,KGYX20140611_102348_V06,4,2.505,1.200,18213,4,6.026,2025,2,3.781
KGYX20140611-2,KGYX20140611_102348_V06,5,3.516,1.200,18229,2,5.681,2833,2,3.428
KGYX20140611-2,KGYX20140611_102348_V06,6,4.482,1.200,18250,2,5.706,3134,0,3.579
KGYX20140611-1,KGYX20140611_075826_V06,0,0.483,1.200,65,35,7.202,3,34,5.229
KGYX20140611-1,KGYX20140611_075826_V06,2,1.494,1.200,67,0,3.522,0,0,3.522
KGYX20140611-1,KGYX20140611_075826_V06,4,2.505,1.200,33,0,2.321,0,0,2.321
KGYX20140611-1,KGYX20140611_075826_V06,5,3.516,1.200,33,0,0.054,0,0,0.054
KGYX20140612-3,KGYX20140612_083307_V06,0,0.483,1.200,216,168,75.575,14,158,51.529
KGYX20140612-3,KGYX20140612_083307_V06,2,1.450,1.200,215,3,14.817,3,1,10.747
KGYX20140612-3,KGYX20140612_083828_V06,0,0.483,1.200,1153,71,316.053,30,54,239.035
KGYX20140612-3,KGYX20140612_083828_V06,2,1.450,1.200,1147,0,2.595,0,0,2.595
KGYX20140615-19,KGYX20140615_095530_V06,0,0.483,1.200,19439,1290,1078.965,1557,43,318.501
KGYX20140615-19,KGYX20140615_095530_V06,2,1.450,1.200,19440,1660,1360.517,1577,432,518.776
KGYX20140615-19,KGYX20140615_095530_V06,4,2.417,1.200,9731,431,1139.180,490,58,566.939
KGYX20140615-19,KGYX20140615_095530_V06,5,3.384,1.200,9732,178,508.719,258,15,187.045
KGYX20140616-1,KGYX20140616_080240_V06,0,0.483,1.200,46,31,0.012,0,31,0.012
KGYX20140616-1,KGYX20140616_080240_V06,2,1.494,1.200,46,4,12.563,5,2,8.559
KGYX20140616-1,KGYX20140616_080240_V06,4,2.505,1.200,25,0,0.040,0,0,0.040
KGYX20140616-1,KGYX20140616_080240_V06,5,3.516,1.200,23,0,0.037,0,0,0.037
KGYX20140618-5,KGYX20140618_085620_V06,0,0.483,1.200,4810,1170,262.629,1043,140,112.683
KGYX20140618-5,KGYX20140618_085620_V06,2,1.450,1.200,4810,29,244.206,38,8,69.965
KGYX20140618-5,KGYX20140618_090211_V06,0,0.483,1.200,7492,1474,673.897,1317,197,239.555
KGYX20140618-5,KGYX20140618_090211_V06,2,1.450,1.200,7497,208,751.533,230,37,241.836
KGYX20140618-5,KGYX20140618_090800_V06,0,0.483,1.200,9844,1678,1351.023,1530,244,436.557
KGYX20140618-5,KGYX20140618_090800_V06,2,1.450,1.200,9839,437,1035.443,479,61,277.212
KGYX20140618-5,KGYX20140618_091322_V06,0,0.483,1.200,12584,2078,1935.712,1975,249,671.347
KGYX20140618-5,KGYX20140618_091322_V06,2,1.450,1.200,12593,580,1479.854,670,66,490.672
KGYX20140618-5,KGYX20140618_091844_V06,0,0.483,1.200,17572,2440,2075.480,2248,367,715.092
KGYX20140618-5,KGYX20140618_091844_V06,2,1.450,1.200,17589,433,1565.966,549,71,527.799
KGYX20140618-5,KGYX20140618_092405_V06,0,0.483,1.200,24305,3984,2605.423,3703,532,927.346
KGYX20140618-5,KGYX20140618_092405_V06,2,1.450,1.200,24329,583,1840.064,652,141,776.072
KGYX20140618-5,KGYX20140618_092900_V06,0,0.483,1.200,24506,4539,2858.662,4074,771,899.419
KGYX20140618-5,KGYX20140618_092900_V06,2,1.450,1.200,24506,788,2261.451,918,179,888.261
KGYX20140618-5,KGYX20140618_093356_V06,0,0.483,1.200,25858,5184,3827.686,4665,982,1359.942
KGYX20140618-5,KGYX20140618_093356_V06,2,1.450,1.200,25886,1070,2566.549,1138,286,1074.346
KGYX20140618-18,KGYX20140618_101320_V06,0,0.483,1.200,19281,12000,4566.113,11873,718,1142.047
KGYX20140618-18,KGYX20140618_101320_V06,2,1.450,1.200,19295,3903,3565.241,3551,783,1026.752
KGYX20140618-18,KGYX20140618_101816_V06,0,0.483,1.200,23806,13653,6198.668,13591,832,1742.235
KGYX20140618-18,KGYX20140618_101816_V06,2,1.450,1.200,23838,3169,3864.374,3104,525,1135.954
KGYX20140618-18,KGYX20140618_102311_V06,0,0.483,1.200,21940,13371,5387.434,13260,818,1439.941
KGYX20140618-18,KGYX20140618_102311_V06,2,1.450,1.200,21961,2671,3460.230,2693,388,1099.369
KGYX20140618-18,KGYX20140618_102805_V06,0,0.483,1.200,20705,13094,5529.106,12954,874,1417.867
KGYX20140618-18,KGYX20140618_102805_V06,2,1.450,1.200,20726,2538,2683.880,2556,325,695.291
KGYX20140618-3,KGYX20140618_084442_V06,0,0.483,1.200,8452,1351,47.674,1183,168,47.674
KGYX20140618-3,KGYX20140618_085031_V06,0,0.483,1.200,11135,1688,63.072,1500,188,63.072
KGYX20140618-3,KGYX20140618_085620_V06,0,0.483,1.200,11974,2066,90.288,1829,239,63.407
KGYX20140618-12,KGYX20140618_093851_V06,0,0.483,1.200,6060,653,1338.325,941,35,325.826
KGYX20140618-12,KGYX20140618_093851_V06,2,1.450,1.200,6059,1331,1550.725,1740,84,298.658
KGYX20140618-12,KGYX20140618_093851_V06,4,2.417,1.200,3032,295,1179.492,341,52,643.336
KGYX20140618-12,KGYX20140618_094347_V06,0,0.483,1.200,9039,766,1605.580,1162,48,293.313
KGYX20140618-12,KGYX20140618_094347_V06,2,1.450,1.200,9044,1796,3566.386,2885,109,651.401
KGYX20140618-12,KGYX20140618_094347_V06,4,2.417,1.200,4526,798,1960.678,944,70,894.144
KGYX20140618-19,KGYX20140618_102311_V06,0,0.483,1.200,5592,408,238.312,367,55,83.524
KGYX20140618-19,KGYX20140618_102311_V06,2,1.450,1.200,5596,0,22.216,0,0,22.216
KGYX20140618-19,KGYX20140618_102805_V06,0,0.483,1.200,8022,818,633.763,750,115,150.933
KGYX20140618-19,KGYX20140618_102805_V06,2,1.450,1.200,8037,5,66.644,9,1,31.201
KGYX20140618-7,KGYX20140618_091322_V06,0,0.483,1.200,20916,3245,2673.698,3100,362,990.549
KGYX20140618-7,KGYX20140618_091322_V06,2,1.450,1.200,20941,940,2225.912,1095,100,693.185
KGYX20140618-16,KGYX20140618_095340_V06,0,0.483,1.200,5367,749,760.673,1107,13,121.495
KGYX20140618-16,KGYX20140618_095340_V06,2,1.450,1.200,5364,1100,550.171,1335,14,86.787
KGYX20140618-16,KGYX20140618_095340_V06,4,2.417,1.200,2688,486,337.119,478,82,66.735
KGYX20140618-16,KGYX20140618_095340_V06,5,3.384,1.200,2688,319,567.234,403,17,119.478
KGYX20140618-16,KGYX20140618_095340_V06,6,4.307,1.200,2691,0,31.701,0,0,31.701
KGYX20140618-20,KGYX20140618_102311_V06,0,0.483,1.200,1411,518,125.336,450,75,30.741
KGYX20140618-20,KGYX20140618_102311_V06,2,1.450,1.200,1406,33,117.594,30,11,18.698
KGYX20140622-1,KGYX20140622_080613_V06,0,0.483,1.200,59,28,5.801,0,28,5.801
KGYX20140622-1,KGYX20140622_080613_V06,2,1.494,1.200,60,0,0.106,0,0,0.106
KGYX20140622-1,KGYX20140622_080613_V06,4,2.505,1.200,30,0,15.431,0,0,15.431
KGYX20140622-2,KGYX20140622_085441_V06,0,0.483,1.200,2715,69,552.522,8,67,488.599
KGYX20140622-2,KGYX20140622_085441_V06,2,1.494,1.200,2722,0,11.282,0,0,11.282
KGYX20140622-3,KGYX20140622_092344_V06,0,0.483,1.200,941,69,402.485,3,68,376.097
KGYX20140622-3,KGYX20140622_092344_V06,2,1.494,1.200,939,0,3.911,0,0,3.911
KGYX20140622-4,KGYX20140622_101214_V06,0,0.483,1.200,271,58,18.238,2,56,18.238
KGYX20140623-1,KGYX20140623_095216_V06,0,0.483,1.200,5119,830,2461.259,74,793,2290.582
KGYX20140623-1,KGYX20140623_095216_V06,2,1.494,1.200,5122,0,20.003,1,0,14.123
KGYX20140624-1,KGYX20140624_080318_V06,0,0.483,1.200,829,131,256.020,1,130,256.020
KGYX20140624-2,KGYX20140624_090218_V06,0,0.483,1.200,27,24,1.421,0,24,1.421
KGYX20140624-2,KGYX20140624_090218_V06,2,1.450,1.200,28,0,0.023,0,0,0.023
KGYX20140624-2,KGYX20140624_090218_V06,4,2.417,1.200,15,0,3.597,0,0,3.597
KGYX20140624-2,KGYX20140624_090218_V06,5,3.384,1.200,16,0,0.026,0,0,0.026
KGYX20140624-2,KGYX20140624_090218_V06,6,4.307,1.200,17,1,2.470,3,0,0.023
KGYX20140624-3,KGYX20140624_091705_V06,0,0.483,1.200,35,22,0.010,0,22,0.010
KGYX20140624-3,KGYX20140624_091705_V06,2,1.450,1.200,35,0,0.028,0,0,0.028
KGYX20140624-3,KGYX20140624_091705_V06,4,2.417,1.200,18,0,0.029,0,0,0.029
KGYX20140624-3,KGYX20140624_091705_V06,5,3.384,1.200,20,0,0.032,0,0,0.032
KGYX20140624-3,KGYX20140624_091705_V06,6,4.307,1.200,19,0,3.147,0,0,3.147
KGYX20140624-3,KGYX20140624_092200_V06,0,0.483,1.200,981,51,55.707,11,51,38.965
KGYX20140624-3,KGYX20140624_092200_V06,2,1.450,1.200,979,3,16.980,5,2,12.563
KGYX20140624-3,KGYX20140624_092200_V06,4,2.417,1.200,489,0,4.441,0,0,4.441
KGYX20140624-3,KGYX20140624_092200_V06,5,3.384,1.200,492,0,0.795,0,0,0.795
KGYX20140624-3,KGYX20140624_092200_V06,6,4.307,1.200,489,0,7.326,1,0,4.714
KGYX20140624-3,KGYX20140624_092656_V06,0,0.483,1.200,47,35,1.705,0,35,1.705
KGYX20140624-3,KGYX20140624_092656_V06,2,1.450,1.200,47,1,7.145,1,1,5.691
KGYX20140624-3,KGYX20140624_092656_V06,4,2.417,1.200,23,0,0.038,0,0,0.038
KGYX20140624-3,KGYX20140624_092656_V06,5,3.384,1.200,23,0,0.038,0,0,0.038
KGYX20140624-3,KGYX20140624_092656_V06,6,4.307,1.200,24,0,0.039,0,0,0.039
KGYX20140625-17,KGYX20140625_092650_V06,0,0.483,1.200,5429,1728,1840.797,2339,143,439.814
KGYX20140625-17,KGYX20140625_092650_V06,2,1.450,1.200,5430,2187,2649.669,3330,29,375.069
KGYX20140625-17,KGYX20140625_092650_V06,4,2.417,1.200,2731,1579,2385.527,1543,355,1049.185
KGYX20140625-17,KGYX20140625_092650_V06,5,3.384,1.200,2733,798,2563.830,969,189,859.331
KGYX20140625-19,KGYX20140625_095645_V06,0,0.483,1.200,11153,2683,1753.229,3863,571,492.531
KGYX20140625-19,KGYX20140625_095645_V06,2,1.450,1.200,11159,3705,2059.315,5876,82,234.535
KGYX20140625-19,KGYX20140625_095645_V06,4,2.417,1.200,5585,2481,1977.314,3258,27,343.818
KGYX20140625-19,KGYX20140625_095645_V06,5,3.384,1.200,5584,2734,1796.011,3318,119,452.616
KGYX20140625-19,KGYX20140625_095645_V06,6,4.307,1.200,5595,2584,1383.680,2507,627,402.917
KGYX20140626-2,KGYX20140626_081328_V06,0,0.483,1.200,15822,8141,1005.359,7927,303,253.601
KGYX20140626-2,KGYX20140626_081328_V06,2,0.879,1.200,15832,7670,1616.519,7338,479,386.737
KGYX20140626-2,KGYX20140626_081328_V06,4,1.318,1.200,15849,6502,2370.503,5712,1009,575.993
KGYX20140626-14,KGYX20140626_102334_V06,0,0.483,1.200,7149,3279,2428.043,3449,472,646.486
KGYX20140626-14,KGYX20140626_102334_V06,2,1.450,1.200,7154,2846,2096.828,3132,280,749.365
KGYX20140626-14,KGYX20140626_102334_V06,4,2.417,1.200,3582,1399,1721.102,1005,527,1131.249
KGYX20140627-1,KGYX20140627_080227_V06,0,0.483,1.200,53,44,6.247,1,43,6.247
KGYX20140627-1,KGYX20140627_080227_V06,2,1.494,1.200,53,0,2.786,0,0,2.786
KGYX20140627-1,KGYX20140627_080227_V06,4,2.505,1.200,27,0,0.045,0,0,0.045
KGYX20140627-1,KGYX20140627_080227_V06,5,3.516,1.200,26,0,0.043,0,0,0.043
KGYX20140629-1,KGYX20140629_080746_V06,0,0.483,1.200,63,37,11.536,0,37,11.536
KGYX20140629-1,KGYX20140629_080746_V06,2,1.494,1.200,63,0,0.051,0,0,0.051
KGYX20140629-1,KGYX20140629_080746_V06,4,2.505,1.200,30,0,0.048,0,0,0.048
KGYX20140629-1,KGYX20140629_080746_V06,5,3.516,1.200,30,0,4.595,0,0,4.595
KGYX20140629-1,KGYX20140629_081727_V06,0,0.483,1.200,43,28,2.000,0,28,2.000
KGYX20140629-1,KGYX20140629_081727_V06,2,1.494,1.200,40,0,0.441,0,0,0.441
KGYX20140629-1,KGYX20140629_081727_V06,4,2.505,1.200,20,0,0.032,0,0,0.032
KGYX20140629-1,KGYX20140629_081727_V06,5,3.516,1.200,21,0,2.161,1,0,1.454
KGYX20140629-4,KGYX20140629_085609_V06,0,0.483,1.200,6423,119,723.060,2,119,712.808
KGYX20140629-4,KGYX20140629_085609_V06,2,1.494,1.200,6433,0,18.082,0,0,18.082
KGYX20140629-6,KGYX20140629_090549_V06,0,0.483,1.200,410,144,339.760,14,133,321.587
KGYX20140629-6,KGYX20140629_090549_V06,2,1.494,1.200,411,0,1.134,0,0,1.134
KGYX20140630-1,KGYX20140630_080436_V06,0,0.483,1.200,74,38,0.063,0,38,0.063
KGYX20140630-1,KGYX20140630_080436_V06,2,1.494,1.200,74,1,0.128,0,1,0.128
KGYX20140630-1,KGYX20140630_080436_V06,4,2.505,1.200,37,0,0.130,0,0,0.130
KGYX20140630-2,KGYX20140630_081417_V06,0,0.483,1.200,39,29,7.521,0,29,7.521
KGYX20140630-2,KGYX20140630_081417_V06,2,1.494,1.200,39,0,6.802,2,0,5.220
KGYX20140630-2,KGYX20140630_081417_V06,4,2.505,1.200,20,0,0.033,0,0,0.033
KGYX20140630-2,KGYX20140630_081417_V06,5,3.516,1.200,20,0,7.359,0,0,7.359
KGYX20140702-1,KGYX20140702_083828_V06,0,0.483,1.200,296,76,316.741,58,45,183.507
KGYX20140702-1,KGYX20140702_083828_V06,2,1.450,1.200,293,0,0.515,0,0,0.515
KGYX20140702-1,KGYX20140702_083828_V06,4,2.417,1.200,151,0,0.531,0,0,0.531
KGYX20140702-3,KGYX20140702_084817_V06,0,0.483,1.200,29,28,2.214,0,28,2.214
KGYX20140702-3,KGYX20140702_084817_V06,2,1.450,1.200,30,1,10.292,3,1,8.297
KGYX20140702-3,KGYX20140702_084817_V06,4,2.417,1.200,17,0,0.028,0,0,0.028
KGYX20140702-3,KGYX20140702_084817_V06,5,3.384,1.200,17,0,0.028,0,0,0.028
KGYX20140702-3,KGYX20140702_084817_V06,6,4.307,1.200,17,0,0.028,0,0,0.028
KGYX20140703-1,KGYX20140703_084334_V06,0,0.483,1.200,286,123,346.917,42,108,248.838
KGYX20140703-1,KGYX20140703_084334_V06,2,1.494,1.200,287,0,0.502,0,0,0.502
KGYX20140703-1,KGYX20140703_084334_V06,4,2.505,1.200,142,0,0.497,0,0,0.497
KGYX20140703-2,KGYX20140703_085314_V06,0,0.483,1.200,464,413,59.999,3,410,59.999
KGYX20140703-2,KGYX20140703_085314_V06,2,1.494,1.200,463,1,54.391,29,0,44.697
KGYX20140703-2,KGYX20140703_085314_V06,4,2.505,1.200,233,0,7.281,1,0,6.452
KGYX20140703-2,KGYX20140703_085314_V06,5,3.516,1.200,234,2,5.370,2,1,3.220
KGYX20140703-2,KGYX20140703_085314_V06,6,4.482,1.200,233,0,4.911,0,0,4.911
KGYX20140704-2,KGYX20140704_081409_V06,0,0.483,1.200,16102,5613,4054.491,4632,1327,1561.306
KGYX20140704-2,KGYX20140704_081409_V06,2,0.879,1.200,16108,7046,4727.470,5767,1732,1547.653
KGYX20140704-2,KGYX20140704_081409_V06,4,1.318,1.200,16102,9638,4157.444,7155,2796,1531.200
KGYX20140704-2,KGYX20140704_081808_V06,0,0.483,1.200,19696,6181,4956.211,5259,1378,1883.299
KGYX20140704-2,KGYX20140704_081808_V06,2,0.879,1.200,19696,8074,5170.655,6685,1852,1996.624
KGYX20140704-2,KGYX20140704_081808_V06,4,1.318,1.200,19710,10090,5159.925,7736,2805,1854.315
KGYX20140704-6,KGYX20140704_091314_V06,0,0.483,1.200,29403,8017,1891.638,7134,1079,700.687
KGYX20140704-6,KGYX20140704_091314_V06,2,1.450,1.200,29430,17743,2236.408,13454,4436,754.813
KGYX20140704-6,KGYX20140704_091808_V06,0,0.483,1.200,33401,10240,2024.597,9013,1421,709.034
KGYX20140704-6,KGYX20140704_091808_V06,2,1.450,1.200,33443,20448,2691.521,15140,5459,975.591
KGYX20140706-9,KGYX20140706_093903_V06,0,0.483,1.200,1488,278,5.388,199,79,5.388
KGYX20140706-9,KGYX20140706_093903_V06,2,1.450,1.200,1487,8,20.438,6,2,20.438
KGYX20140707-1,KGYX20140707_080925_V06,0,0.483,1.200,41,32,2.530,1,32,0.557
KGYX20140707-1,KGYX20140707_080925_V06,2,1.450,1.200,38,0,2.897,1,0,1.304
KGYX20140707-1,KGYX20140707_080925_V06,4,2.417,1.200,22,0,4.021,0,0,4.021
KGYX20140707-1,KGYX20140707_080925_V06,5,3.384,1.200,20,2,2.337,0,2,2.337
KGYX20140707-1,KGYX20140707_080925_V06,6,4.307,1.200,20,0,7.361,1,0,5.739
KGYX20140708-1,KGYX20140708_080739_V06,0,0.483,1.200,37,30,7.797,0,30,7.797
KGYX20140708-1,KGYX20140708_080739_V06,2,1.450,1.200,37,0,6.132,0,0,6.132
KGYX20140708-1,KGYX20140708_080739_V06,4,2.417,1.200,19,0,0.031,0,0,0.031
KGYX20140708-1,KGYX20140708_080739_V06,5,3.384,1.200,19,0,0.031,0,0,0.031
KGYX20140708-1,KGYX20140708_080739_V06,6,4.307,1.200,19,1,3.747,1,0,3.747
KGYX20140708-2,KGYX20140708_080739_V06,0,0.483,1.200,1343,257,243.073,287,9,44.328
KGYX20140708-2,KGYX20140708_080739_V06,2,1.450,1.200,1346,361,487.016,355,73,157.158
KGYX20140708-2,KGYX20140708_080739_V06,4,2.417,1.200,676,44,195.087,41,11,96.252
KGYX20140709-1,KGYX20140709_100052_V06,0,0.483,1.200,39,31,4.192,1,31,1.978
KGYX20140709-1,KGYX20140709_100052_V06,2,1.450,1.200,39,0,13.411,1,0,11.390
KGYX20140709-1,KGYX20140709_100052_V06,4,2.417,1.200,19,0,0.031,0,0,0.031
KGYX20140709-1,KGYX20140709_100052_V06,5,3.384,1.200,19,0,0.031,0,0,0.031
KGYX20140709-1,KGYX20140709_100052_V06,6,4.307,1.200,19,0,4.194,0,0,4.194
KGYX20140709-1,KGYX20140709_100548_V06,0,0.483,1.200,996,70,101.025,28,69,77.261
KGYX20140709-1,KGYX20140709_100548_V06,2,1.450,1.200,1001,5,67.185,18,5,51.540
KGYX20140709-1,KGYX20140709_100548_V06,4,2.417,1.200,498,1,11.334,0,1,11.334
KGYX20140709-1,KGYX20140709_100548_V06,5,3.384,1.200,500,0,0.811,0,0,0.811
KGYX20140709-1,KGYX20140709_100548_V06,6,4.307,1.200,501,1,33.478,3,0,26.886
KGYX20140709-1,KGYX20140709_101042_V06,0,0.483,1.200,37,30,3.591,0,30,3.591
KGYX20140709-1,KGYX20140709_101042_V06,2,1.450,1.200,36,1,10.211,2,1,9.058
KGYX20140709-1,KGYX20140709_101042_V06,4,2.417,1.200,18,0,0.029,0,0,0.029
KGYX20140709-1,KGYX20140709_101042_V06,5,3.384,1.200,18,0,0.029,0,0,0.029
KGYX20140709-1,KGYX20140709_101042_V06,6,4.307,1.200,18,0,9.903,2,0,0.026
KGYX20140710-1,KGYX20140710_092830_V06,0,0.483,1.200,45,33,1.346,0,33,1.346
KGYX20140710-1,KGYX20140710_092830_V06,2,1.450,1.200,43,0,2.966,1,0,2.383
KGYX20140710-1,KGYX20140710_092830_V06,4,2.417,1.200,22,0,0.036,0,0,0.036
KGYX20140710-1,KGYX20140710_092830_V06,5,3.384,1.200,22,0,0.036,0,0,0.036
KGYX20140710-1,KGYX20140710_092830_V06,6,4.307,1.200,20,0,0.032,0,0,0.032
KGYX20140710-3,KGYX20140710_094315_V06,0,0.483,1.200,55,39,9.352,0,39,9.352
KGYX20140710-3,KGYX20140710_094315_V06,2,1.450,1.200,55,0,4.681,1,0,4.037
KGYX20140710-3,KGYX20140710_094315_V06,4,2.417,1.200,28,0,0.045,0,0,0.045
KGYX20140710-3,KGYX20140710_094315_V06,5,3.384,1.200,28,0,0.045,0,0,0.045
KGYX20140710-3,KGYX20140710_094315_V06,6,4.307,1.200,27,0,4.984,1,0,2.925
KGYX20140713-2,KGYX20140713_091746_V06,0,0.483,1.200,5628,527,1405.654,739,507,1273.315
KGYX20140713-2,KGYX20140713_091746_V06,2,1.494,1.200,5628,0,151.641,426,0,124.082
KGYX20140713-2,KGYX20140713_091746_V06,4,2.505,1.200,2820,0,10.731,5,0,9.593
KGYX20140713-2,KGYX20140713_091746_V06,5,3.516,1.200,2827,0,8.382,0,0,8.382
KGYX20140713-2,KGYX20140713_091746_V06,6,4.482,1.200,2834,0,11.100,2,0,10.418
KGYX20140713-3,KGYX20140713_091746_V06,0,0.483,1.200,8988,36,417.229,596,32,317.028
KGYX20140713-3,KGYX20140713_091746_V06,2,1.494,1.200,8994,0,12.589,49,0,9.992
KGYX20140713-3,KGYX20140713_091746_V06,4,2.505,1.200,4492,0,4.338,1,0,4.316
KGYX20140713-3,KGYX20140713_091746_V06,5,3.516,1.200,4493,0,3.736,1,0,3.626
KGYX20140713-3,KGYX20140713_091746_V06,6,4.482,1.200,4505,0,4.086,4,0,3.775
KGYX20140717-1,KGYX20140717_081626_V06,0,0.483,1.200,81,52,12.506,3,49,12.506
KGYX20140717-1,KGYX20140717_081626_V06,2,1.450,1.200,82,0,0.143,0,0,0.143
KGYX20140717-1,KGYX20140717_081626_V06,4,2.417,1.200,41,0,0.143,0,0,0.143
KGYX20140717-2,KGYX20140717_083603_V06,0,0.483,1.200,148,27,86.884,13,16,65.522
KGYX20140717-2,KGYX20140717_083603_V06,2,1.450,1.200,152,3,10.283,1,3,0.447
KGYX20140718-1,KGYX20140718_092759_V06,0,0.483,1.200,45,29,9.837,0,29,9.837
KGYX20140718-1,KGYX20140718_092759_V06,2,1.494,1.200,45,0,1.322,1,0,0.918
KGYX20140718-1,KGYX20140718_092759_V06,4,2.505,1.200,22,0,0.036,0,0,0.036
KGYX20140718-1,KGYX20140718_092759_V06,5,3.516,1.200,22,0,0.036,0,0,0.036
KGYX20140720-3,KGYX20140720_082451_V06,0,0.483,1.200,243,138,138.018,9,131,124.213
KGYX20140720-3,KGYX20140720_082451_V06,2,1.450,1.200,243,8,16.588,7,3,5.755
KGYX20140720-3,KGYX20140720_082945_V06,0,0.483,1.200,966,385,366.872,54,339,304.141
KGYX20140720-3,KGYX20140720_082945_V06,2,1.450,1.200,966,7,59.284,15,0,10.927
KGYX20140723-1,KGYX20140723_085735_V06,0,0.483,1.200,28,26,5.267,1,25,5.267
KGYX20140723-1,KGYX20140723_085735_V06,2,1.494,1.200,30,0,0.034,0,0,0.034
KGYX20140723-1,KGYX20140723_085735_V06,4,2.505,1.200,15,0,0.034,0,0,0.034
KGYX20140723-1,KGYX20140723_085735_V06,5,3.516,1.200,15,0,0.034,0,0,0.034
KGYX20140724-2,KGYX20140724_083212_V06,0,0.483,1.200,951,319,290.261,314,30,86.001
KGYX20140724-2,KGYX20140724_083212_V06,2,1.450,1.200,949,509,660.908,409,163,185.092
KGYX20140728-5,KGYX20140728_100133_V06,0,0.483,1.200,2042,1212,271.272,1029,202,29.337
KGYX20140728-5,KGYX20140728_100133_V06,2,1.450,1.200,2042,1901,27.391,1789,112,27.391
KGYX20140728-5,KGYX20140728_100627_V06,0,0.483,1.200,3843,1785,372.404,1564,245,86.089
KGYX20140728-5,KGYX20140728_100627_V06,2,1.450,1.200,3849,2760,468.205,2592,196,123.089
KGYX20140728-5,KGYX20140728_101122_V06,0,0.483,1.200,5906,2406,548.548,2143,295,185.037
KGYX20140728-5,KGYX20140728_101122_V06,2,1.450,1.200,5910,3658,1228.959,3448,285,441.629
KGYX20140728-5,KGYX20140728_101617_V06,0,0.483,1.200,6270,2462,595.539,2256,242,206.845
KGYX20140728-5,KGYX20140728_101617_V06,2,1.450,1.200,6267,3926,1569.730,3722,310,501.175
KGYX20140728-5,KGYX20140728_102111_V06,0,0.483,1.200,7425,2741,621.375,2477,300,222.810
KGYX20140728-5,KGYX20140728_102111_V06,2,1.450,1.200,7429,4554,1776.634,4367,318,446.622
KGYX20140728-5,KGYX20140728_102606_V06,0,0.483,1.200,8627,3189,722.321,2930,306,240.251
KGYX20140728-5,KGYX20140728_102606_V06,2,1.450,1.200,8633,5120,1872.351,4857,403,587.519
KGYX20140728-5,KGYX20140728_103102_V06,0,0.483,1.200,10062,3598,805.354,3213,434,304.261
KGYX20140728-5,KGYX20140728_103102_V06,2,1.450,1.200,10076,5853,2642.678,5524,545,789.582
KGYX20140728-5,KGYX20140728_103557_V06,0,0.483,1.200,13484,3930,1314.967,3466,558,526.194
KGYX20140728-5,KGYX20140728_103557_V06,2,1.450,1.200,13483,6944,4567.339,6543,784,1457.280
KGYX20140728-5,KGYX20140728_104051_V06,0,0.483,1.200,17462,5269,1357.504,4651,703,663.346
KGYX20140728-5,KGYX20140728_104051_V06,2,1.450,1.200,17483,8555,6914.298,8052,1136,2189.650
KGYX20140728-5,KGYX20140728_104547_V06,0,0.483,1.200,15639,4087,997.674,3583,563,482.901
KGYX20140728-5,KGYX20140728_104547_V06,2,1.450,1.200,15651,6758,6709.728,6476,906,1954.653
KGYX20140728-6,KGYX20140728_102606_V06,0,0.483,1.200,15853,5270,1076.416,4683,662,417.419
KGYX20140728-6,KGYX20140728_102606_V06,2,1.450,1.200,15858,8255,4694.168,7885,777,1319.915
KGYX20140728-6,KGYX20140728_103102_V06,0,0.483,1.200,20114,7152,1665.738,6137,1136,589.925
KGYX20140728-6,KGYX20140728_103102_V06,2,1.450,1.200,20132,10300,7007.812,9814,1121,2033.998
KGYX20140728-1,KGYX20140728_090026_V06,0,0.483,1.200,7203,138,33.685,104,34,33.685
KGYX20140728-3,KGYX20140728_093204_V06,0,0.483,1.200,10559,2342,49.988,1949,393,49.988
KGYX20140730-1,KGYX20140730_095914_V06,0,0.483,1.200,2512,74,1168.754,16,68,1106.237
KGYX20140730-1,KGYX20140730_095914_V06,2,1.494,1.200,2516,0,6.898,0,0,6.898
KGYX20140730-1,KGYX20140730_100855_V06,0,0.483,1.200,4780,77,1500.614,27,67,1419.464
KGYX20140730-1,KGYX20140730_100855_V06,2,1.494,1.200,4776,0,12.733,0,0,12.733
KGYX20140731-3,KGYX20140731_085014_V06,0,0.483,1.200,475,264,460.181,14,258,420.040
KGYX20140731-3,KGYX20140731_085014_V06,2,1.494,1.200,474,0,12.650,0,0,12.650
KGYX20140731-3,KGYX20140731_085956_V06,0,0.483,1.200,2198,179,792.949,26,164,737.840
KGYX20140731-3,KGYX20140731_085956_V06,2,1.494,1.200,2204,0,13.386,1,0,8.358
KGYX20140731-3,KGYX20140731_090938_V06,0,0.483,1.200,1137,329,1310.990,28,319,1204.516
KGYX20140731-3,KGYX20140731_090938_V06,2,1.494,1.200,1141,4,49.911,7,0,33.494
KGYX20140731-1,KGYX20140731_084033_V06,0,0.483,1.200,676,213,355.759,14,206,314.775
KGYX20140731-1,KGYX20140731_084033_V06,2,1.494,1.200,683,2,22.074,1,1,22.074
KGYX20140805-1,KGYX20140805_084342_V06,0,0.483,1.200,404,106,484.072,10,103,439.592
KGYX20140805-1,KGYX20140805_084342_V06,2,1.494,1.200,406,0,52.216,9,0,15.140
KGYX20140805-2,KGYX20140805_095134_V06,0,0.483,1.200,1478,81,417.243,6,81,379.046
KGYX20140805-2,KGYX20140805_095134_V06,2,1.494,1.200,1479,0,12.677,1,0,7.062
KGYX20140805-3,KGYX20140805_102036_V06,0,0.483,1.200,271,148,144.898,13,140,131.005
KGYX20140805-3,KGYX20140805_102036_V06,2,1.494,1.200,271,0,3.644,0,0,3.644
KGYX20140805-3,KGYX20140805_102036_V06,4,2.505,1.200,137,0,0.455,0,0,0.455
KGYX20140807-1,KGYX20140807_094908_V06,0,0.483,1.200,1109,939,0.731,856,83,0.731
KGYX20140807-1,KGYX20140807_094908_V06,2,1.450,1.200,1111,766,1.539,718,48,1.539
KGYX20140807-1,KGYX20140807_095402_V06,0,0.483,1.200,2284,1366,17.516,1219,148,4.026
KGYX20140807-1,KGYX20140807_095402_V06,2,1.450,1.200,2291,1072,101.326,992,87,18.810
KGYX20140807-1,KGYX20140807_095857_V06,0,0.483,1.200,1886,1298,80.862,1166,136,29.350
KGYX20140807-1,KGYX20140807_095857_V06,2,1.450,1.200,1890,875,140.797,821,63,17.348
KGYX20140807-3,KGYX20140807_102825_V06,0,0.483,1.200,5059,545,478.574,501,73,162.481
KGYX20140807-3,KGYX20140807_102825_V06,2,1.450,1.200,5056,816,501.455,806,48,128.270
KGYX20140808-1,KGYX20140808_092120_V06,0,0.483,1.200,119,70,17.179,2,70,16.910
KGYX20140808-1,KGYX20140808_092120_V06,2,1.450,1.200,120,0,2.421,10,0,0.578
KGYX20140808-1,KGYX20140808_092120_V06,4,2.417,1.200,60,0,0.030,0,0,0.030
KGYX20140808-1,KGYX20140808_092120_V06,5,3.384,1.200,61,0,0.031,0,0,0.031
KGYX20140808-1,KGYX20140808_092120_V06,6,4.307,1.200,59,0,0.030,0,0,0.030
KGYX20140808-1,KGYX20140808_092120_V06,7,6.021,1.200,61,0,0.031,0,0,0.031
KGYX20140809-1,KGYX20140809_084708_V06,0,0.483,1.200,1207,180,155.264,154,129,135.683
KGYX20140809-1,KGYX20140809_084708_V06,2,1.494,1.200,1209,5,26.348,89,2,20.858
KGYX20140809-1,KGYX20140809_084708_V06,4,2.505,1.200,594,0,3.690,3,0,3.506
KGYX20140809-1,KGYX20140809_084708_V06,5,3.516,1.200,600,0,0.372,0,0,0.372
KGYX20140809-1,KGYX20140809_084708_V06,6,4.482,1.200,598,0,0.371,0,0,0.371
KGYX20140809-3,KGYX20140809_092551_V06,0,0.483,1.200,15397,2515,1339.702,903,2445,1176.677
KGYX20140809-3,KGYX20140809_092551_V06,2,1.494,1.200,15400,864,310.191,575,809,253.593
KGYX20140809-3,KGYX20140809_092551_V06,4,2.505,1.200,7696,23,64.785,67,5,57.260
KGYX20140809-3,KGYX20140809_092551_V06,5,3.516,1.200,7710,4,23.880,20,0,22.650
KGYX20140809-3,KGYX20140809_092551_V06,6,4.482,1.200,7716,0,16.572,22,0,14.959
KGYX20140809-3,KGYX20140809_093532_V06,0,0.483,1.200,36478,11411,3238.178,1387,11174,2927.039
KGYX20140809-3,KGYX20140809_093532_V06,2,1.494,1.200,36492,8801,1040.613,951,8573,931.503
KGYX20140809-3,KGYX20140809_093532_V06,4,2.505,1.200,18265,1605,430.444,333,1441,401.664
KGYX20140809-3,KGYX20140809_093532_V06,5,3.516,1.200,18284,120,74.222,178,88,68.359
KGYX20140809-3,KGYX20140809_093532_V06,6,4.482,1.200,18314,0,27.357,39,0,26.261
KGYX20140809-3,KGYX20140809_094512_V06,0,0.483,1.200,7442,5682,373.294,177,5628,354.915
KGYX20140809-3,KGYX20140809_094512_V06,2,1.494,1.200,7454,4253,234.171,291,4108,208.715
KGYX20140809-3,KGYX20140809_094512_V06,4,2.505,1.200,3733,633,289.937,219,489,263.377
KGYX20140809-3,KGYX20140809_094512_V06,5,3.516,1.200,3736,1,14.000,7,0,13.698
KGYX20140809-3,KGYX20140809_094512_V06,6,4.482,1.200,3734,1,9.493,10,1,8.494
KGYX20140811-1,KGYX20140811_101217_V06,0,0.483,1.200,569,96,191.531,1,95,191.531
KGYX20140811-1,KGYX20140811_101217_V06,2,1.494,1.200,571,0,1.169,0,0,1.169
KGYX20140811-1,KGYX20140811_101217_V06,4,2.505,1.200,288,0,1.180,0,0,1.180
KGYX20140811-1,KGYX20140811_102159_V06,0,0.483,1.200,2659,45,275.202,4,43,261.141
KGYX20140811-1,KGYX20140811_102159_V06,2,1.494,1.200,2660,0,5.781,0,0,5.781
KGYX20140811-2,KGYX20140811_101217_V06,0,0.483,1.200,575,54,84.945,0,54,84.945
KGYX20140811-2,KGYX20140811_101217_V06,2,1.494,1.200,575,0,1.349,0,0,1.349
KGYX20140812-1,KGYX20140812_094222_V06,0,0.483,1.200,1204,104,125.355,137,80,90.647
KGYX20140812-1,KGYX20140812_094222_V06,2,1.494,1.200,1208,12,53.783,76,10,39.788
KGYX20140812-1,KGYX20140812_094222_V06,4,2.505,1.200,609,0,0.380,0,0,0.380
KGYX20140812-1,KGYX20140812_094222_V06,5,3.516,1.200,610,0,0.382,0,0,0.382
KGYX20140812-1,KGYX20140812_094222_V06,6,4.482,1.200,607,0,0.541,0,0,0.541
KGYX20140812-2,KGYX20140812_100143_V06,0,0.483,1.200,4057,1449,173.975,295,1365,157.783
KGYX20140812-2,KGYX20140812_100143_V06,2,1.494,1.200,4058,42,62.161,230,37,50.601
KGYX20140812-2,KGYX20140812_100143_V06,4,2.505,1.200,2028,1,8.126,28,1,6.936
KGYX20140812-2,KGYX20140812_100143_V06,5,3.516,1.200,2032,0,6.196,7,0,5.921
KGYX20140812-2,KGYX20140812_100143_V06,6,4.482,1.200,2037,0,8.769,9,0,8.198
KGYX20140813-1,KGYX20140813_092342_V06,0,0.483,1.200,5127,3824,7.886,3197,627,7.886
KGYX20140815-2,KGYX20140815_092053_V06,0,0.483,1.200,637,304,33.530,50,286,25.673
KGYX20140815-2,KGYX20140815_092053_V06,2,1.450,1.200,636,7,12.784,11,6,11.280
KGYX20140815-2,KGYX20140815_092053_V06,4,2.417,1.200,319,0,0.156,0,0,0.156
KGYX20140815-2,KGYX20140815_092053_V06,5,3.384,1.200,318,0,0.156,0,0,0.156
KGYX20140815-2,KGYX20140815_092053_V06,6,4.307,1.200,320,0,0.157,0,0,0.157
KGYX20140815-2,KGYX20140815_092053_V06,7,6.021,1.200,321,0,0.158,0,0,0.158
KGYX20140815-2,KGYX20140815_092547_V06,0,0.483,1.200,2484,757,152.441,193,711,111.138
KGYX20140815-2,KGYX20140815_092547_V06,2,1.450,1.200,2482,81,45.198,69,73,37.737
KGYX20140815-2,KGYX20140815_092547_V06,4,2.417,1.200,1240,0,2.070,4,0,1.703
KGYX20140815-2,KGYX20140815_092547_V06,5,3.384,1.200,1242,0,2.018,2,0,1.002
KGYX20140815-2,KGYX20140815_092547_V06,6,4.307,1.200,1246,0,0.609,0,0,0.609
KGYX20140815-2,KGYX20140815_092547_V06,7,6.021,1.200,1245,0,1.303,0,0,1.303
KGYX20140815-2,KGYX20140815_093041_V06,0,0.483,1.200,3185,1251,310.500,401,1082,254.848
KGYX20140815-2,KGYX20140815_093041_V06,2,1.450,1.200,3187,82,53.183,92,70,43.658
KGYX20140815-2,KGYX20140815_093041_V06,4,2.417,1.200,1594,0,4.553,1,0,3.463
KGYX20140815-2,KGYX20140815_093041_V06,5,3.384,1.200,1596,0,4.011,3,0,3.019
KGYX20140815-2,KGYX20140815_093041_V06,6,4.307,1.200,0,0,0.000,0,0,0.000
KGYX20140815-2,KGYX20140815_093542_V06,0,0.483,1.200,4671,1508,493.205,576,1324,404.301
KGYX20140815-2,KGYX20140815_093542_V06,2,1.450,1.200,4671,53,66.512,146,46,48.950
KGYX20140815-2,KGYX20140815_093542_V06,4,2.417,1.200,2337,0,5.218,0,0,5.218
KGYX20140815-2,KGYX20140815_093542_V06,5,3.384,1.200,2339,0,2.129,0,0,2.129
KGYX20140815-2,KGYX20140815_093542_V06,6,4.307,1.200,2340,0,3.029,2,0,2.842
KGYX20140815-2,KGYX20140815_093542_V06,7,6.021,1.200,2350,0,5.658,4,0,5.390
KGYX20140815-3,KGYX20140815_094036_V06,0,0.483,1.200,1798,160,178.070,115,141,124.302
KGYX20140815-3,KGYX20140815_094036_V06,2,1.450,1.200,1797,0,9.056,14,0,5.031
KGYX20140815-3,KGYX20140815_094036_V06,4,2.417,1.200,905,0,2.434,2,0,1.624
KGYX20140815-3,KGYX20140815_094036_V06,5,3.384,1.200,902,0,0.864,0,0,0.864
KGYX20140815-3,KGYX20140815_094036_V06,6,4.307,1.200,906,0,0.869,0,0,0.869
KGYX20140816-4,KGYX20140816_092616_V06,0,0.483,1.200,188,127,11.612,6,122,11.434
KGYX20140816-4,KGYX20140816_092616_V06,2,1.450,1.200,187,0,7.683,6,0,6.741
KGYX20140816-4,KGYX20140816_092616_V06,4,2.417,1.200,95,0,0.053,0,0,0.053
KGYX20140816-4,KGYX20140816_092616_V06,5,3.384,1.200,93,0,0.052,0,0,0.052
KGYX20140816-4,KGYX20140816_092616_V06,6,4.307,1.200,94,0,0.052,0,0,0.052
KGYX20140816-4,KGYX20140816_092616_V06,7,6.021,1.200,96,0,0.054,0,0,0.054
KGYX20140816-4,KGYX20140816_093111_V06,0,0.483,1.200,1585,548,92.631,112,503,76.187
KGYX20140816-4,KGYX20140816_093111_V06,2,1.450,1.200,1586,32,36.622,27,30,31.970
KGYX20140816-4,KGYX20140816_093111_V06,4,2.417,1.200,790,0,1.324,0,0,1.324
KGYX20140816-4,KGYX20140816_093111_V06,5,3.384,1.200,793,0,0.441,0,0,0.441
KGYX20140816-4,KGYX20140816_093111_V06,6,4.307,1.200,796,0,0.444,0,0,0.444
KGYX20140816-4,KGYX20140816_093111_V06,7,6.021,1.200,796,0,0.447,0,0,0.447
KGYX20140816-4,KGYX20140816_093606_V06,0,0.483,1.200,3091,929,312.673,338,786,251.759
KGYX20140816-4,KGYX20140816_093606_V06,2,1.450,1.200,3086,40,59.013,54,34,49.834
KGYX20140816-4,KGYX20140816_093606_V06,4,2.417,1.200,1549,0,1.973,0,0,1.973
KGYX20140816-4,KGYX20140816_093606_V06,5,3.384,1.200,1550,0,0.895,0,0,0.895
KGYX20140816-4,KGYX20140816_093606_V06,6,4.307,1.200,1551,0,0.898,0,0,0.898
KGYX20140816-4,KGYX20140816_093606_V06,7,6.021,1.200,1556,0,0.907,0,0,0.907
KGYX20140816-4,KGYX20140816_094101_V06,0,0.483,1.200,6319,1147,524.876,576,959,400.126
KGYX20140816-4,KGYX20140816_094101_V06,2,1.450,1.200,6323,57,70.051,112,40,53.060
KGYX20140816-4,KGYX20140816_094101_V06,4,2.417,1.200,3154,0,2.689,0,0,2.689
KGYX20140816-4,KGYX20140816_094101_V06,5,3.384,1.200,3165,0,2.252,0,0,2.252
KGYX20140816-4,KGYX20140816_094101_V06,6,4.307,1.200,3163,0,2.165,0,0,2.165
KGYX20140816-4,KGYX20140816_094101_V06,7,6.021,1.200,3176,0,2.183,0,0,2.183
KGYX20140816-4,KGYX20140816_094556_V06,0,0.483,1.200,10546,1220,853.777,946,957,618.360
KGYX20140816-4,KGYX20140816_094556_V06,2,1.450,1.200,10559,84,102.088,203,59,74.595
KGYX20140816-4,KGYX20140816_094556_V06,4,2.417,1.200,5279,0,11.701,2,0,11.311
KGYX20140816-4,KGYX20140816_094556_V06,5,3.384,1.200,5290,0,4.219,0,0,4.219
KGYX20140816-4,KGYX20140816_094556_V06,6,4.307,1.200,5297,0,5.167,0,0,5.167
KGYX20140816-4,KGYX20140816_094556_V06,7,6.021,1.200,5310,0,4.803,1,0,4.690
KGYX20140816-4,KGYX20140816_095050_V06,0,0.483,1.200,14131,1223,1101.634,1304,891,791.195
KGYX20140816-4,KGYX20140816_095050_V06,2,1.450,1.200,14142,13,61.906,190,7,34.828
KGYX20140816-4,KGYX20140816_095050_V06,4,2.417,1.200,7078,2,17.457,3,2,17.020
KGYX20140816-4,KGYX20140816_095050_V06,5,3.384,1.200,7089,0,8.112,0,0,8.112
KGYX20140816-4,KGYX20140816_095050_V06,6,4.307,1.200,7095,0,7.057,3,0,6.234
KGYX20140816-4,KGYX20140816_095050_V06,7,6.021,1.200,7108,0,5.921,2,0,5.647
KGYX20140819-1,KGYX20140819_093516_V06,0,0.483,1.200,500,370,20.846,15,363,19.489
KGYX20140819-1,KGYX20140819_093516_V06,2,1.494,1.200,502,42,34.179,19,39,30.362
KGYX20140819-1,KGYX20140819_093516_V06,4,2.505,1.200,252,0,0.288,0,0,0.288
KGYX20140819-1,KGYX20140819_093516_V06,5,3.516,1.200,251,0,0.121,0,0,0.121
KGYX20140819-1,KGYX20140819_093516_V06,6,4.482,1.200,250,0,0.121,0,0,0.121
KGYX20140819-1,KGYX20140819_094458_V06,0,0.483,1.200,4473,1323,496.542,393,1221,426.012
KGYX20140819-1,KGYX20140819_094458_V06,2,1.494,1.200,4483,602,140.006,191,545,120.485
KGYX20140819-1,KGYX20140819_094458_V06,4,2.505,1.200,2260,5,7.130,0,5,7.130
KGYX20140819-1,KGYX20140819_094458_V06,5,3.516,1.200,2258,0,1.854,0,0,1.854
KGYX20140819-1,KGYX20140819_094458_V06,6,4.482,1.200,2258,0,1.491,1,0,1.470
KGYX20140819-1,KGYX20140819_095439_V06,0,0.483,1.200,9179,1587,1299.740,882,1418,1115.367
KGYX20140819-1,KGYX20140819_095439_V06,2,1.494,1.200,9188,394,140.054,243,367,111.265
KGYX20140819-1,KGYX20140819_095439_V06,4,2.505,1.200,4598,33,23.818,14,24,23.525
KGYX20140819-1,KGYX20140819_095439_V06,5,3.516,1.200,4601,0,8.857,6,0,8.322
KGYX20140819-1,KGYX20140819_095439_V06,6,4.482,1.200,4606,0,4.770,1,0,4.754
KGYX20140819-4,KGYX20140819_095439_V06,0,0.483,1.200,1005,94,702.028,6,90,679.043
KGYX20140819-4,KGYX20140819_095439_V06,2,1.494,1.200,1002,0,3.748,0,0,3.748
KGYX20140819-6,KGYX20140819_102343_V06,0,0.483,1.200,7503,241,2973.920,37,235,2794.800
KGYX20140819-6,KGYX20140819_102343_V06,2,1.494,1.200,7510,0,31.616,0,0,31.616
KGYX20140820-1,KGYX20140820_093319_V06,0,0.483,1.200,211,179,9.419,9,177,8.460
KGYX20140820-1,KGYX20140820_093319_V06,2,1.450,1.200,209,11,15.113,13,10,12.460
KGYX20140820-1,KGYX20140820_093319_V06,4,2.417,1.200,102,0,0.052,0,0,0.052
KGYX20140820-1,KGYX20140820_093319_V06,5,3.384,1.200,102,0,0.052,0,0,0.052
KGYX20140820-1,KGYX20140820_093319_V06,6,4.307,1.200,103,0,0.052,0,0,0.052
KGYX20140820-1,KGYX20140820_093319_V06,7,6.021,1.200,104,0,0.053,0,0,0.053
KGYX20140820-1,KGYX20140820_093814_V06,0,0.483,1.200,2104,697,195.632,161,669,165.470
KGYX20140820-1,KGYX20140820_093814_V06,2,1.494,1.200,2102,101,58.210,35,97,54.083
KGYX20140820-1,KGYX20140820_093814_V06,4,2.505,1.200,1048,0,0.756,0,0,0.756
KGYX20140820-1,KGYX20140820_093814_V06,5,3.516,1.200,1050,0,2.274,4,0,1.974
KGYX20140820-1,KGYX20140820_093814_V06,6,4.482,1.200,1054,0,0.974,1,0,0.898
KGYX20140820-1,KGYX20140820_094754_V06,0,0.483,1.200,4963,1155,820.507,630,1055,678.413
KGYX20140820-1,KGYX20140820_094754_V06,2,1.494,1.200,4967,262,181.092,276,241,138.792
KGYX20140820-1,KGYX20140820_094754_V06,4,2.505,1.200,2481,0,7.727,7,0,7.149
KGYX20140820-1,KGYX20140820_094754_V06,5,3.516,1.200,2483,0,3.089,4,0,2.816
KGYX20140820-1,KGYX20140820_094754_V06,6,4.482,1.200,2484,0,2.807,1,0,2.777
KGYX20140820-6,KGYX20140820_095734_V06,0,0.483,1.200,3037,499,2414.807,50,478,2228.237
KGYX20140820-6,KGYX20140820_095734_V06,2,1.494,1.200,3041,1,14.109,1,0,14.109
KGYX20140821-6,KGYX20140821_094456_V06,0,0.483,1.200,862,599,100.827,37,585,92.156
KGYX20140821-6,KGYX20140821_094456_V06,2,1.450,1.200,858,134,63.491,79,123,52.070
KGYX20140821-6,KGYX20140821_094456_V06,4,2.417,1.200,431,0,1.115,0,0,1.115
KGYX20140821-6,KGYX20140821_094456_V06,5,3.384,1.200,427,0,4.032,1,0,3.885
KGYX20140821-6,KGYX20140821_094456_V06,6,4.307,1.200,431,0,4.761,1,0,4.674
KGYX20140821-6,KGYX20140821_094456_V06,7,6.021,1.200,428,0,2.099,1,0,2.017
KGYX20140821-6,KGYX20140821_094951_V06,0,0.483,1.200,3869,1900,828.716,323,1783,742.170
KGYX20140821-6,KGYX20140821_094951_V06,2,1.450,1.200,3877,488,460.075,609,422,355.046
KGYX20140821-6,KGYX20140821_094951_V06,4,2.417,1.200,1953,5,22.763,16,0,17.547
KGYX20140821-6,KGYX20140821_094951_V06,5,3.384,1.200,1953,1,16.325,9,0,14.566
KGYX20140821-6,KGYX20140821_094951_V06,6,4.307,1.200,1959,0,13.219,2,0,12.818
KGYX20140821-6,KGYX20140821_094951_V06,7,6.021,1.200,1962,0,11.739,8,0,10.008
KGYX20140821-6,KGYX20140821_095445_V06,0,0.483,1.200,6893,3372,1535.567,605,3152,1339.345
KGYX20140821-6,KGYX20140821_095445_V06,2,1.450,1.200,6894,887,788.156,808,788,646.256
KGYX20140821-6,KGYX20140821_095445_V06,4,2.417,1.200,3444,25,48.112,31,23,43.918
KGYX20140821-6,KGYX20140821_095445_V06,5,3.384,1.200,3449,0,16.311,12,0,13.121
KGYX20140821-6,KGYX20140821_095445_V06,6,4.307,1.200,3457,1,20.862,8,1,19.003
KGYX20140821-6,KGYX20140821_095445_V06,7,6.021,1.200,3470,0,18.617,2,0,17.548
KGYX20140821-3,KGYX20140821_085550_V06,0,0.483,1.200,3628,2152,8.093,1758,394,8.093
KGYX20140821-3,KGYX20140821_090045_V06,0,0.483,1.200,5742,3635,11.099,3051,584,11.099
KGYX20140821-3,KGYX20140821_090540_V06,0,0.483,1.200,6191,4384,9.680,3641,743,9.680
KGYX20140821-3,KGYX20140821_091035_V06,0,0.483,1.200,4578,3670,4.942,3057,613,4.942
KGYX20140821-8,KGYX20140821_095940_V06,0,0.483,1.200,16216,6254,219.322,5240,1024,85.242
KGYX20140821-8,KGYX20140821_100435_V06,0,0.483,1.200,19035,5573,114.962,4474,1101,90.387
KGYX20140821-8,KGYX20140821_100929_V06,0,0.483,1.200,14659,5209,203.331,4186,1032,83.171
KGYX20140821-8,KGYX20140821_101424_V06,0,0.483,1.200,18009,5533,346.908,4466,1076,228.974
KGYX20140821-8,KGYX20140821_102127_V06,0,0.483,1.200,6968,3290,149.290,2662,637,33.831
KGYX20140821-8,KGYX20140821_102622_V06,0,0.483,1.200,17523,4792,465.889,3859,953,219.537
KGYX20140821-8,KGYX20140821_103117_V06,0,0.483,1.200,22016,5017,686.895,3957,1090,345.728
KGYX20140821-8,KGYX20140821_103611_V06,0,0.483,1.200,6797,2508,223.000,2077,447,23.307
KGYX20140821-1,KGYX20140821_085550_V06,0,0.483,1.200,62,27,8.492,18,12,5.149
KGYX20140821-1,KGYX20140821_085550_V06,2,1.450,1.200,63,1,11.172,1,1,10.644
KGYX20140821-1,KGYX20140821_085550_V06,4,2.417,1.200,32,0,0.055,0,0,0.055
KGYX20140821-1,KGYX20140821_085550_V06,5,3.384,1.200,31,0,0.053,0,0,0.053
KGYX20140821-5,KGYX20140821_094002_V06,0,0.483,1.200,12137,5431,54.148,4462,969,54.148
KGYX20140822-6,KGYX20140822_101657_V06,0,0.483,1.200,2429,1343,330.875,1094,273,103.506
KGYX20140822-6,KGYX20140822_101657_V06,2,1.450,1.200,2426,1365,746.889,977,438,264.506
KGYX20140822-6,KGYX20140822_102151_V06,0,0.483,1.200,3836,1719,608.474,1439,311,334.013
KGYX20140822-6,KGYX20140822_102151_V06,2,1.450,1.200,3842,1766,1206.146,1199,631,634.000
KGYX20140822-3,KGYX20140822_095718_V06,0,0.483,1.200,4388,1973,480.870,1195,1450,349.282
KGYX20140822-3,KGYX20140822_095718_V06,2,1.450,1.200,4388,1299,336.999,1289,710,207.103
KGYX20140822-3,KGYX20140822_095718_V06,4,2.417,1.200,2195,504,278.707,803,43,91.043
KGYX20140822-3,KGYX20140822_095718_V06,5,3.384,1.200,2197,452,280.794,764,18,79.826
KGYX20140822-3,KGYX20140822_095718_V06,6,4.307,1.200,2202,451,247.579,799,17,65.263
KGYX20140822-3,KGYX20140822_095718_V06,7,6.021,1.200,2210,572,234.997,703,136,108.079
KGYX20140822-4,KGYX20140822_095718_V06,0,0.483,1.200,2150,1147,298.463,908,261,74.937
KGYX20140822-4,KGYX20140822_095718_V06,2,1.450,1.200,2157,1125,675.557,789,390,195.966
KGYX20140824-1,KGYX20140824_100416_V06,0,0.483,1.200,1894,79,347.378,2,79,325.470
KGYX20140824-1,KGYX20140824_100416_V06,2,1.494,1.200,1893,0,7.683,0,0,7.683
KGYX20140825-1,KGYX20140825_101301_V06,0,0.483,1.200,165382,51156,48024.053,11924,47486,39852.447
KGYX20140825-1,KGYX20140825_101301_V06,2,1.494,1.200,165471,17279,7521.867,15493,13891,6033.975
KGYX20140825-1,KGYX20140825_101301_V06,4,2.505,1.200,82799,3105,2526.620,6040,2127,2163.534
KGYX20140825-1,KGYX20140825_101301_V06,5,3.516,1.200,82896,1157,1103.976,6253,678,931.973
KGYX20140825-1,KGYX20140825_101301_V06,6,4.482,1.200,83011,584,555.685,5685,275,454.863
KGYX20140826-1,KGYX20140826_092037_V06,0,0.483,1.200,457,318,231.052,24,298,205.214
KGYX20140826-1,KGYX20140826_092037_V06,2,1.450,1.200,453,0,1.020,0,0,1.020
KGYX20140826-1,KGYX20140826_092531_V06,0,0.483,1.200,1394,470,536.160,49,432,467.250
KGYX20140826-1,KGYX20140826_092531_V06,2,1.450,1.200,1396,6,33.705,0,6,33.705
KGYX20140826-1,KGYX20140826_093026_V06,0,0.483,1.200,2250,559,508.950,66,507,425.537
KGYX20140826-1,KGYX20140826_093026_V06,2,1.450,1.200,2257,1,32.349,0,1,32.349
KGYX20140826-2,KGYX20140826_094510_V06,0,0.483,1.200,888,95,826.112,1,95,820.796
KGYX20140826-2,KGYX20140826_094510_V06,2,1.494,1.200,889,0,1.540,0,0,1.540
KGYX20140826-2,KGYX20140826_094510_V06,4,2.505,1.200,444,0,1.539,0,0,1.539
KGYX20140826-3,KGYX20140826_101903_V06,0,0.483,1.200,294,215,88.964,26,193,73.042
KGYX20140826-3,KGYX20140826_101903_V06,2,1.450,1.200,294,4,28.902,1,4,24.716
KGYX20140826-3,KGYX20140826_101903_V06,4,2.417,1.200,148,0,0.598,0,0,0.598
KGYX20140828-1,KGYX20140828_101332_V06,0,0.483,1.200,562,77,264.397,41,48,148.836
KGYX20140828-1,KGYX20140828_101332_V06,2,1.450,1.200,556,0,1.781,0,0,1.781
KGYX20140828-1,KGYX20140828_101826_V06,0,0.483,1.200,1733,185,690.654,81,121,530.409
KGYX20140828-1,KGYX20140828_101826_V06,2,1.450,1.200,1733,0,5.555,0,0,5.555
KGYX20140828-1,KGYX20140828_102322_V06,0,0.483,1.200,3577,299,835.233,122,197,670.398
KGYX20140828-1,KGYX20140828_102322_V06,2,1.450,1.200,3568,8,26.749,1,7,26.749
KGYX20140828-1,KGYX20140828_102816_V06,0,0.483,1.200,6020,403,1497.257,159,289,1097.421
KGYX20140828-1,KGYX20140828_102816_V06,2,1.450,1.200,6030,9,33.404,3,7,27.290
KGYX20140830-1,KGYX20140830_100858_V06,0,0.483,1.200,1154,124,347.929,3,123,327.272
KGYX20140830-1,KGYX20140830_100858_V06,2,1.494,1.200,1153,0,3.826,0,0,3.826
KGYX20140830-1,KGYX20140830_101840_V06,0,0.483,1.200,5509,91,502.517,21,79,431.114
KGYX20140830-1,KGYX20140830_101840_V06,2,1.450,1.200,5508,3,32.797,4,0,19.059
KGYX20140830-3,KGYX20140830_103329_V06,0,0.483,1.200,1929,79,321.165,20,68,252.373
KGYX20140830-3,KGYX20140830_103329_V06,2,1.450,1.200,1929,0,5.046,0,0,5.046
KGYX20140901-1,KGYX20140901_090607_V06,0,0.483,1.200,379,189,180.133,65,133,102.070
KGYX20140901-1,KGYX20140901_090607_V06,2,0.879,1.200,375,45,140.857,31,21,82.364
KGYX20140901-1,KGYX20140901_090607_V06,4,1.318,1.200,374,8,18.974,3,6,8.381
KGYX20140901-1,KGYX20140901_090607_V06,6,1.802,1.200,200,1,22.109,0,1,22.109
KGYX20140904-1,KGYX20140904_111301_V06,0,0.483,1.200,63331,24499,17620.526,7403,21699,14586.297
KGYX20140904-1,KGYX20140904_111301_V06,2,1.494,1.200,63366,4227,2599.279,10726,2818,1878.918
KGYX20140904-1,KGYX20140904_111301_V06,4,2.505,1.200,31706,971,510.576,3168,455,408.351
KGYX20140904-1,KGYX20140904_111301_V06,5,3.516,1.200,31742,412,172.946,2947,129,128.777
KGYX20140904-1,KGYX20140904_111301_V06,6,4.482,1.200,31775,225,93.118,2597,48,69.852
KGYX20140905-1,KGYX20140905_100107_V06,0,0.483,1.200,2274,180,463.884,65,169,414.521
KGYX20140905-1,KGYX20140905_100107_V06,2,1.494,1.200,2281,0,15.134,7,0,12.544
KGYX20140905-1,KGYX20140905_100107_V06,4,2.505,1.200,1138,0,5.105,0,0,5.105
KGYX20140905-1,KGYX20140905_100107_V06,5,3.516,1.200,1140,0,1.621,0,0,1.621
KGYX20140905-1,KGYX20140905_100107_V06,6,4.482,1.200,1140,0,1.625,0,0,1.625
KGYX20140905-2,KGYX20140905_101046_V06,0,0.483,1.200,71,60,21.286,5,56,20.406
KGYX20140905-2,KGYX20140905_101046_V06,2,1.494,1.200,71,0,15.459,6,0,0.908
KGYX20140905-2,KGYX20140905_101046_V06,4,2.505,1.200,34,0,0.071,0,0,0.071
KGYX20140905-2,KGYX20140905_101046_V06,5,3.516,1.200,33,0,0.069,0,0,0.069
KGYX20140905-4,KGYX20140905_112855_V06,0,0.483,1.200,85,44,49.494,1,43,49.494
KGYX20140905-4,KGYX20140905_112855_V06,2,1.494,1.200,83,0,0.072,0,0,0.072
KGYX20140905-4,KGYX20140905_112855_V06,4,2.505,1.200,43,0,0.075,0,0,0.075
KGYX20140905-4,KGYX20140905_112855_V06,5,3.516,1.200,42,0,0.073,0,0,0.073
KGYX20140908-1,KGYX20140908_091341_V06,0,0.483,1.200,48,48,0.000,1,47,0.000
KGYX20140908-1,KGYX20140908_091341_V06,2,1.450,1.200,49,0,0.039,0,0,0.039
KGYX20140908-1,KGYX20140908_091341_V06,4,2.417,1.200,23,0,0.037,0,0,0.037
KGYX20140908-1,KGYX20140908_091341_V06,5,3.384,1.200,24,0,0.039,0,0,0.039
KGYX20140908-1,KGYX20140908_091341_V06,6,4.307,1.200,26,0,3.666,0,0,3.666
KGYX20140909-1,KGYX20140909_095345_V06,0,0.483,1.200,855,406,419.862,106,367,345.995
KGYX20140909-1,KGYX20140909_095345_V06,2,1.450,1.200,856,0,3.822,1,0,3.438
KGYX20140909-1,KGYX20140909_095345_V06,4,2.417,1.200,432,0,0.595,0,0,0.595
KGYX20140909-1,KGYX20140909_095345_V06,5,3.384,1.200,430,0,0.593,0,0,0.593
KGYX20140909-1,KGYX20140909_095345_V06,6,4.307,1.200,432,0,0.597,0,0,0.597
KGYX20140909-1,KGYX20140909_095840_V06,0,0.483,1.200,2564,733,1067.862,264,657,915.020
KGYX20140909-1,KGYX20140909_095840_V06,2,1.450,1.200,2566,0,31.488,17,0,24.079
KGYX20140909-1,KGYX20140909_095840_V06,4,2.417,1.200,1291,0,8.289,0,0,8.289
KGYX20140909-1,KGYX20140909_095840_V06,5,3.384,1.200,1294,0,1.754,0,0,1.754
KGYX20140909-1,KGYX20140909_095840_V06,6,4.307,1.200,1295,0,1.758,0,0,1.758
KGYX20140909-1,KGYX20140909_100334_V06,0,0.483,1.200,3511,1023,1291.391,357,913,1092.139
KGYX20140909-1,KGYX20140909_100334_V06,2,1.450,1.200,3516,5,122.464,101,4,89.998
KGYX20140909-1,KGYX20140909_100334_V06,4,2.417,1.200,1756,0,2.380,0,0,2.380
KGYX20140909-1,KGYX20140909_100334_V06,5,3.384,1.200,1759,0,2.386,0,0,2.386
KGYX20140909-1,KGYX20140909_100334_V06,6,4.307,1.200,1760,0,2.396,0,0,2.396
KGYX20140909-3,KGYX20140909_101326_V06,0,0.483,1.200,656,431,318.719,45,412,249.556
KGYX20140909-3,KGYX20140909_101326_V06,2,1.494,1.200,657,12,38.975,8,8,32.395
KGYX20140909-3,KGYX20140909_101326_V06,4,2.505,1.200,328,0,44.189,5,0,23.156
KGYX20140909-3,KGYX20140909_102306_V06,0,0.483,1.200,2867,1675,1225.088,278,1510,939.322
KGYX20140909-3,KGYX20140909_102306_V06,2,1.450,1.200,2866,6,59.850,9,4,44.642
KGYX20140909-3,KGYX20140909_102306_V06,4,2.417,1.200,1435,0,43.576,0,0,43.576
KGYX20140909-3,KGYX20140909_102306_V06,5,3.384,1.200,1436,1,32.823,0,1,32.823
KGYX20140909-3,KGYX20140909_102802_V06,0,0.483,1.200,3054,2156,1196.906,282,1966,979.020
KGYX20140909-3,KGYX20140909_102802_V06,2,1.450,1.200,3052,9,115.671,23,2,70.848
KGYX20140909-3,KGYX20140909_102802_V06,4,2.417,1.200,1532,0,14.485,0,0,14.485
KGYX20140909-3,KGYX20140909_102802_V06,5,3.384,1.200,1528,0,3.868,0,0,3.868
KGYX20140909-4,KGYX20140909_101326_V06,0,0.483,1.200,331,177,287.493,44,153,190.338
KGYX20140909-4,KGYX20140909_101326_V06,2,1.494,1.200,332,5,55.549,7,5,27.771
KGYX20140909-4,KGYX20140909_102306_V06,0,0.483,1.200,1721,520,1035.708,229,368,640.336
KGYX20140909-4,KGYX20140909_102306_V06,2,1.450,1.200,1723,11,68.672,17,5,18.960
KGYX20140909-4,KGYX20140909_102306_V06,4,2.417,1.200,854,0,46.337,0,0,46.337
KGYX20140909-2,KGYX20140909_100830_V06,0,0.483,1.200,732,412,210.174,59,381,182.289
KGYX20140909-2,KGYX20140909_100830_V06,2,1.450,1.200,732,2,49.748,14,1,41.920
KGYX20140909-2,KGYX20140909_100830_V06,4,2.417,1.200,368,0,0.559,0,0,0.559
KGYX20140909-2,KGYX20140909_100830_V06,5,3.384,1.200,366,0,0.558,0,0,0.558
KGYX20140909-2,KGYX20140909_100830_V06,6,4.307,1.200,368,0,0.562,0,0,0.562
KGYX20140909-6,KGYX20140909_104245_V06,0,0.483,1.200,3492,781,669.809,138,695,587.648
KGYX20140909-6,KGYX20140909_104245_V06,2,1.450,1.200,3498,5,110.143,25,5,93.417
KGYX20140909-6,KGYX20140909_104245_V06,4,2.417,1.200,1747,0,3.319,0,0,3.319
KGYX20140909-6,KGYX20140909_104245_V06,5,3.384,1.200,1750,0,3.331,0,0,3.331
KGYX20140909-7,KGYX20140909_111712_V06,0,0.483,1.200,2442,645,542.426,53,606,526.352
KGYX20140909-7,KGYX20140909_111712_V06,2,1.450,1.200,2445,11,114.721,22,10,98.573
KGYX20140909-7,KGYX20140909_111712_V06,4,2.417,1.200,1223,0,2.193,0,0,2.193
KGYX20140909-7,KGYX20140909_111712_V06,5,3.384,1.200,1221,0,3.882,0,0,3.882
KGYX20140912-1,KGYX20140912_110959_V06,0,0.483,1.200,829,130,123.399,21,129,111.854
KGYX20140912-1,KGYX20140912_110959_V06,2,1.494,1.200,828,0,0.486,0,0,0.486
KGYX20140912-1,KGYX20140912_110959_V06,4,2.505,1.200,412,0,0.483,0,0,0.483
KGYX20140912-1,KGYX20140912_110959_V06,5,3.516,1.200,414,0,0.488,0,0,0.488
KGYX20140912-1,KGYX20140912_110959_V06,6,4.482,1.200,414,0,0.488,0,0,0.488
KGYX20140912-1,KGYX20140912_111940_V06,0,0.483,1.200,3732,148,276.446,93,135,238.284
KGYX20140912-1,KGYX20140912_111940_V06,2,1.494,1.200,3739,0,4.676,3,0,3.648
KGYX20140912-1,KGYX20140912_111940_V06,4,2.505,1.200,1872,0,2.204,0,0,2.204
KGYX20140912-1,KGYX20140912_111940_V06,5,3.516,1.200,1872,0,2.209,0,0,2.209
KGYX20140912-1,KGYX20140912_111940_V06,6,4.482,1.200,1882,0,2.227,0,0,2.227
KGYX20140920-1,KGYX20140920_103556_V06,0,0.483,1.200,424,32,38.985,39,30,35.678
KGYX20140920-1,KGYX20140920_103556_V06,2,1.494,1.200,424,0,0.130,0,0,0.130
KGYX20140920-1,KGYX20140920_103556_V06,4,2.505,1.200,210,0,0.129,0,0,0.129
KGYX20140920-1,KGYX20140920_103556_V06,5,3.516,1.200,211,0,0.130,0,0,0.130
KGYX20140920-1,KGYX20140920_103556_V06,6,4.482,1.200,214,0,0.132,0,0,0.132
KGYX20140921-4,KGYX20140921_102914_V06,0,0.483,1.200,45,27,0.014,2,25,0.014
KGYX20140921-4,KGYX20140921_102914_V06,2,1.450,1.200,45,0,5.396,1,0,4.486
KGYX20140921-4,KGYX20140921_102914_V06,4,2.417,1.200,23,0,0.037,0,0,0.037
KGYX20140921-4,KGYX20140921_102914_V06,5,3.384,1.200,23,0,0.037,0,0,0.037
KGYX20140921-4,KGYX20140921_102914_V06,6,4.307,1.200,23,0,0.037,0,0,0.037
KGYX20140922-4,KGYX20140922_100241_V06,0,0.483,1.200,14697,14076,231.721,1458,12670,216.821
KGYX20140922-4,KGYX20140922_100241_V06,2,1.450,1.200,14706,8351,934.513,7327,3018,435.619
KGYX20140922-4,KGYX20140922_100241_V06,4,2.417,1.200,7364,3376,695.596,3934,393,258.094
KGYX20140922-4,KGYX20140922_100241_V06,5,3.384,1.200,7365,3246,609.504,3584,354,239.802
KGYX20140922-4,KGYX20140922_100241_V06,6,4.307,1.200,7375,3231,541.900,3375,368,219.130
KGYX20140922-4,KGYX20140922_100241_V06,7,6.021,1.200,7395,2640,618.205,2870,457,193.136
KGYX20140922-4,KGYX20140922_100830_V06,0,0.483,1.200,22972,18116,1393.054,3907,15192,1151.038
KGYX20140922-4,KGYX20140922_100830_V06,2,1.450,1.200,22988,11295,1512.853,10441,3878,730.077
KGYX20140922-4,KGYX20140922_100830_V06,4,2.417,1.200,11498,3704,1026.375,4827,410,458.714
KGYX20140922-4,KGYX20140922_100830_V06,5,3.384,1.200,11508,3166,795.834,3634,375,259.678
KGYX20140922-4,KGYX20140922_100830_V06,6,4.307,1.200,11529,2893,808.419,3222,275,276.074
KGYX20140922-4,KGYX20140922_100830_V06,7,6.021,1.200,11564,2417,857.540,2926,310,221.866
KGYX20140922-3,KGYX20140922_100241_V06,0,0.483,1.200,6089,1880,1369.827,1602,408,471.180
KGYX20140922-3,KGYX20140922_100241_V06,2,1.450,1.200,6088,1543,1189.130,1572,99,253.774
KGYX20140922-5,KGYX20140922_111410_V06,0,0.483,1.200,2237,373,9.011,336,37,9.011
KGYX20140929-1,KGYX20140929_103652_V06,0,0.483,1.200,1970,321,222.199,360,280,201.826
KGYX20140929-1,KGYX20140929_103652_V06,2,1.494,1.200,1972,31,93.592,638,21,63.293
KGYX20140929-1,KGYX20140929_103652_V06,4,2.505,1.200,985,21,64.451,241,8,41.014
KGYX20140929-1,KGYX20140929_103652_V06,5,3.516,1.200,983,4,23.592,104,1,15.715
KGYX20140929-1,KGYX20140929_103652_V06,6,4.482,1.200,990,4,6.591,8,0,6.198
KGYX20140930-1,KGYX20140930_094447_V06,0,0.483,1.200,101,72,65.307,3,70,61.854
KGYX20140930-1,KGYX20140930_094447_V06,2,1.450,1.200,103,0,0.105,0,0,0.105
KGYX20140930-1,KGYX20140930_094447_V06,4,2.417,1.200,50,0,8.180,0,0,8.180
KGYX20140930-1,KGYX20140930_094447_V06,5,3.384,1.200,48,0,0.099,0,0,0.099
KGYX20141001-2,KGYX20141001_103110_V06,0,0.483,1.200,4257,729,388.297,1089,13,86.620
KGYX20141001-2,KGYX20141001_103110_V06,2,1.450,1.200,4256,812,366.943,1213,5,36.947
KGYX20141001-2,KGYX20141001_103110_V06,4,2.417,1.200,2132,458,322.883,568,36,94.737
KGYX20141001-2,KGYX20141001_103110_V06,5,3.384,1.200,2133,581,315.574,592,105,100.997
KGYX20141001-2,KGYX20141001_103110_V06,6,4.307,1.200,2134,552,272.660,654,15,53.362
KGYX20141001-9,KGYX20141001_104155_V06,0,0.483,1.200,5505,1383,1980.652,1670,87,432.336
KGYX20141001-9,KGYX20141001_104155_V06,2,1.450,1.200,5509,1348,1644.898,1106,531,523.811
KGYX20141001-9,KGYX20141001_104155_V06,4,2.417,1.200,2755,158,1169.401,171,45,683.207
KGYX20141006-1,KGYX20141006_100111_V06,0,0.483,1.200,46,45,2.787,2,43,2.787
KGYX20141006-1,KGYX20141006_100111_V06,2,1.494,1.200,46,21,25.732,8,16,21.267
KGYX20141006-1,KGYX20141006_100111_V06,4,2.505,1.200,24,0,0.039,0,0,0.039
KGYX20141006-1,KGYX20141006_100111_V06,5,3.516,1.200,23,0,2.547,0,0,2.547
KGYX20141007-3,KGYX20141007_100122_V06,0,0.483,1.200,207,42,99.020,78,2,19.902
KGYX20141007-3,KGYX20141007_100122_V06,2,1.494,1.200,206,8,50.961,36,0,2.402
KGYX20141007-3,KGYX20141007_100122_V06,4,2.505,1.200,104,0,0.229,0,0,0.229
KGYX20141007-3,KGYX20141007_100122_V06,5,3.516,1.200,103,0,0.227,0,0,0.227
KGYX20141007-8,KGYX20141007_104006_V06,0,0.483,1.200,5933,431,364.286,369,82,132.769
KGYX20141007-8,KGYX20141007_104006_V06,2,1.450,1.200,5944,1133,1191.711,1087,121,350.543
KGYX20141007-8,KGYX20141007_104502_V06,0,0.483,1.200,8876,877,273.192,741,152,96.826
KGYX20141007-8,KGYX20141007_104502_V06,2,1.450,1.200,8880,2186,1890.270,2129,191,525.341
KGYX20141007-8,KGYX20141007_104957_V06,0,0.483,1.200,4589,1079,789.488,975,159,199.291
KGYX20141007-8,KGYX20141007_104957_V06,2,1.450,1.200,4595,1964,323.785,1881,104,78.489
KGYX20141007-13,KGYX20141007_105948_V06,0,0.483,1.200,6852,307,186.851,385,55,135.290
KGYX20141007-13,KGYX20141007_105948_V06,2,1.450,1.200,6856,289,119.290,564,6,12.815
KGYX20141007-13,KGYX20141007_105948_V06,4,2.417,1.200,3435,152,100.722,257,0,15.935
KGYX20141007-13,KGYX20141007_105948_V06,5,3.384,1.200,3435,94,85.576,198,0,14.429
KGYX20141007-13,KGYX20141007_105948_V06,6,4.307,1.200,3442,9,37.461,44,0,6.719
KGYX20141012-1,KGYX20141012_104727_V06,0,0.483,1.200,45372,13503,366.004,6531,11161,308.731
KGYX20141012-1,KGYX20141012_104727_V06,2,1.494,1.200,45388,693,37.802,6324,449,23.228
KGYX20141012-1,KGYX20141012_104727_V06,4,2.505,1.200,22725,58,17.516,2244,37,11.332
KGYX20141012-1,KGYX20141012_104727_V06,5,3.516,1.200,22744,19,7.715,2849,12,5.763
KGYX20141012-1,KGYX20141012_104727_V06,6,4.482,1.200,22770,3,6.480,3042,2,5.106
KGYX20141014-2,KGYX20141014_105657_V06,0,0.483,1.200,28522,4651,83.129,2289,3871,73.358
KGYX20141014-2,KGYX20141014_105657_V06,2,1.494,1.200,28533,124,4.432,2223,75,2.886
KGYX20141014-2,KGYX20141014_105657_V06,4,2.505,1.200,14281,12,1.229,476,1,1.001
KGYX20141014-2,KGYX20141014_105657_V06,5,3.516,1.200,14295,6,0.924,561,4,0.795
KGYX20141014-2,KGYX20141014_105657_V06,6,4.482,1.200,14317,0,1.250,805,0,0.917
KGYX20141014-2,KGYX20141014_110637_V06,0,0.483,1.200,43337,9036,251.026,3532,7621,215.869
KGYX20141014-2,KGYX20141014_110637_V06,2,1.494,1.200,43349,137,8.391,2515,76,6.108
KGYX20141014-2,KGYX20141014_110637_V06,4,2.505,1.200,21697,1,3.975,646,1,3.642
KGYX20141014-2,KGYX20141014_110637_V06,5,3.516,1.200,21716,10,7.218,909,2,6.084
KGYX20141014-2,KGYX20141014_110637_V06,6,4.482,1.200,21745,3,4.955,928,3,4.092
KGYX20141014-1,KGYX20141014_103735_V06,0,0.483,1.200,14610,215,6.603,1093,181,6.139
KGYX20141014-1,KGYX20141014_103735_V06,2,1.494,1.200,14617,47,0.671,2367,27,0.418
KGYX20141014-1,KGYX20141014_103735_V06,4,2.505,1.200,7312,2,0.266,575,2,0.185
KGYX20141014-1,KGYX20141014_103735_V06,5,3.516,1.200,7323,6,0.253,479,0,0.117
KGYX20141014-1,KGYX20141014_103735_V06,6,4.482,1.200,7338,3,0.149,372,1,0.133
KGYX20141021-3,KGYX20141021_105925_V06,0,0.483,1.200,3783,1619,148.659,1225,400,76.601
KGYX20141021-3,KGYX20141021_105925_V06,2,1.450,1.200,3790,739,1161.503,635,178,374.965
KGYX20141021-3,KGYX20141021_110420_V06,0,0.483,1.200,5701,1911,361.289,1390,541,148.481
KGYX20141021-3,KGYX20141021_110420_V06,2,1.450,1.200,5711,1174,885.204,1000,226,363.702
KGYX20141021-3,KGYX20141021_110915_V06,0,0.483,1.200,6029,2067,648.034,1527,574,300.368
KGYX20141021-3,KGYX20141021_110915_V06,2,1.450,1.200,6035,1429,997.529,1260,236,323.851
KGYX20141021-5,KGYX20141021_112950_V06,0,0.483,1.200,4298,429,20.068,358,71,20.068
KGYX20141021-5,KGYX20141021_113445_V06,0,0.483,1.200,5720,376,27.715,306,70,27.715
KGYX20141021-6,KGYX20141021_114930_V06,0,0.483,1.200,11918,43,80.417,31,15,47.370
KGYX20141021-6,KGYX20141021_114930_V06,2,1.450,1.200,11939,332,270.730,275,70,99.677
KGYX20141021-6,KGYX20141021_115425_V06,0,0.483,1.200,14730,115,230.581,101,25,116.301
KGYX20141021-6,KGYX20141021_115425_V06,2,1.450,1.200,14747,363,601.322,333,65,156.775
KGYX20141021-1,KGYX20141021_101846_V06,0,0.483,1.200,42,35,15.386,2,33,15.386
KGYX20141021-1,KGYX20141021_101846_V06,2,1.450,1.200,41,0,0.101,0,0,0.101
KGYX20141021-2,KGYX20141021_105430_V06,0,0.483,1.200,4015,230,20.718,192,38,20.718
KGYX20141022-23,KGYX20141022_115117_V06,0,0.483,1.200,3008,1098,1663.443,871,488,827.008
KGYX20141022-23,KGYX20141022_115117_V06,2,1.450,1.200,3010,849,1619.085,1126,117,458.942
KGYX20141022-23,KGYX20141022_115117_V06,4,2.417,1.200,1520,61,416.875,66,27,223.654
KGYX20141022-23,KGYX20141022_115707_V06,0,0.483,1.200,5552,2308,3074.493,1498,1232,1704.332
KGYX20141022-23,KGYX20141022_115707_V06,2,1.450,1.200,5553,1542,3198.606,2095,207,947.373
KGYX20141022-23,KGYX20141022_115707_V06,4,2.417,1.200,2779,149,974.866,194,27,568.453
KGYX20141022-23,KGYX20141022_120257_V06,0,0.483,1.200,3565,1526,1989.406,753,982,1166.745
KGYX20141022-23,KGYX20141022_120257_V06,2,1.450,1.200,3571,863,1835.111,1125,112,571.837
KGYX20141022-23,KGYX20141022_120257_V06,4,2.417,1.200,1791,92,453.389,90,32,269.975
KGYX20141022-9,KGYX20141022_105924_V06,0,0.483,1.200,10943,3602,3000.482,4095,784,1184.042
KGYX20141022-9,KGYX20141022_105924_V06,2,1.450,1.200,10946,2743,3204.784,3644,837,1148.520
KGYX20141022-9,KGYX20141022_105924_V06,4,2.417,1.200,5469,330,1113.552,448,93,511.155
KGYX20141022-9,KGYX20141022_105924_V06,5,3.384,1.200,5472,22,285.479,145,0,92.146
KGYX20141022-15,KGYX20141022_112358_V06,0,0.483,1.200,5387,801,1252.818,925,264,517.916
KGYX20141022-15,KGYX20141022_112358_V06,2,1.450,1.200,5390,605,1185.920,1027,192,491.895
KGYX20141022-15,KGYX20141022_112358_V06,4,2.417,1.200,2692,109,164.029,100,31,102.961
KGYX20141022-15,KGYX20141022_112358_V06,5,3.384,1.200,2697,52,156.380,93,2,62.239
KGYX20141023-8,KGYX20141023_110721_V06,0,0.483,1.200,5553,1361,706.157,1183,233,263.308
KGYX20141023-8,KGYX20141023_110721_V06,2,1.450,1.200,5557,2439,1250.902,2395,139,387.003
KGYX20141024-19,KGYX20141024_112708_V06,0,0.483,1.200,2396,459,8.310,311,148,8.310
KGYX20141024-19,KGYX20141024_112708_V06,2,1.450,1.200,2395,158,9.803,142,16,9.803
KGYX20141024-19,KGYX20141024_113204_V06,0,0.483,1.200,3779,755,12.878,464,291,12.878
KGYX20141024-19,KGYX20141024_113204_V06,2,1.450,1.200,3789,437,156.332,397,50,38.897
KGYX20141024-8,KGYX20141024_103303_V06,0,0.483,1.200,6929,892,188.013,719,184,52.163
KGYX20141024-14,KGYX20141024_110234_V06,0,0.483,1.200,14939,7034,3217.261,6451,950,860.420
KGYX20141024-14,KGYX20141024_110234_V06,2,1.450,1.200,14944,6549,3885.053,6232,717,1229.113
KGYX20141024-21,KGYX20141024_113204_V06,0,0.483,1.200,12390,2695,1458.694,2356,472,528.248
KGYX20141024-21,KGYX20141024_113204_V06,2,1.450,1.200,12406,3186,4407.961,3027,546,1215.898
KGYX20141024-22,KGYX20141024_113659_V06,0,0.483,1.200,3229,744,584.443,1284,25,167.965
KGYX20141024-22,KGYX20141024_113659_V06,2,1.450,1.200,3230,511,296.195,876,3,36.096
KGYX20141024-22,KGYX20141024_113659_V06,4,2.417,1.200,1623,262,212.306,303,73,60.969
KGYX20141024-22,KGYX20141024_113659_V06,5,3.384,1.200,1623,103,289.235,238,4,68.983
KGYX20141024-22,KGYX20141024_113659_V06,6,4.307,1.200,1621,0,1.768,0,0,1.768
KGYX20141024-24,KGYX20141024_114648_V06,0,0.483,1.200,16118,3722,4732.349,3088,992,1677.269
KGYX20141024-24,KGYX20141024_114648_V06,2,1.450,1.200,16145,4026,5478.381,3856,684,1609.707
KGYX20141026-1,KGYX20141026_102832_V06,0,0.483,1.200,1622,989,471.074,259,801,380.898
KGYX20141026-1,KGYX20141026_102832_V06,2,1.450,1.200,1624,397,197.369,416,84,61.627
KGYX20141026-1,KGYX20141026_102832_V06,4,2.417,1.200,810,0,23.984,1,0,19.968
KGYX20141026-1,KGYX20141026_102832_V06,5,3.384,1.200,812,0,1.171,0,0,1.171
KGYX20141026-1,KGYX20141026_102832_V06,6,4.307,1.200,811,0,2.637,0,0,2.637
KGYX20141029-2,KGYX20141029_104738_V06,0,0.483,1.200,18741,2281,688.084,1927,400,246.078
KGYX20141029-4,KGYX20141029_123545_V06,0,0.483,1.200,25464,9896,2526.901,8023,2097,1010.367
KGYX20141029-4,KGYX20141029_123545_V06,2,1.450,1.200,25495,18720,3917.333,17369,1702,1180.210
KGYX20141103-1,KGYX20141103_102231_V06,0,0.483,1.200,9422,439,3.310,1897,384,2.998
KGYX20141103-1,KGYX20141103_102231_V06,2,1.494,1.200,9426,31,0.302,4810,23,0.182
KGYX20141103-1,KGYX20141103_102231_V06,4,2.505,1.200,4720,5,0.205,2932,1,0.085
KGYX20141103-1,KGYX20141103_102231_V06,5,3.516,1.200,4724,1,0.185,3296,1,0.039
KGYX20141103-1,KGYX20141103_102231_V06,6,4.482,1.200,4734,5,0.256,3496,0,0.031
KGYX20141103-2,KGYX20141103_102231_V06,0,0.483,1.200,41,34,1.982,2,32,1.982
KGYX20141103-2,KGYX20141103_102231_V06,2,1.494,1.200,44,0,6.785,8,0,0.029
KGYX20141103-2,KGYX20141103_102231_V06,4,2.505,1.200,20,0,4.595,0,0,4.595
KGYX20141103-2,KGYX20141103_102231_V06,5,3.516,1.200,22,0,4.012,0,0,4.012
KGYX20141105-15,KGYX20141105_115535_V06,0,0.483,1.200,9601,513,942.416,480,105,341.500
KGYX20141105-15,KGYX20141105_115535_V06,2,1.450,1.200,9609,5878,5893.978,5305,995,1859.247
KGYX20141105-15,KGYX20141105_120124_V06,0,0.483,1.200,15675,1939,1411.440,1714,374,479.911
KGYX20141105-15,KGYX20141105_120124_V06,2,1.450,1.200,15708,10194,9655.304,9232,1788,2903.268
KGYX20141105-20,KGYX20141105_124214_V06,0,0.483,1.200,24769,1292,479.317,1005,314,225.406
KGYX20141105-20,KGYX20141105_124214_V06,2,1.450,1.200,24782,10455,9060.553,9834,1324,2471.273
KGYX20141105-20,KGYX20141105_124805_V06,0,0.483,1.200,27657,1016,571.524,794,246,297.909
KGYX20141105-20,KGYX20141105_124805_V06,2,1.450,1.200,27682,12009,11376.597,11595,1464,2983.385
KGYX20141105-2,KGYX20141105_103351_V06,0,0.483,1.200,27220,4240,6725.028,4538,758,1838.780
KGYX20141105-2,KGYX20141105_103351_V06,2,1.450,1.200,27245,6237,12243.448,6399,1452,4090.315
KGYX20141105-3,KGYX20141105_103351_V06,0,0.483,1.200,45273,7709,6077.624,5835,2642,2827.889
KGYX20141105-3,KGYX20141105_103351_V06,2,1.450,1.200,45312,12395,12882.343,11070,3086,5229.401
KGYX20141105-4,KGYX20141105_103942_V06,0,0.483,1.200,23653,1294,1786.493,1127,347,714.086
KGYX20141105-4,KGYX20141105_103942_V06,2,1.450,1.200,23671,11066,10680.436,10202,1783,3993.069
KGYX20141105-21,KGYX20141105_124214_V06,0,0.483,1.200,9200,1338,526.776,1009,357,218.435
KGYX20141105-21,KGYX20141105_124214_V06,2,1.450,1.200,9193,2267,1167.835,1989,356,427.551
KGYX20141106-1,KGYX20141106_113147_V06,0,0.483,1.200,4022,2476,2948.579,2095,524,764.545
KGYX20141106-1,KGYX20141106_114128_V06,0,0.483,1.200,7338,4488,3900.275,3823,865,916.695
KGYX20141106-1,KGYX20141106_115110_V06,0,0.483,1.200,8903,5384,4407.263,4725,867,1363.624
KGYX20141107-10,KGYX20141107_113826_V06,0,0.483,1.200,3142,718,129.503,564,160,49.977
KGYX20141107-10,KGYX20141107_113826_V06,2,1.450,1.200,3150,0,13.481,0,0,13.481
KGYX20141108-1,KGYX20141108_104225_V06,0,0.483,1.200,54,42,8.002,0,42,8.002
KGYX20141108-1,KGYX20141108_104225_V06,2,1.494,1.200,54,0,3.473,0,0,3.473
KGYX20141108-1,KGYX20141108_104225_V06,4,2.505,1.200,28,0,0.046,0,0,0.046
KGYX20141108-1,KGYX20141108_104225_V06,5,3.516,1.200,28,0,0.046,0,0,0.046
KGYX20141112-1,KGYX20141112_120003_V06,0,0.483,1.200,11797,148,9.273,3260,143,8.722
KGYX20141112-1,KGYX20141112_120003_V06,2,1.494,1.200,11803,13,0.539,3012,9,0.267
KGYX20141112-1,KGYX20141112_120003_V06,4,2.505,1.200,5904,2,0.646,1191,2,0.205
KGYX20141112-1,KGYX20141112_120003_V06,5,3.516,1.200,5910,0,1.276,2001,0,0.280
KGYX20141112-1,KGYX20141112_120003_V06,6,4.482,1.200,5913,0,1.343,2701,0,0.233
KGYX20141116-1,KGYX20141116_121717_V06,0,0.483,1.200,23220,997,29.186,4900,753,25.048
KGYX20141116-1,KGYX20141116_121717_V06,2,1.494,1.200,23226,39,0.921,3618,16,0.488
KGYX20141116-1,KGYX20141116_121717_V06,4,2.505,1.200,11624,1,0.610,1045,0,0.371
KGYX20141116-1,KGYX20141116_121717_V06,5,3.516,1.200,11636,1,0.307,439,1,0.297
KGYX20141116-1,KGYX20141116_121717_V06,6,4.482,1.200,11656,0,0.311,509,0,0.298
KGYX20141116-2,KGYX20141116_124622_V06,0,0.483,1.200,10953,2522,8425.207,2558,484,2368.417
KGYX20141116-3,KGYX20141116_125604_V06,0,0.483,1.200,17075,3749,10609.149,3637,765,3240.410
KGYX20141116-3,KGYX20141116_125604_V06,2,1.494,1.200,17100,6145,28735.105,7839,777,7448.103
KGYX20141117-1,KGYX20141117_104142_V06,0,0.483,1.200,336,336,0.000,181,155,0.000
KGYX20141117-1,KGYX20141117_104142_V06,2,1.450,1.200,334,334,0.000,284,50,0.000
KGYX20141117-1,KGYX20141117_104142_V06,4,2.417,1.200,168,168,0.000,168,0,0.000
KGYX20141117-1,KGYX20141117_104142_V06,5,3.384,1.200,168,162,28.852,165,0,15.020
KGYX20141117-1,KGYX20141117_104142_V06,6,4.307,1.200,169,125,160.196,162,0,12.659
KGYX20141120-1,KGYX20141120_104456_V06,0,0.483,1.200,13383,750,8.109,4194,391,5.637
KGYX20141120-1,KGYX20141120_104456_V06,2,1.494,1.200,13392,73,0.959,5849,29,0.359
KGYX20141120-1,KGYX20141120_104456_V06,4,2.505,1.200,6711,3,0.251,1598,1,0.090
KGYX20141120-1,KGYX20141120_104456_V06,5,3.516,1.200,6721,3,0.150,1346,2,0.062
KGYX20141120-1,KGYX20141120_104456_V06,6,4.482,1.200,6734,0,0.094,935,0,0.062
KGYX20141120-2,KGYX20141120_104456_V06,0,0.483,1.200,53,45,4.072,4,41,4.072
KGYX20141120-2,KGYX20141120_104456_V06,2,1.494,1.200,52,1,11.570,4,1,6.995
KGYX20141120-2,KGYX20141120_104456_V06,4,2.505,1.200,26,0,0.043,0,0,0.043
KGYX20141120-2,KGYX20141120_104456_V06,5,3.516,1.200,27,0,8.275,1,0,5.965
KGYX20141122-1,KGYX20141122_104841_V06,0,0.483,1.200,46,38,1.702,0,38,1.702
KGYX20141122-1,KGYX20141122_104841_V06,2,1.494,1.200,46,0,9.063,0,0,9.063
KGYX20141122-1,KGYX20141122_104841_V06,4,2.505,1.200,23,0,4.397,0,0,4.397
KGYX20141122-1,KGYX20141122_104841_V06,5,3.516,1.200,23,0,10.647,0,0,10.647
KGYX20141123-5,KGYX20141123_112729_V06,0,0.483,1.200,5173,74,267.256,82,11,90.407
KGYX20141123-5,KGYX20141123_112729_V06,2,1.450,1.200,5188,0,78.004,7,0,25.024
KGYX20141123-5,KGYX20141123_113224_V06,0,0.483,1.200,8012,96,346.541,105,21,103.263
KGYX20141123-5,KGYX20141123_113224_V06,2,1.450,1.200,8022,1,48.691,4,0,29.048
KGYX20141123-5,KGYX20141123_113719_V06,0,0.483,1.200,11489,144,369.557,133,40,156.234
KGYX20141123-5,KGYX20141123_113719_V06,2,1.450,1.200,11492,0,55.860,2,0,41.631
KGYX20141123-5,KGYX20141123_114214_V06,0,0.483,1.200,19335,315,526.624,287,77,236.023
KGYX20141123-5,KGYX20141123_114214_V06,2,1.450,1.200,19341,23,306.031,32,12,200.576
KGYX20141123-6,KGYX20141123_113719_V06,0,0.483,1.200,17594,270,697.944,237,85,358.562
KGYX20141123-6,KGYX20141123_113719_V06,2,1.450,1.200,17602,25,277.168,29,11,190.116
KGYX20141126-1,KGYX20141126_105349_V06,0,0.483,1.200,56,46,0.008,14,32,0.008
KGYX20141126-1,KGYX20141126_105349_V06,2,1.450,1.200,57,10,20.067,6,7,15.405
KGYX20141126-1,KGYX20141126_105349_V06,4,2.417,1.200,28,1,4.542,1,0,4.542
KGYX20141126-1,KGYX20141126_105349_V06,5,3.384,1.200,29,0,4.294,0,0,4.294
KGYX20141126-1,KGYX20141126_105349_V06,6,4.307,1.200,30,1,102.140,17,1,41.947
KGYX20141127-1,KGYX20141127_105539_V06,0,0.483,1.200,4749,762,208.770,616,154,110.240
KGYX20141127-10,KGYX20141127_130250_V06,0,0.483,1.200,14846,2706,10138.775,3080,463,3429.284
KGYX20141127-10,KGYX20141127_130250_V06,2,1.494,1.200,14857,2,68.315,2,1,66.254
KGYX20141128-1,KGYX20141128_120725_V06,0,0.483,1.200,15336,751,6290.493,1162,123,1844.727
KGYX20141128-1,KGYX20141128_120725_V06,2,1.494,1.200,15344,1,175.094,15,0,102.258
KGYX20141130-2,KGYX20141130_110809_V06,0,0.483,1.200,7786,235,173.034,539,157,100.932
KGYX20141130-2,KGYX20141130_110809_V06,2,1.450,1.200,7786,110,608.475,1207,45,245.649
KGYX20141130-2,KGYX20141130_110809_V06,4,2.417,1.200,3902,4,299.389,366,1,142.075
KGYX20141130-2,KGYX20141130_110809_V06,5,3.384,1.200,3904,0,28.288,105,0,18.405
KGYX20141130-2,KGYX20141130_110809_V06,6,4.307,1.200,3910,0,7.624,1,0,7.582
KGYX20141130-2,KGYX20141130_110809_V06,7,6.021,1.200,3922,0,6.975,1,0,6.340
KGYX20141130-3,KGYX20141130_111305_V06,0,0.483,1.200,22844,2624,5895.859,5337,1029,1680.324
KGYX20141130-3,KGYX20141130_111305_V06,2,1.450,1.200,22863,298,2445.697,3829,15,532.280
KGYX20141130-3,KGYX20141130_111305_V06,4,2.417,1.200,11443,32,334.737,319,2,147.294
KGYX20141130-3,KGYX20141130_111305_V06,5,3.384,1.200,11448,23,54.752,61,1,26.305
KGYX20141130-12,KGYX20141130_130751_V06,0,0.483,1.200,9056,109,26.616,3605,98,16.973
KGYX20141130-12,KGYX20141130_130751_V06,2,1.494,1.200,9064,0,20.202,5327,0,7.237
KGYX20141130-12,KGYX20141130_130751_V06,4,2.505,1.200,4528,0,50.480,2618,0,10.935
KGYX20141130-12,KGYX20141130_130751_V06,5,3.516,1.200,4531,0,117.413,3006,0,25.707
KGYX20141130-12,KGYX20141130_130751_V06,6,4.482,1.200,4539,6,136.188,2937,2,42.110
KGYX20141130-13,KGYX20141130_130751_V06,0,0.483,1.200,1485,292,3265.891,575,130,1316.994
KGYX20141130-13,KGYX20141130_130751_V06,2,1.494,1.200,1487,0,6.956,1,0,5.186
KGYX20141130-13,KGYX20141130_130751_V06,4,2.505,1.200,737,0,5.655,0,0,5.655
KGYX20141203-3,KGYX20141203_114531_V06,0,0.483,1.200,3249,1039,35.962,915,126,9.378
KGYX20141203-3,KGYX20141203_114531_V06,2,1.450,1.200,3249,0,14.015,0,0,14.015
KGYX20141204-1,KGYX20141204_111635_V06,0,0.483,1.200,18524,268,12.337,5586,185,10.776
KGYX20141204-1,KGYX20141204_111635_V06,2,1.494,1.200,18530,37,2.063,10920,11,0.400
KGYX20141204-1,KGYX20141204_111635_V06,4,2.505,1.200,9274,2,0.964,4720,0,0.321
KGYX20141204-1,KGYX20141204_111635_V06,5,3.516,1.200,9285,0,0.639,3694,0,0.285
KGYX20141204-1,KGYX20141204_111635_V06,6,4.482,1.200,9299,0,0.519,3017,0,0.223
KGYX20141205-1,KGYX20141205_111017_V06,0,0.483,1.200,19917,329,12.762,3496,195,10.210
KGYX20141205-1,KGYX20141205_111017_V06,2,1.494,1.200,19928,28,0.943,3993,10,0.399
KGYX20141205-1,KGYX20141205_111017_V06,4,2.505,1.200,9969,11,0.487,957,3,0.384
KGYX20141205-1,KGYX20141205_111017_V06,5,3.516,1.200,9980,3,0.504,480,1,0.361
KGYX20141205-1,KGYX20141205_111017_V06,6,4.482,1.200,9994,4,0.399,400,2,0.342
KGYX20141205-4,KGYX20141205_111958_V06,0,0.483,1.200,226,133,2.070,1,133,2.053
KGYX20141205-4,KGYX20141205_111958_V06,2,1.494,1.200,226,0,0.350,4,0,0.043
KGYX20141205-4,KGYX20141205_111958_V06,4,2.505,1.200,114,0,0.082,2,0,0.064
KGYX20141205-4,KGYX20141205_111958_V06,5,3.516,1.200,115,0,0.063,0,0,0.063
KGYX20141205-4,KGYX20141205_111958_V06,6,4.482,1.200,115,0,0.165,0,0,0.165
KGYX20141206-5,KGYX20141206_115912_V06,0,0.483,1.200,13307,3077,3616.678,2153,1105,1943.919
KGYX20141206-5,KGYX20141206_115912_V06,2,1.450,1.200,13321,348,1087.066,335,89,351.343
KGYX20141206-5,KGYX20141206_120503_V06,0,0.483,1.200,17463,3766,4758.921,2974,1070,2531.040
KGYX20141206-5,KGYX20141206_120503_V06,2,1.450,1.200,17482,913,1813.716,881,178,564.179
KGYX20141206-2,KGYX20141206_113549_V06,0,0.483,1.200,4574,1023,301.007,642,396,114.719
KGYX20141207-2,KGYX20141207_120446_V06,0,0.483,1.200,18777,327,8.945,6160,267,7.996
KGYX20141207-2,KGYX20141207_120446_V06,2,1.494,1.200,18783,7,1.867,12924,7,0.415
KGYX20141207-2,KGYX20141207_120446_V06,4,2.505,1.200,9399,0,2.581,7046,0,0.435
KGYX20141207-2,KGYX20141207_120446_V06,5,3.516,1.200,9410,0,3.954,7581,0,0.578
KGYX20141207-2,KGYX20141207_120446_V06,6,4.482,1.200,9423,0,4.846,7683,0,0.349
KGYX20141207-2,KGYX20141207_121427_V06,0,0.483,1.200,33613,731,47.611,7496,609,41.519
KGYX20141207-2,KGYX20141207_121427_V06,2,1.494,1.200,33634,15,10.155,19117,14,2.117
KGYX20141207-2,KGYX20141207_121427_V06,4,2.505,1.200,16834,1,20.362,10537,1,5.960
KGYX20141207-2,KGYX20141207_121427_V06,5,3.516,1.200,16849,0,16.097,10705,0,2.894
KGYX20141207-2,KGYX20141207_121427_V06,6,4.482,1.200,16881,1,10.073,9578,0,1.746
KGYX20141207-1,KGYX20141207_115506_V06,0,0.483,1.200,22738,585,16.635,7185,491,14.769
KGYX20141207-1,KGYX20141207_115506_V06,2,1.494,1.200,22745,14,2.703,14588,11,0.590
KGYX20141207-1,KGYX20141207_115506_V06,4,2.505,1.200,11373,1,4.156,8018,1,0.858
KGYX20141207-1,KGYX20141207_115506_V06,5,3.516,1.200,11391,0,6.257,9282,0,0.821
KGYX20141207-1,KGYX20141207_115506_V06,6,4.482,1.200,11406,1,6.619,9170,0,0.595
KGYX20141209-3,KGYX20141209_115428_V06,0,0.483,1.200,10040,3181,30.162,2741,440,30.162
KGYX20141209-4,KGYX20141209_121410_V06,0,0.483,1.200,33,27,2.838,2,27,0.003
KGYX20141209-4,KGYX20141209_121410_V06,2,1.450,1.200,32,0,0.026,0,0,0.026
KGYX20141209-4,KGYX20141209_121410_V06,4,2.417,1.200,16,0,0.026,0,0,0.026
KGYX20141209-4,KGYX20141209_121410_V06,5,3.384,1.200,17,0,0.028,0,0,0.028
KGYX20141209-4,KGYX20141209_121410_V06,6,4.307,1.200,16,0,0.026,0,0,0.026
KGYX20141209-6,KGYX20141209_130511_V06,0,0.483,1.200,6521,4528,261.850,4174,367,110.702
KGYX20141211-2,KGYX20141211_114137_V06,0,0.483,1.200,1571,571,206.825,556,161,83.627
KGYX20141211-2,KGYX20141211_114137_V06,2,1.450,1.200,1569,78,252.600,368,2,49.165
KGYX20141211-2,KGYX20141211_114137_V06,4,2.417,1.200,787,0,0.894,0,0,0.894
KGYX20141211-2,KGYX20141211_114137_V06,5,3.384,1.200,789,0,1.870,0,0,1.870
KGYX20141211-2,KGYX20141211_114137_V06,6,4.307,1.200,787,0,1.489,0,0,1.489
KGYX20141211-3,KGYX20141211_114137_V06,0,0.483,1.200,4241,544,1446.490,494,216,624.421
KGYX20141211-3,KGYX20141211_114137_V06,2,1.450,1.200,4238,5,108.911,16,3,73.930
KGYX20141211-3,KGYX20141211_114137_V06,4,2.417,1.200,2122,0,55.196,0,0,55.196
KGYX20141219-2,KGYX20141219_111719_V06,0,0.483,1.200,55,40,3.028,7,33,3.028
KGYX20141219-2,KGYX20141219_111719_V06,2,1.494,1.200,54,4,8.661,5,3,4.261
KGYX20141219-2,KGYX20141219_111719_V06,4,2.505,1.200,27,0,0.044,0,0,0.044
KGYX20141219-2,KGYX20141219_111719_V06,5,3.516,1.200,27,0,0.044,0,0,0.044
KGYX20141220-1,KGYX20141220_111929_V06,0,0.483,1.200,20516,547,14.155,6367,307,10.439
KGYX20141220-1,KGYX20141220_111929_V06,2,1.494,1.200,20521,79,1.917,7623,37,0.722
KGYX20141220-1,KGYX20141220_111929_V06,4,2.505,1.200,10267,36,1.042,1925,25,0.763
KGYX20141220-1,KGYX20141220_111929_V06,5,3.516,1.200,10280,10,0.974,1068,1,0.741
KGYX20141220-1,KGYX20141220_111929_V06,6,4.482,1.200,10292,8,0.703,401,3,0.475
KGYX20141220-1,KGYX20141220_112910_V06,0,0.483,1.200,34531,963,51.090,7310,599,40.041
KGYX20141220-1,KGYX20141220_112910_V06,2,1.494,1.200,34550,209,12.097,7852,85,5.065
KGYX20141220-1,KGYX20141220_112910_V06,4,2.505,1.200,17299,53,6.356,1940,21,3.755
KGYX20141220-1,KGYX20141220_112910_V06,5,3.516,1.200,17305,15,2.510,943,10,1.656
KGYX20141220-1,KGYX20141220_112910_V06,6,4.482,1.200,17329,13,1.877,395,4,1.637
KGYX20141222-1,KGYX20141222_111933_V06,0,0.483,1.200,96,35,9.960,0,35,9.960
KGYX20141222-1,KGYX20141222_111933_V06,2,1.450,1.200,96,0,0.168,0,0,0.168
KGYX20141222-1,KGYX20141222_111933_V06,4,2.417,1.200,49,0,0.172,0,0,0.172
KGYX20141223-4,KGYX20141223_123141_V06,0,0.483,1.200,8131,5305,703.862,4959,401,179.114
KGYX20141223-4,KGYX20141223_123141_V06,2,1.450,1.200,8125,2039,2982.055,1991,255,1046.993
KGYX20141224-1,KGYX20141224_112233_V06,0,0.483,1.200,36,21,0.027,0,21,0.027
KGYX20141224-1,KGYX20141224_112233_V06,2,1.494,1.200,36,0,0.065,0,0,0.065
KGYX20141224-1,KGYX20141224_112233_V06,4,2.505,1.200,18,0,0.065,0,0,0.065
KGYX20141224-2,KGYX20141224_115652_V06,0,0.483,1.200,9764,117,58.450,98,19,58.450
KGYX20141226-1,KGYX20141226_112005_V06,0,0.483,1.200,53,31,0.039,0,31,0.039
KGYX20141226-1,KGYX20141226_112005_V06,2,1.494,1.200,52,0,0.092,0,0,0.092
KGYX20141226-1,KGYX20141226_112005_V06,4,2.505,1.200,28,0,10.376,0,0,10.376
KGYX20141226-1,KGYX20141226_112947_V06,0,0.483,1.200,751,47,33.165,4,46,24.489
KGYX20141226-1,KGYX20141226_112947_V06,2,1.494,1.200,754,4,60.891,7,4,35.350
KGYX20141226-1,KGYX20141226_112947_V06,4,2.505,1.200,377,0,46.477,0,0,46.477
KGYX20141229-1,KGYX20141229_112347_V06,0,0.483,1.200,15929,168,6.457,4797,112,5.509
KGYX20141229-1,KGYX20141229_112347_V06,2,1.494,1.200,15944,38,0.968,6149,16,0.480
KGYX20141229-1,KGYX20141229_112347_V06,4,2.505,1.200,7973,1,0.321,2631,1,0.148
KGYX20141229-1,KGYX20141229_112347_V06,5,3.516,1.200,7985,1,0.276,1745,1,0.233
KGYX20141229-1,KGYX20141229_112347_V06,6,4.482,1.200,8009,0,0.204,1506,0,0.171
KGYX20141229-1,KGYX20141229_113328_V06,0,0.483,1.200,28591,563,28.796,6180,405,24.803
KGYX20141229-1,KGYX20141229_113328_V06,2,1.494,1.200,28602,54,2.099,7091,34,1.472
KGYX20141229-1,KGYX20141229_113328_V06,4,2.505,1.200,14312,1,1.140,2415,1,0.688
KGYX20141229-1,KGYX20141229_113328_V06,5,3.516,1.200,14331,1,0.746,1663,1,0.671
KGYX20141229-1,KGYX20141229_113328_V06,6,4.482,1.200,14356,5,3.411,1784,5,1.809
KGYX20141229-1,KGYX20141229_114310_V06,0,0.483,1.200,21408,301,11.550,5347,276,10.815
KGYX20141229-1,KGYX20141229_114310_V06,2,1.494,1.200,21419,12,0.898,7772,5,0.346
KGYX20141229-1,KGYX20141229_114310_V06,4,2.505,1.200,10728,1,0.445,2632,1,0.268
KGYX20141229-1,KGYX20141229_114310_V06,5,3.516,1.200,10734,0,0.355,1901,0,0.286
KGYX20141229-1,KGYX20141229_114310_V06,6,4.482,1.200,10748,0,1.323,1672,0,0.556
KGYX20141229-3,KGYX20141229_114310_V06,0,0.483,1.200,1974,705,68.316,50,681,65.518
KGYX20141229-3,KGYX20141229_114310_V06,2,1.494,1.200,1979,1,2.103,13,1,0.797
KGYX20141229-3,KGYX20141229_114310_V06,4,2.505,1.200,992,0,3.862,20,0,2.722
KGYX20141229-3,KGYX20141229_114310_V06,5,3.516,1.200,992,3,46.627,244,1,24.463
KGYX20141229-3,KGYX20141229_114310_V06,6,4.482,1.200,997,0,30.454,209,0,17.419
KGYX20141229-4,KGYX20141229_121215_V06,0,0.483,1.200,23412,1180,30.356,5068,995,26.646
KGYX20141229-4,KGYX20141229_121215_V06,2,1.494,1.200,23421,4,1.106,7272,2,0.426
KGYX20141229-4,KGYX20141229_121215_V06,4,2.505,1.200,11728,5,0.513,1669,1,0.411
KGYX20141229-4,KGYX20141229_121215_V06,5,3.516,1.200,11735,0,0.394,1326,0,0.341
KGYX20141229-4,KGYX20141229_121215_V06,6,4.482,1.200,11750,2,1.184,1187,2,0.693
KGYX20141231-1,KGYX20141231_125415_V06,0,0.483,1.200,24435,575,23.152,6183,504,21.750
KGYX20141231-1,KGYX20141231_125415_V06,2,1.494,1.200,24447,8,1.064,7024,8,0.694
KGYX20141231-1,KGYX20141231_125415_V06,4,2.505,1.200,12232,0,0.727,1161,0,0.590
KGYX20141231-1,KGYX20141231_125415_V06,5,3.516,1.200,12243,0,2.932,522,0,2.115
KGYX20141231-1,KGYX20141231_125415_V06,6,4.482,1.200,12251,0,3.992,560,0,2.782
KGYX20141231-1,KGYX20141231_130357_V06,0,0.483,1.200,39517,771,53.862,6043,709,50.682
KGYX20141231-1,KGYX20141231_130357_V06,2,1.494,1.200,39532,11,4.211,7015,8,2.972
KGYX20141231-1,KGYX20141231_130357_V06,4,2.505,1.200,19788,4,3.877,1359,2,3.410
KGYX20141231-1,KGYX20141231_130357_V06,5,3.516,1.200,19815,0,17.796,1208,0,8.866
KGYX20141231-1,KGYX20141231_130357_V06,6,4.482,1.200,19836,1,12.728,1061,1,7.009
KGYX20141231-1,KGYX20141231_131338_V06,0,0.483,1.200,20589,292,12.074,5249,238,10.609
KGYX20141231-1,KGYX20141231_131338_V06,2,1.494,1.200,20603,4,0.646,5724,3,0.450
KGYX20141231-1,KGYX20141231_131338_V06,4,2.505,1.200,10306,1,0.301,1400,1,0.255
KGYX20141231-1,KGYX20141231_131338_V06,5,3.516,1.200,10317,0,0.334,798,0,0.281
KGYX20141231-1,KGYX20141231_131338_V06,6,4.482,1.200,10334,0,0.828,568,0,0.574
KGYX20141231-1,KGYX20141231_132320_V06,0,0.483,1.200,36448,714,40.532,4947,642,36.495
KGYX20141231-1,KGYX20141231_132320_V06,2,1.494,1.200,36464,12,1.940,4286,8,1.391
KGYX20141231-1,KGYX20141231_132320_V06,4,2.505,1.200,18246,3,3.109,1142,3,2.190
KGYX20141231-1,KGYX20141231_132320_V06,5,3.516,1.200,18270,0,11.132,1417,0,5.319
KGYX20141231-1,KGYX20141231_132320_V06,6,4.482,1.200,18283,0,18.917,1685,0,9.426
