track_id,filename,sweep_idx,sweep_angle,count_scaling,n_roost_pixels,n_refAbove40_pixels,n_refBelow40_animals,n_xcorrAbove0.95_pixels,n_xcorrBelow0.95_refAbove40_pixels,n_xcorrBelow0.95_refBelow40_animals
KAPX20150605-4,KAPX20150605_090714_V06,0,0.483,1.200,2479,69,570.957,278,12,194.823
KAPX20150605-4,KAPX20150605_090714_V06,2,1.494,1.200,2476,3,66.775,25,2,37.659
KAPX20150605-4,KAPX20150605_090714_V06,4,2.505,1.200,1234,0,2.515,0,0,2.515
KAPX20150605-4,KAPX20150605_090714_V06,5,3.516,1.200,1242,0,2.535,0,0,2.535
KAPX20150608-9,KAPX20150608_095348_V06,0,0.483,1.200,6739,490,274.850,396,111,74.108
KAPX20150608-9,KAPX20150608_095348_V06,2,1.450,1.200,6739,883,1291.307,797,168,413.758
KAPX20150608-9,KAPX20150608_095843_V06,0,0.483,1.200,9669,325,287.568,265,80,60.833
KAPX20150608-9,KAPX20150608_095843_V06,2,1.450,1.200,9674,751,1841.429,725,157,571.706
KAPX20150608-9,KAPX20150608_100337_V06,0,0.483,1.200,11175,196,291.128,156,57,123.603
KAPX20150608-9,KAPX20150608_100337_V06,2,1.450,1.200,11188,617,1474.341,601,121,557.509
KAPX20150610-2,KAPX20150610_085512_V06,0,0.483,1.200,6362,1169,966.037,1161,100,270.423
KAPX20150610-2,KAPX20150610_085512_V06,2,0.879,1.200,6358,1272,868.398,1195,162,206.402
KAPX20150610-2,KAPX20150610_085512_V06,4,1.318,1.200,6373,1425,1194.711,1305,222,403.940
KAPX20150610-2,KAPX20150610_085512_V06,6,1.802,1.200,3183,608,794.316,549,83,425.592
KAPX20150610-2,KAPX20150610_090005_V06,0,0.483,1.200,9536,1001,842.865,1024,68,220.785
KAPX20150610-2,KAPX20150610_090005_V06,2,0.879,1.200,9538,1055,805.000,1010,123,248.384
KAPX20150610-2,KAPX20150610_090005_V06,4,1.318,1.200,9534,1248,1164.059,1171,197,309.527
KAPX20150610-2,KAPX20150610_090005_V06,6,1.802,1.200,4764,555,1015.039,485,98,611.183
KAPX20150610-2,KAPX20150610_090443_V06,0,0.483,1.200,7466,419,524.132,442,29,192.330
KAPX20150610-2,KAPX20150610_090443_V06,2,0.879,1.200,7460,401,610.690,404,58,178.139
KAPX20150610-2,KAPX20150610_090443_V06,4,1.318,1.200,7465,420,729.942,422,71,211.221
KAPX20150610-2,KAPX20150610_090443_V06,6,1.802,1.200,3737,134,454.776,113,33,265.388
KAPX20150613-1,KAPX20150613_095105_V06,0,0.483,1.200,45,33,10.841,3,31,9.880
KAPX20150613-1,KAPX20150613_095105_V06,2,1.494,1.200,44,0,2.095,1,0,1.488
KAPX20150613-1,KAPX20150613_095105_V06,4,2.505,1.200,21,0,0.036,0,0,0.036
KAPX20150613-1,KAPX20150613_095105_V06,5,3.516,1.200,20,0,0.034,0,0,0.034
KAPX20150615-1,KAPX20150615_091720_V06,0,0.483,1.200,3347,91,2487.823,302,61,1398.427
KAPX20150615-1,KAPX20150615_091720_V06,2,1.494,1.200,3350,0,7.590,0,0,7.590
KAPX20150615-2,KAPX20150615_092701_V06,0,0.483,1.200,4639,39,1611.691,165,17,914.623
KAPX20150615-2,KAPX20150615_092701_V06,2,1.494,1.200,4644,0,12.527,0,0,12.527
KAPX20150617-4,KAPX20150617_091416_V06,0,0.483,1.200,3818,1226,33.599,907,319,33.599
KAPX20150617-4,KAPX20150617_092357_V06,0,0.483,1.200,7539,1076,355.128,804,285,139.124
KAPX20150617-11,KAPX20150617_102201_V06,0,0.483,1.200,5254,2946,317.388,2433,527,79.934
KAPX20150617-11,KAPX20150617_103143_V06,0,0.483,1.200,10232,3979,1606.164,3411,632,598.493
KAPX20150617-2,KAPX20150617_090435_V06,0,0.483,1.200,5972,661,785.715,957,58,407.384
KAPX20150617-2,KAPX20150617_090435_V06,2,1.494,1.200,5969,539,701.410,919,37,196.070
KAPX20150617-2,KAPX20150617_090435_V06,4,2.505,1.200,2986,873,1532.637,1221,25,240.712
KAPX20150617-2,KAPX20150617_090435_V06,5,3.516,1.200,2984,1551,3333.089,2080,65,871.768
KAPX20150617-10,KAPX20150617_101220_V06,0,0.483,1.200,10270,66,1639.522,982,55,1289.622
KAPX20150617-10,KAPX20150617_101220_V06,2,1.494,1.200,10278,0,15.088,3,0,11.020
KAPX20150617-10,KAPX20150617_101220_V06,4,2.505,1.200,5154,0,7.845,0,0,7.845
KAPX20150617-10,KAPX20150617_101220_V06,5,3.516,1.200,5156,0,7.872,0,0,7.872
KAPX20150617-10,KAPX20150617_101220_V06,6,4.482,1.200,5164,0,7.904,0,0,7.904
KAPX20150622-1,KAPX20150622_110716_V06,0,0.483,1.200,886,77,412.078,13,73,383.605
KAPX20150622-1,KAPX20150622_110716_V06,2,1.494,1.200,887,2,1.731,2,0,1.731
KAPX20150622-1,KAPX20150622_110716_V06,4,2.505,1.200,427,0,1.677,0,0,1.677
KAPX20150624-2,KAPX20150624_100230_V06,0,0.483,1.200,5003,38,201.602,40,5,108.294
KAPX20150626-1,KAPX20150626_094002_V06,0,0.483,1.200,592,164,120.799,16,157,98.499
KAPX20150626-1,KAPX20150626_094002_V06,2,1.494,1.200,591,4,75.295,20,2,45.401
KAPX20150626-1,KAPX20150626_094002_V06,4,2.505,1.200,295,2,88.345,4,0,78.862
KAPX20150626-1,KAPX20150626_094943_V06,0,0.483,1.200,1144,490,223.503,32,476,184.172
KAPX20150626-1,KAPX20150626_094943_V06,2,1.494,1.200,1146,7,52.401,14,5,28.402
KAPX20150626-1,KAPX20150626_094943_V06,4,2.505,1.200,582,0,106.171,3,0,98.668
KAPX20150626-5,KAPX20150626_095925_V06,0,0.483,1.200,461,359,162.630,18,342,159.268
KAPX20150626-5,KAPX20150626_095925_V06,2,1.494,1.200,459,21,109.153,14,16,82.190
KAPX20150626-5,KAPX20150626_095925_V06,4,2.505,1.200,230,5,35.819,0,5,35.819
KAPX20150704-1,KAPX20150704_095055_V06,0,0.483,1.200,806,227,393.047,61,212,342.667
KAPX20150704-1,KAPX20150704_095055_V06,2,1.494,1.200,808,0,0.581,0,0,0.581
KAPX20150704-1,KAPX20150704_095055_V06,4,2.505,1.200,404,0,0.582,0,0,0.582
KAPX20150704-1,KAPX20150704_095055_V06,5,3.516,1.200,401,0,0.579,0,0,0.579
KAPX20150704-1,KAPX20150704_095055_V06,6,4.482,1.200,407,0,0.589,0,0,0.589
KAPX20150704-3,KAPX20150704_095055_V06,0,0.483,1.200,3598,469,1148.302,346,375,838.636
KAPX20150704-3,KAPX20150704_095055_V06,2,1.494,1.200,3597,0,3.298,0,0,3.298
KAPX20150704-3,KAPX20150704_095055_V06,4,2.505,1.200,1794,0,20.410,2,0,18.816
KAPX20150704-3,KAPX20150704_095055_V06,5,3.516,1.200,1800,0,14.736,0,0,14.736
KAPX20150705-5,KAPX20150705_093908_V06,0,0.483,1.200,2048,435,524.014,20,424,462.909
KAPX20150705-5,KAPX20150705_093908_V06,2,1.494,1.200,2054,20,164.705,24,7,100.659
KAPX20150705-5,KAPX20150705_094849_V06,0,0.483,1.200,4560,394,872.726,89,341,643.625
KAPX20150705-5,KAPX20150705_094849_V06,2,1.494,1.200,4559,22,186.191,23,9,135.274
KAPX20150705-1,KAPX20150705_091946_V06,0,0.483,1.200,371,166,255.087,9,161,237.079
KAPX20150705-1,KAPX20150705_091946_V06,2,1.494,1.200,377,6,47.633,7,1,36.281
KAPX20150705-2,KAPX20150705_091946_V06,0,0.483,1.200,34,32,28.334,1,31,28.334
KAPX20150705-2,KAPX20150705_091946_V06,2,1.494,1.200,34,0,0.139,0,0,0.139
KAPX20150705-4,KAPX20150705_092927_V06,0,0.483,1.200,28,23,5.930,0,23,5.930
KAPX20150705-4,KAPX20150705_092927_V06,2,1.494,1.200,27,0,0.031,0,0,0.031
KAPX20150705-4,KAPX20150705_092927_V06,4,2.505,1.200,15,0,0.035,0,0,0.035
KAPX20150705-4,KAPX20150705_092927_V06,5,3.516,1.200,15,0,0.035,0,0,0.035
KAPX20150705-7,KAPX20150705_093908_V06,0,0.483,1.200,207,143,91.920,7,137,82.509
KAPX20150705-7,KAPX20150705_093908_V06,2,1.494,1.200,208,0,0.801,0,0,0.801
KAPX20150705-8,KAPX20150705_100810_V06,0,0.483,1.200,105,95,0.054,13,82,0.054
KAPX20150705-9,KAPX20150705_102732_V06,0,0.483,1.200,11401,1999,8501.150,687,1567,6727.464
KAPX20150705-9,KAPX20150705_102732_V06,2,1.494,1.200,11411,0,35.708,0,0,35.708
KAPX20150705-9,KAPX20150705_103712_V06,0,0.483,1.200,5950,2064,4602.029,536,1644,3541.530
KAPX20150705-9,KAPX20150705_103712_V06,2,1.494,1.200,5951,0,21.570,0,0,21.570
KAPX20150705-10,KAPX20150705_102732_V06,0,0.483,1.200,301,131,64.297,2,129,64.297
KAPX20150705-10,KAPX20150705_102732_V06,2,1.494,1.200,304,1,13.098,2,1,11.073
KAPX20150705-10,KAPX20150705_102732_V06,4,2.505,1.200,150,0,13.478,0,0,13.478
KAPX20150705-10,KAPX20150705_102732_V06,5,3.516,1.200,150,1,29.055,0,1,29.055
KAPX20150705-12,KAPX20150705_111128_V06,0,0.483,1.200,1927,356,249.570,43,321,188.181
KAPX20150705-12,KAPX20150705_111128_V06,2,1.450,1.200,1927,24,143.777,19,14,84.986
KAPX20150706-1,KAPX20150706_094643_V06,0,0.483,1.200,764,390,293.745,16,388,286.227
KAPX20150706-1,KAPX20150706_094643_V06,2,1.494,1.200,764,0,0.410,0,0,0.410
KAPX20150706-1,KAPX20150706_094643_V06,4,2.505,1.200,383,0,0.412,0,0,0.412
KAPX20150706-1,KAPX20150706_094643_V06,5,3.516,1.200,385,0,0.415,0,0,0.415
KAPX20150706-1,KAPX20150706_094643_V06,6,4.482,1.200,385,0,0.417,0,0,0.417
KAPX20150707-2,KAPX20150707_090250_V06,0,0.483,1.200,1674,96,197.566,108,11,35.724
KAPX20150707-2,KAPX20150707_090250_V06,2,0.879,1.200,1678,112,160.594,122,7,27.698
KAPX20150707-2,KAPX20150707_090250_V06,4,1.318,1.200,1682,100,201.498,102,15,77.066
KAPX20150707-2,KAPX20150707_090250_V06,6,1.802,1.200,844,5,60.646,2,3,60.646
KAPX20150709-2,KAPX20150709_112022_V06,0,0.483,1.200,6010,159,19.980,1541,107,15.765
KAPX20150709-2,KAPX20150709_112022_V06,2,1.494,1.200,6019,1,5.727,1910,1,3.744
KAPX20150709-2,KAPX20150709_112022_V06,4,2.505,1.200,3013,3,4.856,575,0,3.594
KAPX20150709-2,KAPX20150709_112022_V06,5,3.516,1.200,3015,0,4.378,541,0,2.851
KAPX20150709-2,KAPX20150709_112022_V06,6,4.482,1.200,3016,0,4.844,548,0,2.732
KAPX20150712-1,KAPX20150712_093507_V06,0,0.483,1.200,24,22,2.317,4,19,0.001
KAPX20150712-1,KAPX20150712_093507_V06,2,1.450,1.200,24,0,0.036,0,0,0.036
KAPX20150712-1,KAPX20150712_093507_V06,4,2.417,1.200,9,0,0.027,0,0,0.027
KAPX20150712-1,KAPX20150712_094001_V06,0,0.483,1.200,416,74,127.006,43,42,84.822
KAPX20150712-1,KAPX20150712_094001_V06,2,1.450,1.200,413,0,0.619,0,0,0.619
KAPX20150712-1,KAPX20150712_094001_V06,4,2.417,1.200,206,0,0.619,0,0,0.619
KAPX20150712-2,KAPX20150712_093507_V06,0,0.483,1.200,488,161,277.620,77,129,194.245
KAPX20150712-2,KAPX20150712_093507_V06,2,1.450,1.200,490,0,0.470,0,0,0.470
KAPX20150712-2,KAPX20150712_093507_V06,4,2.417,1.200,234,0,0.449,0,0,0.449
KAPX20150712-2,KAPX20150712_093507_V06,5,3.384,1.200,237,0,0.456,0,0,0.456
KAPX20150712-2,KAPX20150712_094001_V06,0,0.483,1.200,1666,342,641.353,209,272,426.299
KAPX20150712-2,KAPX20150712_094001_V06,2,1.450,1.200,1671,0,1.605,0,0,1.605
KAPX20150712-2,KAPX20150712_094001_V06,4,2.417,1.200,806,0,1.553,0,0,1.553
KAPX20150712-2,KAPX20150712_094001_V06,5,3.384,1.200,809,0,1.561,0,0,1.561
KAPX20150712-3,KAPX20150712_094001_V06,0,0.483,1.200,94,91,3.223,2,89,3.223
KAPX20150712-3,KAPX20150712_094001_V06,2,1.450,1.200,94,0,0.078,0,0,0.078
KAPX20150712-3,KAPX20150712_094001_V06,4,2.417,1.200,44,0,0.073,0,0,0.073
KAPX20150712-3,KAPX20150712_094001_V06,5,3.384,1.200,44,0,0.073,0,0,0.073
KAPX20150712-3,KAPX20150712_094001_V06,6,4.307,1.200,44,0,0.073,0,0,0.073
KAPX20150712-3,KAPX20150712_094456_V06,0,0.483,1.200,833,273,343.483,85,244,261.468
KAPX20150712-3,KAPX20150712_094456_V06,2,1.450,1.200,834,0,0.690,0,0,0.690
KAPX20150712-3,KAPX20150712_094456_V06,4,2.417,1.200,427,0,0.705,0,0,0.705
KAPX20150712-3,KAPX20150712_094456_V06,5,3.384,1.200,429,0,0.710,0,0,0.710
KAPX20150712-3,KAPX20150712_094456_V06,6,4.307,1.200,429,0,0.712,0,0,0.712
KAPX20150712-3,KAPX20150712_094950_V06,0,0.483,1.200,108,104,10.092,2,102,10.092
KAPX20150712-3,KAPX20150712_094950_V06,2,1.450,1.200,108,0,0.091,0,0,0.091
KAPX20150712-3,KAPX20150712_094950_V06,4,2.417,1.200,48,0,0.081,0,0,0.081
KAPX20150712-3,KAPX20150712_094950_V06,5,3.384,1.200,51,0,0.086,0,0,0.086
KAPX20150712-5,KAPX20150712_094456_V06,0,0.483,1.200,800,576,242.212,123,506,165.425
KAPX20150712-5,KAPX20150712_094456_V06,2,1.450,1.200,800,0,0.607,0,0,0.607
KAPX20150712-5,KAPX20150712_094456_V06,4,2.417,1.200,399,0,0.607,0,0,0.607
KAPX20150712-5,KAPX20150712_094456_V06,5,3.384,1.200,398,0,0.607,0,0,0.607
KAPX20150712-5,KAPX20150712_094456_V06,6,4.307,1.200,396,0,0.605,0,0,0.605
KAPX20150712-5,KAPX20150712_094950_V06,0,0.483,1.200,2366,886,985.643,445,712,637.088
KAPX20150712-5,KAPX20150712_094950_V06,2,1.450,1.200,2371,0,4.274,4,0,1.811
KAPX20150712-5,KAPX20150712_094950_V06,4,2.417,1.200,1185,0,1.816,0,0,1.816
KAPX20150712-5,KAPX20150712_094950_V06,5,3.384,1.200,1188,0,1.828,0,0,1.828
KAPX20150712-5,KAPX20150712_094950_V06,6,4.307,1.200,1188,0,1.831,0,0,1.831
KAPX20150712-5,KAPX20150712_095444_V06,0,0.483,1.200,1306,677,604.071,269,553,385.873
KAPX20150712-5,KAPX20150712_095444_V06,2,1.450,1.200,1309,0,1.031,0,0,1.031
KAPX20150712-5,KAPX20150712_095444_V06,4,2.417,1.200,655,0,1.035,0,0,1.035
KAPX20150712-5,KAPX20150712_095444_V06,5,3.384,1.200,656,0,1.039,0,0,1.039
KAPX20150712-5,KAPX20150712_095444_V06,6,4.307,1.200,658,0,1.044,0,0,1.044
KAPX20150713-5,KAPX20150713_102234_V06,0,0.483,1.200,16978,576,2106.002,1471,460,1563.113
KAPX20150713-5,KAPX20150713_102234_V06,2,1.450,1.200,16979,2,87.103,208,2,64.357
KAPX20150713-5,KAPX20150713_102234_V06,4,2.417,1.200,8495,0,12.017,4,0,11.395
KAPX20150713-5,KAPX20150713_102234_V06,5,3.384,1.200,8513,0,13.726,1,0,12.578
KAPX20150713-5,KAPX20150713_102234_V06,6,4.307,1.200,8515,0,10.600,0,0,10.600
KAPX20150713-5,KAPX20150713_102728_V06,0,0.483,1.200,24278,665,2565.266,2123,496,1883.551
KAPX20150713-5,KAPX20150713_102728_V06,2,1.450,1.200,24286,17,181.405,579,11,133.770
KAPX20150713-5,KAPX20150713_102728_V06,4,2.417,1.200,12155,1,22.027,8,0,20.708
KAPX20150713-5,KAPX20150713_102728_V06,5,3.384,1.200,12169,0,15.820,0,0,15.820
KAPX20150713-5,KAPX20150713_102728_V06,6,4.307,1.200,12174,0,14.742,0,0,14.742
KAPX20150713-1,KAPX20150713_091442_V06,0,0.483,1.200,288,35,81.395,16,31,73.066
KAPX20150713-1,KAPX20150713_091442_V06,2,1.494,1.200,286,0,0.175,0,0,0.175
KAPX20150713-1,KAPX20150713_091442_V06,4,2.505,1.200,148,0,0.181,0,0,0.181
KAPX20150713-1,KAPX20150713_091442_V06,5,3.516,1.200,151,0,0.186,0,0,0.186
KAPX20150713-1,KAPX20150713_091442_V06,6,4.482,1.200,149,0,0.184,0,0,0.184
KAPX20150713-3,KAPX20150713_093402_V06,0,0.483,1.200,580,52,314.053,59,45,235.341
KAPX20150713-3,KAPX20150713_093402_V06,2,1.494,1.200,580,0,0.581,0,0,0.581
KAPX20150713-3,KAPX20150713_093402_V06,4,2.505,1.200,295,0,0.593,0,0,0.593
KAPX20150713-3,KAPX20150713_093402_V06,5,3.516,1.200,289,0,0.582,0,0,0.582
KAPX20150713-4,KAPX20150713_095324_V06,0,0.483,1.200,2283,374,985.890,128,373,925.585
KAPX20150713-4,KAPX20150713_095324_V06,2,1.494,1.200,2283,0,1.383,0,0,1.383
KAPX20150713-4,KAPX20150713_095324_V06,4,2.505,1.200,1142,0,1.393,0,0,1.393
KAPX20150713-4,KAPX20150713_095324_V06,5,3.516,1.200,1114,0,1.357,0,0,1.357
KAPX20150713-4,KAPX20150713_095324_V06,6,4.482,1.200,1109,0,1.352,0,0,1.352
KAPX20150714-18,KAPX20150714_102327_V06,0,0.483,1.200,4293,391,345.692,371,41,119.573
KAPX20150714-18,KAPX20150714_102327_V06,2,1.450,1.200,4302,152,284.587,152,16,127.638
KAPX20150714-18,KAPX20150714_102808_V06,0,0.483,1.200,5874,427,241.446,398,45,74.353
KAPX20150714-18,KAPX20150714_102808_V06,2,1.450,1.200,5862,180,448.593,191,21,139.763
KAPX20150714-18,KAPX20150714_103250_V06,0,0.483,1.200,4761,354,489.816,344,42,166.958
KAPX20150714-18,KAPX20150714_103250_V06,2,1.450,1.200,4760,172,341.938,173,28,82.164
KAPX20150714-18,KAPX20150714_103748_V06,0,0.483,1.200,6634,326,564.886,301,63,194.073
KAPX20150714-18,KAPX20150714_103748_V06,2,1.450,1.200,6641,186,646.148,193,32,292.983
KAPX20150714-18,KAPX20150714_104245_V06,0,0.483,1.200,4536,199,255.162,189,27,102.169
KAPX20150714-18,KAPX20150714_104245_V06,2,1.450,1.200,4543,165,365.674,166,30,88.401
KAPX20150714-21,KAPX20150714_102808_V06,0,0.483,1.200,3642,1026,722.503,1336,32,129.144
KAPX20150714-21,KAPX20150714_102808_V06,2,1.450,1.200,3641,849,840.871,1248,23,131.107
KAPX20150714-21,KAPX20150714_102808_V06,4,2.417,1.200,1776,413,681.695,390,101,356.268
KAPX20150714-21,KAPX20150714_102808_V06,5,3.384,1.200,1776,214,807.450,308,27,330.390
KAPX20150715-1,KAPX20150715_100704_V06,0,0.483,1.200,213,42,76.749,4,42,72.913
KAPX20150715-1,KAPX20150715_100704_V06,2,1.494,1.200,214,0,0.227,0,0,0.227
KAPX20150715-1,KAPX20150715_100704_V06,4,2.505,1.200,107,0,0.228,0,0,0.228
KAPX20150715-1,KAPX20150715_100704_V06,5,3.516,1.200,108,0,0.230,0,0,0.230
KAPX20150716-1,KAPX20150716_102530_V06,0,0.483,1.200,521,195,60.853,21,181,51.170
KAPX20150716-1,KAPX20150716_102530_V06,2,1.450,1.200,517,0,11.550,2,0,7.934
KAPX20150716-1,KAPX20150716_102530_V06,4,2.417,1.200,262,0,12.078,0,0,12.078
KAPX20150716-1,KAPX20150716_102530_V06,5,3.384,1.200,263,0,0.529,0,0,0.529
KAPX20150716-3,KAPX20150716_112422_V06,0,0.483,1.200,5954,1011,1441.921,402,868,960.237
KAPX20150716-3,KAPX20150716_112422_V06,2,1.494,1.200,5961,19,396.071,90,11,263.802
KAPX20150716-3,KAPX20150716_112422_V06,4,2.505,1.200,2973,2,281.437,10,2,249.143
KAPX20150716-3,KAPX20150716_112422_V06,5,3.516,1.200,2984,3,177.140,6,3,157.242
KAPX20150718-1,KAPX20150718_100718_V06,0,0.483,1.200,2869,931,1510.850,362,874,1165.269
KAPX20150718-1,KAPX20150718_100718_V06,2,1.494,1.200,2867,0,88.907,52,0,54.971
KAPX20150718-1,KAPX20150718_100718_V06,4,2.505,1.200,1430,0,2.206,0,0,2.206
KAPX20150718-1,KAPX20150718_100718_V06,5,3.516,1.200,1432,0,2.211,0,0,2.211
KAPX20150719-1,KAPX20150719_094917_V06,0,0.483,1.200,16766,158,1138.384,1668,132,939.867
KAPX20150719-1,KAPX20150719_094917_V06,2,1.494,1.200,16769,1,282.105,2180,0,94.708
KAPX20150719-1,KAPX20150719_094917_V06,4,2.505,1.200,8393,8,474.676,2079,0,65.477
KAPX20150719-1,KAPX20150719_094917_V06,5,3.516,1.200,8402,11,159.777,1087,2,28.208
KAPX20150719-1,KAPX20150719_094917_V06,6,4.482,1.200,8425,0,30.589,328,0,8.809
KAPX20150719-1,KAPX20150719_095857_V06,0,0.483,1.200,29238,706,2288.596,4081,679,1898.970
KAPX20150719-1,KAPX20150719_095857_V06,2,1.494,1.200,29248,15,463.197,3647,9,189.520
KAPX20150719-1,KAPX20150719_095857_V06,4,2.505,1.200,14640,2,493.685,3171,1,104.105
KAPX20150719-1,KAPX20150719_095857_V06,5,3.516,1.200,14654,52,390.498,2824,1,39.164
KAPX20150719-1,KAPX20150719_095857_V06,6,4.482,1.200,14676,10,162.632,2191,0,20.818
KAPX20150719-1,KAPX20150719_100837_V06,0,0.483,1.200,46262,887,3448.566,6881,765,2677.700
KAPX20150719-1,KAPX20150719_100837_V06,2,1.494,1.200,46287,36,403.540,6615,21,215.492
KAPX20150719-1,KAPX20150719_100837_V06,4,2.505,1.200,23168,12,399.815,3034,8,135.107
KAPX20150719-1,KAPX20150719_100837_V06,5,3.516,1.200,23181,8,307.413,3874,0,58.334
KAPX20150719-1,KAPX20150719_100837_V06,6,4.482,1.200,23203,10,211.517,3699,3,40.827
KAPX20150719-1,KAPX20150719_101816_V06,0,0.483,1.200,5638,21,103.449,1689,13,66.769
KAPX20150719-1,KAPX20150719_101816_V06,2,1.494,1.200,5639,4,41.106,843,0,25.361
KAPX20150719-1,KAPX20150719_101816_V06,4,2.505,1.200,2827,0,29.963,237,0,13.495
KAPX20150719-1,KAPX20150719_101816_V06,5,3.516,1.200,2836,0,54.816,876,0,11.863
KAPX20150719-1,KAPX20150719_101816_V06,6,4.482,1.200,2839,0,42.757,854,0,5.483
KAPX20150719-3,KAPX20150719_102756_V06,0,0.483,1.200,25744,204,3332.511,2725,147,2418.162
KAPX20150719-3,KAPX20150719_102756_V06,2,1.494,1.200,25747,0,122.588,566,0,63.733
KAPX20150719-3,KAPX20150719_102756_V06,4,2.505,1.200,12889,0,26.733,41,0,22.749
KAPX20150719-3,KAPX20150719_102756_V06,5,3.516,1.200,12908,0,14.922,0,0,14.922
KAPX20150719-3,KAPX20150719_102756_V06,6,4.482,1.200,12926,0,14.846,0,0,14.846
KAPX20150719-3,KAPX20150719_103736_V06,0,0.483,1.200,542,1,90.801,150,1,64.396
KAPX20150719-3,KAPX20150719_103736_V06,2,1.494,1.200,546,0,0.237,0,0,0.237
KAPX20150719-3,KAPX20150719_103736_V06,4,2.505,1.200,272,0,0.236,0,0,0.236
KAPX20150719-3,KAPX20150719_103736_V06,5,3.516,1.200,271,0,0.236,0,0,0.236
KAPX20150719-3,KAPX20150719_103736_V06,6,4.482,1.200,274,0,0.239,0,0,0.239
KAPX20150720-1,KAPX20150720_100543_V06,0,0.483,1.200,5989,1512,2526.858,573,1406,1967.129
KAPX20150720-1,KAPX20150720_100543_V06,2,1.494,1.200,5996,0,10.981,0,0,10.981
KAPX20150720-1,KAPX20150720_100543_V06,4,2.505,1.200,2994,0,4.868,0,0,4.868
KAPX20150720-1,KAPX20150720_100543_V06,5,3.516,1.200,3003,0,4.894,0,0,4.894
KAPX20150721-1,KAPX20150721_101124_V06,0,0.483,1.200,475,42,115.457,0,42,115.457
KAPX20150722-1,KAPX20150722_095834_V06,0,0.483,1.200,318,218,113.695,9,214,105.607
KAPX20150722-1,KAPX20150722_095834_V06,2,1.494,1.200,319,0,10.833,4,0,9.081
KAPX20150722-1,KAPX20150722_095834_V06,4,2.505,1.200,162,0,3.166,0,0,3.166
KAPX20150722-1,KAPX20150722_095834_V06,5,3.516,1.200,162,0,0.246,0,0,0.246
KAPX20150722-1,KAPX20150722_095834_V06,6,4.482,1.200,162,0,0.246,0,0,0.246
KAPX20150722-3,KAPX20150722_102950_V06,0,0.483,1.200,407,163,84.328,15,160,73.407
KAPX20150722-3,KAPX20150722_102950_V06,2,1.494,1.200,407,0,4.955,3,0,3.460
KAPX20150722-3,KAPX20150722_102950_V06,4,2.505,1.200,204,0,6.421,1,0,5.733
KAPX20150722-3,KAPX20150722_102950_V06,5,3.516,1.200,204,1,16.876,1,1,16.373
KAPX20150722-3,KAPX20150722_102950_V06,6,4.482,1.200,203,0,6.082,0,0,6.082
KAPX20150723-1,KAPX20150723_104712_V06,0,0.483,1.200,20353,1291,16.555,3464,1050,13.493
KAPX20150723-1,KAPX20150723_104712_V06,2,1.494,1.200,20364,43,2.825,6446,27,1.794
KAPX20150723-1,KAPX20150723_104712_V06,4,2.505,1.200,10189,2,1.817,1466,0,1.403
KAPX20150723-1,KAPX20150723_104712_V06,5,3.516,1.200,10203,2,1.448,1626,0,1.039
KAPX20150723-1,KAPX20150723_104712_V06,6,4.482,1.200,10214,0,1.153,1577,0,0.818
KAPX20150724-3,KAPX20150724_100320_V06,0,0.483,1.200,2781,1093,1275.974,280,1032,979.419
KAPX20150724-3,KAPX20150724_100320_V06,2,1.494,1.200,2780,0,7.494,3,0,4.919
KAPX20150724-3,KAPX20150724_100320_V06,4,2.505,1.200,1389,0,2.278,0,0,2.278
KAPX20150724-3,KAPX20150724_100320_V06,5,3.516,1.200,1395,0,2.291,0,0,2.291
KAPX20150726-1,KAPX20150726_101930_V06,0,0.483,1.200,605,253,159.217,20,245,127.164
KAPX20150726-1,KAPX20150726_101930_V06,2,1.494,1.200,603,2,87.202,23,1,33.994
KAPX20150726-1,KAPX20150726_101930_V06,4,2.505,1.200,303,0,9.661,0,0,9.661
KAPX20150727-1,KAPX20150727_101749_V06,0,0.483,1.200,5202,1161,2610.858,669,1046,1997.812
KAPX20150727-1,KAPX20150727_101749_V06,2,1.494,1.200,5197,3,128.954,63,2,85.079
KAPX20150727-1,KAPX20150727_101749_V06,4,2.505,1.200,2598,0,10.796,0,0,10.796
KAPX20150727-1,KAPX20150727_101749_V06,5,3.516,1.200,2600,0,4.360,0,0,4.360
KAPX20150728-1,KAPX20150728_110108_V06,0,0.483,1.200,3937,656,1320.283,145,617,1127.523
KAPX20150728-1,KAPX20150728_110108_V06,2,1.494,1.200,3943,21,287.011,81,14,176.299
KAPX20150728-1,KAPX20150728_110108_V06,4,2.505,1.200,1972,2,395.080,11,2,356.756
KAPX20150729-1,KAPX20150729_093912_V06,0,0.483,1.200,1918,1226,1163.179,8,1222,1118.613
KAPX20150729-1,KAPX20150729_093912_V06,2,1.494,1.200,1915,25,136.549,19,13,68.107
KAPX20150729-1,KAPX20150729_094850_V06,0,0.483,1.200,3672,1629,106.129,76,1554,97.266
KAPX20150729-1,KAPX20150729_094850_V06,2,1.450,1.200,3671,31,122.563,23,15,55.886
KAPX20150729-1,KAPX20150729_095344_V06,0,0.483,1.200,4840,1539,195.683,93,1449,162.178
KAPX20150729-1,KAPX20150729_095344_V06,2,1.450,1.200,4841,35,205.831,25,18,122.251
KAPX20150729-1,KAPX20150729_095839_V06,0,0.483,1.200,6164,1467,237.909,104,1371,152.539
KAPX20150729-1,KAPX20150729_095839_V06,2,1.450,1.200,6169,13,65.490,6,10,34.408
KAPX20150729-1,KAPX20150729_100333_V06,0,0.483,1.200,5231,1102,315.722,91,1016,266.724
KAPX20150729-1,KAPX20150729_100333_V06,2,1.450,1.200,5234,11,32.997,7,4,32.997
KAPX20150729-3,KAPX20150729_104248_V06,0,0.483,1.200,12926,345,1487.168,1146,319,1247.774
KAPX20150729-3,KAPX20150729_104248_V06,2,1.494,1.200,12942,0,64.811,140,0,45.550
KAPX20150729-3,KAPX20150729_104248_V06,4,2.505,1.200,6471,0,24.732,11,0,22.099
KAPX20150729-3,KAPX20150729_104248_V06,5,3.516,1.200,6485,0,33.087,96,0,21.484
KAPX20150729-3,KAPX20150729_104248_V06,6,4.482,1.200,6493,0,25.009,101,0,10.303
KAPX20150729-4,KAPX20150729_105227_V06,0,0.483,1.200,2760,36,171.994,195,30,141.340
KAPX20150729-4,KAPX20150729_105227_V06,2,1.494,1.200,2760,0,4.195,8,0,2.852
KAPX20150729-4,KAPX20150729_105227_V06,4,2.505,1.200,1381,0,32.124,30,0,19.240
KAPX20150729-4,KAPX20150729_105227_V06,5,3.516,1.200,1383,0,1.518,0,0,1.518
KAPX20150729-4,KAPX20150729_105227_V06,6,4.482,1.200,1388,0,1.152,0,0,1.152
KAPX20150730-1,KAPX20150730_101232_V06,0,0.483,1.200,5316,1046,2250.134,513,970,1696.871
KAPX20150730-1,KAPX20150730_101232_V06,2,1.494,1.200,5325,0,16.796,4,0,13.139
KAPX20150730-1,KAPX20150730_101232_V06,4,2.505,1.200,2657,0,4.796,0,0,4.796
KAPX20150730-1,KAPX20150730_101232_V06,5,3.516,1.200,2661,0,4.810,0,0,4.810
KAPX20150730-2,KAPX20150730_102213_V06,0,0.483,1.200,464,230,36.257,22,228,34.055
KAPX20150730-2,KAPX20150730_102213_V06,2,1.494,1.200,464,1,9.500,37,0,7.052
KAPX20150730-2,KAPX20150730_102213_V06,4,2.505,1.200,234,0,1.234,1,0,1.164
KAPX20150730-2,KAPX20150730_102213_V06,5,3.516,1.200,232,0,0.807,3,0,0.622
KAPX20150730-2,KAPX20150730_102213_V06,6,4.482,1.200,233,0,1.578,2,0,1.442
KAPX20150802-3,KAPX20150802_093847_V06,0,0.483,1.200,8170,7142,315.429,6006,1156,87.704
KAPX20150802-3,KAPX20150802_094342_V06,0,0.483,1.200,11392,9848,338.931,8493,1372,155.986
KAPX20150802-3,KAPX20150802_094836_V06,0,0.483,1.200,14463,11588,753.575,10800,845,204.419
KAPX20150802-3,KAPX20150802_095330_V06,0,0.483,1.200,15368,11836,1174.925,10674,1254,332.912
KAPX20150802-3,KAPX20150802_095330_V06,2,1.450,1.200,15371,12206,2323.656,11978,402,774.097
KAPX20150802-1,KAPX20150802_092857_V06,0,0.483,1.200,9731,5944,146.464,4383,1566,80.320
KAPX20150802-1,KAPX20150802_093353_V06,0,0.483,1.200,12645,8156,246.117,6365,1802,118.036
KAPX20150802-5,KAPX20150802_102751_V06,0,0.483,1.200,4479,2583,11.783,2161,422,11.783
KAPX20150802-5,KAPX20150802_103245_V06,0,0.483,1.200,6193,2288,37.365,1908,381,23.776
KAPX20150804-4,KAPX20150804_100544_V06,0,0.483,1.200,748,127,3.170,8,119,3.170
KAPX20150804-4,KAPX20150804_101105_V06,0,0.483,1.200,1631,31,8.097,9,22,8.097
KAPX20150804-4,KAPX20150804_101626_V06,0,0.483,1.200,2168,93,10.707,13,80,10.707
KAPX20150804-4,KAPX20150804_102147_V06,0,0.483,1.200,2220,330,9.928,34,296,9.928
KAPX20150804-4,KAPX20150804_102708_V06,0,0.483,1.200,2642,361,11.909,26,335,11.909
KAPX20150804-4,KAPX20150804_103203_V06,0,0.483,1.200,3427,188,17.017,20,168,17.017
KAPX20150804-5,KAPX20150804_100544_V06,0,0.483,1.200,924,155,143.192,219,12,61.157
KAPX20150804-5,KAPX20150804_100544_V06,2,1.450,1.200,925,32,33.656,59,0,2.388
KAPX20150804-5,KAPX20150804_100544_V06,4,2.417,1.200,468,0,2.279,0,0,2.279
KAPX20150804-5,KAPX20150804_100544_V06,5,3.384,1.200,466,0,0.520,0,0,0.520
KAPX20150804-5,KAPX20150804_100544_V06,6,4.307,1.200,465,0,0.520,0,0,0.520
KAPX20150806-1,KAPX20150806_100036_V06,0,0.483,1.200,23138,490,23.026,2856,290,15.955
KAPX20150806-1,KAPX20150806_100036_V06,2,1.494,1.200,23143,51,12.393,5073,23,7.695
KAPX20150806-1,KAPX20150806_100036_V06,4,2.505,1.200,11580,4,7.475,1954,1,4.833
KAPX20150806-1,KAPX20150806_100036_V06,5,3.516,1.200,11590,0,4.243,2654,0,2.394
KAPX20150806-1,KAPX20150806_100036_V06,6,4.482,1.200,11603,1,9.918,2445,0,4.728
KAPX20150807-1,KAPX20150807_100901_V06,0,0.483,1.200,351,93,1.291,5,88,1.291
KAPX20150807-1,KAPX20150807_101842_V06,0,0.483,1.200,2021,269,183.630,9,261,166.838
KAPX20150807-1,KAPX20150807_102824_V06,0,0.483,1.200,4648,398,946.456,36,368,867.954
KAPX20150807-1,KAPX20150807_103804_V06,0,0.483,1.200,6874,803,1792.173,60,762,1567.962
KAPX20150807-1,KAPX20150807_104746_V06,0,0.483,1.200,8980,1148,2630.832,137,1039,2313.512
KAPX20150807-1,KAPX20150807_105728_V06,0,0.483,1.200,5999,265,1079.472,46,228,956.998
KAPX20150809-2,KAPX20150809_103534_V06,0,0.483,1.200,7457,1,73.784,581,1,43.145
KAPX20150809-2,KAPX20150809_103534_V06,2,1.494,1.200,7459,0,83.105,423,0,24.834
KAPX20150809-2,KAPX20150809_103534_V06,4,2.505,1.200,3738,0,68.196,250,0,30.823
KAPX20150809-2,KAPX20150809_103534_V06,5,3.516,1.200,3734,0,388.836,786,0,143.625
KAPX20150809-2,KAPX20150809_103534_V06,6,4.482,1.200,3739,0,350.039,1132,0,83.090
KAPX20150809-2,KAPX20150809_104515_V06,0,0.483,1.200,17274,31,134.381,1417,8,74.459
KAPX20150809-2,KAPX20150809_104515_V06,2,1.494,1.200,17287,0,174.688,1378,0,46.456
KAPX20150809-2,KAPX20150809_104515_V06,4,2.505,1.200,8641,0,138.829,517,0,51.643
KAPX20150809-2,KAPX20150809_104515_V06,5,3.516,1.200,8655,0,359.467,938,0,199.979
KAPX20150809-2,KAPX20150809_104515_V06,6,4.482,1.200,8664,0,399.197,1581,0,134.168
KAPX20150810-7,KAPX20150810_095805_V06,0,0.483,1.200,14100,7830,2137.843,5918,2111,581.104
KAPX20150810-7,KAPX20150810_095805_V06,2,1.450,1.200,14114,11862,4531.148,10918,1450,1581.010
KAPX20150810-7,KAPX20150810_100352_V06,0,0.483,1.200,17649,10181,3049.863,7748,2785,882.043
KAPX20150810-7,KAPX20150810_100352_V06,2,1.450,1.200,17672,14833,5548.208,13410,2071,1851.875
KAPX20150810-7,KAPX20150810_100940_V06,0,0.483,1.200,15789,9107,3105.746,6860,2557,1028.052
KAPX20150810-7,KAPX20150810_100940_V06,2,1.450,1.200,15793,12889,5289.986,11588,1860,1785.216
KAPX20150810-2,KAPX20150810_093455_V06,0,0.483,1.200,616,286,1.616,217,69,1.616
KAPX20150810-2,KAPX20150810_094042_V06,0,0.483,1.200,1934,321,7.844,237,84,7.844
KAPX20150810-2,KAPX20150810_094630_V06,0,0.483,1.200,2886,329,12.547,225,104,12.547
KAPX20150810-2,KAPX20150810_095217_V06,0,0.483,1.200,1834,343,6.874,206,137,6.874
KAPX20150810-9,KAPX20150810_100940_V06,0,0.483,1.200,32125,10575,3940.245,13110,702,856.978
KAPX20150810-9,KAPX20150810_100940_V06,2,1.450,1.200,32141,10395,5194.940,14571,131,1064.605
KAPX20150810-9,KAPX20150810_100940_V06,4,2.417,1.200,16096,5715,5861.944,6946,478,2365.591
KAPX20150810-9,KAPX20150810_100940_V06,5,3.384,1.200,16108,5542,3320.888,5645,1129,1619.967
KAPX20150810-9,KAPX20150810_100940_V06,6,4.307,1.200,16126,4293,2498.148,4854,854,772.850
KAPX20150810-9,KAPX20150810_101528_V06,0,0.483,1.200,41959,12385,4546.923,15736,1011,1079.910
KAPX20150810-9,KAPX20150810_101528_V06,2,1.450,1.200,41978,12133,7157.509,17952,409,1569.024
KAPX20150810-9,KAPX20150810_101528_V06,4,2.417,1.200,20994,6471,6512.447,8179,554,2620.658
KAPX20150810-9,KAPX20150810_101528_V06,5,3.384,1.200,21018,6157,3852.073,6904,1077,1852.011
KAPX20150810-9,KAPX20150810_101528_V06,6,4.307,1.200,21037,5074,2674.055,6021,978,824.747
KAPX20150810-9,KAPX20150810_102115_V06,0,0.483,1.200,33224,9871,3530.344,12742,410,740.505
KAPX20150810-9,KAPX20150810_102115_V06,2,1.450,1.200,33233,9936,6238.938,14480,250,1499.361
KAPX20150810-9,KAPX20150810_102115_V06,4,2.417,1.200,16623,5414,6090.682,6792,386,2712.610
KAPX20150810-9,KAPX20150810_102115_V06,5,3.384,1.200,16638,5144,3427.366,5591,941,1660.366
KAPX20150810-9,KAPX20150810_102115_V06,6,4.307,1.200,16663,4303,2392.019,4839,863,881.903
KAPX20150810-3,KAPX20150810_094630_V06,0,0.483,1.200,1716,614,144.704,539,83,50.021
KAPX20150810-3,KAPX20150810_094630_V06,2,1.450,1.200,1716,245,534.196,239,42,157.223
KAPX20150810-13,KAPX20150810_103250_V06,0,0.483,1.200,431,131,129.151,34,121,112.833
KAPX20150810-13,KAPX20150810_103250_V06,2,1.450,1.200,433,0,0.286,0,0,0.286
KAPX20150810-13,KAPX20150810_103250_V06,4,2.417,1.200,219,0,0.289,0,0,0.289
KAPX20150810-13,KAPX20150810_103250_V06,5,3.384,1.200,219,0,0.290,0,0,0.290
KAPX20150810-13,KAPX20150810_103250_V06,6,4.307,1.200,218,0,0.289,0,0,0.289
KAPX20150813-4,KAPX20150813_103829_V06,0,0.483,1.200,8167,398,511.937,279,145,233.388
KAPX20150813-4,KAPX20150813_103829_V06,2,1.494,1.200,8175,1712,6856.464,1872,282,2107.237
KAPX20150813-4,KAPX20150813_104809_V06,0,0.483,1.200,14667,1258,985.755,1071,252,444.997
KAPX20150813-4,KAPX20150813_104809_V06,2,1.494,1.200,14682,2569,10578.414,2895,446,3364.316
KAPX20150813-2,KAPX20150813_102848_V06,0,0.483,1.200,598,89,324.830,56,86,263.669
KAPX20150813-2,KAPX20150813_102848_V06,2,1.494,1.200,593,0,0.436,0,0,0.436
KAPX20150813-2,KAPX20150813_102848_V06,4,2.505,1.200,294,0,1.835,0,0,1.835
KAPX20150813-2,KAPX20150813_102848_V06,5,3.516,1.200,296,0,0.436,0,0,0.436
KAPX20150813-2,KAPX20150813_102848_V06,6,4.482,1.200,296,0,0.437,0,0,0.437
KAPX20150814-1,KAPX20150814_102342_V06,0,0.483,1.200,344,100,91.132,39,89,55.590
KAPX20150814-1,KAPX20150814_102342_V06,2,1.450,1.200,346,0,3.599,1,0,2.880
KAPX20150814-1,KAPX20150814_102342_V06,4,2.417,1.200,155,0,0.205,0,0,0.205
KAPX20150814-1,KAPX20150814_102342_V06,5,3.384,1.200,156,0,0.207,0,0,0.207
KAPX20150814-1,KAPX20150814_102342_V06,6,4.307,1.200,156,0,0.207,0,0,0.207
KAPX20150814-1,KAPX20150814_102836_V06,0,0.483,1.200,1411,151,188.376,80,129,124.919
KAPX20150814-1,KAPX20150814_102836_V06,2,1.450,1.200,1414,0,0.930,0,0,0.930
KAPX20150814-1,KAPX20150814_102836_V06,4,2.417,1.200,713,0,0.940,0,0,0.940
KAPX20150814-1,KAPX20150814_102836_V06,5,3.384,1.200,713,0,0.943,0,0,0.943
KAPX20150814-1,KAPX20150814_102836_V06,6,4.307,1.200,715,0,0.949,0,0,0.949
KAPX20150814-1,KAPX20150814_103330_V06,0,0.483,1.200,3414,153,271.058,116,124,179.161
KAPX20150814-1,KAPX20150814_103330_V06,2,1.450,1.200,3411,1,10.771,5,1,6.877
KAPX20150814-1,KAPX20150814_103330_V06,4,2.417,1.200,1711,0,2.251,0,0,2.251
KAPX20150814-1,KAPX20150814_103330_V06,5,3.384,1.200,1711,0,9.874,1,0,9.427
KAPX20150814-1,KAPX20150814_103330_V06,6,4.307,1.200,1717,0,2.267,0,0,2.267
KAPX20150814-1,KAPX20150814_103825_V06,0,0.483,1.200,961,115,226.790,102,75,150.096
KAPX20150814-1,KAPX20150814_103825_V06,2,1.450,1.200,963,0,0.617,0,0,0.617
KAPX20150814-1,KAPX20150814_103825_V06,4,2.417,1.200,479,0,0.615,0,0,0.615
KAPX20150814-1,KAPX20150814_103825_V06,5,3.384,1.200,481,0,0.620,0,0,0.620
KAPX20150814-1,KAPX20150814_103825_V06,6,4.307,1.200,481,0,0.621,0,0,0.621
KAPX20150815-2,KAPX20150815_103824_V06,0,0.483,1.200,5695,1323,1474.864,1240,1170,1115.355
KAPX20150815-2,KAPX20150815_103824_V06,2,1.494,1.200,5699,82,370.305,360,79,319.819
KAPX20150815-2,KAPX20150815_103824_V06,4,2.505,1.200,2856,0,33.792,9,0,31.086
KAPX20150815-2,KAPX20150815_103824_V06,5,3.516,1.200,2861,0,507.157,651,0,242.929
KAPX20150815-2,KAPX20150815_103824_V06,6,4.482,1.200,2858,0,431.775,878,0,134.761
KAPX20150815-3,KAPX20150815_104803_V06,0,0.483,1.200,11078,388,2937.221,588,300,2248.299
KAPX20150815-3,KAPX20150815_104803_V06,2,1.494,1.200,11082,10,772.082,229,8,403.371
KAPX20150815-3,KAPX20150815_104803_V06,4,2.505,1.200,5537,2,2103.644,536,2,1323.758
KAPX20150815-3,KAPX20150815_104803_V06,5,3.516,1.200,5548,1,268.296,156,1,154.334
KAPX20150815-5,KAPX20150815_110724_V06,0,0.483,1.200,2258,235,811.077,88,208,661.315
KAPX20150815-5,KAPX20150815_110724_V06,2,1.494,1.200,2265,16,212.053,43,11,135.353
KAPX20150815-5,KAPX20150815_110724_V06,4,2.505,1.200,1128,0,437.927,20,0,396.538
KAPX20150815-6,KAPX20150815_110724_V06,0,0.483,1.200,56,36,23.675,8,29,19.162
KAPX20150815-6,KAPX20150815_110724_V06,2,1.494,1.200,56,3,21.162,2,1,21.162
KAPX20150815-6,KAPX20150815_110724_V06,4,2.505,1.200,27,0,0.113,0,0,0.113
KAPX20150816-3,KAPX20150816_115127_V06,0,0.483,1.200,15761,1026,4107.697,985,291,1217.079
KAPX20150817-1,KAPX20150817_104036_V06,0,0.483,1.200,3306,313,16.777,97,216,16.777
KAPX20150817-1,KAPX20150817_104036_V06,2,0.879,1.200,3306,0,18.584,0,0,18.584
KAPX20150818-2,KAPX20150818_103509_V06,0,0.483,1.200,759,135,3.062,9,126,3.062
KAPX20150818-2,KAPX20150818_104029_V06,0,0.483,1.200,2250,566,8.443,27,539,8.443
KAPX20150818-2,KAPX20150818_104550_V06,0,0.483,1.200,4072,1050,15.634,91,959,15.634
KAPX20150818-2,KAPX20150818_105110_V06,0,0.483,1.200,4777,1213,46.350,170,1043,46.350
KAPX20150818-2,KAPX20150818_105631_V06,0,0.483,1.200,7724,1252,98.932,182,1071,86.079
KAPX20150818-2,KAPX20150818_110152_V06,0,0.483,1.200,9913,1230,179.990,197,1034,166.942
KAPX20150819-6,KAPX20150819_102056_V06,0,0.483,1.200,4604,788,1228.394,979,40,302.290
KAPX20150819-6,KAPX20150819_102056_V06,2,1.450,1.200,4605,13,190.922,52,1,68.455
KAPX20150819-6,KAPX20150819_102056_V06,4,2.417,1.200,2303,0,8.813,0,0,8.813
KAPX20150819-6,KAPX20150819_102643_V06,0,0.483,1.200,7627,958,1365.207,1200,42,335.019
KAPX20150819-6,KAPX20150819_102643_V06,2,1.450,1.200,7634,72,668.808,242,8,192.367
KAPX20150819-6,KAPX20150819_102643_V06,4,2.417,1.200,3824,0,14.285,0,0,14.285
KAPX20150819-6,KAPX20150819_103230_V06,0,0.483,1.200,5755,858,965.948,1042,32,242.888
KAPX20150819-6,KAPX20150819_103230_V06,2,1.450,1.200,5759,114,850.095,358,7,208.357
KAPX20150819-6,KAPX20150819_103230_V06,4,2.417,1.200,2887,0,9.462,0,0,9.462
KAPX20150819-6,KAPX20150819_103818_V06,0,0.483,1.200,8783,872,1174.917,1139,45,260.198
KAPX20150819-6,KAPX20150819_103818_V06,2,1.450,1.200,8799,102,912.698,389,10,246.800
KAPX20150819-6,KAPX20150819_103818_V06,4,2.417,1.200,4399,0,14.081,0,0,14.081
KAPX20150819-6,KAPX20150819_104338_V06,0,0.483,1.200,5497,575,829.902,775,15,220.898
KAPX20150819-6,KAPX20150819_104338_V06,2,1.450,1.200,5494,58,659.971,241,9,205.304
KAPX20150819-6,KAPX20150819_104338_V06,4,2.417,1.200,2751,0,7.916,0,0,7.916
KAPX20150819-7,KAPX20150819_102643_V06,0,0.483,1.200,12330,2091,1297.760,3761,122,397.485
KAPX20150819-7,KAPX20150819_102643_V06,2,1.450,1.200,12339,1810,805.868,3322,4,106.685
KAPX20150819-7,KAPX20150819_102643_V06,4,2.417,1.200,6177,882,599.500,1255,3,88.907
KAPX20150819-7,KAPX20150819_102643_V06,5,3.384,1.200,6179,652,595.738,1029,5,67.718
KAPX20150819-7,KAPX20150819_102643_V06,6,4.307,1.200,6187,311,314.193,622,3,26.840
KAPX20150821-7,KAPX20150821_113525_V06,0,0.483,1.200,14418,2656,707.699,2577,1326,446.515
KAPX20150821-7,KAPX20150821_113525_V06,2,1.494,1.200,14419,587,351.508,2230,7,106.427
KAPX20150821-7,KAPX20150821_113525_V06,4,2.505,1.200,7222,74,406.867,791,1,119.954
KAPX20150821-7,KAPX20150821_113525_V06,5,3.516,1.200,7229,0,200.066,993,0,120.388
KAPX20150821-7,KAPX20150821_113525_V06,6,4.482,1.200,7234,0,109.782,703,0,72.545
KAPX20150821-7,KAPX20150821_114506_V06,0,0.483,1.200,23100,2918,1082.924,3286,1708,635.509
KAPX20150821-7,KAPX20150821_114506_V06,2,1.494,1.200,23112,367,475.723,2424,36,140.732
KAPX20150821-7,KAPX20150821_114506_V06,4,2.505,1.200,11557,1,335.535,838,0,206.687
KAPX20150821-7,KAPX20150821_114506_V06,5,3.516,1.200,11569,0,218.564,1048,0,132.071
KAPX20150821-7,KAPX20150821_114506_V06,6,4.482,1.200,11588,0,98.399,829,0,70.626
KAPX20150821-7,KAPX20150821_115448_V06,0,0.483,1.200,10475,954,819.079,1395,442,444.826
KAPX20150821-7,KAPX20150821_115448_V06,2,1.494,1.200,10486,121,387.792,824,2,132.129
KAPX20150821-7,KAPX20150821_115448_V06,4,2.505,1.200,5251,0,275.183,471,0,188.143
KAPX20150821-7,KAPX20150821_115448_V06,5,3.516,1.200,5254,0,77.276,232,0,56.972
KAPX20150821-7,KAPX20150821_115448_V06,6,4.482,1.200,5258,0,27.503,26,0,25.217
KAPX20150821-7,KAPX20150821_120430_V06,0,0.483,1.200,16803,1086,984.479,1722,537,513.276
KAPX20150821-7,KAPX20150821_120430_V06,2,1.494,1.200,16799,10,308.662,502,2,128.589
KAPX20150821-7,KAPX20150821_120430_V06,4,2.505,1.200,8405,1,264.756,380,0,206.199
KAPX20150821-7,KAPX20150821_120430_V06,5,3.516,1.200,8425,0,87.191,141,0,78.566
KAPX20150821-7,KAPX20150821_120430_V06,6,4.482,1.200,8432,0,86.836,145,0,71.936
KAPX20150821-5,KAPX20150821_103714_V06,0,0.483,1.200,6141,1254,85.422,1790,173,34.285
KAPX20150821-5,KAPX20150821_103714_V06,2,1.494,1.200,6142,939,101.960,2268,19,26.382
KAPX20150821-5,KAPX20150821_103714_V06,4,2.505,1.200,3076,442,156.411,1221,8,52.722
KAPX20150821-5,KAPX20150821_103714_V06,5,3.516,1.200,3074,368,142.345,1260,1,45.931
KAPX20150821-5,KAPX20150821_103714_V06,6,4.482,1.200,3073,183,115.977,925,0,24.648
KAPX20150823-4,KAPX20150823_102518_V06,0,0.483,1.200,1200,258,195.398,6,253,177.539
KAPX20150823-4,KAPX20150823_103459_V06,0,0.483,1.200,3669,1458,1593.751,48,1419,1469.845
KAPX20150823-4,KAPX20150823_104440_V06,0,0.483,1.200,7780,1828,3665.420,108,1744,3371.495
KAPX20150823-4,KAPX20150823_105422_V06,0,0.483,1.200,10303,1952,2998.043,147,1834,2637.183
KAPX20150823-4,KAPX20150823_110403_V06,0,0.483,1.200,14301,1542,2482.497,218,1365,1969.485
KAPX20150823-1,KAPX20150823_100558_V06,0,0.483,1.200,2796,681,1104.836,205,662,976.098
KAPX20150823-1,KAPX20150823_100558_V06,2,1.494,1.200,2802,0,2.239,0,0,2.239
KAPX20150823-1,KAPX20150823_100558_V06,4,2.505,1.200,1401,0,1.889,0,0,1.889
KAPX20150823-1,KAPX20150823_100558_V06,5,3.516,1.200,1397,0,1.887,0,0,1.887
KAPX20150823-1,KAPX20150823_100558_V06,6,4.482,1.200,1402,0,2.953,0,0,2.953
KAPX20150823-1,KAPX20150823_101538_V06,0,0.483,1.200,11715,1278,2467.362,888,1196,2009.635
KAPX20150823-1,KAPX20150823_101538_V06,2,1.494,1.200,11719,0,15.574,10,0,12.545
KAPX20150823-1,KAPX20150823_101538_V06,4,2.505,1.200,5857,0,9.927,2,0,9.598
KAPX20150823-1,KAPX20150823_101538_V06,5,3.516,1.200,5866,0,8.118,0,0,8.118
KAPX20150823-1,KAPX20150823_101538_V06,6,4.482,1.200,5881,0,8.552,0,0,8.552
KAPX20150823-2,KAPX20150823_100558_V06,0,0.483,1.200,6203,1702,2406.243,526,1557,2074.219
KAPX20150823-2,KAPX20150823_100558_V06,2,1.494,1.200,6209,0,4.915,1,0,4.810
KAPX20150823-2,KAPX20150823_100558_V06,4,2.505,1.200,3108,0,4.470,0,0,4.470
KAPX20150823-2,KAPX20150823_100558_V06,5,3.516,1.200,3111,0,4.481,0,0,4.481
KAPX20150823-2,KAPX20150823_100558_V06,6,4.482,1.200,3108,0,4.490,0,0,4.490
KAPX20150823-2,KAPX20150823_101538_V06,0,0.483,1.200,12208,1675,4220.734,1306,1346,3311.347
KAPX20150823-2,KAPX20150823_101538_V06,2,1.494,1.200,12212,1,15.428,7,0,13.397
KAPX20150823-2,KAPX20150823_101538_V06,4,2.505,1.200,6113,0,15.238,2,0,13.446
KAPX20150823-2,KAPX20150823_101538_V06,5,3.516,1.200,6121,0,15.369,0,0,15.369
KAPX20150823-2,KAPX20150823_101538_V06,6,4.482,1.200,6133,0,9.476,0,0,9.476
KAPX20150823-3,KAPX20150823_100558_V06,0,0.483,1.200,3200,871,1810.976,352,754,1535.495
KAPX20150823-3,KAPX20150823_100558_V06,2,1.494,1.200,3202,0,7.383,2,0,5.340
KAPX20150823-3,KAPX20150823_100558_V06,4,2.505,1.200,1605,0,30.908,0,0,30.908
KAPX20150823-3,KAPX20150823_100558_V06,5,3.516,1.200,1599,0,2.710,0,0,2.710
KAPX20150823-6,KAPX20150823_105422_V06,0,0.483,1.200,7123,1481,4222.910,527,1258,3059.606
KAPX20150823-6,KAPX20150823_105422_V06,2,1.494,1.200,7134,3,40.484,6,0,25.556
KAPX20150823-6,KAPX20150823_105422_V06,4,2.505,1.200,3568,0,36.689,0,0,36.689
KAPX20150824-2,KAPX20150824_101522_V06,0,0.483,1.200,7891,759,1410.451,561,557,970.698
KAPX20150824-2,KAPX20150824_101522_V06,2,1.450,1.200,7890,117,334.287,339,1,46.518
KAPX20150824-2,KAPX20150824_101522_V06,4,2.417,1.200,3954,1,42.865,10,0,23.500
KAPX20150824-2,KAPX20150824_101522_V06,5,3.384,1.200,3953,0,7.793,0,0,7.793
KAPX20150825-2,KAPX20150825_110220_V06,0,0.483,1.200,11594,1564,2007.624,3936,64,255.591
KAPX20150825-2,KAPX20150825_110220_V06,2,1.494,1.200,11599,149,414.601,1186,2,51.843
KAPX20150825-2,KAPX20150825_110220_V06,4,2.505,1.200,5810,0,6.771,0,0,6.771
KAPX20150825-2,KAPX20150825_110220_V06,5,3.516,1.200,5824,0,6.800,0,0,6.800
KAPX20150825-2,KAPX20150825_110220_V06,6,4.482,1.200,5822,0,6.816,0,0,6.816
KAPX20150825-6,KAPX20150825_113125_V06,0,0.483,1.200,3498,110,342.680,1336,13,87.475
KAPX20150825-6,KAPX20150825_113125_V06,2,1.494,1.200,3501,0,24.423,252,0,7.625
KAPX20150825-6,KAPX20150825_113125_V06,4,2.505,1.200,1750,0,3.205,0,0,3.205
KAPX20150825-6,KAPX20150825_113125_V06,5,3.516,1.200,1758,0,1.063,0,0,1.063
KAPX20150825-6,KAPX20150825_113125_V06,6,4.482,1.200,1761,0,1.067,0,0,1.067
KAPX20150826-2,KAPX20150826_110342_V06,0,0.483,1.200,1060,156,380.721,30,127,366.962
KAPX20150826-2,KAPX20150826_111324_V06,0,0.483,1.200,2670,233,464.663,33,204,404.977
KAPX20150826-2,KAPX20150826_112306_V06,0,0.483,1.200,9523,231,491.432,26,208,442.312
KAPX20150903-17,KAPX20150903_114604_V06,0,0.483,1.200,32936,15465,1652.325,13072,5037,1060.364
KAPX20150903-17,KAPX20150903_114604_V06,2,0.879,1.200,32933,15201,928.488,15304,2073,447.188
KAPX20150903-17,KAPX20150903_114604_V06,4,1.318,1.200,32951,15320,1297.262,17554,1080,361.797
KAPX20150903-17,KAPX20150903_114604_V06,6,1.802,1.200,16446,7650,1145.565,8468,386,451.139
KAPX20150903-17,KAPX20150903_114604_V06,7,2.417,1.200,16454,7912,1221.411,8869,385,499.245
KAPX20150903-17,KAPX20150903_114604_V06,10,3.120,1.200,16481,8256,1094.985,9395,384,339.027
KAPX20150903-17,KAPX20150903_114604_V06,11,3.999,1.200,16505,8688,1204.550,9549,530,405.673
KAPX20150903-17,KAPX20150903_114604_V06,12,5.098,1.200,16536,9445,1234.095,10087,595,348.268
KAPX20150903-17,KAPX20150903_114604_V06,13,6.416,1.200,16549,10549,1119.314,11026,499,411.289
KAPX20150903-17,KAPX20150903_115131_V06,0,0.483,1.200,63341,40492,2243.996,31271,12072,1336.264
KAPX20150903-17,KAPX20150903_115131_V06,2,0.879,1.200,63349,41354,1567.807,37678,6463,542.732
KAPX20150903-17,KAPX20150903_115131_V06,4,1.318,1.200,63356,41728,1954.593,41009,4777,494.460
KAPX20150903-17,KAPX20150903_115131_V06,6,1.802,1.200,31687,20320,1584.935,19815,1998,571.132
KAPX20150903-17,KAPX20150903_115131_V06,7,2.417,1.200,31699,20506,1805.490,19849,2208,829.321
KAPX20150903-17,KAPX20150903_115131_V06,10,3.120,1.200,31727,20498,1964.212,19674,2403,927.153
KAPX20150903-17,KAPX20150903_115131_V06,11,3.999,1.200,31767,21061,1973.840,20015,2505,913.236
KAPX20150903-17,KAPX20150903_115131_V06,12,5.098,1.200,31816,22051,2123.775,20961,2528,864.204
KAPX20150903-17,KAPX20150903_115131_V06,13,6.416,1.200,31901,23808,2823.899,22974,2203,1276.778
KAPX20150903-17,KAPX20150903_115131_V06,14,7.998,1.200,32023,25237,4423.226,25514,2122,743.460
KAPX20150903-1,KAPX20150903_100550_V06,0,0.483,1.200,1867,1088,695.078,532,649,611.628
KAPX20150903-1,KAPX20150903_100550_V06,2,0.879,1.200,1864,622,271.993,746,58,137.642
KAPX20150903-1,KAPX20150903_100550_V06,4,1.318,1.200,1866,696,222.911,912,19,54.867
KAPX20150903-1,KAPX20150903_100550_V06,6,1.802,1.200,934,385,163.393,446,13,48.956
KAPX20150903-1,KAPX20150903_100550_V06,7,2.417,1.200,934,409,302.890,515,11,64.662
KAPX20150903-1,KAPX20150903_100550_V06,8,3.120,1.200,933,416,398.114,568,9,64.485
KAPX20150903-1,KAPX20150903_100550_V06,11,3.999,1.200,935,288,445.394,454,7,73.908
KAPX20150903-4,KAPX20150903_102205_V06,0,0.483,1.200,9325,4885,1102.295,3492,1437,670.381
KAPX20150903-4,KAPX20150903_102205_V06,2,0.879,1.200,9322,5553,818.726,4393,1208,278.026
KAPX20150903-4,KAPX20150903_102205_V06,4,1.318,1.200,9329,7826,1170.744,7192,742,209.165
KAPX20150904-1,KAPX20150904_101518_V06,0,0.483,1.200,6252,1454,1510.297,1984,710,1123.320
KAPX20150904-1,KAPX20150904_101518_V06,2,1.450,1.200,6256,1185,927.673,3282,19,262.936
KAPX20150904-1,KAPX20150904_101518_V06,4,2.417,1.200,3130,647,546.053,946,4,65.474
KAPX20150904-1,KAPX20150904_101518_V06,5,3.384,1.200,3134,388,514.648,708,14,76.877
KAPX20150904-1,KAPX20150904_101518_V06,6,4.307,1.200,3142,66,283.930,254,2,63.124
KAPX20150904-1,KAPX20150904_101518_V06,7,6.021,1.200,3147,0,2.296,0,0,2.296
KAPX20150904-2,KAPX20150904_103950_V06,0,0.483,1.200,4005,840,728.817,920,397,491.549
KAPX20150904-2,KAPX20150904_103950_V06,2,1.450,1.200,4008,689,458.166,1488,8,93.056
KAPX20150904-2,KAPX20150904_103950_V06,4,2.417,1.200,2002,392,444.244,622,2,57.895
KAPX20150904-2,KAPX20150904_103950_V06,5,3.384,1.200,2004,232,464.139,457,3,58.996
KAPX20150904-2,KAPX20150904_103950_V06,6,4.307,1.200,2005,0,14.706,7,0,10.475
KAPX20150904-2,KAPX20150904_103950_V06,7,6.021,1.200,2015,0,1.786,0,0,1.786
KAPX20150906-1,KAPX20150906_101650_V06,0,0.483,1.200,212,1,58.259,50,1,26.327
KAPX20150906-1,KAPX20150906_101650_V06,2,1.494,1.200,212,0,1.245,2,0,0.184
KAPX20150906-1,KAPX20150906_101650_V06,4,2.505,1.200,105,0,0.184,0,0,0.184
KAPX20150906-1,KAPX20150906_101650_V06,5,3.516,1.200,105,0,0.185,0,0,0.185
KAPX20150907-13,KAPX20150907_105652_V06,0,0.483,1.200,18627,3186,2453.622,3005,410,854.141
KAPX20150907-13,KAPX20150907_105652_V06,2,1.450,1.200,18640,5294,1748.871,4347,1126,558.298
KAPX20150907-13,KAPX20150907_110239_V06,0,0.483,1.200,25461,4293,3894.294,4172,528,1456.730
KAPX20150907-13,KAPX20150907_110239_V06,2,1.450,1.200,25470,7226,2497.255,6284,1243,759.734
KAPX20150907-13,KAPX20150907_110827_V06,0,0.483,1.200,30272,5045,3989.635,4901,618,1482.625
KAPX20150907-13,KAPX20150907_110827_V06,2,1.450,1.200,30305,7863,3406.620,7249,1119,993.141
KAPX20150907-13,KAPX20150907_111414_V06,0,0.483,1.200,36529,5829,5296.817,5634,908,2156.779
KAPX20150907-13,KAPX20150907_111414_V06,2,1.450,1.200,36561,7636,4402.859,7689,717,1261.988
KAPX20150907-13,KAPX20150907_112002_V06,0,0.483,1.200,41262,6107,6141.576,6143,992,2426.635
KAPX20150907-13,KAPX20150907_112002_V06,2,1.450,1.200,41300,7493,4572.683,7835,594,1309.677
KAPX20150907-25,KAPX20150907_120621_V06,0,0.483,1.200,25793,5495,4468.523,3758,2042,2625.957
KAPX20150907-25,KAPX20150907_120621_V06,2,1.450,1.200,25816,3929,1868.753,3126,975,801.856
KAPX20150907-25,KAPX20150907_121208_V06,0,0.483,1.200,31456,6311,6338.822,4528,2257,3649.008
KAPX20150907-25,KAPX20150907_121208_V06,2,1.450,1.200,31494,5426,2430.053,4385,1314,914.769
KAPX20150907-25,KAPX20150907_121756_V06,0,0.483,1.200,31879,6412,7315.057,4718,2364,3805.020
KAPX20150907-25,KAPX20150907_121756_V06,2,1.450,1.200,31894,5928,3163.979,5015,1331,1058.368
KAPX20150907-28,KAPX20150907_121208_V06,0,0.483,1.200,29950,5859,2654.085,10368,355,587.416
KAPX20150907-28,KAPX20150907_121208_V06,2,1.450,1.200,29970,7285,2496.580,11089,163,444.544
KAPX20150907-28,KAPX20150907_121208_V06,4,2.417,1.200,14992,4926,3354.135,6624,233,854.683
KAPX20150907-28,KAPX20150907_121208_V06,5,3.384,1.200,15008,6380,3071.119,7589,827,674.367
KAPX20150907-28,KAPX20150907_121208_V06,6,4.307,1.200,15029,6333,5484.846,8286,473,1331.539
KAPX20150907-28,KAPX20150907_121756_V06,0,0.483,1.200,36483,5883,3238.688,12058,345,801.209
KAPX20150907-28,KAPX20150907_121756_V06,2,1.450,1.200,36509,9180,4640.426,14459,208,821.818
KAPX20150907-28,KAPX20150907_121756_V06,4,2.417,1.200,18267,6185,2921.108,7286,468,851.533
KAPX20150907-28,KAPX20150907_121756_V06,5,3.384,1.200,18279,7284,3499.170,8343,1006,1010.393
KAPX20150907-28,KAPX20150907_121756_V06,6,4.307,1.200,18316,6479,7110.143,8846,529,2173.918
KAPX20150907-32,KAPX20150907_122903_V06,0,0.483,1.200,1792,620,1152.518,678,58,339.364
KAPX20150907-32,KAPX20150907_122903_V06,2,1.450,1.200,1792,0,4.351,0,0,4.351
KAPX20150907-32,KAPX20150907_123424_V06,0,0.483,1.200,3075,891,1294.577,924,90,349.724
KAPX20150907-32,KAPX20150907_123424_V06,2,1.450,1.200,3084,0,7.593,0,0,7.593
KAPX20150907-10,KAPX20150907_105105_V06,0,0.483,1.200,5052,1019,462.836,921,126,162.430
KAPX20150907-10,KAPX20150907_105105_V06,2,1.450,1.200,5060,1410,164.514,1059,356,105.886
KAPX20150907-12,KAPX20150907_105105_V06,0,0.483,1.200,2632,377,554.363,644,5,83.966
KAPX20150907-12,KAPX20150907_105105_V06,2,1.450,1.200,2636,976,574.082,1254,8,103.412
KAPX20150907-12,KAPX20150907_105105_V06,4,2.417,1.200,1315,771,553.746,869,20,126.337
KAPX20150907-12,KAPX20150907_105105_V06,5,3.384,1.200,1325,1033,520.150,909,267,161.713
KAPX20150907-24,KAPX20150907_120621_V06,0,0.483,1.200,44217,6714,3786.507,15114,848,890.000
KAPX20150907-24,KAPX20150907_120621_V06,2,1.450,1.200,44241,8331,2922.621,16458,229,538.793
KAPX20150907-24,KAPX20150907_120621_V06,4,2.417,1.200,22131,4997,2770.534,8304,197,720.269
KAPX20150907-24,KAPX20150907_120621_V06,5,3.384,1.200,22154,6195,3959.384,9145,648,1200.273
KAPX20150907-24,KAPX20150907_120621_V06,6,4.307,1.200,22175,7340,5360.023,10499,690,1312.542
KAPX20150908-1,KAPX20150908_101110_V06,0,0.483,1.200,391,332,153.088,93,245,98.312
KAPX20150908-1,KAPX20150908_101110_V06,2,1.450,1.200,391,183,114.391,169,22,49.336
KAPX20150909-1,KAPX20150909_114550_V06,0,0.483,1.200,5636,2503,8103.680,1211,1943,5487.161
KAPX20150909-1,KAPX20150909_114550_V06,2,1.494,1.200,5638,0,35.618,0,0,35.618
KAPX20150909-1,KAPX20150909_114550_V06,4,2.505,1.200,2823,0,10.682,0,0,10.682
KAPX20150910-10,KAPX20150910_112808_V06,0,0.483,1.200,71,62,13.147,1,61,13.147
KAPX20150910-10,KAPX20150910_112808_V06,2,1.450,1.200,72,0,2.371,1,0,1.013
KAPX20150910-10,KAPX20150910_112808_V06,4,2.417,1.200,35,0,0.043,0,0,0.043
KAPX20150910-10,KAPX20150910_112808_V06,5,3.384,1.200,36,0,0.044,0,0,0.044
KAPX20150910-10,KAPX20150910_112808_V06,6,4.307,1.200,35,0,0.043,0,0,0.043
KAPX20150910-10,KAPX20150910_113302_V06,0,0.483,1.200,1370,92,272.281,124,63,187.307
KAPX20150910-10,KAPX20150910_113302_V06,2,1.450,1.200,1373,4,26.849,19,2,10.770
KAPX20150910-10,KAPX20150910_113302_V06,4,2.417,1.200,682,0,0.846,0,0,0.846
KAPX20150910-10,KAPX20150910_113302_V06,5,3.384,1.200,687,0,0.854,0,0,0.854
KAPX20150910-10,KAPX20150910_113302_V06,6,4.307,1.200,685,0,0.854,0,0,0.854
KAPX20150910-17,KAPX20150910_114748_V06,0,0.483,1.200,5162,512,22.378,365,147,22.378
KAPX20150910-17,KAPX20150910_115242_V06,0,0.483,1.200,7699,1166,129.342,830,341,68.093
KAPX20150910-4,KAPX20150910_104355_V06,0,0.483,1.200,17493,10167,1910.242,6413,3977,493.048
KAPX20150910-4,KAPX20150910_104355_V06,2,1.450,1.200,17509,7929,2809.964,7390,790,831.090
KAPX20150910-4,KAPX20150910_104849_V06,0,0.483,1.200,10695,7426,612.958,4325,3145,235.273
KAPX20150910-4,KAPX20150910_104849_V06,2,1.450,1.200,10704,5241,1582.566,4852,505,455.097
KAPX20150910-4,KAPX20150910_105345_V06,0,0.483,1.200,14640,10029,1357.076,6510,3647,382.725
KAPX20150910-4,KAPX20150910_105345_V06,2,1.450,1.200,14631,7009,1550.345,6326,815,405.708
KAPX20150910-4,KAPX20150910_105840_V06,0,0.483,1.200,27978,15342,4244.502,10697,5258,1055.837
KAPX20150910-4,KAPX20150910_105840_V06,2,1.450,1.200,27999,8327,5484.504,7856,1214,1471.919
KAPX20150911-2,KAPX20150911_113316_V06,0,0.483,1.200,1655,167,9.795,2,165,9.795
KAPX20150914-1,KAPX20150914_110753_V06,0,0.483,1.200,73,44,34.672,1,44,30.370
KAPX20150914-1,KAPX20150914_110753_V06,2,1.494,1.200,73,0,0.087,0,0,0.087
KAPX20150914-1,KAPX20150914_110753_V06,4,2.505,1.200,36,0,0.086,0,0,0.086
KAPX20150916-3,KAPX20150916_122826_V06,0,0.483,1.200,2331,83,33.538,66,18,22.594
KAPX20150916-3,KAPX20150916_122826_V06,2,1.450,1.200,2334,278,247.467,209,77,139.106
KAPX20150916-3,KAPX20150916_123321_V06,0,0.483,1.200,4220,138,30.870,107,31,30.870
KAPX20150916-3,KAPX20150916_123321_V06,2,1.450,1.200,4228,332,328.508,261,88,113.393
KAPX20150916-3,KAPX20150916_123816_V06,0,0.483,1.200,5091,238,67.849,213,28,31.343
KAPX20150916-3,KAPX20150916_123816_V06,2,1.450,1.200,5095,340,266.913,250,104,100.780
KAPX20150916-1,KAPX20150916_102634_V06,0,0.483,1.200,695,97,230.513,60,72,217.237
KAPX20150916-1,KAPX20150916_102634_V06,2,1.494,1.200,696,0,4.557,6,0,2.955
KAPX20150916-1,KAPX20150916_102634_V06,4,2.505,1.200,349,0,5.456,3,0,2.211
KAPX20150916-1,KAPX20150916_102634_V06,5,3.516,1.200,349,0,0.323,0,0,0.323
KAPX20150916-1,KAPX20150916_102634_V06,6,4.482,1.200,351,0,0.326,0,0,0.326
KAPX20150918-9,KAPX20150918_113525_V06,0,0.483,1.200,15487,290,663.682,654,17,129.894
KAPX20150918-9,KAPX20150918_113525_V06,2,1.450,1.200,15501,362,599.376,734,14,117.975
KAPX20150918-9,KAPX20150918_113525_V06,4,2.417,1.200,7755,259,874.202,436,14,255.221
KAPX20150918-9,KAPX20150918_113525_V06,5,3.384,1.200,7765,540,1226.065,589,59,644.891
KAPX20150922-1,KAPX20150922_114004_V06,0,0.483,1.200,29640,2139,52.187,8708,1645,41.228
KAPX20150922-1,KAPX20150922_114004_V06,2,1.494,1.200,29655,37,3.344,4537,26,2.248
KAPX20150922-1,KAPX20150922_114004_V06,4,2.505,1.200,14836,4,4.269,744,4,3.103
KAPX20150922-1,KAPX20150922_114004_V06,5,3.516,1.200,14855,2,4.868,1084,2,2.862
KAPX20150922-1,KAPX20150922_114004_V06,6,4.482,1.200,14875,3,3.221,1184,3,1.570
KAPX20150923-1,KAPX20150923_113142_V06,0,0.483,1.200,4841,2896,888.406,662,2542,726.727
KAPX20150923-1,KAPX20150923_113142_V06,2,1.494,1.200,4841,174,454.130,557,126,298.553
KAPX20150923-1,KAPX20150923_113142_V06,4,2.505,1.200,2428,34,121.150,82,15,84.157
KAPX20150923-1,KAPX20150923_113142_V06,5,3.516,1.200,2423,0,19.968,16,0,18.378
KAPX20150923-1,KAPX20150923_113142_V06,6,4.482,1.200,2430,0,10.428,7,0,9.495
KAPX20150923-1,KAPX20150923_114123_V06,0,0.483,1.200,13023,6042,2243.808,2127,4996,1698.449
KAPX20150923-1,KAPX20150923_114123_V06,2,1.494,1.200,13022,223,833.316,1216,106,488.252
KAPX20150923-1,KAPX20150923_114123_V06,4,2.505,1.200,6513,5,185.661,160,3,129.137
KAPX20150923-1,KAPX20150923_114123_V06,5,3.516,1.200,6519,4,93.397,127,1,80.910
KAPX20150923-1,KAPX20150923_114123_V06,6,4.482,1.200,6533,0,22.088,60,0,19.334
KAPX20150923-2,KAPX20150923_113142_V06,0,0.483,1.200,5221,1242,1400.002,695,1105,1217.875
KAPX20150923-2,KAPX20150923_113142_V06,2,1.494,1.200,5225,9,102.526,147,3,70.007
KAPX20150923-2,KAPX20150923_113142_V06,4,2.505,1.200,2617,0,26.560,46,0,18.724
KAPX20150923-2,KAPX20150923_113142_V06,5,3.516,1.200,2616,0,29.343,74,0,20.342
KAPX20150923-2,KAPX20150923_113142_V06,6,4.482,1.200,2621,0,15.813,53,0,11.297
KAPX20150923-3,KAPX20150923_120044_V06,0,0.483,1.200,1192,483,1003.043,89,426,669.482
KAPX20150923-3,KAPX20150923_120044_V06,2,1.494,1.200,1197,4,39.233,4,2,22.251
KAPX20150924-1,KAPX20150924_120805_V06,0,0.483,1.200,1356,963,174.926,69,909,109.041
KAPX20150924-1,KAPX20150924_120805_V06,2,1.450,1.200,1360,20,142.736,8,17,117.508
KAPX20150924-1,KAPX20150924_120805_V06,4,2.417,1.200,684,4,52.351,0,4,52.351
KAPX20150927-2,KAPX20150927_122155_V06,0,0.483,1.200,4696,90,21.864,1154,67,17.582
KAPX20150927-2,KAPX20150927_122155_V06,2,1.494,1.200,4696,0,1.045,162,0,0.827
KAPX20150927-2,KAPX20150927_122155_V06,4,2.505,1.200,2350,0,0.564,12,0,0.515
KAPX20150927-2,KAPX20150927_122155_V06,5,3.516,1.200,2355,0,0.687,19,0,0.581
KAPX20150927-2,KAPX20150927_122155_V06,6,4.482,1.200,2354,1,13.354,261,0,2.510
KAPX20150928-4,KAPX20150928_113907_V06,0,0.483,1.200,1159,0,54.516,284,0,33.333
KAPX20150928-4,KAPX20150928_113907_V06,2,1.494,1.200,1158,0,0.248,0,0,0.248
KAPX20150928-4,KAPX20150928_113907_V06,4,2.505,1.200,587,0,0.322,0,0,0.322
KAPX20150928-4,KAPX20150928_113907_V06,5,3.516,1.200,583,0,0.251,0,0,0.251
KAPX20150928-4,KAPX20150928_113907_V06,6,4.482,1.200,583,0,0.251,0,0,0.251
KAPX20150929-7,KAPX20150929_124154_V06,0,0.483,1.200,6789,719,480.368,555,188,231.552
KAPX20150929-7,KAPX20150929_124154_V06,2,1.450,1.200,6787,6104,818.782,5837,325,226.526
KAPX20150929-7,KAPX20150929_124742_V06,0,0.483,1.200,9603,1797,1569.422,1521,385,607.942
KAPX20150929-7,KAPX20150929_124742_V06,2,1.450,1.200,9617,8230,1323.090,8022,310,284.043
KAPX20150929-7,KAPX20150929_125543_V06,0,0.483,1.200,14130,1701,1426.789,1351,447,668.548
KAPX20150929-7,KAPX20150929_125543_V06,2,1.450,1.200,14144,11726,2565.544,11472,483,662.554
KAPX20150929-7,KAPX20150929_130131_V06,0,0.483,1.200,18713,2440,2087.360,2015,603,821.827
KAPX20150929-7,KAPX20150929_130131_V06,2,1.450,1.200,18728,13906,3940.237,13770,562,858.213
KAPX20150929-3,KAPX20150929_112626_V06,0,0.483,1.200,477,7,38.610,154,3,25.217
KAPX20150929-3,KAPX20150929_112626_V06,2,1.450,1.200,478,15,11.500,46,12,9.599
KAPX20150929-3,KAPX20150929_112626_V06,4,2.417,1.200,240,0,1.054,2,0,0.993
KAPX20150929-3,KAPX20150929_112626_V06,5,3.384,1.200,241,0,0.148,0,0,0.148
KAPX20150929-3,KAPX20150929_112626_V06,6,4.307,1.200,240,0,0.450,3,0,0.300
KAPX20150929-3,KAPX20150929_112626_V06,7,6.021,1.200,240,4,36.782,126,0,2.957
KAPX20150929-3,KAPX20150929_112626_V06,8,9.888,1.200,246,246,0.000,245,1,0.000
KAPX20150929-6,KAPX20150929_120704_V06,0,0.483,1.200,324,63,228.078,49,40,137.772
KAPX20150929-6,KAPX20150929_120704_V06,2,1.450,1.200,325,0,0.509,0,0,0.509
KAPX20150929-6,KAPX20150929_120704_V06,4,2.417,1.200,162,161,10.989,159,3,0.000
KAPX20150930-1,KAPX20150930_110736_V06,0,0.483,1.200,4744,321,165.099,1555,142,115.248
KAPX20150930-1,KAPX20150930_110736_V06,2,1.494,1.200,4745,29,25.183,349,14,15.285
KAPX20150930-1,KAPX20150930_110736_V06,4,2.505,1.200,2378,2,11.910,114,0,7.457
KAPX20150930-1,KAPX20150930_110736_V06,5,3.516,1.200,2383,3,4.892,134,3,2.200
KAPX20150930-1,KAPX20150930_110736_V06,6,4.482,1.200,2384,2,0.834,3,2,0.816
KAPX20151001-1,KAPX20151001_114329_V06,0,0.483,1.200,31998,4820,101.844,10574,3443,80.812
KAPX20151001-1,KAPX20151001_114329_V06,2,1.494,1.200,32003,151,5.022,8559,80,3.386
KAPX20151001-1,KAPX20151001_114329_V06,4,2.505,1.200,16016,17,1.549,1889,5,1.264
KAPX20151001-1,KAPX20151001_114329_V06,5,3.516,1.200,16029,9,2.540,1326,9,1.908
KAPX20151001-1,KAPX20151001_114329_V06,6,4.482,1.200,16056,4,5.252,1563,2,3.053
KAPX20151001-1,KAPX20151001_115312_V06,0,0.483,1.200,46671,7046,303.389,12215,5264,243.235
KAPX20151001-1,KAPX20151001_115312_V06,2,1.494,1.200,46680,132,8.320,9956,84,5.831
KAPX20151001-1,KAPX20151001_115312_V06,4,2.505,1.200,23358,17,4.826,2440,9,4.035
KAPX20151001-1,KAPX20151001_115312_V06,5,3.516,1.200,23377,0,11.601,1834,0,9.309
KAPX20151001-1,KAPX20151001_115312_V06,6,4.482,1.200,23415,0,7.269,1920,0,5.063
KAPX20151003-1,KAPX20151003_104711_V06,0,0.483,1.200,1068,253,94.828,14,249,89.418
KAPX20151003-1,KAPX20151003_104711_V06,2,1.494,1.200,1075,0,0.747,0,0,0.747
KAPX20151003-1,KAPX20151003_104711_V06,4,2.505,1.200,537,0,0.748,0,0,0.748
KAPX20151003-1,KAPX20151003_104711_V06,5,3.516,1.200,535,0,0.746,0,0,0.746
KAPX20151003-1,KAPX20151003_104711_V06,6,4.482,1.200,541,0,37.144,7,0,28.217
KAPX20151008-1,KAPX20151008_122006_V06,0,0.483,1.200,4042,1329,1993.447,1224,220,586.782
KAPX20151008-1,KAPX20151008_122006_V06,2,1.494,1.200,4049,3952,889.588,3767,247,150.376
KAPX20151008-2,KAPX20151008_122949_V06,0,0.483,1.200,26040,2182,37.221,9754,1596,28.382
KAPX20151008-2,KAPX20151008_122949_V06,2,1.494,1.200,26051,81,2.316,8325,54,1.286
KAPX20151008-2,KAPX20151008_122949_V06,4,2.505,1.200,13026,8,1.339,1728,6,0.978
KAPX20151008-2,KAPX20151008_122949_V06,5,3.516,1.200,13039,9,0.922,705,5,0.737
KAPX20151008-2,KAPX20151008_122949_V06,6,4.482,1.200,13057,0,1.472,419,0,1.042
KAPX20151010-1,KAPX20151010_122905_V06,0,0.483,1.200,25603,2040,34.451,8397,1505,25.339
KAPX20151010-1,KAPX20151010_122905_V06,2,1.494,1.200,25614,76,2.407,4567,58,1.520
KAPX20151010-1,KAPX20151010_122905_V06,4,2.505,1.200,12815,8,1.190,1150,4,0.942
KAPX20151010-1,KAPX20151010_122905_V06,5,3.516,1.200,12837,0,1.111,2093,0,0.713
KAPX20151010-1,KAPX20151010_122905_V06,6,4.482,1.200,12854,4,1.650,2453,0,1.190
KAPX20151010-1,KAPX20151010_123847_V06,0,0.483,1.200,39956,2883,102.866,11072,2185,81.421
KAPX20151010-1,KAPX20151010_123847_V06,2,1.494,1.200,39964,86,6.184,6749,55,4.111
KAPX20151010-1,KAPX20151010_123847_V06,4,2.505,1.200,19997,16,4.270,1753,12,3.384
KAPX20151010-1,KAPX20151010_123847_V06,5,3.516,1.200,20014,2,2.769,1715,2,2.194
KAPX20151010-1,KAPX20151010_123847_V06,6,4.482,1.200,20035,2,3.426,1776,2,2.503
KAPX20151011-1,KAPX20151011_115242_V06,0,0.483,1.200,52857,3006,216.558,9513,2293,167.667
KAPX20151011-1,KAPX20151011_115242_V06,2,1.494,1.200,52872,73,17.404,9063,45,12.332
KAPX20151011-1,KAPX20151011_115242_V06,4,2.505,1.200,26458,8,10.162,1489,6,9.191
KAPX20151011-1,KAPX20151011_115242_V06,5,3.516,1.200,26480,4,11.649,1231,3,11.097
KAPX20151011-1,KAPX20151011_115242_V06,6,4.482,1.200,26516,16,11.162,1040,7,10.030
KAPX20151011-1,KAPX20151011_120224_V06,0,0.483,1.200,69482,3443,392.056,11643,2521,304.649
KAPX20151011-1,KAPX20151011_120224_V06,2,1.494,1.200,69522,73,32.758,10176,51,25.290
KAPX20151011-1,KAPX20151011_120224_V06,4,2.505,1.200,34770,37,20.979,1786,26,17.719
KAPX20151011-1,KAPX20151011_120224_V06,5,3.516,1.200,34810,22,24.565,1314,19,22.402
KAPX20151011-1,KAPX20151011_120224_V06,6,4.482,1.200,34851,3,12.460,1056,2,11.687
KAPX20151013-5,KAPX20151013_123840_V06,0,0.483,1.200,6898,1663,1222.907,2519,39,186.296
KAPX20151013-5,KAPX20151013_123840_V06,2,1.450,1.200,6897,1059,877.904,1798,27,129.681
KAPX20151013-5,KAPX20151013_123840_V06,4,2.417,1.200,3449,76,230.581,209,2,53.230
KAPX20151013-5,KAPX20151013_123840_V06,5,3.384,1.200,3456,0,6.759,0,0,6.759
KAPX20151013-5,KAPX20151013_123840_V06,6,4.307,1.200,3461,0,5.118,0,0,5.118
KAPX20151014-1,KAPX20151014_120235_V06,0,0.483,1.200,38,30,11.347,2,28,11.347
KAPX20151014-1,KAPX20151014_120235_V06,2,1.494,1.200,38,0,0.083,0,0,0.083
KAPX20151014-2,KAPX20151014_121218_V06,0,0.483,1.200,2016,268,701.375,103,241,569.844
KAPX20151014-2,KAPX20151014_121218_V06,2,1.494,1.200,2020,0,4.395,0,0,4.395
KAPX20151014-2,KAPX20151014_121218_V06,4,2.505,1.200,1009,0,2.267,0,0,2.267
KAPX20151014-2,KAPX20151014_121218_V06,5,3.516,1.200,1015,0,56.919,0,0,56.919
KAPX20151015-6,KAPX20151015_112550_V06,0,0.483,1.200,3870,657,420.375,1013,189,217.035
KAPX20151015-6,KAPX20151015_112550_V06,2,1.450,1.200,3868,303,174.675,446,121,89.131
KAPX20151015-6,KAPX20151015_112550_V06,4,2.417,1.200,1937,30,33.362,61,1,13.664
KAPX20151015-6,KAPX20151015_112550_V06,5,3.384,1.200,1940,49,124.270,197,2,24.564
KAPX20151015-6,KAPX20151015_112550_V06,6,4.307,1.200,1940,89,107.360,179,7,35.656
KAPX20151015-6,KAPX20151015_112550_V06,7,6.021,1.200,1945,25,49.215,85,1,20.701
KAPX20151015-6,KAPX20151015_113140_V06,0,0.483,1.200,9802,825,791.805,1518,272,386.009
KAPX20151015-6,KAPX20151015_113140_V06,2,1.450,1.200,9802,488,566.017,1176,209,287.649
KAPX20151015-6,KAPX20151015_113140_V06,4,2.417,1.200,4902,18,70.886,42,10,38.564
KAPX20151015-6,KAPX20151015_113140_V06,5,3.384,1.200,4908,94,172.241,220,2,55.383
KAPX20151015-6,KAPX20151015_113140_V06,6,4.307,1.200,4916,119,243.503,315,6,74.844
KAPX20151015-6,KAPX20151015_113140_V06,7,6.021,1.200,4929,2,20.351,56,0,10.622
KAPX20151015-13,KAPX20151015_121528_V06,0,0.483,1.200,3808,258,586.194,262,47,200.043
KAPX20151015-13,KAPX20151015_121528_V06,2,1.450,1.200,3812,437,724.158,436,70,239.971
KAPX20151015-13,KAPX20151015_122117_V06,0,0.483,1.200,6751,347,967.166,371,83,325.113
KAPX20151015-13,KAPX20151015_122117_V06,2,1.450,1.200,6757,757,1297.340,830,79,399.453
KAPX20151015-15,KAPX20151015_121528_V06,0,0.483,1.200,2152,440,645.870,514,25,164.235
KAPX20151015-15,KAPX20151015_121528_V06,2,1.450,1.200,2154,668,988.433,717,92,319.515
KAPX20151015-15,KAPX20151015_121528_V06,4,2.417,1.200,1081,0,3.924,0,0,3.924
KAPX20151015-15,KAPX20151015_122117_V06,0,0.483,1.200,4781,270,748.151,312,38,252.766
KAPX20151015-15,KAPX20151015_122117_V06,2,1.450,1.200,4787,524,1519.074,588,104,537.312
KAPX20151015-15,KAPX20151015_122117_V06,4,2.417,1.200,2394,0,8.828,0,0,8.828
KAPX20151015-15,KAPX20151015_122706_V06,0,0.483,1.200,2798,224,701.236,258,31,199.833
KAPX20151015-15,KAPX20151015_122706_V06,2,1.450,1.200,2807,327,961.865,328,79,359.492
KAPX20151015-15,KAPX20151015_123255_V06,0,0.483,1.200,4668,222,439.366,213,42,131.929
KAPX20151015-15,KAPX20151015_123255_V06,2,1.450,1.200,4670,122,668.342,144,32,166.812
KAPX20151015-23,KAPX20151015_123843_V06,0,0.483,1.200,6110,1283,974.567,1290,126,339.345
KAPX20151015-23,KAPX20151015_123843_V06,2,1.450,1.200,6112,2013,1450.901,2143,101,454.157
KAPX20151015-23,KAPX20151015_123843_V06,4,2.417,1.200,3060,37,568.061,59,9,360.088
KAPX20151015-23,KAPX20151015_124432_V06,0,0.483,1.200,8510,1664,1581.458,1713,192,413.193
KAPX20151015-23,KAPX20151015_124432_V06,2,1.450,1.200,8526,3144,2537.005,3296,240,731.298
KAPX20151015-23,KAPX20151015_124432_V06,4,2.417,1.200,4261,167,532.667,172,24,326.982
KAPX20151015-10,KAPX20151015_120939_V06,0,0.483,1.200,11525,1738,207.969,3211,481,109.717
KAPX20151015-10,KAPX20151015_120939_V06,2,1.450,1.200,11530,875,59.819,1671,131,21.750
KAPX20151015-10,KAPX20151015_120939_V06,4,2.417,1.200,5775,300,46.712,396,25,17.486
KAPX20151015-10,KAPX20151015_120939_V06,5,3.384,1.200,5779,269,82.001,398,15,15.616
KAPX20151015-10,KAPX20151015_120939_V06,6,4.307,1.200,5782,349,147.916,521,27,38.683
KAPX20151015-10,KAPX20151015_120939_V06,7,6.021,1.200,5793,394,96.160,660,4,23.614
KAPX20151015-10,KAPX20151015_120939_V06,8,9.888,1.200,5847,266,94.934,684,6,8.684
KAPX20151015-28,KAPX20151015_125611_V06,0,0.483,1.200,3910,497,201.229,716,69,55.105
KAPX20151015-28,KAPX20151015_125611_V06,2,1.450,1.200,3914,431,159.738,612,39,35.604
KAPX20151015-28,KAPX20151015_125611_V06,4,2.417,1.200,1956,158,106.097,223,2,16.190
KAPX20151015-28,KAPX20151015_125611_V06,5,3.384,1.200,1956,117,150.477,215,1,34.757
KAPX20151015-28,KAPX20151015_125611_V06,6,4.307,1.200,1967,51,98.169,119,5,22.151
KAPX20151015-28,KAPX20151015_125611_V06,7,6.021,1.200,1969,0,8.655,22,0,4.888
KAPX20151015-30,KAPX20151015_130201_V06,0,0.483,1.200,4362,558,1139.888,634,75,318.475
KAPX20151015-30,KAPX20151015_130201_V06,2,1.450,1.200,4363,1306,1563.996,1344,155,524.381
KAPX20151015-30,KAPX20151015_130201_V06,4,2.417,1.200,2180,1,42.313,0,1,42.313
KAPX20151016-12,KAPX20151016_115454_V06,0,0.483,1.200,2259,1932,292.043,1027,1014,182.122
KAPX20151016-12,KAPX20151016_115454_V06,2,1.450,1.200,2256,1412,462.897,1783,53,94.828
KAPX20151016-12,KAPX20151016_115454_V06,4,2.417,1.200,1131,320,343.680,414,24,105.196
KAPX20151016-12,KAPX20151016_115454_V06,5,3.384,1.200,1134,29,133.797,96,0,16.165
KAPX20151016-12,KAPX20151016_115454_V06,6,4.307,1.200,1135,0,3.981,0,0,3.981
KAPX20151016-17,KAPX20151016_121006_V06,0,0.483,1.200,1428,182,247.474,278,10,63.360
KAPX20151016-17,KAPX20151016_121006_V06,2,1.450,1.200,1426,6,43.551,32,0,14.327
KAPX20151016-17,KAPX20151016_121006_V06,4,2.417,1.200,715,0,1.421,0,0,1.421
KAPX20151016-17,KAPX20151016_121006_V06,5,3.384,1.200,716,0,1.425,0,0,1.425
KAPX20151016-19,KAPX20151016_121502_V06,0,0.483,1.200,3585,2967,82.634,1305,1837,57.928
KAPX20151016-19,KAPX20151016_121502_V06,2,1.450,1.200,3586,2593,134.143,2611,355,65.824
KAPX20151016-19,KAPX20151016_121502_V06,4,2.417,1.200,1794,999,110.970,1081,126,56.653
KAPX20151016-19,KAPX20151016_121502_V06,5,3.384,1.200,1798,473,91.418,689,22,41.272
KAPX20151016-19,KAPX20151016_121502_V06,6,4.307,1.200,1795,110,53.289,385,7,22.464
KAPX20151016-19,KAPX20151016_121502_V06,7,6.021,1.200,1797,0,51.362,339,0,18.389
KAPX20151016-19,KAPX20151016_121502_V06,8,9.888,1.200,1818,0,6.162,131,0,1.864
KAPX20151016-21,KAPX20151016_121957_V06,0,0.483,1.200,20549,14014,4162.739,8254,7128,2690.014
KAPX20151016-21,KAPX20151016_121957_V06,2,1.450,1.200,20556,8889,7853.673,13290,317,1584.282
KAPX20151016-21,KAPX20151016_121957_V06,4,2.417,1.200,10294,2103,4366.925,3559,50,1194.892
KAPX20151016-21,KAPX20151016_121957_V06,5,3.384,1.200,10300,436,727.193,890,7,222.558
KAPX20151016-21,KAPX20151016_121957_V06,6,4.307,1.200,10311,165,95.077,241,2,41.244
KAPX20151016-27,KAPX20151016_123938_V06,0,0.483,1.200,12685,7040,633.141,4281,4535,444.237
KAPX20151016-27,KAPX20151016_123938_V06,2,1.450,1.200,12692,3959,629.711,6228,604,200.516
KAPX20151016-27,KAPX20151016_123938_V06,4,2.417,1.200,6346,605,436.969,2137,42,114.245
KAPX20151016-27,KAPX20151016_123938_V06,5,3.384,1.200,6351,178,302.221,1237,12,65.400
KAPX20151016-27,KAPX20151016_123938_V06,6,4.307,1.200,6367,13,234.939,708,2,55.208
KAPX20151016-27,KAPX20151016_123938_V06,7,6.021,1.200,6389,0,9.470,53,0,7.535
KAPX20151016-27,KAPX20151016_123938_V06,8,9.888,1.200,6451,0,12.703,141,0,5.981
KAPX20151016-32,KAPX20151016_125424_V06,0,0.483,1.200,9413,3416,929.937,2603,1994,633.837
KAPX20151016-32,KAPX20151016_125424_V06,2,1.450,1.200,9427,1038,673.438,2927,16,117.082
KAPX20151016-32,KAPX20151016_125424_V06,4,2.417,1.200,4708,49,417.612,433,2,66.884
KAPX20151016-32,KAPX20151016_125424_V06,5,3.384,1.200,4720,25,454.661,526,1,82.804
KAPX20151016-32,KAPX20151016_125424_V06,6,4.307,1.200,4723,0,9.885,4,0,8.973
KAPX20151016-32,KAPX20151016_125424_V06,7,6.021,1.200,4738,0,3.177,2,0,2.918
KAPX20151016-35,KAPX20151016_130910_V06,0,0.483,1.200,11335,2804,1289.919,2090,1665,844.151
KAPX20151016-35,KAPX20151016_130910_V06,2,1.450,1.200,11339,656,1106.958,2378,11,178.385
KAPX20151016-35,KAPX20151016_130910_V06,4,2.417,1.200,5680,138,1022.472,736,2,196.785
KAPX20151016-35,KAPX20151016_130910_V06,5,3.384,1.200,5677,1,91.186,55,0,54.590
KAPX20151016-35,KAPX20151016_130910_V06,6,4.307,1.200,5686,0,4.577,0,0,4.577
KAPX20151016-35,KAPX20151016_130910_V06,7,6.021,1.200,5700,0,4.726,0,0,4.726
KAPX20151017-10,KAPX20151017_115208_V06,0,0.483,1.200,4064,1536,1947.768,1594,167,536.585
KAPX20151017-10,KAPX20151017_115208_V06,2,1.450,1.200,4065,30,328.316,70,2,85.672
KAPX20151017-10,KAPX20151017_115729_V06,0,0.483,1.200,6073,1737,2670.361,1883,160,814.156
KAPX20151017-10,KAPX20151017_115729_V06,2,1.450,1.200,6075,15,137.047,30,3,38.043
KAPX20151017-14,KAPX20151017_121213_V06,0,0.483,1.200,4475,122,395.883,123,23,220.108
KAPX20151017-14,KAPX20151017_121213_V06,2,1.450,1.200,4485,0,13.868,0,0,13.868
KAPX20151017-14,KAPX20151017_121709_V06,0,0.483,1.200,6807,138,516.962,137,48,213.495
KAPX20151017-14,KAPX20151017_121709_V06,2,1.450,1.200,6812,0,20.921,0,0,20.921
KAPX20151017-14,KAPX20151017_122204_V06,0,0.483,1.200,9734,179,731.584,214,50,288.475
KAPX20151017-14,KAPX20151017_122204_V06,2,1.450,1.200,9738,0,29.743,0,0,29.743
KAPX20151017-14,KAPX20151017_122659_V06,0,0.483,1.200,3175,143,619.203,194,28,177.629
KAPX20151017-14,KAPX20151017_122659_V06,2,1.450,1.200,3181,0,8.047,0,0,8.047
KAPX20151017-14,KAPX20151017_123154_V06,0,0.483,1.200,5241,175,689.579,205,54,285.107
KAPX20151017-14,KAPX20151017_123154_V06,2,1.450,1.200,5238,0,33.102,3,0,17.867
KAPX20151017-2,KAPX20151017_111317_V06,0,0.483,1.200,2504,1051,1015.375,1089,58,243.623
KAPX20151017-2,KAPX20151017_111317_V06,2,1.450,1.200,2508,5,60.028,11,0,21.708
KAPX20151017-12,KAPX20151017_121213_V06,0,0.483,1.200,4371,617,1073.703,648,79,504.645
KAPX20151017-12,KAPX20151017_121213_V06,2,1.450,1.200,4367,362,500.970,434,15,135.326
KAPX20151017-19,KAPX20151017_122204_V06,0,0.483,1.200,12427,3362,1089.755,3287,163,363.385
KAPX20151017-19,KAPX20151017_122204_V06,2,1.450,1.200,12430,0,46.013,0,0,46.013
KAPX20151017-24,KAPX20151017_123649_V06,0,0.483,1.200,8209,3396,1152.793,3307,176,379.428
KAPX20151017-24,KAPX20151017_123649_V06,2,1.450,1.200,8213,0,30.192,0,0,30.192
KAPX20151020-17,KAPX20151020_132333_V06,0,0.483,1.200,7870,1619,460.096,2014,117,104.178
KAPX20151020-17,KAPX20151020_132333_V06,2,1.450,1.200,7863,1448,376.963,1890,6,40.515
KAPX20151020-17,KAPX20151020_132333_V06,4,2.417,1.200,3935,656,311.662,762,31,98.596
KAPX20151020-17,KAPX20151020_132333_V06,5,3.384,1.200,3938,597,239.991,601,90,90.891
KAPX20151020-17,KAPX20151020_132333_V06,6,4.307,1.200,3946,470,183.066,575,4,36.780
KAPX20151022-1,KAPX20151022_120954_V06,0,0.483,1.200,32466,3951,211.257,6141,2981,156.080
KAPX20151022-1,KAPX20151022_120954_V06,2,1.494,1.200,32482,380,37.023,6769,250,24.770
KAPX20151022-1,KAPX20151022_120954_V06,4,2.505,1.200,16255,91,9.115,1437,64,7.737
KAPX20151022-1,KAPX20151022_120954_V06,5,3.516,1.200,16268,55,5.593,1346,44,4.817
KAPX20151022-1,KAPX20151022_120954_V06,6,4.482,1.200,16305,10,3.357,1676,9,2.819
KAPX20151023-1,KAPX20151023_120208_V06,0,0.483,1.200,433,97,146.277,18,91,135.649
KAPX20151023-1,KAPX20151023_120208_V06,2,1.494,1.200,432,5,13.382,14,0,3.110
KAPX20151023-1,KAPX20151023_120208_V06,4,2.505,1.200,215,0,0.312,0,0,0.312
KAPX20151023-1,KAPX20151023_120208_V06,5,3.516,1.200,213,0,0.309,0,0,0.309
KAPX20151023-1,KAPX20151023_120208_V06,6,4.482,1.200,214,0,0.312,0,0,0.312
KAPX20151023-3,KAPX20151023_121150_V06,0,0.483,1.200,39,36,6.954,1,35,6.954
KAPX20151023-3,KAPX20151023_121150_V06,2,1.494,1.200,39,0,0.099,0,0,0.099
KAPX20151023-4,KAPX20151023_122132_V06,0,0.483,1.200,28,25,0.006,0,25,0.006
KAPX20151023-4,KAPX20151023_122132_V06,2,1.494,1.200,28,0,0.061,0,0,0.061
KAPX20151024-11,KAPX20151024_122959_V06,0,0.483,1.200,17771,5647,2634.282,6337,125,535.102
KAPX20151024-11,KAPX20151024_122959_V06,2,1.450,1.200,17782,4872,1437.334,4736,647,334.208
KAPX20151024-11,KAPX20151024_122959_V06,4,2.417,1.200,8897,1971,933.106,1959,169,332.203
KAPX20151024-11,KAPX20151024_123454_V06,0,0.483,1.200,22966,5974,2768.840,6890,111,570.282
KAPX20151024-11,KAPX20151024_123454_V06,2,1.450,1.200,22972,5265,1450.424,5503,480,301.155
KAPX20151024-11,KAPX20151024_123454_V06,4,2.417,1.200,11502,2237,818.385,2174,271,239.866
KAPX20151026-3,KAPX20151026_120852_V06,0,0.483,1.200,7201,5355,6111.223,4654,1047,1921.025
KAPX20151026-3,KAPX20151026_120852_V06,2,1.494,1.200,7206,1,894.048,86,0,317.004
KAPX20151026-3,KAPX20151026_121834_V06,0,0.483,1.200,10573,8942,5493.654,7747,1550,1716.266
KAPX20151026-3,KAPX20151026_121834_V06,2,1.494,1.200,10578,30,3275.325,379,5,1015.386
KAPX20151027-3,KAPX20151027_115936_V06,0,0.483,1.200,44,32,8.388,1,32,7.840
KAPX20151027-3,KAPX20151027_115936_V06,2,1.494,1.200,44,0,0.034,0,0,0.034
KAPX20151027-3,KAPX20151027_115936_V06,4,2.505,1.200,23,0,2.669,0,0,2.669
KAPX20151027-3,KAPX20151027_115936_V06,5,3.516,1.200,23,0,0.035,0,0,0.035
KAPX20151027-3,KAPX20151027_115936_V06,6,4.482,1.200,23,0,0.036,0,0,0.036
KAPX20151027-4,KAPX20151027_122843_V06,0,0.483,1.200,91,40,12.934,1,40,11.864
KAPX20151027-4,KAPX20151027_122843_V06,2,1.494,1.200,89,0,0.048,0,0,0.048
KAPX20151027-4,KAPX20151027_122843_V06,4,2.505,1.200,48,0,0.052,0,0,0.052
KAPX20151027-4,KAPX20151027_122843_V06,5,3.516,1.200,49,0,0.053,0,0,0.053
KAPX20151027-4,KAPX20151027_122843_V06,6,4.482,1.200,52,0,0.057,0,0,0.057
KAPX20151029-4,KAPX20151029_120437_V06,0,0.483,1.200,6085,970,2731.664,957,164,725.464
KAPX20151029-6,KAPX20151029_125441_V06,0,0.483,1.200,21288,18821,486.115,18215,639,161.655
KAPX20151029-6,KAPX20151029_125441_V06,2,1.450,1.200,21298,5096,8858.640,5489,522,2294.081
KAPX20151030-1,KAPX20151030_113136_V06,0,0.483,1.200,55,39,18.753,1,39,17.030
KAPX20151030-1,KAPX20151030_113136_V06,2,1.494,1.200,55,0,2.901,3,0,0.777
KAPX20151030-1,KAPX20151030_113136_V06,4,2.505,1.200,22,0,0.037,0,0,0.037
KAPX20151030-1,KAPX20151030_113136_V06,5,3.516,1.200,22,0,0.037,0,0,0.037
KAPX20151030-1,KAPX20151030_114118_V06,0,0.483,1.200,1037,144,301.497,49,132,254.449
KAPX20151030-1,KAPX20151030_114118_V06,2,1.494,1.200,1038,1,13.739,11,0,5.774
KAPX20151030-1,KAPX20151030_114118_V06,4,2.505,1.200,534,0,0.888,0,0,0.888
KAPX20151030-1,KAPX20151030_114118_V06,5,3.516,1.200,535,0,0.893,0,0,0.893
KAPX20151030-5,KAPX20151030_122946_V06,0,0.483,1.200,2186,281,168.746,445,132,100.734
KAPX20151030-5,KAPX20151030_122946_V06,2,1.494,1.200,2187,31,62.306,308,19,38.436
KAPX20151030-5,KAPX20151030_122946_V06,4,2.505,1.200,1091,0,1.427,3,0,1.102
KAPX20151030-5,KAPX20151030_122946_V06,5,3.516,1.200,1094,0,0.984,0,0,0.984
KAPX20151030-5,KAPX20151030_122946_V06,6,4.482,1.200,1094,0,0.549,0,0,0.549
KAPX20151030-9,KAPX20151030_124910_V06,0,0.483,1.200,4556,1837,221.298,1987,110,103.938
KAPX20151030-9,KAPX20151030_124910_V06,2,1.494,1.200,4555,376,362.655,1214,10,40.697
KAPX20151030-9,KAPX20151030_124910_V06,4,2.505,1.200,2276,0,1.838,0,0,1.838
KAPX20151030-9,KAPX20151030_124910_V06,5,3.516,1.200,2275,0,1.843,0,0,1.843
KAPX20151030-9,KAPX20151030_124910_V06,6,4.482,1.200,2281,0,1.853,0,0,1.853
KAPX20151031-4,KAPX20151031_120647_V06,0,0.483,1.200,5613,1218,153.715,995,233,22.313
KAPX20151031-4,KAPX20151031_121238_V06,0,0.483,1.200,9662,2488,796.248,2135,399,273.989
KAPX20151031-5,KAPX20151031_131636_V06,0,0.483,1.200,29041,27274,3410.781,25042,2561,1454.860
KAPX20151031-5,KAPX20151031_131636_V06,2,1.450,1.200,29065,23486,870.008,21895,1639,262.155
KAPX20151101-14,KAPX20151101_123614_V06,0,0.483,1.200,2538,363,235.779,323,56,34.066
KAPX20151101-14,KAPX20151101_123614_V06,2,1.450,1.200,2535,0,10.556,0,0,10.556
KAPX20151101-14,KAPX20151101_124109_V06,0,0.483,1.200,4349,530,765.531,515,67,196.011
KAPX20151101-14,KAPX20151101_124109_V06,2,1.450,1.200,4358,63,199.673,66,9,67.587
KAPX20151101-8,KAPX20151101_120644_V06,0,0.483,1.200,11358,1117,2203.869,1138,178,612.702
KAPX20151101-8,KAPX20151101_120644_V06,2,1.450,1.200,11376,56,334.446,67,13,110.713
KAPX20151101-15,KAPX20151101_124109_V06,0,0.483,1.200,3449,233,18.906,191,42,18.906
KAPX20151101-22,KAPX20151101_132217_V06,0,0.483,1.200,8924,3847,2478.756,2950,1203,1031.701
KAPX20151101-22,KAPX20151101_132217_V06,2,1.450,1.200,8928,1478,2646.695,2126,89,580.171
KAPX20151101-22,KAPX20151101_132217_V06,4,2.417,1.200,4469,11,304.031,28,8,196.918
KAPX20151102-3,KAPX20151102_115316_V06,0,0.483,1.200,82376,9696,17873.288,31210,3033,7970.242
KAPX20151102-3,KAPX20151102_115316_V06,2,1.494,1.200,82409,14448,22258.741,36656,3338,8088.410
KAPX20151102-3,KAPX20151102_115316_V06,4,2.505,1.200,41243,6073,16168.358,16608,944,4667.180
KAPX20151102-3,KAPX20151102_115316_V06,5,3.516,1.200,41296,4526,7139.006,14480,785,1442.389
KAPX20151102-3,KAPX20151102_115316_V06,6,4.482,1.200,41348,3702,3841.068,13251,634,739.202
KAPX20151105-1,KAPX20151105_114100_V06,0,0.483,1.200,14379,905,9.266,2027,488,5.337
KAPX20151105-1,KAPX20151105_114100_V06,2,1.494,1.200,14389,86,1.742,5561,38,0.659
KAPX20151105-1,KAPX20151105_114100_V06,4,2.505,1.200,7191,7,1.613,3656,1,0.391
KAPX20151105-1,KAPX20151105_114100_V06,5,3.516,1.200,7204,9,1.069,4265,5,0.245
KAPX20151105-1,KAPX20151105_114100_V06,6,4.482,1.200,7222,2,0.904,4098,0,0.176
KAPX20151105-1,KAPX20151105_115040_V06,0,0.483,1.200,32253,1278,37.050,5128,690,22.276
KAPX20151105-1,KAPX20151105_115040_V06,2,1.494,1.200,32263,84,9.524,12785,24,4.183
KAPX20151105-1,KAPX20151105_115040_V06,4,2.505,1.200,16144,19,5.034,5022,13,2.637
KAPX20151105-1,KAPX20151105_115040_V06,5,3.516,1.200,16173,1,4.290,5408,0,2.136
KAPX20151105-1,KAPX20151105_115040_V06,6,4.482,1.200,16185,2,7.307,4804,1,4.229
KAPX20151107-1,KAPX20151107_112640_V06,0,0.483,1.200,1178,485,240.435,420,136,112.937
KAPX20151107-1,KAPX20151107_112640_V06,2,1.450,1.200,1176,509,280.740,603,10,71.666
KAPX20151107-1,KAPX20151107_112640_V06,4,2.417,1.200,589,96,233.762,127,6,76.420
KAPX20151107-1,KAPX20151107_112640_V06,5,3.384,1.200,589,0,1.160,0,0,1.160
KAPX20151107-4,KAPX20151107_114126_V06,0,0.483,1.200,3404,3064,47.650,1288,1875,26.778
KAPX20151107-4,KAPX20151107_114126_V06,2,1.450,1.200,3412,2828,41.096,2680,278,22.748
KAPX20151107-4,KAPX20151107_114126_V06,4,2.417,1.200,1707,1210,25.370,1313,14,4.832
KAPX20151107-4,KAPX20151107_114126_V06,5,3.384,1.200,1707,1138,41.408,1238,12,3.650
KAPX20151107-4,KAPX20151107_114126_V06,6,4.307,1.200,1711,971,56.884,1054,42,15.882
KAPX20151107-4,KAPX20151107_114126_V06,7,6.021,1.200,1711,512,77.602,563,97,41.655
KAPX20151107-4,KAPX20151107_114126_V06,8,9.888,1.200,1730,0,0.441,0,0,0.441
KAPX20151107-5,KAPX20151107_120603_V06,0,0.483,1.200,2972,456,304.211,446,210,181.531
KAPX20151107-5,KAPX20151107_120603_V06,2,1.450,1.200,2972,240,234.795,498,2,34.887
KAPX20151107-5,KAPX20151107_120603_V06,4,2.417,1.200,1494,0,1.373,0,0,1.373
KAPX20151107-5,KAPX20151107_120603_V06,5,3.384,1.200,1495,0,1.378,0,0,1.378
KAPX20151107-5,KAPX20151107_120603_V06,6,4.307,1.200,1494,0,1.381,0,0,1.381
KAPX20151108-1,KAPX20151108_114412_V06,0,0.483,1.200,65,42,25.907,2,42,21.667
KAPX20151108-1,KAPX20151108_114412_V06,2,1.494,1.200,65,0,0.062,0,0,0.062
KAPX20151108-1,KAPX20151108_114412_V06,4,2.505,1.200,39,0,0.074,0,0,0.074
KAPX20151108-1,KAPX20151108_114412_V06,5,3.516,1.200,39,0,0.075,0,0,0.075
KAPX20151108-3,KAPX20151108_125202_V06,0,0.483,1.200,888,86,80.092,11,85,52.347
KAPX20151108-3,KAPX20151108_125202_V06,2,1.494,1.200,888,0,1.222,0,0,1.222
KAPX20151108-3,KAPX20151108_125202_V06,4,2.505,1.200,447,0,1.234,0,0,1.234
KAPX20151112-20,KAPX20151112_135511_V06,0,0.483,1.200,8891,4195,1763.127,3622,1007,557.893
KAPX20151112-20,KAPX20151112_135511_V06,2,1.450,1.200,8898,1014,1468.529,1442,62,357.237
KAPX20151112-20,KAPX20151112_135511_V06,4,2.417,1.200,4449,0,13.223,0,0,13.223
KAPX20151113-1,KAPX20151113_114949_V06,0,0.483,1.200,6492,3402,159.304,2780,629,73.423
KAPX20151116-2,KAPX20151116_120629_V06,0,0.483,1.200,69,48,24.433,1,48,23.750
KAPX20151116-2,KAPX20151116_120629_V06,2,1.494,1.200,69,0,2.568,3,0,0.555
KAPX20151116-2,KAPX20151116_120629_V06,4,2.505,1.200,33,0,0.052,0,0,0.052
KAPX20151116-2,KAPX20151116_120629_V06,5,3.516,1.200,34,0,0.054,0,0,0.054
KAPX20151119-6,KAPX20151119_130546_V06,0,0.483,1.200,12855,5874,185.305,5194,688,87.112
KAPX20151119-6,KAPX20151119_131041_V06,0,0.483,1.200,27087,11866,1924.132,10963,1054,505.776
KAPX20151122-4,KAPX20151122_122204_V06,0,0.483,1.200,2714,649,245.944,896,20,65.163
KAPX20151122-4,KAPX20151122_122204_V06,2,1.494,1.200,2714,875,355.892,1292,5,33.340
KAPX20151122-4,KAPX20151122_122204_V06,4,2.505,1.200,1359,347,222.190,514,0,11.975
KAPX20151122-4,KAPX20151122_122204_V06,5,3.516,1.200,1363,128,130.502,220,0,10.243
KAPX20151122-4,KAPX20151122_122204_V06,6,4.482,1.200,1366,8,29.738,29,0,6.512
KAPX20151123-1,KAPX20151123_122342_V06,0,0.483,1.200,4775,2014,3076.064,1706,464,931.322
KAPX20151123-8,KAPX20151123_140042_V06,0,0.483,1.200,20460,1587,285.640,6943,738,87.847
KAPX20151123-8,KAPX20151123_140042_V06,2,1.494,1.200,20471,3086,595.922,11658,1548,211.434
KAPX20151123-8,KAPX20151123_140042_V06,4,2.505,1.200,10233,3153,911.943,7315,909,222.591
KAPX20151123-8,KAPX20151123_140042_V06,5,3.516,1.200,10244,5556,552.996,8135,808,112.232
KAPX20151123-8,KAPX20151123_140042_V06,6,4.482,1.200,10252,6434,473.098,8526,715,90.181
KAPX20151124-1,KAPX20151124_115614_V06,0,0.483,1.200,9520,655,15.593,3905,97,3.722
KAPX20151124-1,KAPX20151124_115614_V06,2,1.494,1.200,9524,792,18.410,6319,173,3.690
KAPX20151124-1,KAPX20151124_115614_V06,4,2.505,1.200,4765,284,22.010,2738,57,5.205
KAPX20151124-1,KAPX20151124_115614_V06,5,3.516,1.200,4774,255,23.322,2672,72,9.734
KAPX20151124-1,KAPX20151124_115614_V06,6,4.482,1.200,4782,278,18.567,2587,33,5.454
KAPX20151124-4,KAPX20151124_120556_V06,0,0.483,1.200,2815,208,787.043,635,2,116.469
KAPX20151124-4,KAPX20151124_120556_V06,2,1.494,1.200,2819,10,116.988,115,0,18.061
KAPX20151124-4,KAPX20151124_120556_V06,4,2.505,1.200,1405,0,2.474,0,0,2.474
KAPX20151124-4,KAPX20151124_120556_V06,5,3.516,1.200,1403,0,2.474,0,0,2.474
KAPX20151124-7,KAPX20151124_125424_V06,0,0.483,1.200,4196,23,260.805,164,4,82.756
KAPX20151124-7,KAPX20151124_125424_V06,2,1.494,1.200,4200,0,3.413,0,0,3.413
KAPX20151124-7,KAPX20151124_125424_V06,4,2.505,1.200,2098,0,3.413,0,0,3.413
KAPX20151124-7,KAPX20151124_125424_V06,5,3.516,1.200,2102,0,3.427,0,0,3.427
KAPX20151202-1,KAPX20151202_115741_V06,0,0.483,1.200,9808,1201,1299.894,1093,183,480.692
KAPX20151202-1,KAPX20151202_115741_V06,2,1.494,1.200,9825,2,66.759,6,0,39.586
KAPX20151202-1,KAPX20151202_120723_V06,0,0.483,1.200,15651,1452,1515.522,1324,228,398.499
KAPX20151202-1,KAPX20151202_120723_V06,2,1.494,1.200,15664,1,144.582,8,0,92.600
KAPX20151202-1,KAPX20151202_121704_V06,0,0.483,1.200,19104,1300,1459.869,1250,149,443.251
KAPX20151202-1,KAPX20151202_121704_V06,2,1.494,1.200,19134,0,72.893,0,0,72.893
KAPX20151202-1,KAPX20151202_122858_V06,0,0.483,1.200,14509,1626,1794.239,1550,193,555.696
KAPX20151202-1,KAPX20151202_122858_V06,2,1.494,1.200,14527,0,68.611,0,0,68.611
KAPX20151202-1,KAPX20151202_123840_V06,0,0.483,1.200,20079,1592,1805.006,1541,171,686.689
KAPX20151202-1,KAPX20151202_123840_V06,2,1.494,1.200,20097,0,78.798,0,0,78.798
KAPX20151203-2,KAPX20151203_120829_V06,0,0.483,1.200,3805,1109,262.694,1519,113,66.497
KAPX20151203-2,KAPX20151203_120829_V06,2,1.494,1.200,3806,115,216.510,522,1,32.060
KAPX20151203-2,KAPX20151203_120829_V06,4,2.505,1.200,1909,0,2.036,0,0,2.036
KAPX20151203-2,KAPX20151203_120829_V06,5,3.516,1.200,1910,0,1.163,0,0,1.163
KAPX20151203-2,KAPX20151203_120829_V06,6,4.482,1.200,1906,0,1.165,0,0,1.165
KAPX20151203-2,KAPX20151203_121810_V06,0,0.483,1.200,8323,928,515.398,1748,88,148.149
KAPX20151203-2,KAPX20151203_121810_V06,2,1.494,1.200,8334,0,30.067,67,0,9.829
KAPX20151203-2,KAPX20151203_121810_V06,4,2.505,1.200,4172,0,4.213,0,0,4.213
KAPX20151203-2,KAPX20151203_121810_V06,5,3.516,1.200,4168,0,3.483,0,0,3.483
KAPX20151203-2,KAPX20151203_121810_V06,6,4.482,1.200,4178,0,3.014,0,0,3.014
KAPX20151203-12,KAPX20151203_132810_V06,0,0.483,1.200,6925,2697,672.281,3136,263,196.707
KAPX20151203-12,KAPX20151203_132810_V06,2,1.494,1.200,6928,1229,503.507,2176,12,43.967
KAPX20151203-12,KAPX20151203_132810_V06,4,2.505,1.200,3469,0,3.247,0,0,3.247
KAPX20151203-12,KAPX20151203_132810_V06,5,3.516,1.200,3471,0,3.254,0,0,3.254
KAPX20151203-12,KAPX20151203_132810_V06,6,4.482,1.200,3478,0,3.267,0,0,3.267
KAPX20151203-12,KAPX20151203_133751_V06,0,0.483,1.200,12150,3811,1092.815,4234,508,459.825
KAPX20151203-12,KAPX20151203_133751_V06,2,1.494,1.200,12155,1941,485.946,3090,11,56.244
KAPX20151203-12,KAPX20151203_133751_V06,4,2.505,1.200,6086,17,46.667,146,0,7.971
KAPX20151203-12,KAPX20151203_133751_V06,5,3.516,1.200,6104,0,5.770,0,0,5.770
KAPX20151203-12,KAPX20151203_133751_V06,6,4.482,1.200,6101,0,5.779,0,0,5.779
KAPX20151203-12,KAPX20151203_134732_V06,0,0.483,1.200,8068,2616,693.089,2957,300,214.361
KAPX20151203-12,KAPX20151203_134732_V06,2,1.494,1.200,8069,1095,464.634,2078,16,54.275
KAPX20151203-12,KAPX20151203_134732_V06,4,2.505,1.200,4046,0,4.022,0,0,4.022
KAPX20151203-12,KAPX20151203_134732_V06,5,3.516,1.200,4049,0,4.034,0,0,4.034
KAPX20151203-12,KAPX20151203_134732_V06,6,4.482,1.200,4052,0,4.050,0,0,4.050
KAPX20151203-12,KAPX20151203_135714_V06,0,0.483,1.200,22356,6692,1679.706,8543,775,465.891
KAPX20151203-12,KAPX20151203_135714_V06,2,1.494,1.200,22366,4168,1227.130,7523,28,131.678
KAPX20151203-12,KAPX20151203_135714_V06,4,2.505,1.200,11193,510,222.626,1106,10,25.132
KAPX20151203-12,KAPX20151203_135714_V06,5,3.516,1.200,11215,0,15.056,62,0,12.475
KAPX20151203-12,KAPX20151203_135714_V06,6,4.482,1.200,11229,0,11.070,0,0,11.070
KAPX20151203-12,KAPX20151203_140655_V06,0,0.483,1.200,12987,4366,1524.724,6043,370,416.752
KAPX20151203-12,KAPX20151203_140655_V06,2,1.494,1.200,12993,2367,992.856,4349,41,120.810
KAPX20151203-12,KAPX20151203_140655_V06,4,2.505,1.200,6498,0,35.674,127,0,12.333
KAPX20151203-12,KAPX20151203_140655_V06,5,3.516,1.200,6500,0,6.949,0,0,6.949
KAPX20151203-12,KAPX20151203_140655_V06,6,4.482,1.200,6519,0,7.044,0,0,7.044
KAPX20151203-11,KAPX20151203_131828_V06,0,0.483,1.200,4752,156,839.613,232,18,195.441
KAPX20151203-11,KAPX20151203_131828_V06,2,1.494,1.200,4755,0,14.388,0,0,14.388
KAPX20151221-8,KAPX20151221_140550_V06,0,0.483,1.200,7494,548,686.200,455,129,265.745
KAPX20151221-8,KAPX20151221_141531_V06,0,0.483,1.200,14849,2390,1277.564,2090,383,431.147
KAPX20151221-8,KAPX20151221_142512_V06,0,0.483,1.200,18592,3917,3474.849,3619,572,1020.529
KAPX20151222-3,KAPX20151222_123404_V06,0,0.483,1.200,4215,1811,2472.591,1954,93,726.653
KAPX20151222-3,KAPX20151222_123404_V06,2,1.494,1.200,4211,0,12.790,0,0,12.790
KAPX20151222-4,KAPX20151222_143231_V06,0,0.483,1.200,2828,1179,236.317,738,684,148.098
KAPX20151222-4,KAPX20151222_143231_V06,2,1.494,1.200,2830,962,221.184,1220,156,95.595
KAPX20151222-4,KAPX20151222_143231_V06,4,2.505,1.200,1414,69,339.549,465,0,47.274
KAPX20151222-4,KAPX20151222_143231_V06,5,3.516,1.200,1417,0,1.710,0,0,1.710
KAPX20151222-4,KAPX20151222_143231_V06,6,4.482,1.200,1419,0,1.088,0,0,1.088
KAPX20151223-2,KAPX20151223_133330_V06,0,0.483,1.200,33296,1590,138.368,1452,138,138.368
KAPX20151226-3,KAPX20151226_133325_V06,0,0.483,1.200,13054,1128,1051.520,903,272,375.425
KAPX20151226-3,KAPX20151226_134306_V06,0,0.483,1.200,16498,2248,1729.374,1887,455,519.400
KAPX20151226-3,KAPX20151226_134306_V06,2,1.494,1.200,16530,5181,7701.244,4684,900,3020.000
KAPX20151226-2,KAPX20151226_133325_V06,0,0.483,1.200,2851,63,2.032,643,58,1.606
KAPX20151226-2,KAPX20151226_133325_V06,2,1.494,1.200,2850,1,0.228,529,0,0.106
KAPX20151226-2,KAPX20151226_133325_V06,4,2.505,1.200,1424,0,0.225,21,0,0.208
KAPX20151226-2,KAPX20151226_133325_V06,5,3.516,1.200,1428,0,0.271,82,0,0.233
KAPX20151226-2,KAPX20151226_133325_V06,6,4.482,1.200,1427,0,0.175,79,0,0.157
KAPX20151229-4,KAPX20151229_130013_V06,0,0.483,1.200,4937,950,2959.902,999,155,918.794
KAPX20151229-4,KAPX20151229_130013_V06,2,1.494,1.200,4945,0,19.048,0,0,19.048
KAPX20151230-7,KAPX20151230_135844_V06,0,0.483,1.200,15434,2393,5940.901,4125,114,1147.627
KAPX20151230-7,KAPX20151230_135844_V06,2,1.494,1.200,15447,0,72.838,79,0,31.544
KAPX20151230-7,KAPX20151230_135844_V06,4,2.505,1.200,7735,4,1543.219,78,2,963.676
KAPX20151230-7,KAPX20151230_140826_V06,0,0.483,1.200,25857,3008,12731.715,6494,175,2551.133
KAPX20151230-7,KAPX20151230_140826_V06,2,1.494,1.200,25871,0,205.789,359,0,72.922
KAPX20151230-7,KAPX20151230_140826_V06,4,2.505,1.200,12946,69,3429.726,186,21,2228.009
KAPX20151230-7,KAPX20151230_141806_V06,0,0.483,1.200,24814,2176,12754.973,5672,112,2609.516
KAPX20151230-7,KAPX20151230_141806_V06,2,1.494,1.200,24829,0,209.874,381,0,71.737
KAPX20151230-7,KAPX20151230_141806_V06,4,2.505,1.200,12419,121,4326.205,299,16,2464.913
KAPX20151231-15,KAPX20151231_140840_V06,0,0.483,1.200,2739,48,917.829,96,17,279.233
KAPX20151231-15,KAPX20151231_140840_V06,2,1.494,1.200,2733,0,9.753,0,0,9.753
KAPX20151231-16,KAPX20151231_142803_V06,0,0.483,1.200,4814,434,2120.872,460,85,746.092
KAPX20151231-16,KAPX20151231_142803_V06,2,1.494,1.200,4814,0,17.660,0,0,17.660
