track_id,filename,from_sunrise,det_score,x,y,r,lon,lat,radius,geo_dist,local_time,n_radar_pixels,n_refAbove40_pixels,n_xcorrAbove0.95_pixels,n_xcorrBelow0.95_refAbove40_pixels
3,KTYX20160602_085134_V06,-31.485,0.062,222.123,166.965,12.407,-76.168,44.353,6203.697,77076.279,20160602_045134,479173,55588,64493,17587
7,KTYX20160607_095550_V06,34.607,0.130,305.837,176.134,29.414,-75.643,44.313,14707.123,62001.919,20160607_055550,479181,94918,93533,22177
7,KTYX20160608_091511_V06,-5.788,0.308,41.517,404.057,34.300,-77.272,43.276,17149.883,139321.229,20160608_051511,479187,26448,37686,8716
7,KTYX20160608_092024_V06,-0.572,0.142,42.770,381.881,56.252,-77.267,43.376,28125.912,134973.694,20160608_052024,479194,25905,38769,8194
13,KTYX20160608_095139_V06,30.678,0.083,16.301,447.548,19.430,-77.422,43.078,9714.914,159887.374,20160608_055139,479183,25504,36246,9166
1,KTYX20160610_094342_V06,23.128,0.077,301.082,310.127,11.870,-75.673,43.710,5935.143,5092.333,20160610_054342,479173,3937,8201,3350
1,KTYX20160617_092021_V06,0.026,0.207,325.151,378.328,27.951,-75.525,43.403,13975.599,41133.264,20160617_052021,479176,6437,19721,4808
1,KTYX20160621_091636_V06,-4.371,0.146,260.597,364.113,13.718,-75.923,43.467,6859.245,37626.522,20160621_051636,479186,11686,28339,7979
23,KTYX20160622_091312_V06,-8.020,0.742,246.101,180.714,24.314,-76.018,44.292,12157.150,65448.757,20160622_051312,479181,93536,94126,21628
23,KTYX20160622_091825_V06,-2.803,0.737,255.055,179.982,28.451,-75.962,44.296,14225.447,64078.995,20160622_051825,479168,96934,98376,22137
23,KTYX20160622_092337_V06,2.397,0.532,269.637,178.565,32.265,-75.870,44.302,16132.355,62586.831,20160622_052337,479182,99013,102974,22419
23,KTYX20160622_092849_V06,7.597,0.087,283.292,172.733,35.071,-75.785,44.328,17535.748,64179.635,20160622_052849,479186,101354,108404,21887
15,KTYX20160622_084709_V06,-34.070,0.346,454.511,262.736,44.368,-74.718,43.919,22183.857,79470.479,20160622_044709,479184,81923,82359,21081
15,KTYX20160622_085221_V06,-28.870,0.136,457.391,261.930,51.331,-74.700,43.923,25665.429,80964.726,20160622_045221,479193,83589,83304,20600
15,KTYX20160622_085734_V06,-23.653,0.078,472.044,257.652,51.230,-74.609,43.941,25615.118,88589.450,20160622_045734,479183,85027,85216,20583
15,KTYX20160622_090246_V06,-18.453,0.219,488.242,254.447,44.148,-74.507,43.955,22074.024,96837.811,20160622_050246,479189,87857,88502,20154
8,KTYX20160622_083645_V06,-44.470,0.052,436.812,265.781,44.152,-74.828,43.907,22076.035,70513.251,20160622_043645,479192,82168,84062,22070
8,KTYX20160622_084157_V06,-39.270,0.093,439.759,265.658,49.550,-74.810,43.907,24774.883,71958.118,20160622_044157,479188,81957,84064,21626
4,KTYX20160622_083133_V06,-49.670,0.068,371.864,500.180,30.206,-75.240,42.854,15103.148,106344.401,20160622_043133,479179,82461,81708,23986
26,KTYX20160622_092337_V06,2.397,0.098,336.200,171.919,7.130,-75.453,44.332,3564.915,66549.422,20160622_052337,479182,99013,102974,22419
29,KTYX20160622_093402_V06,12.814,0.053,465.931,336.299,19.213,-74.653,43.588,9606.346,84927.502,20160622_053402,479187,104675,111024,24200
11,KTYX20160627_103517_V06,72.317,0.058,48.934,396.828,60.329,-77.227,43.310,30164.625,134545.390,20160627_063517,479202,198873,190687,22140
11,KTYX20160627_104057_V06,77.984,-1.000,48.934,396.828,69.339,-77.227,43.310,34669.625,134545.390,20160627_064057,479186,195855,190275,21439
11,KTYX20160627_104636_V06,83.634,0.058,55.489,398.081,69.317,-77.187,43.304,34658.686,131724.703,20160627_064636,479181,193927,194378,18620
10,KTYX20160627_102939_V06,66.684,0.091,11.815,360.557,18.430,-77.461,43.469,9214.936,147239.116,20160627_062939,479192,200868,191028,21238
2,KTYX20160628_085134_V06,-31.846,0.113,178.143,93.361,14.166,-76.448,44.683,7082.958,119946.549,20160628_045134,479177,19353,37962,9728
3,KTYX20160630_100408_V06,39.735,0.071,131.754,194.367,3.354,-76.733,44.226,1677.040,99328.772,20160630_060408,479173,7748,15963,6285
3,KTYX20160630_101346_V06,49.368,0.050,128.569,194.623,13.303,-76.753,44.225,6651.638,100614.331,20160630_061346,479171,8325,15697,6783
4,KTYX20160630_101346_V06,49.368,0.110,170.480,211.753,3.380,-76.489,44.150,1689.983,78362.936,20160630_061346,479171,8325,15697,6783
4,KTYX20160630_102325_V06,59.018,0.180,172.496,211.875,12.509,-76.477,44.150,6254.493,77497.228,20160630_062325,479180,10206,15473,8548
1,KTYX20160630_094449_V06,20.418,0.290,95.969,360.681,13.664,-76.941,43.476,6831.935,106431.698,20160630_054449,479179,7486,16428,5988
1,KTYX20160701_084015_V06,-44.686,0.064,227.086,261.852,4.950,-76.134,43.927,2475.157,41145.113,20160701_044015,479178,3089,14859,2067
3,KTYX20160701_102616_V06,61.330,0.138,26.503,452.208,27.826,-77.359,43.058,13912.864,156499.221,20160701_062616,479179,3365,15271,2203
1,KTYX20160703_094801_V06,21.918,0.340,300.275,299.773,33.421,-75.678,43.757,16710.255,178.003,20160703_054801,479169,2759,10764,2231
1,KTYX20160707_082916_V06,-59.478,0.080,375.608,106.713,31.474,-75.204,44.625,15737.087,103774.197,20160707_042916,479190,34669,25589,24069
1,KTYX20160708_091830_V06,-10.969,0.084,253.465,227.232,5.537,-75.970,44.083,2768.345,43187.771,20160708_051830,479183,42773,23160,35673
1,KTYX20160708_092342_V06,-5.769,0.389,253.972,227.140,11.943,-75.967,44.083,5971.685,43090.302,20160708_052342,479177,47630,23363,39850
1,KTYX20160708_092854_V06,-0.569,0.544,253.563,225.971,10.189,-75.970,44.089,5094.336,43694.037,20160708_052854,479173,46790,23217,38998
1,KTYX20160708_093406_V06,4.631,0.411,253.432,225.999,15.816,-75.971,44.088,7908.128,43717.155,20160708_053406,479187,50997,23243,42913
4,KTYX20160708_101539_V06,46.181,0.145,177.834,380.256,35.696,-76.434,43.392,17848.192,73084.769,20160708_061539,479193,55135,25575,45376
5,KTYX20160708_104138_V06,72.165,0.082,260.019,219.870,6.663,-75.930,44.116,3331.381,44775.442,20160708_064138,479179,55240,23262,46276
2,KTYX20160709_083043_V06,-59.499,0.118,179.087,212.784,8.315,-76.436,44.146,4157.660,74543.171,20160709_043043,479196,55879,38711,35643
2,KTYX20160709_083404_V06,-56.149,0.174,179.066,212.592,12.700,-76.436,44.147,6350.132,74607.534,20160709_043404,479174,58137,37536,38245
12,KTYX20160709_085857_V06,-31.266,0.079,118.107,414.318,20.043,-76.800,43.236,10021.670,107416.995,20160709_045857,479177,48217,34033,28769
12,KTYX20160709_090317_V06,-26.933,0.270,118.944,413.198,26.049,-76.795,43.241,13024.577,106765.077,20160709_050317,479183,45024,35399,25228
14,KTYX20160709_092033_V06,-9.666,0.665,358.992,114.866,7.049,-75.309,44.588,3524.265,97152.556,20160709_052033,479184,43220,38826,22575
14,KTYX20160709_092453_V06,-5.333,0.375,359.061,114.648,12.501,-75.308,44.589,6250.522,97266.913,20160709_052453,479177,45410,37787,24649
16,KTYX20160709_092453_V06,-5.333,0.167,256.156,222.276,7.428,-75.954,44.105,3713.797,44618.514,20160709_052453,479177,45410,37787,24649
16,KTYX20160709_092912_V06,-1.016,-1.000,256.156,222.276,14.291,-75.954,44.105,7145.547,44618.514,20160709_052912,479182,45071,36546,25111
16,KTYX20160709_093347_V06,3.567,-1.000,256.156,222.276,21.579,-75.954,44.105,10789.297,44618.514,20160709_053347,479191,45622,35461,26330
16,KTYX20160709_093823_V06,8.167,0.060,253.881,227.491,22.248,-75.968,44.082,11123.851,42966.583,20160709_053823,479186,46129,34289,27393
16,KTYX20160709_094257_V06,12.734,-1.000,252.701,230.195,26.063,-75.975,44.070,13031.276,42159.991,20160709_054257,479179,46777,32053,28535
16,KTYX20160709_094727_V06,17.234,0.085,265.425,210.646,11.667,-75.896,44.158,5833.731,47905.069,20160709_054727,479185,44368,30478,27621
16,KTYX20160709_095158_V06,21.751,0.051,265.899,210.345,17.768,-75.893,44.159,8884.085,47960.369,20160709_055158,479179,44286,29569,27967
17,KTYX20160709_094257_V06,12.734,0.082,22.693,509.446,25.966,-77.375,42.801,12982.841,173757.488,20160709_054257,479179,46777,32053,28535
17,KTYX20160709_094727_V06,17.234,0.135,23.305,508.381,32.141,-77.371,42.805,16070.445,173192.581,20160709_054727,479185,44368,30478,27621
5,KTYX20160709_083404_V06,-56.149,0.068,190.449,310.262,4.870,-76.360,43.708,2434.973,55015.441,20160709_043404,479174,58137,37536,38245
18,KTYX20160709_094257_V06,12.734,0.059,270.315,284.761,23.161,-75.865,43.824,11580.606,16684.256,20160709_054257,479179,46777,32053,28535
6,KTYX20160710_091615_V06,-14.736,0.179,178.659,213.338,9.197,-76.438,44.143,4598.354,74555.539,20160710_051615,479178,47392,65109,17026
6,KTYX20160710_091952_V06,-11.119,0.128,178.767,213.229,13.855,-76.438,44.144,6927.397,74542.799,20160710_051952,479190,47284,65855,16975
1,KTYX20160710_083250_V06,-58.152,0.308,179.293,214.145,9.896,-76.434,44.140,4947.754,74062.979,20160710_043250,479190,60486,61874,28708
2,KTYX20160710_083627_V06,-54.536,0.167,214.646,378.478,6.340,-76.207,43.401,3170.118,57974.170,20160710_043627,479188,64813,64311,30898
5,KTYX20160710_090901_V06,-21.969,0.073,179.228,211.027,10.092,-76.435,44.154,5046.232,75003.618,20160710_050901,479194,49594,66551,18124
1,KTYX20160711_092618_V06,-5.477,0.642,260.965,227.504,12.019,-75.924,44.082,6009.262,41168.750,20160711_052618,479173,18146,8236,15276
1,KTYX20160711_093558_V06,4.190,0.841,261.608,228.578,20.275,-75.920,44.077,10137.589,40543.164,20160711_053558,479176,22593,8410,19647
1,KTYX20160711_094537_V06,13.840,0.664,262.593,232.400,30.272,-75.913,44.060,15135.885,38629.611,20160711_054537,479164,23798,8237,21035
2,KTYX20160712_093212_V06,-0.389,0.266,128.750,447.901,13.212,-76.732,43.085,6606.228,113138.481,20160712_053212,479173,30352,16602,27321
2,KTYX20160712_094149_V06,9.227,0.280,130.270,445.448,23.597,-76.722,43.096,11798.432,111762.511,20160712_054149,479200,37756,21177,30901
2,KTYX20160712_094702_V06,14.444,0.350,133.461,443.996,24.641,-76.703,43.103,12320.316,110079.481,20160712_054702,479193,37198,20892,30039
2,KTYX20160712_095214_V06,19.644,0.097,136.946,440.680,30.790,-76.682,43.118,15394.900,107677.064,20160712_055214,479195,33344,20022,26580
1,KTYX20160712_092236_V06,-9.989,0.528,259.390,220.619,8.070,-75.934,44.113,4034.805,44582.671,20160712_052236,479179,24365,16611,21774
3,KTYX20160712_094702_V06,14.444,0.217,269.740,208.026,13.170,-75.869,44.170,6584.846,48411.724,20160712_054702,479193,37198,20892,30039
1,KTYX20160713_093925_V06,5.995,0.057,353.912,364.386,24.148,-75.347,43.466,12074.236,41988.348,20160713_053925,479182,9975,18093,8633
2,KTYX20160714_092019_V06,-13.956,0.059,318.853,326.031,17.514,-75.563,43.639,8756.866,16070.603,20160714_052019,479196,18439,34409,9161
3,KTYX20160714_093043_V06,-3.556,0.054,528.406,468.490,45.555,-74.280,42.989,22777.670,141913.835,20160714_053043,479185,17964,36919,8443
5,KTYX20160714_094619_V06,12.044,0.089,39.140,422.011,63.519,-77.285,43.195,31759.373,143991.795,20160714_054619,479206,14212,35142,7239
1,KTYX20160716_093721_V06,1.319,0.264,259.785,228.916,14.258,-75.931,44.075,7128.906,40835.570,20160716_053721,479183,7265,18267,6448
1,KTYX20160716_094658_V06,10.936,0.108,260.539,229.819,25.711,-75.926,44.071,12855.367,40257.039,20160716_054658,479177,7724,17078,6816
1,KTYX20160717_083952_V06,-57.069,0.077,26.140,460.839,37.279,-77.360,43.020,18639.317,158799.184,20160717_043952,479186,61101,62936,30666
1,KTYX20160719_092737_V06,-11.177,0.205,257.237,232.966,8.424,-75.947,44.057,4212.238,39756.290,20160719_052737,479185,9712,23372,7786
1,KTYX20160719_093715_V06,-1.544,0.746,258.464,235.520,16.703,-75.939,44.046,8351.401,38350.114,20160719_053715,479188,15418,23009,12718
1,KTYX20160719_094653_V06,8.090,0.705,259.670,242.113,22.434,-75.931,44.016,11217.048,35275.130,20160719_054653,479181,18112,22567,15001
1,KTYX20160719_095631_V06,17.723,0.350,257.462,239.431,24.741,-75.945,44.028,12370.726,37007.166,20160719_055631,479180,18521,24076,15015
2,KTYX20160719_094653_V06,8.090,0.788,135.451,473.255,16.015,-76.689,42.972,8007.580,119471.226,20160719_054653,479181,18112,22567,15001
2,KTYX20160719_095631_V06,17.723,0.564,136.087,475.328,22.930,-76.684,42.962,11465.150,120007.608,20160719_055631,479180,18521,24076,15015
2,KTYX20160719_100609_V06,27.356,0.458,137.844,482.584,27.172,-76.673,42.930,13585.797,122097.986,20160719_060609,479179,17616,26558,14036
3,KTYX20160720_095036_V06,10.855,0.423,140.505,460.216,20.580,-76.658,43.031,10289.827,113035.389,20160720_055036,479179,7059,9378,5306
3,KTYX20160720_100014_V06,20.488,0.650,140.861,459.867,30.534,-76.656,43.032,15267.042,112786.164,20160720_060014,479186,7653,10115,5491
3,KTYX20160720_100953_V06,30.138,0.395,144.740,459.888,36.679,-76.633,43.032,18339.578,111433.662,20160720_060953,479184,6192,9656,4265
3,KTYX20160720_101931_V06,39.771,0.172,143.377,455.674,40.114,-76.641,43.051,20057.072,110414.211,20160720_061931,479177,5891,10046,4025
1,KTYX20160720_093118_V06,-8.445,0.061,25.880,445.879,36.869,-77.363,43.087,18434.420,155259.931,20160720_053118,479184,3761,11797,2360
1,KTYX20160720_094057_V06,1.205,-1.000,25.880,445.879,52.212,-77.363,43.087,26106.170,155259.931,20160720_054057,479182,5691,9811,4054
1,KTYX20160720_095036_V06,10.855,0.052,23.411,439.686,32.716,-77.379,43.114,16358.244,154930.417,20160720_055036,479179,7059,9378,5306
2,KTYX20160720_094057_V06,1.205,0.079,241.509,416.234,12.877,-76.040,43.232,6438.253,65060.608,20160720_054057,479182,5691,9811,4054
5,KTYX20160720_103849_V06,59.071,0.187,30.277,443.300,37.581,-77.337,43.099,18790.583,152713.221,20160720_063849,479173,6133,10271,4165
1,KTYX20160721_085629_V06,-44.228,0.366,227.210,351.175,2.583,-76.130,43.525,1291.681,44489.694,20160721_045629,479176,9050,16905,7216
5,KTYX20160721_093504_V06,-5.644,0.055,249.372,416.413,13.304,-75.992,43.232,6652.172,63472.883,20160721_053504,479184,8517,10044,7225
6,KTYX20160721_095423_V06,13.672,0.055,175.230,210.684,11.366,-76.460,44.155,5682.955,76721.907,20160721_055423,479182,10446,10157,9069
7,KTYX20160721_100402_V06,23.322,0.115,293.112,320.804,16.611,-75.723,43.662,8305.313,10957.158,20160721_060402,479178,10878,13696,9381
8,KTYX20160721_100402_V06,23.322,0.078,286.959,473.154,9.846,-75.760,42.977,4922.813,86822.027,20160721_060402,479178,10878,13696,9381
1,KTYX20160724_093009_V06,-13.537,0.301,253.585,230.044,8.278,-75.970,44.070,4139.128,41976.821,20160724_053009,479176,16272,26808,11434
1,KTYX20160724_093948_V06,-3.887,0.802,252.793,231.986,17.792,-75.975,44.062,8895.782,41395.648,20160724_053948,479189,28304,30507,22381
1,KTYX20160724_094925_V06,5.730,0.900,252.128,233.661,27.008,-75.979,44.054,13504.203,40903.786,20160724_054925,479177,28194,31414,22167
1,KTYX20160724_095903_V06,15.363,0.449,253.613,232.574,30.772,-75.969,44.059,15386.137,40920.790,20160724_055903,479174,24506,33451,18028
2,KTYX20160724_093009_V06,-13.537,0.061,334.796,354.892,18.633,-75.465,43.509,9316.578,32495.495,20160724_053009,479176,16272,26808,11434
6,KTYX20160725_102710_V06,42.464,0.097,314.497,111.478,20.387,-75.589,44.604,10193.291,94539.066,20160725_062710,479195,44544,47374,11233
1,KTYX20160726_094126_V06,-4.297,0.489,267.336,233.044,8.740,-75.884,44.057,4369.987,37249.274,20160726_054126,479176,9285,16328,8019
1,KTYX20160726_095105_V06,5.353,0.553,266.911,236.342,19.634,-75.886,44.042,9817.055,35871.991,20160726_055105,479184,10948,17618,9335
1,KTYX20160726_100043_V06,14.987,0.218,269.192,238.589,24.284,-75.872,44.032,12142.023,34352.668,20160726_060043,479182,11328,17466,9595
2,KTYX20160726_094126_V06,-4.297,0.139,164.783,470.721,25.045,-76.509,42.984,12522.649,108891.620,20160726_054126,479176,9285,16328,8019
1,KTYX20160727_095241_V06,5.916,0.118,137.463,458.186,31.897,-76.677,43.040,15948.655,113403.016,20160727_055241,479200,37066,26264,30317
2,KTYX20160727_110543_V06,78.949,0.328,184.986,98.681,5.276,-76.405,44.659,2637.815,115928.425,20160727_070543,479189,29741,26823,23630
3,KTYX20160728_100924_V06,21.585,0.053,148.095,111.915,30.834,-76.637,44.598,15417.055,120883.466,20160728_060924,479180,13457,23420,9304
1,KTYX20160729_093811_V06,-10.688,0.729,252.086,230.809,6.986,-75.979,44.067,3493.195,42080.786,20160729_053811,479208,27268,34113,19825
1,KTYX20160729_094323_V06,-5.488,0.783,250.546,232.803,13.156,-75.989,44.058,6578.055,41716.803,20160729_054323,479192,43283,35940,33161
1,KTYX20160729_094837_V06,-0.254,0.876,248.008,237.140,16.486,-76.004,44.038,8243.119,40787.975,20160729_054837,479187,49926,36803,39448
1,KTYX20160729_095349_V06,4.946,0.851,244.831,237.225,21.511,-76.024,44.038,10755.459,41786.053,20160729_055349,479194,52388,37682,41074
1,KTYX20160729_095901_V06,10.146,0.810,242.493,240.896,27.184,-76.039,44.021,13591.947,41232.428,20160729_055901,479192,52354,39098,40545
1,KTYX20160729_100415_V06,15.379,0.825,240.618,239.556,29.183,-76.050,44.027,14591.291,42366.475,20160729_060415,479198,52027,39423,39902
1,KTYX20160729_100928_V06,20.596,0.746,237.705,240.086,30.592,-76.069,44.025,15295.994,43215.678,20160729_060928,479189,49668,40373,37561
1,KTYX20160729_101441_V06,25.812,0.405,235.214,240.826,32.398,-76.084,44.021,16198.991,43871.464,20160729_061441,479193,47659,41335,35780
1,KTYX20160729_101953_V06,31.012,0.258,235.259,238.685,33.786,-76.084,44.031,16892.782,44583.870,20160729_061953,479189,48176,41996,35925
3,KTYX20160729_095901_V06,10.146,0.154,133.262,472.423,31.556,-76.702,42.975,15778.177,119928.213,20160729_055901,479192,52354,39098,40545
3,KTYX20160729_100415_V06,15.379,0.079,132.095,473.546,39.797,-76.709,42.970,19898.643,120737.635,20160729_060415,479198,52027,39423,39902
3,KTYX20160729_100928_V06,20.596,0.065,129.384,478.189,45.197,-76.725,42.949,22598.742,123350.236,20160729_060928,479189,49668,40373,37561
3,KTYX20160730_095124_V06,1.464,0.264,120.291,452.399,20.410,-76.783,43.065,10204.818,117814.080,20160730_055124,479194,9974,21618,7023
3,KTYX20160730_095637_V06,6.681,0.337,120.044,452.365,27.547,-76.785,43.065,13773.660,117897.216,20160730_055637,479190,11134,20225,8171
3,KTYX20160730_100151_V06,11.914,0.227,114.081,454.883,34.044,-76.821,43.053,17021.974,120990.401,20160730_060151,479197,11891,20333,8687
3,KTYX20160730_100704_V06,17.131,0.296,112.902,454.147,35.856,-76.828,43.056,17927.801,121209.335,20160730_060704,479186,11204,18938,8143
3,KTYX20160730_101217_V06,22.348,0.231,118.230,448.171,40.620,-76.796,43.084,20310.081,117255.070,20160730_061217,479180,12098,18969,8499
3,KTYX20160730_101729_V06,27.548,0.066,117.275,448.088,43.125,-76.802,43.084,21562.667,117599.504,20160730_061729,479198,11792,19315,8044
3,KTYX20160730_102243_V06,32.781,-1.000,117.562,446.730,46.223,-76.800,43.090,23111.552,117060.937,20160730_062243,479200,11827,18628,8037
3,KTYX20160730_102755_V06,37.981,0.085,107.878,449.491,47.811,-76.860,43.077,23905.599,121715.242,20160730_062755,479194,11659,18941,7830
3,KTYX20160730_103308_V06,43.198,0.072,106.054,450.424,46.239,-76.871,43.073,23119.617,122721.679,20160730_063308,479188,11927,19273,7858
1,KTYX20160730_094059_V06,-8.952,0.794,251.707,228.423,8.560,-75.981,44.078,4279.875,43172.802,20160730_054059,479184,7609,20233,4910
1,KTYX20160730_094612_V06,-3.736,0.915,251.045,229.516,12.865,-75.986,44.073,6432.358,42908.515,20160730_054612,479197,8383,21346,5724
1,KTYX20160730_095124_V06,1.464,0.866,249.132,229.812,16.498,-75.997,44.071,8249.040,43341.197,20160730_055124,479194,9974,21618,7023
1,KTYX20160730_095637_V06,6.681,0.755,248.945,229.659,21.442,-75.999,44.072,10720.916,43458.095,20160730_055637,479190,11134,20225,8171
1,KTYX20160730_100151_V06,11.914,0.902,247.404,232.716,28.351,-76.008,44.058,14175.481,42700.646,20160730_060151,479197,11891,20333,8687
1,KTYX20160730_100704_V06,17.131,0.545,247.937,230.930,30.404,-76.005,44.066,15201.873,43247.044,20160730_060704,479186,11204,18938,8143
1,KTYX20160730_101217_V06,22.348,0.085,250.283,228.271,31.114,-75.990,44.078,15557.205,43637.124,20160730_061217,479180,12098,18969,8499
2,KTYX20160730_094612_V06,-3.736,0.059,312.372,381.851,6.653,-75.604,43.387,3326.475,41390.156,20160730_054612,479197,8383,21346,5724
4,KTYX20160730_100151_V06,11.914,0.123,152.327,520.582,9.918,-76.582,42.759,4958.993,132725.060,20160730_060151,479197,11891,20333,8687
4,KTYX20160731_094856_V06,-2.075,0.759,120.495,459.665,18.056,-76.781,43.032,9027.869,120119.689,20160731_054856,479181,58228,73955,13542
4,KTYX20160731_095408_V06,3.125,0.614,120.783,458.654,24.143,-76.780,43.036,12071.615,119676.609,20160731_055408,479184,58011,73802,13404
4,KTYX20160731_095920_V06,8.325,0.675,118.953,458.327,30.033,-76.791,43.038,15016.632,120255.313,20160731_055920,479186,58762,73509,14884
4,KTYX20160731_100433_V06,13.542,0.614,116.737,458.830,36.822,-76.804,43.035,18410.857,121256.194,20160731_060433,479197,58676,73802,14851
4,KTYX20160731_100945_V06,18.742,0.557,115.922,456.170,42.679,-76.810,43.047,21339.447,120699.677,20160731_060945,479185,58456,73453,14873
4,KTYX20160731_101457_V06,23.942,0.249,115.445,453.740,46.308,-76.813,43.058,23153.777,120100.447,20160731_061457,479199,58427,73103,15774
5,KTYX20160731_094856_V06,-2.075,0.363,242.194,221.528,11.116,-76.041,44.108,5558.010,48732.326,20160731_054856,479181,58228,73955,13542
5,KTYX20160731_095408_V06,3.125,0.626,242.090,221.290,18.030,-76.042,44.109,9015.183,48859.070,20160731_055408,479184,58011,73802,13404
5,KTYX20160731_095920_V06,8.325,0.538,241.040,220.940,19.969,-76.048,44.111,9984.382,49312.116,20160731_055920,479186,58762,73509,14884
9,KTYX20160731_103032_V06,39.525,0.254,241.370,201.664,19.276,-76.047,44.198,9637.856,57243.903,20160731_063032,479182,56514,72771,14238
9,KTYX20160731_103544_V06,44.725,0.121,241.106,200.972,25.575,-76.048,44.201,12787.610,57608.485,20160731_063544,479186,56081,72494,14094
7,KTYX20160731_102009_V06,29.142,0.144,245.646,207.289,16.868,-76.020,44.173,8434.008,53734.614,20160731_062009,479199,58250,72868,15291
3,KTYX20160801_095049_V06,-1.271,0.400,249.630,225.232,10.557,-75.994,44.092,5278.566,45076.116,20160801_055049,479171,121483,140816,17697
3,KTYX20160801_095629_V06,4.396,0.687,250.418,226.213,18.702,-75.990,44.087,9351.233,44449.323,20160801_055629,479196,118640,137714,17090
3,KTYX20160801_100209_V06,10.062,0.556,251.335,230.526,25.608,-75.984,44.068,12804.072,42411.686,20160801_060209,479195,114630,132984,16817
2,KTYX20160802_094604_V06,-7.107,0.058,257.409,229.149,5.578,-75.946,44.074,2789.030,41333.474,20160802_054604,479190,11832,25597,3377
2,KTYX20160802_095117_V06,-1.890,0.783,255.271,230.355,12.394,-75.959,44.069,6196.903,41385.611,20160802_055117,479192,10691,22775,3450
2,KTYX20160802_095630_V06,3.326,0.880,251.149,234.003,15.861,-75.985,44.052,7930.438,41054.647,20160802_055630,479193,10772,21261,4409
2,KTYX20160802_100141_V06,8.510,0.875,249.633,234.428,18.340,-75.994,44.050,9170.162,41341.848,20160802_060141,479186,11301,20027,5489
2,KTYX20160802_100655_V06,13.743,0.801,250.980,235.408,24.681,-75.986,44.046,12340.304,40543.764,20160802_060655,479185,12737,19864,6863
2,KTYX20160802_101208_V06,18.960,0.714,247.807,236.060,30.152,-76.006,44.043,15076.113,41268.645,20160802_061208,479203,12755,18028,7415
2,KTYX20160802_101721_V06,24.176,0.530,247.996,237.548,36.310,-76.004,44.036,18155.227,40634.717,20160802_061721,479199,11171,16896,6387
2,KTYX20160802_102235_V06,29.410,0.220,245.584,234.010,37.946,-76.020,44.052,18973.080,42766.077,20160802_062235,479193,10059,15977,5692
2,KTYX20160802_102748_V06,34.626,0.186,239.604,225.302,38.254,-76.057,44.091,19127.210,48030.154,20160802_062748,479185,9455,16025,5166
2,KTYX20160802_103300_V06,39.826,0.054,226.503,223.644,28.658,-76.139,44.099,14329.212,52990.419,20160802_063300,479195,9670,14658,5784
3,KTYX20160802_095630_V06,3.326,0.207,121.369,470.108,17.759,-76.775,42.985,8879.555,123334.863,20160802_055630,479193,10772,21261,4409
3,KTYX20160802_100141_V06,8.510,0.356,121.119,472.632,25.635,-76.776,42.974,12817.448,124298.238,20160802_060141,479186,11301,20027,5489
3,KTYX20160802_100655_V06,13.743,0.314,119.856,476.991,30.551,-76.784,42.954,15275.551,126271.111,20160802_060655,479185,12737,19864,6863
3,KTYX20160802_101208_V06,18.960,0.335,117.218,478.068,31.355,-76.800,42.949,15677.528,127590.665,20160802_061208,479203,12755,18028,7415
3,KTYX20160802_101721_V06,24.176,0.263,115.030,478.712,35.628,-76.813,42.946,17814.201,128599.938,20160802_061721,479199,11171,16896,6387
3,KTYX20160802_102235_V06,29.410,0.054,115.447,480.823,47.134,-76.810,42.936,23567.061,129186.731,20160802_062235,479193,10059,15977,5692
1,KTYX20160803_094906_V06,-5.165,0.844,128.608,444.712,17.848,-76.733,43.100,8924.082,112157.098,20160803_054906,479184,6108,16524,5290
1,KTYX20160803_095844_V06,4.468,0.828,131.684,444.600,31.292,-76.714,43.100,15646.242,110949.636,20160803_055844,479182,9065,16563,8042
1,KTYX20160803_100822_V06,14.101,0.783,134.373,443.375,41.531,-76.697,43.106,20765.339,109531.477,20160803_060822,479183,9640,16176,8628
1,KTYX20160803_101801_V06,23.751,0.639,138.079,441.993,47.906,-76.675,43.112,23953.152,107680.637,20160803_061801,479181,9082,15648,7898
1,KTYX20160803_102739_V06,33.385,0.166,137.352,434.675,52.000,-76.680,43.145,25999.960,105583.746,20160803_062739,479178,7566,15711,6531
2,KTYX20160803_095844_V06,4.468,0.728,268.103,217.494,20.162,-75.879,44.127,10080.830,44228.573,20160803_055844,479182,9065,16563,8042
2,KTYX20160803_100822_V06,14.101,0.445,269.841,216.968,29.485,-75.868,44.129,14742.586,44169.466,20160803_060822,479183,9640,16176,8628
2,KTYX20160803_101801_V06,23.751,-1.000,271.477,216.474,39.189,-75.858,44.132,19594.708,44130.838,20160803_061801,479181,9082,15648,7898
2,KTYX20160803_102739_V06,33.385,0.096,293.974,208.541,14.753,-75.718,44.167,7376.308,45828.791,20160803_062739,479178,7566,15711,6531
1,KTYX20160804_094722_V06,-7.996,0.788,144.229,453.536,17.353,-76.636,43.061,8676.401,109359.633,20160804_054722,479187,4556,13450,4041
1,KTYX20160804_095700_V06,1.638,0.909,146.958,451.577,29.551,-76.619,43.070,14775.617,107700.218,20160804_055700,479189,6308,15103,5637
1,KTYX20160804_100638_V06,11.271,0.805,146.225,454.307,35.444,-76.624,43.057,17721.834,108923.652,20160804_060638,479187,7591,16316,6872
1,KTYX20160804_101615_V06,20.888,0.778,146.117,456.248,50.492,-76.624,43.049,25246.090,109651.133,20160804_061615,479189,7322,17133,6472
1,KTYX20160804_102553_V06,30.521,0.625,143.393,455.579,59.427,-76.641,43.052,29713.690,110375.040,20160804_062553,479185,6449,18147,5564
1,KTYX20160804_103530_V06,40.138,0.061,145.112,446.151,69.272,-76.631,43.094,34635.902,106478.236,20160804_063530,479188,5607,18635,4754
2,KTYX20160804_100638_V06,11.271,0.242,273.192,214.958,20.071,-75.848,44.138,10035.679,44583.873,20160804_060638,479187,7591,16316,6872
1,KTYX20160805_094822_V06,-8.097,0.748,142.684,445.894,19.452,-76.646,43.095,9726.006,107277.205,20160805_054822,479180,6576,15153,5671
1,KTYX20160805_095800_V06,1.536,0.852,145.612,442.398,29.489,-76.628,43.111,14744.730,105015.210,20160805_055800,479198,9163,17531,8088
1,KTYX20160805_100737_V06,11.153,0.692,146.367,438.517,35.939,-76.624,43.129,17969.387,103428.595,20160805_060737,479193,10660,20189,9442
1,KTYX20160805_101715_V06,20.786,0.753,149.918,432.079,47.871,-76.603,43.158,23935.444,99961.650,20160805_061715,479191,11863,23254,10066
1,KTYX20160805_102652_V06,30.403,0.305,149.573,431.948,52.780,-76.605,43.158,26389.765,100048.267,20160805_062652,479188,12671,24437,10348
1,KTYX20160805_103630_V06,40.036,0.157,148.831,430.373,53.910,-76.609,43.165,26954.798,99811.248,20160805_063630,479180,11432,24493,8959
2,KTYX20160805_095800_V06,1.536,0.389,274.125,217.491,22.922,-75.842,44.127,11461.107,43235.331,20160805_055800,479198,9163,17531,8088
1,KTYX20160806_094313_V06,-14.353,0.055,262.196,226.391,5.769,-75.916,44.087,2884.281,41374.506,20160806_054313,479206,29751,54506,10746
1,KTYX20160806_094826_V06,-9.137,0.909,264.824,227.171,9.867,-75.900,44.083,4933.362,40439.362,20160806_054826,479207,29666,52647,12004
1,KTYX20160806_095340_V06,-3.903,0.904,270.664,229.159,11.670,-75.863,44.074,5835.185,38337.717,20160806_055340,479207,34434,52724,16894
1,KTYX20160806_095852_V06,1.297,0.924,274.207,230.125,16.401,-75.841,44.070,8200.711,37241.897,20160806_055852,479200,40075,51935,21917
1,KTYX20160806_100405_V06,6.513,0.948,275.010,230.642,21.893,-75.836,44.068,10946.456,36861.407,20160806_060405,479192,41033,50787,23289
1,KTYX20160806_100917_V06,11.713,0.826,276.955,230.258,25.895,-75.824,44.070,12947.683,36725.332,20160806_060917,479209,41258,50618,23157
5,KTYX20160806_095852_V06,1.297,0.527,137.867,462.854,11.607,-76.674,43.019,5803.503,114900.646,20160806_055852,479200,40075,51935,21917
5,KTYX20160806_100405_V06,6.513,0.472,138.645,463.521,18.373,-76.670,43.016,9186.744,114863.395,20160806_060405,479192,41033,50787,23289
5,KTYX20160806_100917_V06,11.713,0.288,141.840,465.737,22.064,-76.650,43.006,11031.976,114546.420,20160806_060917,479209,41258,50618,23157
6,KTYX20160806_095852_V06,1.297,0.360,249.538,293.722,12.298,-75.993,43.784,6148.899,25425.560,20160806_055852,479200,40075,51935,21917
6,KTYX20160806_100405_V06,6.513,0.065,249.769,293.786,19.793,-75.992,43.783,9896.348,25307.180,20160806_060405,479192,41033,50787,23289
7,KTYX20160806_095852_V06,1.297,0.082,387.058,109.221,30.963,-75.132,44.613,15481.499,104851.763,20160806_055852,479200,40075,51935,21917
7,KTYX20160806_100405_V06,6.513,0.108,388.594,110.676,37.845,-75.122,44.606,18922.428,104513.933,20160806_060405,479192,41033,50787,23289
5,KTYX20160807_093949_V06,-18.863,0.266,132.749,460.652,4.381,-76.706,43.028,2190.420,115954.722,20160807_053949,479179,19086,30708,7393
5,KTYX20160807_094501_V06,-13.663,0.602,134.334,462.077,10.766,-76.696,43.022,5383.218,115881.422,20160807_054501,479196,20350,31697,8284
5,KTYX20160807_095015_V06,-8.429,-1.000,135.640,463.250,17.537,-76.688,43.017,8768.499,115828.378,20160807_055015,479203,22533,34717,10096
5,KTYX20160807_095529_V06,-3.196,-1.000,136.946,464.424,24.308,-76.680,43.011,12153.779,115781.965,20160807_055529,479204,25038,35923,12655
5,KTYX20160807_100042_V06,2.021,0.822,145.967,469.235,23.797,-76.624,42.990,11898.252,114418.655,20160807_060042,479203,30243,37527,17030
5,KTYX20160807_100556_V06,7.254,0.768,148.083,472.168,28.668,-76.611,42.977,14333.885,114804.557,20160807_060556,479206,36043,38057,21887
5,KTYX20160807_101108_V06,12.454,0.517,151.762,476.442,34.838,-76.588,42.958,17419.057,115223.975,20160807_061108,479202,35882,38390,21887
5,KTYX20160807_101622_V06,17.687,0.450,157.956,480.172,41.359,-76.550,42.942,20679.459,114715.398,20160807_061622,479210,36770,37740,22575
5,KTYX20160807_102136_V06,22.921,0.136,159.177,479.821,42.156,-76.543,42.943,21078.120,114200.171,20160807_062136,479209,37797,37305,23678
5,KTYX20160807_102649_V06,28.137,0.129,157.926,477.036,41.114,-76.551,42.956,20556.854,113497.339,20160807_062649,479196,37327,37297,23212
5,KTYX20160807_103203_V06,33.371,0.053,161.826,477.126,44.185,-76.527,42.956,22092.733,112322.768,20160807_063203,479203,38480,37563,24600
7,KTYX20160807_095015_V06,-8.429,0.866,255.694,230.269,5.806,-75.957,44.069,2903.149,41308.164,20160807_055015,479203,22533,34717,10096
7,KTYX20160807_095529_V06,-3.196,0.871,256.373,233.170,10.683,-75.952,44.056,5341.689,39904.829,20160807_055529,479204,25038,35923,12655
7,KTYX20160807_100042_V06,2.021,0.793,257.547,236.483,14.775,-75.945,44.041,7387.599,38199.102,20160807_060042,479203,30243,37527,17030
7,KTYX20160807_100556_V06,7.254,0.774,258.431,238.304,21.065,-75.939,44.033,10532.731,37196.660,20160807_060556,479206,36043,38057,21887
7,KTYX20160807_101108_V06,12.454,0.554,259.000,241.101,27.993,-75.936,44.021,13996.625,35882.033,20160807_061108,479202,35882,38390,21887
7,KTYX20160807_101622_V06,17.687,0.588,263.831,235.092,24.725,-75.906,44.048,12362.335,37152.693,20160807_061622,479210,36770,37740,22575
7,KTYX20160807_102136_V06,22.921,0.300,265.550,234.395,29.882,-75.895,44.051,14940.865,37050.051,20160807_062136,479209,37797,37305,23678
7,KTYX20160807_102649_V06,28.137,0.505,270.430,232.010,28.755,-75.865,44.062,14377.458,37070.988,20160807_062649,479196,37327,37297,23212
8,KTYX20160807_095015_V06,-8.429,0.621,137.146,463.713,9.662,-76.679,43.015,4831.155,115459.318,20160807_055015,479203,22533,34717,10096
8,KTYX20160807_095529_V06,-3.196,0.629,137.996,465.012,16.925,-76.674,43.009,8462.419,115622.387,20160807_055529,479204,25038,35923,12655
3,KTYX20160807_090829_V06,-50.196,0.078,180.033,215.106,9.182,-76.430,44.135,4591.185,73483.075,20160807_050829,479210,44054,48759,22192
2,KTYX20160808_095605_V06,-3.709,0.562,130.980,467.896,24.268,-76.716,42.995,12134.164,119118.452,20160808_055605,479188,4438,14420,3097
2,KTYX20160808_100545_V06,5.958,0.412,130.339,470.871,33.866,-76.720,42.982,16933.063,120397.229,20160808_060545,479187,6985,13031,5425
2,KTYX20160808_101523_V06,15.591,0.529,131.607,472.547,35.098,-76.712,42.975,17549.163,120549.618,20160808_061523,479185,6718,11904,5055
2,KTYX20160808_102502_V06,25.241,0.405,129.409,467.178,39.355,-76.726,42.999,19677.359,119425.274,20160808_062502,479186,5990,11286,4550
2,KTYX20160808_103440_V06,34.875,0.407,127.794,466.198,43.956,-76.736,43.003,21977.792,119662.810,20160808_063440,479186,6475,11702,4743
2,KTYX20160808_104419_V06,44.525,0.285,126.015,462.663,50.889,-76.747,43.019,25444.253,119090.296,20160808_064419,479187,5891,11510,4427
1,KTYX20160808_095605_V06,-3.709,0.756,253.697,225.397,12.425,-75.969,44.091,6212.673,43901.986,20160808_055605,479188,4438,14420,3097
1,KTYX20160808_100545_V06,5.958,0.557,254.838,226.067,23.179,-75.962,44.088,11589.358,43317.739,20160808_060545,479187,6985,13031,5425
2,KTYX20160809_095021_V06,-10.558,0.685,131.283,446.765,17.016,-76.716,43.091,8508.233,111809.459,20160809_055021,479194,3879,10176,2504
2,KTYX20160809_100000_V06,-0.908,0.908,129.960,445.139,29.634,-76.724,43.098,14817.141,111779.658,20160809_060000,479186,5494,13058,3795
2,KTYX20160809_100938_V06,8.726,0.752,131.279,444.793,39.771,-76.716,43.099,19885.607,111166.308,20160809_060938,479188,7912,13793,5986
2,KTYX20160809_101918_V06,18.392,0.620,132.217,442.133,49.340,-76.711,43.111,24669.911,109946.327,20160809_061918,479189,6943,13758,5006
2,KTYX20160809_102856_V06,28.026,0.544,134.544,438.497,59.305,-76.697,43.128,29652.389,107885.716,20160809_062856,479177,5584,12492,3736
1,KTYX20160811_095030_V06,-12.645,0.693,135.817,456.087,8.442,-76.688,43.049,4221.087,113268.763,20160811_055030,479190,7893,20154,6662
1,KTYX20160811_100007_V06,-3.029,0.594,138.068,457.374,20.099,-76.674,43.043,10049.731,112903.148,20160811_060007,479201,16176,29094,11679
1,KTYX20160811_100521_V06,2.205,0.771,141.137,458.213,27.937,-76.655,43.040,13968.672,112103.366,20160811_060521,479201,19330,33105,13899
1,KTYX20160811_101035_V06,7.438,0.726,146.034,459.053,29.810,-76.625,43.036,14905.202,110683.626,20160811_061035,479192,18315,32179,13663
1,KTYX20160811_101549_V06,12.671,0.644,148.950,459.222,34.670,-76.607,43.035,17334.934,109735.673,20160811_061549,479189,14976,29899,12553
1,KTYX20160811_102527_V06,22.305,0.553,155.104,457.314,47.438,-76.569,43.044,23719.075,106937.786,20160811_062527,479190,14084,28635,11346
1,KTYX20160811_103504_V06,31.921,0.387,155.842,448.753,49.228,-76.565,43.083,24613.927,103572.297,20160811_063504,479191,13864,28515,10846
6,KTYX20160812_091642_V06,-47.567,0.109,303.418,349.763,21.652,-75.659,43.532,10825.775,24940.265,20160812_051642,479200,23077,29117,9790
11,KTYX20160812_095824_V06,-5.867,0.166,271.802,224.941,8.528,-75.856,44.093,4263.752,40090.508,20160812_055824,479203,17464,33440,7419
13,KTYX20160813_100713_V06,1.827,0.057,148.957,449.923,20.414,-76.607,43.077,10206.778,106408.267,20160813_060713,479200,171005,180379,14263
13,KTYX20160813_101252_V06,7.477,0.094,149.224,449.371,27.629,-76.606,43.080,13814.489,106119.287,20160813_061252,479203,182643,190007,15595
13,KTYX20160813_101833_V06,13.160,-1.000,149.450,448.904,35.168,-76.604,43.082,17584.181,105874.670,20160813_061833,479204,191811,194750,19641
13,KTYX20160813_102413_V06,18.827,0.064,152.270,443.687,33.323,-76.587,43.106,16661.564,103041.484,20160813_062413,479196,198671,200749,20183
4,KTYX20160813_093313_V06,-32.173,0.067,319.374,195.734,3.790,-75.559,44.225,1894.829,53025.268,20160813_053313,479194,116623,127095,11257
1,KTYX20160815_100414_V06,-3.405,0.616,136.668,460.573,13.810,-76.682,43.029,6905.134,114521.681,20160815_060414,479189,21730,25910,17783
1,KTYX20160815_101351_V06,6.211,0.462,144.556,464.607,28.356,-76.633,43.011,14177.866,113201.519,20160815_061351,479185,30395,28188,25322
1,KTYX20160815_102329_V06,15.845,0.554,158.053,471.177,39.811,-76.550,42.982,19905.269,111187.400,20160815_062329,479183,31066,28789,25356
1,KTYX20160815_103306_V06,25.461,0.608,159.767,466.691,43.452,-76.540,43.002,21726.068,108916.198,20160815_063306,479191,30071,29393,23811
1,KTYX20160815_104245_V06,35.111,0.140,160.495,461.914,47.200,-76.536,43.024,23599.884,106861.726,20160815_064245,479187,26816,30612,20879
3,KTYX20160816_095408_V06,-14.631,0.114,369.221,113.330,2.338,-75.244,44.595,1169.037,99545.570,20160816_055408,479204,198998,215867,27950
3,KTYX20160816_095949_V06,-8.948,0.107,368.490,112.969,10.174,-75.249,44.597,5087.070,99588.337,20160816_055949,479201,214116,226538,28571
2,KTYX20160816_092016_V06,-48.498,0.223,303.095,221.026,14.070,-75.661,44.111,7035.240,39517.383,20160816_052016,479205,180409,180183,43232
17,KTYX20160818_103743_V06,26.699,0.139,362.458,295.757,16.534,-75.292,43.774,8267.078,31300.863,20160818_063743,479207,48286,54842,15611
17,KTYX20160818_104324_V06,32.383,0.376,364.535,297.199,22.815,-75.279,43.768,11407.312,32297.727,20160818_064324,479195,46242,53774,14299
8,KTYX20160818_092432_V06,-46.484,0.060,180.804,376.785,29.266,-76.416,43.408,14632.856,70893.372,20160818_052432,479203,42776,51624,12733
8,KTYX20160818_092959_V06,-41.034,0.234,204.382,377.379,17.790,-76.270,43.406,8894.953,61502.575,20160818_052959,479205,45771,53999,12886
15,KTYX20160818_101457_V06,3.933,0.154,325.611,286.599,13.736,-75.521,43.816,6868.164,14452.738,20160818_061457,479202,46383,57084,12267
2,KTYX20160819_100124_V06,-10.744,0.080,135.344,460.774,13.486,-76.690,43.028,6743.025,115064.908,20160819_060124,479190,7046,28363,4715
2,KTYX20160819_101102_V06,-1.111,0.479,137.742,463.942,28.423,-76.675,43.014,14211.258,115330.645,20160819_061102,479190,13407,33824,10172
2,KTYX20160819_102039_V06,8.506,0.559,137.342,469.313,34.815,-76.677,42.989,17407.343,117393.146,20160819_062039,479190,17144,34869,13884
2,KTYX20160819_103017_V06,18.139,0.435,136.095,468.572,45.712,-76.685,42.993,22855.935,117559.988,20160819_063017,479190,18262,34561,14494
2,KTYX20160819_103956_V06,27.789,0.540,136.305,470.641,57.483,-76.683,42.983,28741.498,118231.070,20160819_063956,479188,19532,35301,15034
2,KTYX20160819_104935_V06,37.439,0.414,135.726,473.890,65.917,-76.687,42.969,32958.732,119607.412,20160819_064935,479185,18639,34435,14327
2,KTYX20160819_105913_V06,47.073,0.166,149.057,477.395,81.539,-76.605,42.954,40769.648,116461.069,20160819_065913,479192,18365,34877,13804
1,KTYX20160819_093232_V06,-39.611,0.061,406.580,89.347,2.089,-75.008,44.702,1044.437,118040.062,20160819_053232,479191,36248,30522,26685
1,KTYX20160820_100236_V06,-10.671,0.847,143.831,444.779,16.673,-76.639,43.100,8336.472,106477.335,20160820_060236,479181,14643,23808,10892
1,KTYX20160820_101215_V06,-1.021,0.868,147.550,440.663,29.490,-76.617,43.119,14745.224,103714.868,20160820_061215,479207,23731,36616,17258
1,KTYX20160820_101729_V06,4.212,0.614,150.175,438.390,33.000,-76.601,43.129,16500.139,101979.683,20160820_061729,479197,22880,37885,16859
1,KTYX20160820_102243_V06,9.445,-1.000,152.699,436.141,36.996,-76.585,43.140,18498.060,100289.725,20160820_062243,479202,22680,39081,16406
1,KTYX20160820_102757_V06,14.679,0.475,149.772,436.610,35.784,-76.603,43.137,17891.950,101526.816,20160820_062757,479198,20063,37997,14193
1,KTYX20160820_103311_V06,19.912,0.346,151.960,433.467,42.487,-76.590,43.152,21243.399,99660.789,20160820_063311,479212,19175,36239,13456
1,KTYX20160820_103826_V06,25.162,0.230,154.873,432.000,49.685,-76.572,43.158,24842.514,98089.085,20160820_063826,479194,18124,35296,12242
2,KTYX20160820_101729_V06,4.212,0.079,283.830,340.305,18.349,-75.780,43.574,9174.278,21713.899,20160820_061729,479197,22880,37885,16859
3,KTYX20160820_102243_V06,9.445,0.456,146.501,438.364,29.509,-76.623,43.129,14754.548,103327.524,20160820_062243,479202,22680,39081,16406
6,KTYX20160821_095942_V06,-14.699,0.057,35.108,528.649,45.291,-77.297,42.715,22645.729,174962.930,20160821_055942,479210,48560,80626,7555
1,KTYX20160822_100314_V06,-12.293,0.512,135.634,470.755,13.438,-76.688,42.983,6719.243,118504.769,20160822_060314,479191,5998,16305,4885
1,KTYX20160822_101252_V06,-2.659,0.528,140.235,473.451,24.403,-76.659,42.971,12201.744,117908.941,20160822_061252,479190,15848,22615,13619
1,KTYX20160822_102231_V06,6.991,0.107,151.018,475.241,31.049,-76.593,42.963,15524.568,115005.509,20160822_062231,479189,21680,22891,18817
1,KTYX20160822_103209_V06,16.624,-1.000,161.052,477.113,38.205,-76.531,42.956,19102.424,112556.333,20160822_063209,479186,19871,22136,16659
1,KTYX20160822_104147_V06,26.257,0.065,155.066,472.012,41.583,-76.568,42.978,20791.559,112465.444,20160822_064147,479188,17920,22784,14586
2,KTYX20160822_101252_V06,-2.659,0.438,260.711,287.635,14.831,-75.924,43.811,7415.522,20594.373,20160822_061252,479190,15848,22615,13619
1,KTYX20160823_095827_V06,-18.204,0.693,133.740,455.352,9.307,-76.700,43.052,4653.553,113772.518,20160823_055827,479189,2960,16319,1536
1,KTYX20160823_100806_V06,-8.554,0.711,139.628,457.710,21.523,-76.664,43.042,10761.379,112462.930,20160823_060806,479190,4141,13348,2616
1,KTYX20160823_101746_V06,1.113,0.507,147.722,460.441,30.601,-76.614,43.030,15300.459,110600.474,20160823_061746,479186,5948,13741,4040
1,KTYX20160823_102725_V06,10.763,0.482,151.956,461.216,35.338,-76.588,43.027,17669.139,109439.119,20160823_062725,479187,6096,13615,4143
1,KTYX20160823_103704_V06,20.413,0.157,160.856,459.815,50.563,-76.534,43.033,25281.721,105950.366,20160823_063704,479188,6229,12637,4413
1,KTYX20160824_095258_V06,-24.815,0.355,133.531,456.044,9.643,-76.702,43.049,4821.538,114085.110,20160824_055258,479194,8342,22386,6284
1,KTYX20160824_100236_V06,-15.182,0.603,139.480,454.341,22.019,-76.665,43.057,11009.596,111341.454,20160824_060236,479197,6902,19366,5670
1,KTYX20160824_101215_V06,-5.532,0.683,139.187,451.826,29.014,-76.667,43.068,14506.894,110580.158,20160824_061215,479189,8213,16804,6973
1,KTYX20160824_102153_V06,4.102,0.571,137.545,452.968,41.126,-76.677,43.063,20562.857,111569.375,20160824_062153,479189,9673,16726,8126
1,KTYX20160824_103131_V06,13.735,0.510,140.833,446.781,45.985,-76.657,43.091,22992.348,108257.703,20160824_063131,479185,10347,14623,8711
1,KTYX20160824_104111_V06,23.402,0.345,141.845,441.589,56.523,-76.652,43.114,28261.368,106137.046,20160824_064111,479190,9324,12948,7683
1,KTYX20160824_105050_V06,33.052,-1.000,143.086,436.388,66.387,-76.644,43.138,33193.262,103951.662,20160824_065050,479188,9546,12336,7740
1,KTYX20160824_110030_V06,42.718,0.139,149.909,460.492,92.931,-76.601,43.030,46465.618,109869.174,20160824_070030,479193,9014,11682,7350
1,KTYX20160824_111009_V06,52.368,0.123,141.044,446.178,89.737,-76.656,43.094,44868.349,107975.741,20160824_071009,479193,8490,11248,6832
2,KTYX20160825_092754_V06,-51.009,0.178,339.313,81.247,25.028,-75.432,44.740,12513.969,111128.753,20160825_052754,479193,61133,88540,8878
2,KTYX20160826_092235_V06,-57.454,0.363,180.673,215.331,10.675,-76.426,44.134,5337.341,73157.224,20160826_052235,479204,103665,80869,45946
2,KTYX20160826_092748_V06,-52.237,-1.000,180.673,215.331,18.969,-76.426,44.134,9484.591,73157.224,20160826_052748,479199,108522,80129,50254
2,KTYX20160826_093301_V06,-47.020,0.089,179.327,213.747,8.799,-76.434,44.141,4399.338,74164.584,20160826_053301,479199,112871,80929,53428
5,KTYX20160826_114315_V06,83.213,0.113,179.614,213.231,8.528,-76.432,44.144,4264.015,74198.502,20160826_074315,479190,79623,69336,52770
1,KTYX20160827_101413_V06,-6.948,0.144,137.099,465.678,16.227,-76.679,43.006,8113.602,116174.344,20160827_061413,479209,42062,49015,29068
1,KTYX20160827_101926_V06,-1.732,0.479,137.099,466.439,22.526,-76.679,43.002,11262.861,116446.026,20160827_061926,479213,48622,50047,34899
1,KTYX20160827_102440_V06,3.502,0.712,140.197,467.657,23.820,-76.660,42.997,11910.152,115807.921,20160827_062440,479203,49207,49409,35854
1,KTYX20160827_102953_V06,8.718,0.492,141.331,467.745,23.870,-76.653,42.997,11935.043,115449.289,20160827_062953,479197,56738,50571,41429
1,KTYX20160827_103506_V06,13.935,0.658,141.807,464.612,24.535,-76.650,43.011,12267.633,114151.280,20160827_063506,479199,63930,51111,48372
1,KTYX20160827_104019_V06,19.152,0.352,145.402,465.011,29.324,-76.628,43.009,14662.000,113058.862,20160827_064019,479207,57073,50133,42409
2,KTYX20160828_102145_V06,-0.542,0.054,152.313,448.959,26.337,-76.587,43.082,13168.531,104881.026,20160828_062145,479189,64415,66612,21250
2,KTYX20160828_103123_V06,9.091,0.108,154.832,446.319,38.733,-76.572,43.094,19366.354,103056.899,20160828_063123,479191,58171,64255,17832
2,KTYX20160828_104101_V06,18.724,0.247,157.069,444.474,44.470,-76.558,43.102,22234.866,101614.527,20160828_064101,479190,52319,58311,14464
1,KTYX20160829_101557_V06,-7.470,0.284,261.497,285.878,12.238,-75.919,43.819,6118.986,20505.736,20160829_061557,479190,45939,25792,39231
1,KTYX20160829_102534_V06,2.147,0.265,263.838,287.155,19.365,-75.905,43.813,9682.498,19187.902,20160829_062534,479189,75416,23107,68111
2,KTYX20160829_102534_V06,2.147,0.136,131.102,467.411,16.175,-76.716,42.998,8087.704,118904.184,20160829_062534,479189,75416,23107,68111
2,KTYX20160829_103510_V06,11.747,-1.000,131.102,467.411,31.439,-76.716,42.998,15719.704,118904.184,20160829_063510,479189,84804,28254,73894
2,KTYX20160829_104447_V06,21.364,0.077,138.792,476.036,35.020,-76.668,42.959,17510.146,119348.879,20160829_064447,479187,87677,33866,72998
3,KTYX20160830_103348_V06,9.253,0.066,132.483,447.395,24.382,-76.709,43.088,12191.094,111565.226,20160830_063348,479183,8075,13090,5905
3,KTYX20160830_104326_V06,18.887,0.255,134.189,447.108,34.311,-76.698,43.089,17155.269,110831.242,20160830_064326,479189,8346,12123,6303
3,KTYX20160830_105304_V06,28.520,0.089,138.906,450.088,44.426,-76.669,43.076,22213.176,110088.117,20160830_065304,479184,7686,12588,5405
1,KTYX20160830_102410_V06,-0.380,0.778,267.132,275.954,8.718,-75.884,43.864,4359.127,20362.320,20160830_062410,479194,7162,15764,4934
1,KTYX20160830_103348_V06,9.253,0.673,268.463,275.785,18.500,-75.876,43.865,9250.169,19880.426,20160830_063348,479183,8075,13090,5905
2,KTYX20160901_102348_V06,-3.000,0.097,123.460,465.315,13.929,-76.763,43.007,6964.630,120929.112,20160901_062348,479201,18246,31114,12170
2,KTYX20160901_102901_V06,2.217,0.594,123.247,466.468,21.128,-76.764,43.001,10563.990,121401.329,20160901_062901,479203,18567,28916,13209
2,KTYX20160901_103413_V06,7.417,0.601,126.768,469.670,25.965,-76.742,42.987,12982.676,121240.778,20160901_063413,479211,19387,28299,13818
2,KTYX20160901_103925_V06,12.617,0.677,129.358,471.262,29.074,-76.726,42.980,14536.845,120881.731,20160901_063925,479200,20538,28261,14567
2,KTYX20160901_104438_V06,17.834,0.571,133.400,474.424,36.802,-76.701,42.966,18401.188,120601.908,20160901_064438,479193,19599,27309,13892
2,KTYX20160901_104951_V06,23.050,0.390,133.090,476.037,43.642,-76.703,42.959,21821.121,121292.896,20160901_064951,479201,20267,26897,14286
2,KTYX20160901_105504_V06,28.267,0.289,137.546,474.137,49.630,-76.676,42.968,24815.081,119074.379,20160901_065504,479195,17026,25700,11724
2,KTYX20160901_110016_V06,33.467,0.219,140.078,475.674,51.493,-76.660,42.961,25746.666,118781.756,20160901_070016,479199,21626,27831,15019
1,KTYX20160901_102348_V06,-3.000,0.769,260.102,280.218,8.033,-75.928,43.845,4016.375,22266.567,20160901_062348,479201,18246,31114,12170
1,KTYX20160901_102901_V06,2.217,0.540,259.386,281.367,15.476,-75.933,43.839,7738.002,22341.942,20160901_062901,479203,18567,28916,13209
1,KTYX20160902_101136_V06,-16.325,0.082,115.515,462.693,9.672,-76.812,43.018,4835.867,122987.540,20160902_061136,479188,11849,24561,8039
1,KTYX20160902_102113_V06,-6.709,0.323,117.401,464.293,18.661,-76.800,43.011,9330.646,122815.448,20160902_062113,479183,11932,21830,8543
1,KTYX20160902_103050_V06,2.908,0.881,120.996,469.254,18.028,-76.777,42.989,9013.785,123176.022,20160902_063050,479191,12039,18456,9297
1,KTYX20160902_104027_V06,12.525,0.889,121.605,474.568,27.907,-76.773,42.965,13953.562,124798.820,20160902_064027,479191,11967,15983,9678
1,KTYX20160902_105005_V06,22.158,0.640,124.582,479.186,30.779,-76.755,42.944,15389.301,125378.578,20160902_065005,479190,12174,14832,9833
1,KTYX20160902_105942_V06,31.775,0.634,117.524,484.628,45.831,-76.797,42.919,22915.250,129793.148,20160902_065942,479189,11715,13790,9623
1,KTYX20160902_110918_V06,41.375,0.186,112.421,482.724,55.355,-76.829,42.928,27677.653,130933.368,20160902_070918,479185,10725,13615,8665
2,KTYX20160902_102113_V06,-6.709,0.720,261.657,280.284,7.081,-75.918,43.844,3540.562,21557.506,20160902_062113,479183,11932,21830,8543
2,KTYX20160902_103050_V06,2.908,0.780,258.708,282.953,13.924,-75.937,43.832,6962.205,22336.263,20160902_063050,479191,12039,18456,9297
4,KTYX20160902_104027_V06,12.525,0.143,52.376,478.657,16.252,-77.197,42.942,8125.774,152673.046,20160902_064027,479191,11967,15983,9678
3,KTYX20160903_104044_V06,11.683,0.842,121.743,463.495,20.444,-76.773,43.015,10222.174,120940.207,20160903_064044,479191,8617,14816,6000
3,KTYX20160903_105023_V06,21.333,0.864,121.354,465.377,29.249,-76.776,43.006,14624.308,121720.841,20160903_065023,479182,9567,14229,7018
3,KTYX20160903_110002_V06,30.983,0.731,120.273,467.084,36.653,-76.782,42.999,18326.746,122697.524,20160903_070002,479188,9136,13700,6675
3,KTYX20160903_110940_V06,40.616,0.299,117.506,464.493,45.678,-76.799,43.010,22838.898,122843.222,20160903_070940,479192,8613,13198,5954
1,KTYX20160903_103106_V06,2.049,0.867,261.166,282.567,10.268,-75.921,43.834,5133.884,21283.784,20160903_063106,479190,7077,16510,4257
1,KTYX20160903_104044_V06,11.683,0.591,258.134,284.577,20.018,-75.940,43.825,10009.102,22308.372,20160903_064044,479191,8617,14816,6000
4,KTYX20160903_105023_V06,21.333,0.356,53.654,466.065,17.316,-77.191,42.998,8658.100,148546.250,20160903_065023,479182,9567,14229,7018
4,KTYX20160903_110002_V06,30.983,0.067,54.137,467.098,27.414,-77.187,42.994,13707.058,148635.542,20160903_070002,479188,9136,13700,6675
2,KTYX20160904_104754_V06,17.725,0.109,261.902,290.697,13.343,-75.917,43.797,6671.667,19608.754,20160904_064754,479185,12792,17740,8708
2,KTYX20160904_105733_V06,27.375,0.175,263.140,291.112,23.696,-75.909,43.796,11848.075,18958.094,20160904_065733,479193,12139,17015,8322
2,KTYX20160904_110711_V06,37.008,0.067,261.677,301.514,16.818,-75.918,43.749,8408.770,19176.236,20160904_070711,479188,11619,16877,7476
1,KTYX20160906_102904_V06,-3.357,0.677,130.736,465.124,9.369,-76.718,43.008,4684.264,118232.764,20160906_062904,479185,21901,37587,16483
1,KTYX20160906_103841_V06,6.260,0.072,131.917,464.238,20.084,-76.711,43.012,10041.945,117501.015,20160906_063841,479186,23206,40646,15818
2,KTYX20160906_102904_V06,-3.357,0.325,267.290,277.655,12.017,-75.883,43.856,6008.705,19806.836,20160906_062904,479185,21901,37587,16483
2,KTYX20160906_103841_V06,6.260,0.618,264.965,282.332,22.131,-75.898,43.835,11065.303,19619.025,20160906_063841,479186,23206,40646,15818
3,KTYX20160906_105758_V06,25.543,0.062,341.413,414.637,36.449,-75.425,43.240,18224.455,60944.116,20160906_065758,479188,23633,44020,14397
3,KTYX20160906_110736_V06,35.176,-1.000,341.413,414.637,51.766,-75.425,43.240,25882.955,60944.116,20160906_070736,479186,25071,45350,14944
3,KTYX20160906_111714_V06,44.810,0.056,357.046,406.121,34.693,-75.329,43.278,17346.369,60241.178,20160906_071714,479192,25987,48225,15199
2,KTYX20160908_102328_V06,-11.204,0.086,228.663,63.585,66.174,-76.131,44.819,33086.815,123471.547,20160908_062328,479198,18193,34993,5683
3,KTYX20160908_111531_V06,40.846,0.064,308.535,58.709,62.682,-75.626,44.842,31341.003,120720.954,20160908_071531,479191,15024,28515,8032
3,KTYX20160908_112042_V06,46.030,-1.000,308.535,58.709,70.924,-75.626,44.842,35461.753,120720.954,20160908_072042,479193,14775,26817,8360
3,KTYX20160908_112555_V06,51.246,0.066,334.924,57.870,59.768,-75.459,44.845,29884.029,122317.638,20160908_072555,479199,15529,25342,9508
3,KTYX20160908_113107_V06,56.446,-1.000,334.924,57.870,68.036,-75.459,44.845,34018.029,122317.638,20160908_073107,479207,14612,24700,9039
3,KTYX20160908_113620_V06,61.663,0.051,365.766,96.338,14.944,-75.265,44.672,7472.019,107008.634,20160908_073620,479196,13253,24483,8055
2,KTYX20160909_102925_V06,-6.377,0.101,268.802,285.390,9.544,-75.874,43.821,4772.243,17224.611,20160909_062925,479177,15174,28941,12507
2,KTYX20160909_103901_V06,3.223,0.211,261.688,288.347,17.535,-75.918,43.808,8767.493,20022.394,20160909_063901,479181,25972,30945,22783
2,KTYX20160909_104839_V06,12.856,0.081,253.226,294.185,13.523,-75.971,43.782,6761.448,23567.165,20160909_064839,479181,27383,31985,23624
1,KTYX20160912_104507_V06,5.954,0.054,241.479,294.519,11.615,-76.043,43.780,5807.678,29388.440,20160912_064507,479185,8964,16195,7286
2,KTYX20160912_111402_V06,34.870,0.173,139.325,434.813,28.243,-76.668,43.145,14121.638,104870.147,20160912_071402,479179,9716,16156,7545
6,KTYX20160914_095109_V06,-50.261,0.056,27.167,287.194,25.649,-77.375,43.801,12824.263,136566.732,20160914_055109,479195,25705,41295,7196
6,KTYX20160914_095622_V06,-45.044,0.186,27.902,285.476,33.486,-77.371,43.809,16743.212,136242.484,20160914_055622,479190,27098,43849,7204
6,KTYX20160914_100149_V06,-39.594,0.074,35.424,281.635,39.719,-77.325,43.827,19859.362,132606.287,20160914_060149,479190,30521,47963,8160
15,KTYX20160914_115849_V06,77.406,0.353,47.565,406.694,53.605,-77.235,43.265,26802.490,137028.444,20160914_075849,479204,93660,110654,16059
15,KTYX20160914_120428_V06,83.056,0.491,49.495,412.024,58.403,-77.222,43.241,29201.634,137206.216,20160914_080428,479195,94320,112445,16562
2,KTYX20160914_094556_V06,-55.478,0.080,60.526,376.971,6.857,-77.158,43.400,3428.745,125770.100,20160914_054556,479183,23001,36957,6394
4,KTYX20160914_095109_V06,-50.261,0.195,215.443,301.844,24.357,-76.205,43.746,12178.267,42288.630,20160914_055109,479195,25705,41295,7196
9,KTYX20160914_105210_V06,10.756,0.092,364.662,276.384,20.499,-75.278,43.861,10249.298,34419.968,20160914_065210,479196,73817,96969,11200
16,KTYX20160914_120428_V06,83.056,0.115,387.207,447.789,27.142,-75.144,43.089,13571.078,85799.882,20160914_080428,479195,94320,112445,16562
2,KTYX20160915_103811_V06,-4.353,0.169,127.569,462.266,13.012,-76.738,43.021,6506.190,118387.703,20160915_063811,479174,7764,14422,5756
2,KTYX20160915_104749_V06,5.281,0.857,123.796,466.906,21.941,-76.760,43.000,10970.748,121352.336,20160915_064749,479179,11478,14170,9305
2,KTYX20160915_105725_V06,14.881,0.844,121.973,469.917,29.184,-76.771,42.986,14591.905,123050.314,20160915_065725,479180,13608,13969,11261
2,KTYX20160915_110703_V06,24.514,0.565,121.077,473.876,38.741,-76.777,42.968,19370.497,124746.216,20160915_070703,479182,12180,14376,10245
2,KTYX20160915_111641_V06,34.147,0.414,123.049,471.330,41.188,-76.765,42.980,20593.965,123152.220,20160915_071641,479180,11551,15362,9484
2,KTYX20160915_112619_V06,43.781,0.363,126.580,461.641,38.754,-76.744,43.023,19376.924,118534.983,20160915_072619,479175,10319,16068,8302
2,KTYX20160915_113557_V06,53.414,0.221,126.079,459.333,43.171,-76.747,43.034,21585.490,117936.008,20160915_073557,479179,8786,16584,7038
1,KTYX20160915_103811_V06,-4.353,0.889,248.843,290.757,9.764,-75.998,43.797,4881.870,25992.754,20160915_063811,479174,7764,14422,5756
1,KTYX20160915_104749_V06,5.281,0.881,248.124,290.945,17.701,-76.002,43.796,8850.254,26330.033,20160915_064749,479179,11478,14170,9305
1,KTYX20160915_105725_V06,14.881,0.686,252.354,292.721,23.388,-75.976,43.788,11693.906,24099.597,20160915_065725,479180,13608,13969,11261
1,KTYX20160915_110703_V06,24.514,0.131,262.692,298.644,30.953,-75.912,43.762,15476.307,18666.104,20160915_070703,479182,12180,14376,10245
4,KTYX20160915_104749_V06,5.281,0.531,245.017,340.322,9.742,-76.020,43.574,4871.090,34091.823,20160915_064749,479179,11478,14170,9305
3,KTYX20160916_103653_V06,-6.779,0.056,128.939,437.512,5.043,-76.731,43.132,2521.465,109740.033,20160916_063653,479185,6368,10062,4824
3,KTYX20160916_104631_V06,2.855,0.321,130.591,436.760,17.027,-76.721,43.136,8513.633,108860.919,20160916_064631,479176,8996,11884,6760
3,KTYX20160916_105610_V06,12.505,0.143,133.653,438.351,28.732,-76.702,43.129,14365.979,108180.753,20160916_065610,479179,10649,13969,7880
4,KTYX20160916_104631_V06,2.855,0.062,260.130,275.485,22.432,-75.928,43.866,11216.002,23401.824,20160916_064631,479176,8996,11884,6760
4,KTYX20160916_105610_V06,12.505,0.099,259.345,273.752,33.773,-75.933,43.874,16886.296,24195.948,20160916_065610,479179,10649,13969,7880
1,KTYX20160916_100756_V06,-35.729,0.412,177.444,211.641,6.511,-76.446,44.151,3255.316,75543.212,20160916_060756,479180,12642,26957,7707
6,KTYX20160916_112505_V06,41.421,0.063,255.583,306.560,23.333,-75.956,43.726,11666.630,22449.613,20160916_072505,479188,14478,16714,10607
1,KTYX20160919_095817_V06,-48.766,0.056,31.007,447.931,37.258,-77.332,43.078,18628.981,153493.233,20160919_055817,479184,99601,42639,71984
1,KTYX20160920_110954_V06,21.718,0.059,67.329,323.680,22.895,-77.122,43.640,11447.615,116936.482,20160920_070954,479183,46478,42159,29964
1,KTYX20160920_111932_V06,31.351,0.265,68.124,320.595,33.196,-77.117,43.654,16598.133,116394.585,20160920_071932,479181,46896,41731,30105
2,KTYX20160920_120741_V06,79.501,0.149,49.536,274.958,29.394,-77.238,43.858,14696.979,125856.442,20160920_080741,479184,39950,43333,25065
2,KTYX20160921_104528_V06,-3.851,0.551,248.023,307.018,6.900,-76.003,43.724,3449.898,26224.149,20160921_064528,479184,28506,38863,21967
2,KTYX20160921_105505_V06,5.766,0.443,249.316,307.880,17.986,-75.994,43.720,8993.139,25646.436,20160921_065505,479175,32345,42517,24354
2,KTYX20160921_110442_V06,15.383,0.052,253.165,309.729,22.396,-75.971,43.712,11198.007,23917.463,20160921_070442,479182,35007,44654,25719
2,KTYX20160921_111419_V06,24.999,0.392,258.352,324.281,13.885,-75.938,43.646,6942.251,24104.496,20160921_071419,479188,37340,46457,26658
2,KTYX20160921_112357_V06,34.633,0.070,250.618,326.380,20.966,-75.986,43.637,10483.091,27993.420,20160921_072357,479177,40582,50357,27836
1,KTYX20160921_095724_V06,-51.917,0.079,179.022,215.116,8.601,-76.436,44.135,4300.547,73893.287,20160921_055724,479185,106651,24501,95535
8,KTYX20160923_095933_V06,-52.046,0.058,220.502,201.389,18.719,-76.177,44.199,9359.715,63332.433,20160923_055933,479194,93545,93035,27107
9,KTYX20160923_100957_V06,-41.646,0.168,19.434,214.617,20.979,-77.433,44.127,10489.426,146635.343,20160923_060957,479197,85949,84796,25970
18,KTYX20160923_111225_V06,20.820,0.074,17.823,346.242,23.792,-77.426,43.534,11895.827,142970.637,20160923_071225,479184,42228,54966,7422
21,KTYX20160923_113411_V06,42.587,0.246,479.337,231.369,28.030,-74.561,44.059,14015.099,96010.245,20160923_073411,479192,40308,54230,6577
27,KTYX20160923_121103_V06,79.454,0.157,27.708,500.927,46.459,-77.345,42.839,23229.698,169199.958,20160923_081103,479202,53067,70000,9875
1,KTYX20160924_104443_V06,-8.024,0.264,136.540,463.532,6.973,-76.683,43.015,3486.515,115609.016,20160924_064443,479182,10849,20981,7662
1,KTYX20160924_105421_V06,1.610,0.628,138.023,465.184,14.827,-76.673,43.008,7413.466,115674.424,20160924_065421,479188,12753,18568,9236
1,KTYX20160924_110359_V06,11.243,0.480,139.191,468.982,20.683,-76.666,42.991,10341.441,116634.370,20160924_070359,479177,13326,17802,9874
1,KTYX20160924_111337_V06,20.876,0.467,140.258,470.018,23.570,-76.659,42.986,11785.169,116644.164,20160924_071337,479177,13045,16505,9735
1,KTYX20160924_112315_V06,30.510,0.209,138.974,474.149,29.678,-76.667,42.968,14838.913,118593.093,20160924_072315,479181,12400,15515,9342
3,KTYX20160924_110359_V06,11.243,0.081,236.931,319.537,10.181,-76.071,43.667,5090.658,33012.839,20160924_070359,479177,13326,17802,9874
3,KTYX20160924_111337_V06,20.876,0.155,236.784,320.570,20.916,-76.072,43.663,10457.978,33239.072,20160924_071337,479177,13045,16505,9735
1,KTYX20160925_105712_V06,3.313,0.705,139.204,466.399,20.041,-76.666,43.003,10020.464,115698.016,20160925_065712,479180,6398,9893,5153
1,KTYX20160925_110651_V06,12.963,0.307,140.395,470.332,32.532,-76.658,42.985,16266.188,116711.970,20160925_070651,479182,6856,9481,5538
1,KTYX20160925_111629_V06,22.596,0.105,139.601,465.850,33.197,-76.664,43.005,16598.493,115362.463,20160925_071629,479178,7130,9384,5840
2,KTYX20160925_113547_V06,41.896,0.143,260.260,347.034,24.464,-75.926,43.544,12231.997,30787.426,20160925_073547,479178,8017,9231,6642
2,KTYX20160925_114524_V06,51.513,0.138,259.099,350.416,36.484,-75.933,43.529,18242.120,32460.199,20160925_074524,479183,8007,9377,6668
1,KTYX20160926_104101_V06,-14.021,0.071,179.450,214.292,8.776,-76.433,44.139,4388.176,73956.363,20160926_064101,479179,5736,26838,4036
1,KTYX20160926_105039_V06,-4.388,0.077,179.872,215.296,17.518,-76.431,44.135,8758.900,73494.257,20160926_065039,479180,5977,25889,4189
1,KTYX20160927_100810_V06,-48.025,0.055,311.814,171.355,38.165,-75.606,44.335,19082.260,64592.988,20160927_060810,479182,11507,28130,7816
1,KTYX20160927_101746_V06,-38.425,0.115,315.338,168.718,49.652,-75.584,44.347,24825.757,66087.659,20160927_061746,479185,10836,28080,7605
2,KTYX20160927_105611_V06,-0.008,0.277,45.361,162.518,55.931,-77.277,44.363,27965.443,144691.277,20160927_065611,479175,6106,16737,4632
2,KTYX20160928_104945_V06,-7.599,0.050,178.914,213.763,8.456,-76.437,44.141,4227.951,74328.324,20160928_064945,479180,8284,18684,6063
2,KTYX20160928_105923_V06,2.034,0.136,178.375,213.123,15.549,-76.440,44.144,7774.693,74733.057,20160928_065923,479183,11057,19001,8457
4,KTYX20160928_113754_V06,40.551,0.247,178.882,212.899,7.407,-76.437,44.145,3703.262,74592.432,20160928_073754,479183,10093,17759,7526
4,KTYX20160928_114731_V06,50.168,0.261,177.678,212.451,14.838,-76.444,44.147,7419.028,75212.209,20160928_074731,479182,8957,16854,6723
1,KTYX20160928_101117_V06,-46.066,0.065,178.582,214.432,8.501,-76.439,44.138,4250.311,74269.970,20160928_061117,479183,37765,27077,30202
3,KTYX20160928_105923_V06,2.034,0.168,130.837,454.083,21.295,-76.718,43.058,10647.475,114409.030,20160928_065923,479183,11057,19001,8457
6,KTYX20160928_121625_V06,79.068,0.099,177.610,214.274,8.409,-76.445,44.139,4204.367,74713.324,20160928_081625,479179,8126,16808,6195
6,KTYX20160930_122146_V06,82.092,0.287,333.815,290.703,24.783,-75.470,43.797,12391.655,17534.835,20160930_082146,479190,81248,104490,13871
6,KTYX20160930_122712_V06,87.525,0.543,331.785,289.238,30.230,-75.483,43.804,15114.833,16778.605,20160930_082712,479191,81258,102250,13932
7,KTYX20161003_122107_V06,77.924,0.075,88.363,202.305,6.252,-77.004,44.188,3125.910,116548.932,20161003_082107,479189,72805,77936,17429
1,KTYX20161012_111526_V06,1.459,0.179,300.425,305.161,16.972,-75.677,43.733,8486.061,2589.019,20161012_071526,479177,6149,9933,4653
2,KTYX20161012_115401_V06,40.042,0.133,301.232,303.072,14.583,-75.672,43.742,7291.302,1654.810,20161012_075401,479179,6846,10043,4285
3,KTYX20161012_122258_V06,68.992,0.057,302.022,305.707,13.732,-75.667,43.730,6865.936,3027.456,20161012_082258,479184,7328,9396,4667
1,KTYX20161013_102831_V06,-46.679,0.114,49.487,421.435,58.696,-77.221,43.199,29347.790,139196.996,20161013_062831,479181,77595,82961,15413
1,KTYX20161013_103344_V06,-41.462,0.055,51.526,421.105,65.287,-77.209,43.201,32643.680,138207.873,20161013_063344,479198,82981,87662,16194
3,KTYX20161013_111634_V06,1.371,0.094,37.342,111.787,66.200,-77.334,44.591,33099.937,161565.358,20161013_071634,479189,149173,147617,20708
3,KTYX20161013_112201_V06,6.821,0.059,39.600,112.402,74.226,-77.320,44.588,37113.241,160468.671,20161013_072201,479200,160228,155455,23243
3,KTYX20161013_112729_V06,12.288,-1.000,41.485,112.916,82.385,-77.308,44.586,41192.666,159554.301,20161013_072729,479188,170695,164134,25567
3,KTYX20161013_113255_V06,17.721,0.091,64.553,98.700,75.432,-77.164,44.652,37715.889,154884.564,20161013_073255,479203,181015,175418,26042
5,KTYX20161015_122817_V06,70.632,0.224,299.944,303.806,13.693,-75.680,43.739,6846.447,1903.193,20161015_082817,479177,4296,8914,3823
5,KTYX20161015_123756_V06,80.282,0.224,300.311,304.157,21.397,-75.678,43.737,10698.262,2084.076,20161015_083756,479183,4448,9117,3936
3,KTYX20161017_112620_V06,6.204,0.100,212.600,184.397,28.129,-76.227,44.275,14064.383,72461.802,20161017_072620,479177,17032,64021,3992
2,KTYX20161020_115031_V06,26.632,0.064,244.189,242.836,38.332,-76.028,44.013,19166.027,39945.510,20161020_075031,479186,116964,102519,35379
2,KTYX20161020_115556_V06,32.048,0.060,248.525,240.790,44.224,-76.001,44.022,22111.989,39228.791,20161020_075556,479188,120152,108893,32038
3,KTYX20161020_115556_V06,32.048,0.069,306.448,175.106,36.296,-75.640,44.318,18148.018,62530.182,20161020_075556,479188,120152,108893,32038
6,KTYX20161020_121216_V06,48.382,0.066,493.820,426.307,7.835,-74.488,43.181,3917.696,115671.475,20161020_081216,479195,132192,132798,25918
3,KTYX20161021_103737_V06,-47.531,0.065,36.083,166.189,67.334,-77.335,44.346,33666.912,147950.819,20161021_063737,479193,407489,368163,42504
3,KTYX20161024_110851_V06,-20.118,0.087,388.036,140.762,26.957,-75.127,44.471,13478.737,90976.901,20161024_070851,479194,9695,20744,6695
5,KTYX20161024_113745_V06,8.782,0.326,70.100,295.026,16.212,-77.108,43.769,8105.864,114976.775,20161024_073745,479187,19038,10925,16850
6,KTYX20161024_113745_V06,8.782,0.238,230.636,188.950,11.012,-76.114,44.255,5506.031,65466.741,20161024_073745,479187,19038,10925,16850
4,KTYX20161025_123333_V06,63.299,0.080,282.723,319.047,11.908,-75.787,43.670,5953.762,12857.880,20161025_083333,479185,18152,21387,10136
3,KTYX20161027_114614_V06,13.401,0.154,23.757,286.812,24.722,-77.397,43.802,12360.935,138278.991,20161027_074614,479194,113260,135615,16136
3,KTYX20161027_115128_V06,18.634,0.133,24.932,285.812,31.969,-77.389,43.807,15984.597,137716.616,20161027_075128,479196,108581,135344,15733
3,KTYX20161027_115640_V06,23.834,0.127,29.289,291.449,36.693,-77.362,43.782,18346.535,135423.025,20161027_075640,479195,111164,137016,16694
3,KTYX20161027_120153_V06,29.051,0.070,38.025,293.052,44.398,-77.307,43.776,22198.997,131033.605,20161027_080153,479185,112980,137378,16787
2,KTYX20161027_113036_V06,-2.232,0.056,41.900,242.839,45.416,-77.289,44.002,22708.035,132177.039,20161027_073036,479189,113969,133294,13071
2,KTYX20161027_113549_V06,2.984,0.071,43.669,242.533,52.315,-77.278,44.003,26157.493,131347.099,20161027_073549,479187,111720,132647,13971
2,KTYX20161028_104434_V06,-49.562,0.050,331.232,311.704,26.035,-75.486,43.703,13017.445,16676.778,20161028_064434,479180,52879,92581,12824
3,KTYX20161029_110418_V06,-31.130,0.054,313.554,202.109,37.563,-75.595,44.196,18781.345,49412.185,20161029_070418,479186,106840,116564,15189
3,KTYX20161029_110959_V06,-25.446,0.072,339.089,206.670,35.146,-75.436,44.176,17573.189,50592.430,20161029_070959,479191,119083,127550,16782
3,KTYX20161029_111538_V06,-19.796,-1.000,339.089,206.670,44.130,-75.436,44.176,22064.939,50592.430,20161029_071538,479188,128660,135805,18221
3,KTYX20161029_112119_V06,-14.113,0.170,324.842,223.621,74.099,-75.525,44.099,37049.362,40158.772,20161029_072119,479186,134309,143216,19776
2,KTYX20161102_114335_V06,2.920,0.324,260.806,202.747,5.775,-75.925,44.193,2887.304,52426.847,20161102_074335,479184,6905,6355,6335
10,KTYX20161103_122623_V06,44.406,0.254,25.189,117.265,41.035,-77.410,44.565,20517.662,165009.989,20161103_082623,479200,466417,391725,74992
10,KTYX20161103_123204_V06,50.089,0.111,26.748,115.112,48.823,-77.400,44.575,24411.593,164962.538,20161103_083204,479201,467076,391302,75981
3,KTYX20161106_120018_V06,14.373,0.052,377.582,262.309,70.922,-75.197,43.924,35460.873,43126.246,20161106_070018,479175,17656,11605,14825
3,KTYX20161106_120956_V06,24.006,0.051,379.680,268.309,75.583,-75.184,43.897,37791.440,42875.472,20161106_070956,479178,17055,12342,14391
1,KTYX20161110_121622_V06,25.179,0.093,328.074,292.885,22.473,-75.506,43.788,11236.462,14480.818,20161110_071622,479188,8182,7178,7238
2,KTYX20161111_105737_V06,-54.882,0.052,152.610,101.875,18.403,-76.609,44.644,9201.748,123467.803,20161111_055737,479189,57311,61612,14095
5,KTYX20161111_110802_V06,-44.465,0.274,185.247,537.836,25.672,-76.380,42.683,12835.890,132036.068,20161111_060802,479192,58235,60725,14307
11,KTYX20161111_113916_V06,-13.232,0.101,502.343,293.645,22.899,-74.423,43.778,11449.726,101221.256,20161111_063916,479187,67916,69196,22987
14,KTYX20161111_114956_V06,-2.565,0.114,215.056,138.050,43.532,-76.214,44.483,21765.835,91437.344,20161111_064956,479198,81642,75581,27884
19,KTYX20161111_123810_V06,45.668,0.051,289.671,368.439,20.473,-75.744,43.448,10236.719,34606.993,20161111_073810,479183,99451,79769,36427
1,KTYX20161117_111108_V06,-49.145,0.152,279.395,176.985,6.536,-75.809,44.309,3267.960,62364.351,20161117_061108,479175,7608,40194,4621
1,KTYX20161117_112047_V06,-39.495,0.573,266.737,195.333,10.899,-75.888,44.227,5449.547,54912.439,20161117_062047,479186,8623,39787,5226
1,KTYX20161118_111041_V06,-50.871,0.107,265.059,210.864,3.092,-75.898,44.157,1546.021,47869.707,20161118_061041,479175,25382,17054,20298
2,KTYX20161118_111041_V06,-50.871,0.055,322.324,485.617,8.547,-75.543,42.920,4273.271,93477.328,20161118_061041,479175,25382,17054,20298
3,KTYX20161118_112019_V06,-41.238,0.362,53.035,296.395,58.902,-77.214,43.762,29450.893,123495.779,20161118_062019,479173,22512,16286,18047
5,KTYX20161118_114914_V06,-12.321,0.134,197.417,455.056,10.412,-76.310,43.056,5205.832,92959.065,20161118_064914,479183,24666,13476,21282
6,KTYX20161118_120921_V06,7.795,0.643,253.608,457.847,29.806,-75.965,43.045,14903.037,82261.374,20161118_070921,479202,29865,20120,22114
8,KTYX20161118_130249_V06,61.262,0.271,177.142,211.546,8.273,-76.448,44.151,4136.543,75693.619,20161118_080249,479184,21527,26310,18300
1,KTYX20161119_111610_V06,-46.657,0.066,179.537,215.355,11.462,-76.433,44.134,5731.138,73614.195,20161119_061610,479172,10710,15422,8588
2,KTYX20161119_120419_V06,1.493,0.095,178.326,213.263,8.867,-76.440,44.144,4433.588,74712.573,20161119_070419,479178,10784,13527,8905
2,KTYX20161119_121357_V06,11.126,-1.000,178.326,213.263,24.184,-76.440,44.144,12092.088,74712.573,20161119_071357,479178,10258,13081,8502
2,KTYX20161119_122336_V06,20.776,0.057,178.792,213.271,8.956,-76.437,44.144,4478.247,74520.484,20161119_072336,479172,9699,13530,8023
4,KTYX20161121_130444_V06,59.397,0.134,180.413,28.802,27.515,-76.438,44.974,13757.524,148196.941,20161121_080444,479183,370949,332678,40724
4,KTYX20161121_131024_V06,65.064,0.384,176.597,32.917,38.727,-76.462,44.955,19363.537,147106.808,20161121_081024,479189,372004,332159,42128
3,KTYX20161121_125904_V06,53.730,0.072,73.813,35.215,24.869,-77.113,44.938,12434.396,174120.473,20161121_075904,479189,370871,334597,38838
1,KTYX20161124_112754_V06,-41.126,0.069,39.896,413.300,48.860,-77.281,43.235,24430.016,141854.585,20161124_062754,479182,263549,238217,40590
4,KTYX20161124_130325_V06,54.390,0.178,32.956,388.651,52.373,-77.327,43.345,26186.701,140687.134,20161124_080325,479194,206245,205991,25165
3,KTYX20161125_114949_V06,-20.415,0.254,366.437,286.693,27.023,-75.267,43.815,13511.292,33878.196,20161125_064949,479188,70631,90819,26742
9,KTYX20161127_120302_V06,-9.565,0.063,399.291,320.714,18.693,-75.065,43.661,9346.306,50714.369,20161127_070302,479200,45355,62268,11812
11,KTYX20161127_121841_V06,6.085,0.051,363.469,244.459,69.799,-75.284,44.005,34899.345,42169.579,20161127_071841,479192,37942,50708,10500
13,KTYX20161127_122354_V06,11.301,0.074,111.123,79.522,28.280,-76.872,44.742,14139.758,145159.513,20161127_072354,479187,34896,46588,10294
14,KTYX20161127_122354_V06,11.301,0.061,424.884,336.749,21.671,-74.907,43.588,10835.512,65089.355,20161127_072354,479187,34896,46588,10294
17,KTYX20161127_132121_V06,68.751,0.099,27.143,231.364,32.253,-77.383,44.052,16126.633,140678.407,20161127_082121,479194,22683,25367,8516
1,KTYX20161128_112129_V06,-52.275,0.071,258.200,206.855,2.753,-75.941,44.175,1376.684,51047.182,20161128_062129,479177,9817,9097,8173
11,KTYX20161129_131926_V06,64.532,0.280,21.529,310.029,28.486,-77.407,43.698,14243.166,139325.539,20161129_081926,479189,52032,46294,12646
11,KTYX20161129_132439_V06,69.749,0.781,25.190,308.194,37.344,-77.385,43.706,18672.222,137466.202,20161129_082439,479193,46963,42449,11623
11,KTYX20161129_132951_V06,74.949,0.556,30.328,294.832,41.744,-77.355,43.767,20872.088,134860.761,20161129_082951,479201,42682,39248,10667
11,KTYX20161129_133504_V06,80.165,0.382,37.490,278.948,50.568,-77.312,43.839,25284.062,131676.474,20161129_083504,479184,41483,40267,10404
11,KTYX20161129_134018_V06,85.399,0.094,46.390,271.226,57.308,-77.258,43.874,28654.154,127618.348,20161129_084018,479194,41042,42029,9955
5,KTYX20161129_122714_V06,12.332,0.095,20.701,334.492,29.062,-77.409,43.588,14531.019,140710.403,20161129_072714,479196,143908,135770,30732
5,KTYX20161129_123227_V06,17.549,0.262,22.108,332.696,36.673,-77.401,43.596,18336.665,139904.605,20161129_073227,479184,135539,122650,29738
5,KTYX20161129_123740_V06,22.765,0.117,27.581,318.095,41.929,-77.369,43.662,20964.454,136509.493,20161129_073740,479193,122697,109114,27884
5,KTYX20161129_124253_V06,27.982,-1.000,32.144,306.263,47.707,-77.342,43.716,23853.681,133964.789,20161129_074253,479182,111753,98952,25103
5,KTYX20161129_124806_V06,33.199,0.255,37.155,292.953,51.421,-77.313,43.776,25710.515,131469.871,20161129_074806,479192,99846,89550,22103
5,KTYX20161129_125319_V06,38.415,0.161,45.324,265.034,46.285,-77.265,43.902,23142.382,128532.685,20161129_075319,479196,87246,78698,19413
7,KTYX20161129_124253_V06,27.982,0.057,35.835,288.978,34.068,-77.321,43.794,17034.088,132197.281,20161129_074253,479182,111753,98952,25103
3,KTYX20161130_112622_V06,-49.659,0.052,20.013,231.239,28.840,-77.427,44.052,14420.227,144153.223,20161130_062622,479189,45389,44260,10272
3,KTYX20161130_113136_V06,-44.426,0.269,21.361,230.133,35.530,-77.419,44.057,17765.161,143632.430,20161130_063136,479191,47788,46849,10709
3,KTYX20161130_113651_V06,-39.176,0.093,26.614,224.983,37.036,-77.387,44.081,18517.929,141745.614,20161130_063651,479195,50829,50216,10958
1,KTYX20161130_112622_V06,-49.659,0.165,304.344,290.410,13.891,-75.653,43.799,6945.332,5264.021,20161130_062622,479189,45389,44260,10272
1,KTYX20161201_112552_V06,-51.264,0.080,334.861,263.966,10.953,-75.463,43.918,5476.585,25068.688,20161201_062552,479188,100694,80886,33503
2,KTYX20161201_113617_V06,-40.847,0.143,261.821,291.066,25.469,-75.917,43.796,12734.722,19605.027,20161201_063617,479192,95207,69337,39344
5,KTYX20161201_115709_V06,-19.981,0.057,299.048,300.274,42.786,-75.686,43.755,21392.811,495.258,20161201_065709,479192,63363,53074,33709
10,KTYX20161202_124900_V06,30.785,0.475,29.808,198.033,33.669,-77.370,44.202,16834.402,144396.301,20161202_074900,479184,161562,147466,30999
10,KTYX20161202_125441_V06,36.468,0.828,35.048,196.495,41.134,-77.338,44.210,20566.805,142225.636,20161202_075441,479191,161973,148829,30758
10,KTYX20161202_130020_V06,42.118,0.810,42.414,196.045,45.302,-77.292,44.212,22651.237,138886.009,20161202_080020,479186,163406,151215,30740
10,KTYX20161202_130559_V06,47.768,0.845,51.036,196.419,48.107,-77.238,44.211,24053.708,134825.962,20161202_080559,479195,166777,156518,29048
10,KTYX20161202_131139_V06,53.435,0.559,56.164,193.345,53.239,-77.206,44.226,26619.508,133070.863,20161202_081139,479193,172014,159874,29755
8,KTYX20161202_122727_V06,9.235,0.132,425.168,40.067,19.318,-74.887,44.923,9659.172,144249.790,20161202_072727,479191,161380,144108,33227
13,KTYX20161202_132840_V06,70.452,0.061,462.440,222.064,78.802,-74.666,44.102,39401.028,90084.344,20161202_082840,479185,177864,159389,32509
1,KTYX20161206_131801_V06,55.690,0.201,203.835,347.838,12.390,-76.275,43.539,6195.116,53703.336,20161206_081801,479177,4301,7754,3916
8,KTYX20161207_121523_V06,-7.909,0.055,129.420,293.208,32.520,-76.740,43.781,16260.185,85357.389,20161207_071523,479191,102754,122024,23019
5,KTYX20161209_123843_V06,13.575,0.172,331.017,186.604,18.187,-75.486,44.266,9093.563,58780.713,20161209_073843,479179,144129,143810,25430
5,KTYX20161209_124358_V06,18.825,0.158,331.632,185.768,25.671,-75.482,44.270,12835.426,59265.397,20161209_074358,479186,143692,146169,22879
5,KTYX20161209_124912_V06,24.059,0.314,340.181,185.059,27.499,-75.428,44.273,13749.492,60881.027,20161209_074912,479169,141793,145925,20934
5,KTYX20161209_125426_V06,29.292,0.071,346.770,188.017,24.356,-75.387,44.259,12177.761,60678.950,20161209_075426,479190,137824,142094,21442
4,KTYX20161209_122814_V06,3.092,0.374,322.650,184.079,15.161,-75.538,44.277,7580.433,59056.357,20161209_072814,479193,145780,144140,27916
4,KTYX20161209_123328_V06,8.325,0.191,323.864,184.252,21.482,-75.531,44.277,10740.936,59091.032,20161209_073328,479183,144556,143491,26727
3,KTYX20161209_122259_V06,-2.158,0.079,315.021,180.969,17.616,-75.586,44.291,8807.808,59987.585,20161209_072259,479187,144554,140246,30150
1,KTYX20161212_115952_V06,-27.831,0.119,42.521,307.989,86.628,-77.277,43.709,43314.194,128801.211,20161212_065952,479195,306076,294335,40840
1,KTYX20161212_120507_V06,-22.581,0.133,42.768,311.932,92.498,-77.275,43.691,46248.993,128754.392,20161212_070507,479191,295303,284978,42508
1,KTYX20161212_121021_V06,-17.347,0.060,49.848,336.423,85.667,-77.229,43.581,42833.324,126395.072,20161212_071021,479194,284893,276521,40730
1,KTYX20161212_121535_V06,-12.114,0.067,62.596,338.304,73.591,-77.150,43.574,36795.612,120237.118,20161212_071535,479193,266590,266888,38382
3,KTYX20161215_114248_V06,-47.171,0.192,50.598,318.387,67.688,-77.226,43.663,33844.120,125039.562,20161215_064248,479189,146760,159413,16328
3,KTYX20161215_114815_V06,-41.721,0.177,51.961,320.169,74.244,-77.217,43.655,37121.978,124428.803,20161215_064815,479181,149355,166787,16877
2,KTYX20161215_113707_V06,-52.854,0.061,65.875,319.515,29.881,-77.131,43.659,14940.590,117468.199,20161215_063707,479196,145289,154046,16242
5,KTYX20161215_114815_V06,-41.721,0.122,240.161,110.095,8.376,-76.057,44.610,4188.166,99554.680,20161215_064815,479181,149355,166787,16877
13,KTYX20161215_124614_V06,16.262,0.069,27.806,444.653,30.794,-77.352,43.093,15396.855,154121.682,20161215_074614,479181,161436,165490,24184
8,KTYX20161218_124618_V06,14.358,0.073,64.098,310.343,84.937,-77.143,43.700,42468.548,118064.127,20161218_074618,479190,288496,296284,47321
8,KTYX20161218_125145_V06,19.808,0.424,69.726,307.750,90.236,-77.109,43.712,45117.958,115202.266,20161218_075145,479200,275220,291548,45504
8,KTYX20161218_125726_V06,25.491,0.164,105.587,286.011,106.304,-76.888,43.812,53152.229,97457.612,20161218_075726,479188,260081,277550,41152
1,KTYX20161218_120636_V06,-25.342,0.075,38.655,97.566,65.607,-77.327,44.655,32803.543,165288.176,20161218_070636,479178,363724,320648,55763
3,KTYX20161218_121215_V06,-19.692,0.094,26.693,459.111,33.447,-77.357,43.027,16723.330,158124.066,20161218_071215,479188,362216,321979,55480
17,KTYX20161218_133114_V06,59.291,0.113,260.753,25.925,18.147,-75.929,44.989,9073.738,138435.258,20161218_083114,479185,316738,305085,47271
1,KTYX20161219_133250_V06,60.305,0.063,27.637,309.102,29.833,-77.370,43.702,14916.567,136257.293,20161219_083250,479177,4630,23348,1531
4,KTYX20161220_132736_V06,54.522,0.094,301.308,299.246,15.433,-75.672,43.759,7716.400,754.729,20161220_082736,479186,4865,6157,4473
4,KTYX20161220_133716_V06,64.188,0.082,301.600,301.223,23.309,-75.670,43.750,11654.356,1006.952,20161220_083716,479188,5201,5929,4767
1,KTYX20161220_114115_V06,-51.828,0.051,301.798,300.312,14.392,-75.669,43.754,7196.144,912.467,20161220_064115,479178,5893,6817,4838
2,KTYX20161220_124855_V06,15.838,0.447,199.778,344.446,16.498,-76.300,43.554,8249.207,54817.650,20161220_074855,479180,5584,6700,5054
1,KTYX20161221_121040_V06,-22.925,0.165,313.707,291.354,20.020,-75.595,43.795,10010.059,8102.874,20161221_071040,479181,22202,25760,9463
1,KTYX20161221_122022_V06,-13.225,0.097,313.893,288.803,29.544,-75.594,43.806,14772.060,8921.536,20161221_072022,479185,23464,28692,9735
5,KTYX20161221_132759_V06,54.392,0.069,304.741,285.371,32.794,-75.651,43.822,16396.954,7689.270,20161221_082759,479177,25823,45249,10102
5,KTYX20161221_135127_V06,77.859,0.071,298.224,296.380,26.574,-75.691,43.772,13286.880,2015.944,20161221_085127,479186,21396,47974,6442
2,KTYX20161224_115211_V06,-42.719,0.244,38.543,286.832,64.251,-77.305,43.804,32125.450,130894.347,20161224_065211,479180,380419,324071,65666
2,KTYX20161224_115739_V06,-37.252,0.060,40.531,280.397,74.531,-77.293,43.833,37265.582,130104.403,20161224_065739,479185,375028,321396,65121
2,KTYX20161224_120252_V06,-32.036,0.189,53.679,300.160,64.792,-77.209,43.745,32396.034,123160.691,20161224_070252,479189,363925,316169,63145
1,KTYX20161224_114051_V06,-54.052,0.245,77.003,144.835,78.828,-77.081,44.446,39414.124,135834.023,20161224_064051,479187,385712,326349,65993
8,KTYX20161224_122357_V06,-10.952,0.051,150.907,412.001,24.504,-76.598,43.248,12252.222,93237.525,20161224_072357,479191,309753,287609,52623
2,KTYX20161226_121610_V06,-19.414,0.279,205.470,42.679,48.291,-76.279,44.912,24145.742,137067.638,20161226_071610,479189,32067,32578,8270
2,KTYX20161226_122125_V06,-14.164,0.128,208.437,46.914,56.546,-76.260,44.893,28272.758,134570.183,20161226_072125,479196,34165,34241,8587
2,KTYX20161226_122639_V06,-8.931,0.181,233.492,46.689,51.885,-76.101,44.895,25942.410,130948.160,20161226_072639,479193,36262,35393,9124
6,KTYX20161226_130321_V06,27.769,0.355,492.272,26.024,31.989,-74.461,44.982,15994.259,167355.258,20161226_080321,479190,55348,49849,13687
3,KTYX20161229_130928_V06,33.170,0.169,24.972,522.565,38.891,-77.359,42.742,19445.435,176900.950,20161229_080928,479200,426465,393920,34739
3,KTYX20161229_131508_V06,38.837,0.128,27.163,521.004,46.882,-77.346,42.749,23440.973,175558.148,20161229_081508,479189,429094,396743,34325
2,KTYX20161230_115745_V06,-38.703,0.050,27.106,441.986,31.999,-77.356,43.104,15999.426,153810.805,20161230_065745,479193,122419,140552,20483
1,KTYX20161231_124408_V06,7.565,0.088,32.272,481.946,49.685,-77.320,42.925,24842.640,161850.725,20161231_074408,479185,142795,217846,20004
2,KTYX20161231_135356_V06,77.365,0.059,86.438,377.325,110.233,-76.998,43.400,55116.615,113564.725,20161231_085356,479180,198595,225409,26641
