track_id,filename,from_sunrise,det_score,x,y,r,lon,lat,radius,geo_dist,local_time,n_radar_pixels,n_refAbove40_pixels,n_xcorrAbove0.95_pixels,n_xcorrBelow0.95_refAbove40_pixels
13,KFCX20130603_112712_V06,84.968,0.052,162.852,375.325,14.046,-81.041,36.682,7022.882,78235.780,20130603_072712,479191,45889,67592,4504
13,KFCX20130603_113130_V06,89.268,0.097,163.942,375.388,19.212,-81.035,36.682,9606.182,77773.989,20130603_073130,479184,45831,68644,4559
8,KFCX20130603_103123_V06,29.151,0.084,264.826,221.579,39.110,-80.473,37.377,19554.934,42974.119,20130603_063123,479182,60370,78118,5849
5,KFCX20130608_093005_V06,-31.088,0.088,23.659,77.522,40.621,-81.848,38.016,20310.675,177384.400,20130608_053005,479180,180876,219553,13808
5,KFCX20130608_093357_V06,-27.221,0.185,24.124,76.735,46.517,-81.845,38.020,23258.719,177450.478,20130608_053357,479175,185091,223055,13443
3,KFCX20130609_090720_V06,-53.714,0.093,257.040,155.641,7.161,-80.518,37.674,3580.507,75307.972,20130609_050720,479177,11344,45446,6218
3,KFCX20130609_091700_V06,-44.047,0.069,257.673,153.431,18.566,-80.514,37.684,9282.883,76279.253,20130609_051700,479176,10566,44310,5676
11,KFCX20130610_100739_V06,6.698,0.057,45.514,145.776,71.460,-81.717,37.710,35729.996,148785.061,20130610_060739,479174,239681,261763,16542
11,KFCX20130610_101158_V06,11.014,0.097,45.791,144.958,77.016,-81.716,37.714,38508.196,148879.553,20130610_061158,479184,246562,266137,16884
11,KFCX20130610_101615_V06,15.298,0.053,47.758,138.818,65.453,-81.705,37.742,32726.322,149670.929,20130610_061615,479187,252476,269391,17644
14,KFCX20130618_101204_V06,10.853,0.163,368.894,208.245,18.478,-79.885,37.437,9238.895,57370.119,20130618_061204,479185,149428,194695,10130
14,KFCX20130618_101624_V06,15.187,0.089,370.695,207.072,24.168,-79.875,37.442,12083.893,58381.149,20130618_061624,479182,151318,197966,9593
8,KFCX20130627_102245_V06,19.208,0.088,22.325,537.705,25.590,-81.813,35.943,12795.043,182761.658,20130627_062245,479203,39301,71516,4516
8,KFCX20130627_102654_V06,23.358,0.159,22.571,537.650,30.608,-81.812,35.943,15304.087,182650.354,20130627_062654,479194,40223,73084,4202
8,KFCX20130627_103102_V06,27.492,0.182,26.756,537.918,30.637,-81.788,35.942,15318.362,181154.031,20130627_063102,479197,41107,72720,4591
5,KFCX20130627_101019_V06,6.775,0.297,285.688,186.916,12.844,-80.355,37.534,6421.829,56993.009,20130627_061019,479200,36790,68844,5308
7,KFCX20130627_102245_V06,19.208,0.392,37.382,341.231,36.777,-81.746,36.829,18388.500,132917.294,20130627_062245,479203,39301,71516,4516
14,KFCX20130627_112916_V06,85.725,0.068,31.947,397.982,29.507,-81.772,36.573,14753.725,142699.611,20130627_072916,479194,47192,79909,4128
4,KFCX20130628_094348_V06,-20.123,0.115,154.882,169.249,5.437,-81.096,37.610,2718.330,97666.748,20130628_054348,479189,11581,60548,2727
1,KFCX20130629_101731_V06,13.189,0.072,32.827,422.136,36.053,-81.765,36.464,18026.478,146883.083,20130629_061731,479175,12118,62527,5527
2,KFCX20130701_104531_V06,40.314,0.098,484.025,48.416,18.102,-79.224,38.153,9051.109,155852.079,20130701_064531,479194,193101,187204,20635
4,KFCX20130702_093824_V06,-27.273,0.072,541.003,537.504,26.670,-78.939,35.946,13334.914,169182.454,20130702_053824,479187,22732,60569,3893
7,KFCX20130702_100306_V06,-2.573,0.073,29.223,483.276,35.687,-81.779,36.189,17843.382,163485.920,20130702_060306,479196,20894,51659,2868
8,KFCX20130702_101533_V06,9.877,0.144,25.996,458.095,31.126,-81.800,36.302,15562.960,158170.764,20130702_061533,479191,23453,53489,3143
4,KFCX20130707_105925_V06,51.096,0.051,15.912,177.722,25.983,-81.882,37.564,12991.646,154642.773,20130707_065925,479191,8536,35666,2385
4,KFCX20130707_110343_V06,55.396,0.188,16.649,176.865,31.622,-81.878,37.568,15811.088,154475.143,20130707_070343,479200,8660,35747,2456
4,KFCX20130707_110802_V06,59.713,0.090,19.891,161.008,26.941,-81.861,37.640,13470.259,156348.746,20130707_070802,479192,8291,35756,2455
16,KFCX20130709_113119_V06,81.812,0.066,382.664,113.380,14.206,-79.804,37.864,7103.218,102054.366,20130709_073119,479167,21707,61561,6811
33,KFCX20130710_113029_V06,80.362,0.280,177.889,281.128,17.828,-80.961,37.107,8914.070,61780.568,20130710_073029,479170,31641,70318,8629
33,KFCX20130710_113602_V06,85.912,0.195,178.415,280.017,24.954,-80.958,37.112,12477.058,61607.953,20130710_073602,479171,31968,71398,8567
34,KFCX20130710_113029_V06,80.362,0.230,388.077,85.246,16.617,-79.773,37.991,8308.598,116057.054,20130710_073029,479170,31641,70318,8629
34,KFCX20130710_113602_V06,85.912,0.081,388.607,86.175,23.679,-79.770,37.986,11839.722,115728.503,20130710_073602,479171,31968,71398,8567
13,KFCX20130710_100108_V06,-8.988,0.087,216.067,77.124,14.774,-80.752,38.027,7387.024,119078.136,20130710_060108,479167,19510,52625,7000
30,KFCX20130710_112457_V06,74.829,0.087,381.171,83.348,18.582,-79.812,37.999,9291.058,115679.252,20130710_072457,479168,31487,69057,8824
35,KFCX20130710_113029_V06,80.362,0.069,243.664,205.444,15.012,-80.593,37.450,7505.993,55033.098,20130710_073029,479170,31641,70318,8629
8,KFCX20130711_100947_V06,-0.970,0.492,258.722,494.018,20.053,-80.504,36.150,10026.382,99180.318,20130711_060947,479180,11774,42651,4230
8,KFCX20130711_101525_V06,4.663,0.879,263.199,493.487,25.326,-80.479,36.152,12663.100,98477.711,20130711_061525,479177,13818,43802,5922
8,KFCX20130711_102103_V06,10.297,0.866,265.104,493.067,34.034,-80.468,36.154,17017.072,98097.776,20130711_062103,479188,13340,44877,5068
8,KFCX20130711_102638_V06,15.880,0.671,271.256,494.522,40.018,-80.434,36.148,20008.978,98316.929,20130711_062638,479174,14076,45392,5376
8,KFCX20130711_103213_V06,21.463,0.139,275.904,500.089,43.382,-80.408,36.123,21690.845,100767.564,20130711_063213,479186,13944,44024,5551
8,KFCX20130711_103750_V06,27.080,0.066,280.903,499.563,47.774,-80.380,36.125,23887.226,100237.223,20130711_063750,479191,14396,44749,5671
7,KFCX20130713_112332_V06,71.474,0.062,298.117,248.406,16.951,-80.285,37.257,8475.517,25814.172,20130713_072332,479171,25352,65039,3011
1,KFCX20130715_101929_V06,6.065,0.483,229.543,487.844,28.952,-80.666,36.177,14475.960,100311.718,20130715_061929,479176,33978,68118,22015
1,KFCX20130715_102913_V06,15.798,0.821,227.930,487.214,42.318,-80.675,36.180,21158.972,100303.680,20130715_062913,479165,33886,60760,25011
1,KFCX20130715_103857_V06,25.531,0.774,223.350,480.123,52.696,-80.700,36.212,26347.948,97876.819,20130715_063857,479175,30220,57923,22577
1,KFCX20130715_104842_V06,35.281,0.267,223.571,476.726,60.209,-80.699,36.227,30104.363,96272.509,20130715_064842,479174,27585,54960,20388
1,KFCX20130716_103428_V06,20.350,0.357,231.825,508.372,52.887,-80.653,36.085,26443.638,109620.608,20130716_063428,479171,70579,78942,49406
1,KFCX20130716_104413_V06,30.100,0.122,238.761,509.509,62.647,-80.614,36.080,31323.694,109137.705,20130716_064413,479173,62055,75642,43986
2,KFCX20130717_102751_V06,13.025,0.068,230.994,505.532,23.771,-80.657,36.097,11885.270,108403.520,20130717_062751,479174,23958,57941,15157
2,KFCX20130717_103208_V06,17.308,-1.000,230.994,505.532,30.581,-80.657,36.097,15290.520,108403.520,20130717_063208,479165,22282,58832,13726
2,KFCX20130717_103627_V06,21.625,0.440,224.240,512.382,39.880,-80.695,36.066,19940.042,112744.944,20130717_063627,479174,22163,58477,13759
2,KFCX20130717_104048_V06,25.975,0.578,220.509,517.067,46.114,-80.715,36.045,23056.969,115582.154,20130717_064048,479166,23682,73588,15091
2,KFCX20130717_105029_V06,35.658,0.525,221.316,522.909,53.172,-80.711,36.019,26585.932,118194.514,20130717_065029,479165,23754,76284,14605
2,KFCX20130717_110010_V06,45.341,0.092,224.189,526.864,63.894,-80.695,36.001,31946.840,119597.871,20130717_070010,479180,22043,76485,13375
3,KFCX20130717_103208_V06,17.308,0.415,221.160,521.167,41.478,-80.712,36.027,20738.937,117399.761,20130717_063208,479165,22282,58832,13726
1,KFCX20130718_103050_V06,15.289,0.778,228.146,511.829,39.188,-80.673,36.069,19594.101,111841.873,20130718_063050,479167,31939,70146,22223
1,KFCX20130718_104032_V06,24.989,0.833,229.289,512.733,48.059,-80.667,36.065,24029.589,112088.669,20130718_064032,479177,29854,68507,20768
1,KFCX20130718_105015_V06,34.705,0.675,225.976,512.891,53.256,-80.685,36.064,26627.967,112696.512,20130718_065015,479174,29501,66983,20307
1,KFCX20130718_105958_V06,44.422,0.105,224.616,512.025,62.138,-80.693,36.068,31069.134,112513.879,20130718_065958,479177,28184,68242,18898
1,KFCX20130719_103250_V06,16.559,0.131,259.560,487.679,37.215,-80.499,36.178,18607.273,95993.211,20130719_063250,479172,23691,57934,15933
1,KFCX20130719_104234_V06,26.293,0.583,261.513,483.749,51.527,-80.488,36.196,25763.622,93868.250,20130719_064234,479168,21460,58806,13691
1,KFCX20130719_105219_V06,36.043,0.079,264.712,480.201,64.856,-80.470,36.212,32427.851,91811.967,20130719_065219,479163,20561,58151,12346
2,KFCX20130721_102720_V06,9.572,0.570,251.681,503.651,34.807,-80.542,36.106,17403.481,104652.550,20130721_062720,479171,27321,57193,15480
2,KFCX20130721_103140_V06,13.906,0.723,254.287,501.842,40.333,-80.528,36.114,20166.566,103477.081,20130721_063140,479177,27531,57745,15351
2,KFCX20130721_103559_V06,18.222,0.801,256.694,504.323,43.699,-80.515,36.103,21849.675,104430.912,20130721_063559,479182,29006,57749,16085
2,KFCX20130721_104019_V06,22.556,0.732,254.318,504.102,47.321,-80.528,36.104,23660.654,104576.146,20130721_064019,479178,29460,58259,16038
2,KFCX20130721_104437_V06,26.856,0.817,255.473,501.068,53.529,-80.521,36.118,26764.420,102969.928,20130721_064437,479176,31104,58796,16713
2,KFCX20130721_104856_V06,31.172,0.760,255.446,501.464,58.194,-80.522,36.116,29096.936,103165.866,20130721_064856,479171,31094,58667,16254
2,KFCX20130721_105314_V06,35.472,0.694,254.380,501.604,60.891,-80.528,36.116,30445.554,103350.641,20130721_065314,479175,30733,58503,16086
2,KFCX20130721_105732_V06,39.772,0.341,256.202,506.970,66.494,-80.517,36.091,33247.178,105776.784,20130721_065732,479170,29769,57892,15169
2,KFCX20130721_110151_V06,44.089,0.063,259.025,509.352,74.771,-80.502,36.081,37385.740,106662.195,20130721_070151,479176,29361,58034,14559
3,KFCX20130721_103140_V06,13.906,0.053,301.503,168.271,44.950,-80.266,37.618,22475.023,65868.898,20130721_063140,479177,27531,57745,15351
1,KFCX20130722_102721_V06,8.833,0.678,257.813,506.297,18.160,-80.508,36.094,9080.127,105282.925,20130722_062721,479171,13562,58132,9054
1,KFCX20130722_103705_V06,18.566,0.934,247.529,505.993,40.459,-80.565,36.096,20229.338,106285.248,20130722_063705,479171,16896,62014,11110
1,KFCX20130722_104648_V06,28.283,0.916,249.360,506.339,53.281,-80.555,36.094,26640.312,106231.156,20130722_064648,479165,16144,62787,9959
1,KFCX20130722_105633_V06,38.033,0.763,261.469,505.665,62.940,-80.488,36.097,31470.184,104621.519,20130722_065633,479176,14490,62817,8114
2,KFCX20130723_092321_V06,-55.932,0.445,301.585,198.738,16.615,-80.265,37.480,8307.705,50637.184,20130723_052321,479176,25479,62802,5666
4,KFCX20130724_103221_V06,12.296,0.071,248.042,517.089,34.243,-80.562,36.046,17121.363,111610.171,20130724_063221,479177,56026,93181,13370
4,KFCX20130724_103640_V06,16.613,0.630,247.072,518.301,39.644,-80.568,36.040,19821.800,112312.742,20130724_063640,479175,57261,93397,14249
4,KFCX20130724_104058_V06,20.913,0.751,247.423,516.342,43.433,-80.566,36.049,21716.423,111319.379,20130724_064058,479169,56327,92984,14101
4,KFCX20130724_104517_V06,25.229,0.767,248.144,515.446,45.712,-80.562,36.053,22855.813,110799.383,20130724_064517,479175,53959,93211,12424
4,KFCX20130724_104936_V06,29.546,0.684,247.756,513.498,47.070,-80.564,36.062,23535.004,109898.567,20130724_064936,479174,54596,95025,13056
4,KFCX20130724_105355_V06,33.863,0.567,249.348,518.650,54.348,-80.555,36.039,27174.163,112220.374,20130724_065355,479173,53402,95096,12686
4,KFCX20130724_105813_V06,38.163,0.261,257.023,523.318,65.542,-80.513,36.018,32771.163,113707.759,20130724_065813,479167,52364,94691,12440
4,KFCX20130724_110232_V06,42.479,0.098,260.037,528.081,70.529,-80.496,35.996,35264.560,115777.904,20130724_070232,479172,49476,93863,11030
7,KFCX20130724_112824_V06,68.346,0.180,237.169,128.292,55.064,-80.631,37.797,27532.137,91421.487,20130724_072824,479171,39356,84605,10165
5,KFCX20130725_102639_V06,5.817,0.219,224.765,514.859,30.872,-80.692,36.055,15435.915,113825.178,20130725_062639,479170,26341,53180,13132
5,KFCX20130725_103057_V06,10.117,0.840,227.361,514.319,32.097,-80.677,36.058,16048.271,113146.952,20130725_063057,479185,26022,51760,13775
5,KFCX20130725_103515_V06,14.417,0.884,230.370,515.989,33.090,-80.661,36.050,16544.992,113467.532,20130725_063515,479168,28534,50373,16355
5,KFCX20130725_103934_V06,18.734,0.832,231.236,517.679,39.748,-80.656,36.043,19874.077,114140.787,20130725_063934,479179,28764,50863,16784
5,KFCX20130725_104354_V06,23.067,0.844,230.655,518.214,46.600,-80.659,36.040,23300.115,114483.496,20130725_064354,479176,30019,50992,18246
5,KFCX20130725_104812_V06,27.367,0.772,232.811,520.675,53.359,-80.647,36.029,26679.604,115338.412,20130725_064812,479172,31359,50854,19546
5,KFCX20130725_105230_V06,31.667,0.754,234.986,521.359,60.218,-80.635,36.026,30108.785,115354.324,20130725_065230,479182,30742,50055,19411
5,KFCX20130725_105649_V06,35.984,0.667,235.801,520.388,67.010,-80.630,36.031,33505.071,114774.051,20130725_065649,479169,28558,49660,17683
5,KFCX20130725_110110_V06,40.334,0.154,239.440,516.821,71.344,-80.610,36.047,35672.107,112559.921,20130725_070110,479165,25310,48254,15578
8,KFCX20130725_103057_V06,10.117,0.063,206.481,281.171,6.823,-80.800,37.108,3411.596,47697.919,20130725_063057,479185,26022,51760,13775
8,KFCX20130725_103515_V06,14.417,-1.000,206.481,281.171,13.660,-80.800,37.108,6830.096,47697.919,20130725_063515,479168,28534,50373,16355
8,KFCX20130725_103934_V06,18.734,0.587,205.384,284.702,15.881,-80.806,37.092,7940.548,47922.529,20130725_063934,479179,28764,50863,16784
8,KFCX20130725_104354_V06,23.067,0.560,205.309,287.228,17.269,-80.807,37.081,8634.356,47774.321,20130725_064354,479176,30019,50992,18246
8,KFCX20130725_104812_V06,27.367,0.209,205.941,285.268,16.875,-80.803,37.089,8437.437,47602.805,20130725_064812,479172,31359,50854,19546
1,KFCX20130726_101035_V06,-11.036,0.307,211.506,282.892,7.549,-80.772,37.100,3774.580,45066.298,20130726_061035,479176,6338,30463,4408
1,KFCX20130726_102020_V06,-1.286,0.639,212.665,281.938,18.459,-80.765,37.105,9229.473,44591.559,20130726_062020,479171,11858,40296,8438
1,KFCX20130726_103005_V06,8.464,0.550,216.140,283.736,28.759,-80.746,37.097,14379.687,42711.152,20130726_063005,479165,14656,38378,11479
1,KFCX20130726_103950_V06,18.214,0.076,215.943,277.653,32.552,-80.747,37.124,16275.842,43488.551,20130726_063950,479164,14341,37961,11395
2,KFCX20130726_103005_V06,8.464,0.389,250.215,502.052,21.561,-80.551,36.113,10780.587,104047.291,20130726_063005,479165,14656,38378,11479
2,KFCX20130726_103950_V06,18.214,0.783,243.811,501.976,39.778,-80.586,36.114,19888.779,104822.849,20130726_063950,479164,14341,37961,11395
2,KFCX20130726_104935_V06,27.964,0.639,242.846,504.541,53.364,-80.592,36.102,26682.235,106188.041,20130726_064935,479176,13187,38165,9966
10,KFCX20130728_103932_V06,16.324,0.316,245.172,483.205,28.174,-80.579,36.198,14087.222,95616.664,20130728_063932,479177,25885,57236,3079
10,KFCX20130728_104521_V06,22.140,0.077,246.478,484.927,35.281,-80.572,36.191,17640.725,96258.032,20130728_064521,479172,27103,56391,3628
10,KFCX20130728_105110_V06,27.957,0.092,253.439,493.346,34.726,-80.533,36.153,17362.850,99436.509,20130728_065110,479172,27872,54786,4177
10,KFCX20130728_105659_V06,33.774,0.098,258.297,497.834,39.449,-80.506,36.133,19724.289,101090.664,20130728_065659,479170,27205,54407,3683
9,KFCX20130728_102755_V06,4.707,0.050,313.149,355.179,29.054,-80.201,36.776,14526.850,28361.786,20130728_062755,479173,27261,57171,4372
9,KFCX20130728_103344_V06,10.524,0.081,313.576,353.994,36.130,-80.198,36.781,18065.226,27837.559,20130728_063344,479165,26375,56368,3467
9,KFCX20130728_103932_V06,16.324,0.087,321.470,346.865,30.256,-80.154,36.813,15127.762,25774.457,20130728_063932,479177,25885,57236,3079
6,KFCX20130728_101618_V06,-6.910,0.089,241.435,361.729,19.712,-80.602,36.746,9856.106,42545.210,20130728_061618,479162,27510,58110,3504
8,KFCX20130728_102207_V06,-1.093,0.073,215.415,283.038,15.047,-80.750,37.100,7523.685,43134.679,20130728_062207,479168,26602,58488,3298
3,KFCX20130729_103049_V06,6.803,0.070,174.748,358.738,24.248,-80.976,36.757,12124.144,69170.290,20130729_063049,479166,47517,50077,34973
1,KFCX20130730_101358_V06,-10.855,0.335,167.406,331.524,2.949,-81.018,36.880,1474.447,68144.888,20130730_061358,479177,7003,32275,5111
1,KFCX20130730_102343_V06,-1.105,0.609,170.019,339.432,15.637,-81.003,36.844,7818.672,67915.367,20130730_062343,479168,12242,35972,9465
1,KFCX20130730_103329_V06,8.661,0.923,170.454,343.145,16.521,-81.000,36.828,8260.535,68270.893,20130730_063329,479180,14511,37049,11653
1,KFCX20130730_104314_V06,18.411,0.831,172.206,346.704,23.917,-80.990,36.812,11958.263,68030.558,20130730_064314,479172,16838,35378,13580
1,KFCX20130730_105300_V06,28.178,0.642,174.011,348.916,25.407,-80.980,36.802,12703.641,67576.071,20130730_065300,479170,16513,37556,12777
1,KFCX20130730_110244_V06,37.911,-1.000,175.803,351.215,27.288,-80.970,36.791,13643.827,67171.371,20130730_070244,479173,13696,38130,10105
1,KFCX20130730_111229_V06,47.661,0.057,172.899,345.355,31.517,-80.986,36.818,15758.679,67475.429,20130730_071229,479170,11421,37828,8425
8,KFCX20130730_103329_V06,8.661,0.060,233.907,499.671,31.803,-80.641,36.124,15901.433,105162.878,20130730_063329,479180,14511,37049,11653
8,KFCX20130730_104314_V06,18.411,0.802,244.362,497.550,42.470,-80.583,36.134,21234.942,102617.898,20130730_064314,479172,16838,35378,13580
8,KFCX20130730_105300_V06,28.178,0.725,255.601,499.425,56.871,-80.521,36.125,28435.276,102153.811,20130730_065300,479170,16513,37556,12777
8,KFCX20130730_110244_V06,37.911,0.175,271.619,503.873,66.172,-80.432,36.105,33086.214,102919.738,20130730_070244,479173,13696,38130,10105
2,KFCX20130730_101358_V06,-10.855,0.230,206.356,280.837,3.142,-80.801,37.109,1570.816,47792.040,20130730_061358,479177,7003,32275,5111
2,KFCX20130730_102343_V06,-1.105,0.081,207.466,284.405,16.491,-80.795,37.093,8245.472,46919.598,20130730_062343,479168,12242,35972,9465
6,KFCX20130730_101358_V06,-10.855,0.131,219.422,273.930,8.786,-80.728,37.141,4393.032,42345.334,20130730_061358,479177,7003,32275,5111
1,KFCX20130802_103105_V06,3.811,0.671,244.481,511.372,26.940,-80.582,36.071,13469.831,109270.960,20130802_063105,479177,21884,57662,16423
1,KFCX20130802_104050_V06,13.561,0.874,247.996,509.602,37.818,-80.563,36.079,18908.879,107978.635,20130802_064050,479176,27874,58938,21176
1,KFCX20130802_105035_V06,23.311,0.892,253.742,511.260,53.522,-80.531,36.072,26760.887,108132.535,20130802_065035,479171,26358,61918,19645
1,KFCX20130802_110019_V06,33.044,0.590,262.523,507.847,68.404,-80.482,36.087,34201.761,105599.332,20130802_070019,479173,24728,62616,17465
1,KFCX20130802_111004_V06,42.794,0.068,265.306,511.232,80.409,-80.467,36.072,40204.407,107031.323,20130802_071004,479169,21713,62169,14840
2,KFCX20130802_103105_V06,3.811,0.142,182.958,357.716,23.592,-80.930,36.762,11796.133,65249.475,20130802_063105,479177,21884,57662,16423
2,KFCX20130802_104050_V06,13.561,0.222,175.615,347.465,14.265,-80.971,36.808,7132.689,66566.775,20130802_064050,479176,27874,58938,21176
2,KFCX20130803_101913_V06,-8.880,0.362,180.038,344.299,6.386,-80.946,36.823,3193.039,63940.013,20130803_061913,479167,13302,42702,4019
2,KFCX20130803_102502_V06,-3.063,0.078,182.266,344.684,14.106,-80.934,36.821,7053.008,62964.070,20130803_062502,479172,13038,43334,4985
7,KFCX20130803_111132_V06,43.437,0.051,472.284,56.931,32.045,-79.292,38.115,16022.606,148966.752,20130803_071132,479171,17302,46176,6002
5,KFCX20130804_104634_V06,17.644,0.511,252.123,511.389,29.584,-80.540,36.071,14792.100,108371.332,20130804_064634,479169,28463,59761,15364
5,KFCX20130804_105224_V06,23.477,0.244,252.918,512.878,38.296,-80.535,36.065,19147.892,109011.110,20130804_065224,479174,27955,60730,15383
5,KFCX20130804_105812_V06,29.277,0.392,254.522,520.670,47.602,-80.526,36.030,23800.934,112653.762,20130804_065812,479174,27423,61670,15191
5,KFCX20130804_110401_V06,35.094,0.241,255.448,524.311,49.380,-80.521,36.013,24690.128,114346.197,20130804_070401,479172,27414,62135,15057
2,KFCX20130804_102320_V06,-5.589,0.365,220.022,283.849,13.827,-80.724,37.096,6913.464,40796.362,20130804_062320,479175,21155,51824,8158
2,KFCX20130804_102909_V06,0.227,0.445,221.211,284.766,20.229,-80.717,37.092,10114.518,40124.185,20130804_062909,479168,25755,54733,12624
1,KFCX20130804_100554_V06,-23.023,0.063,178.860,348.697,2.595,-80.953,36.803,1297.626,65280.505,20130804_060554,479172,20666,61409,4204
4,KFCX20130804_102909_V06,0.227,0.078,316.585,151.124,15.122,-80.180,37.695,7561.165,74898.285,20130804_062909,479168,25755,54733,12624
2,KFCX20130805_103011_V06,0.432,0.071,166.943,344.594,14.102,-81.020,36.821,7051.182,70165.378,20130805_063011,479170,19384,44821,15826
2,KFCX20130805_103955_V06,10.165,0.601,166.442,345.122,22.058,-81.023,36.819,11028.793,70486.991,20130805_063955,479170,24747,46486,20460
2,KFCX20130805_104941_V06,19.932,0.300,166.046,346.975,29.290,-81.025,36.810,14644.766,70976.034,20130805_064941,479170,24265,50413,19624
2,KFCX20130805_105926_V06,29.682,0.082,162.046,344.013,34.391,-81.047,36.823,17195.491,72402.272,20130805_065926,479172,18823,53033,14586
3,KFCX20130805_103955_V06,10.165,0.735,237.318,501.136,40.590,-80.622,36.117,20295.158,105338.539,20130805_063955,479170,24747,46486,20460
3,KFCX20130805_104941_V06,19.932,0.833,240.049,495.649,51.418,-80.607,36.142,25709.227,102314.050,20130805_064941,479170,24265,50413,19624
3,KFCX20130805_105926_V06,29.682,0.602,246.894,494.008,61.668,-80.569,36.150,30833.907,100572.813,20130805_065926,479172,18823,53033,14586
1,KFCX20130805_103011_V06,0.432,0.353,217.397,276.998,10.754,-80.739,37.127,5376.911,42872.690,20130805_063011,479170,19384,44821,15826
1,KFCX20130805_103955_V06,10.165,0.563,217.637,276.359,18.975,-80.738,37.130,9487.336,42844.178,20130805_063955,479170,24747,46486,20460
5,KFCX20130805_103955_V06,10.165,0.078,229.648,383.978,5.367,-80.668,36.645,2683.323,54775.972,20130805_063955,479170,24747,46486,20460
5,KFCX20130806_103251_V06,2.268,0.089,174.177,342.476,14.670,-80.979,36.831,7335.024,66399.500,20130806_063251,479174,42202,65530,6376
5,KFCX20130806_103709_V06,6.568,0.330,174.279,342.256,20.281,-80.979,36.832,10140.744,66316.232,20130806_063709,479161,41938,64667,6911
5,KFCX20130806_104126_V06,10.851,0.112,176.684,343.211,23.967,-80.965,36.827,11983.384,65333.792,20130806_064126,479160,39796,63096,5773
4,KFCX20130806_102414_V06,-6.349,0.463,173.697,342.350,9.759,-80.982,36.831,4879.547,66607.050,20130806_062414,479169,42535,66653,4778
1,KFCX20130809_102253_V06,-10.198,0.407,180.578,348.677,5.800,-80.943,36.803,2899.977,64480.789,20130809_062253,479179,5505,31671,3483
1,KFCX20130809_102712_V06,-5.881,0.123,180.856,348.658,11.613,-80.942,36.803,5806.603,64348.316,20130809_062712,479172,7448,33222,4749
10,KFCX20130811_104838_V06,13.883,0.778,248.285,511.262,35.297,-80.561,36.072,17648.642,108749.815,20130811_064838,479168,61557,76128,25438
10,KFCX20130811_105257_V06,18.199,0.837,248.450,511.300,42.091,-80.560,36.072,21045.553,108748.495,20130811_065257,479179,63803,77626,27013
10,KFCX20130811_105715_V06,22.499,0.806,250.198,510.682,47.441,-80.551,36.075,23720.259,108244.213,20130811_065715,479169,66233,78672,28395
10,KFCX20130811_110136_V06,26.849,0.820,255.469,508.617,53.007,-80.521,36.084,26503.255,106658.640,20130811_070136,479178,63931,79939,26005
10,KFCX20130811_110554_V06,31.149,0.769,257.374,509.191,60.088,-80.511,36.081,30043.894,106744.971,20130811_070554,479173,63293,79246,25569
10,KFCX20130811_111012_V06,35.449,0.613,260.814,507.557,64.772,-80.492,36.089,32386.126,105611.991,20130811_071012,479177,62478,79756,24681
10,KFCX20130811_111431_V06,39.766,0.451,264.975,509.177,73.735,-80.469,36.082,36867.624,106044.697,20130811_071431,479178,61530,79809,23158
10,KFCX20130811_111851_V06,44.099,0.171,268.556,515.346,82.744,-80.449,36.054,41372.140,108814.781,20130811_071851,479174,60147,79811,21710
9,KFCX20130811_103735_V06,2.833,0.141,210.534,393.650,10.541,-80.774,36.601,5270.645,64757.908,20130811_063735,479177,53589,70963,21699
9,KFCX20130811_104153_V06,7.133,-1.000,210.534,393.650,17.378,-80.774,36.601,8689.145,64757.908,20130811_064153,479165,58721,74185,24431
9,KFCX20130811_104838_V06,13.883,0.303,218.376,397.894,25.331,-80.730,36.582,12665.533,63729.419,20130811_064838,479168,61557,76128,25438
9,KFCX20130811_105257_V06,18.199,0.273,226.929,401.464,27.983,-80.682,36.566,13991.282,62518.745,20130811_065257,479179,63803,77626,27013
9,KFCX20130811_105715_V06,22.499,0.054,232.999,408.135,27.493,-80.648,36.536,13746.687,63604.771,20130811_065715,479169,66233,78672,28395
2,KFCX20130811_102020_V06,-14.417,0.086,375.271,212.480,5.289,-79.849,37.418,2644.646,57717.944,20130811_062020,479170,32060,56001,6400
2,KFCX20130811_102439_V06,-10.101,0.117,375.843,214.116,10.988,-79.846,37.410,5494.156,57289.254,20130811_062439,479181,34015,56122,8115
2,KFCX20130811_102858_V06,-5.784,-1.000,376.276,215.354,16.971,-79.843,37.405,8485.482,56971.597,20130811_062858,479171,39989,60507,12333
2,KFCX20130811_103317_V06,-1.467,0.444,384.532,226.016,17.720,-79.797,37.357,8859.826,56167.749,20130811_063317,479176,45684,65516,16283
4,KFCX20130811_102439_V06,-10.101,0.060,196.725,352.840,21.415,-80.853,36.785,10707.262,58003.808,20130811_062439,479181,34015,56122,8115
4,KFCX20130811_102858_V06,-5.784,0.322,197.046,355.148,26.115,-80.851,36.774,13057.640,58397.055,20130811_062858,479171,39989,60507,12333
4,KFCX20130811_103317_V06,-1.467,0.082,200.821,363.735,27.162,-80.829,36.736,13580.858,58946.323,20130811_063317,479176,45684,65516,16283
7,KFCX20130811_102858_V06,-5.784,0.156,384.090,304.085,7.292,-79.802,37.005,3646.248,42094.504,20130811_062858,479171,39989,60507,12333
7,KFCX20130811_103317_V06,-1.467,0.290,383.355,304.900,13.544,-79.806,37.001,6772.169,41749.214,20130811_063317,479176,45684,65516,16283
3,KFCX20130811_102439_V06,-10.101,0.066,397.594,136.433,26.085,-79.720,37.760,13042.385,95234.947,20130811_062439,479181,34015,56122,8115
11,KFCX20130811_111012_V06,35.449,0.093,294.683,402.485,15.757,-80.304,36.562,7878.363,51311.520,20130811_071012,479177,62478,79756,24681
1,KFCX20130812_104404_V06,8.482,0.803,297.481,125.543,10.850,-80.288,37.810,5425.037,87237.687,20130812_064404,479177,56378,47317,47269
1,KFCX20130812_105349_V06,18.232,0.823,302.045,134.603,20.313,-80.263,37.769,10156.256,82704.840,20130812_065349,479171,63192,49060,52533
1,KFCX20130812_110333_V06,27.965,0.432,307.383,142.990,28.002,-80.232,37.732,14000.981,78591.725,20130812_070333,479178,64990,54239,52493
1,KFCX20130812_111319_V06,37.732,0.087,315.511,129.008,42.211,-80.186,37.794,21105.563,85847.214,20130812_071319,479171,62914,58131,49586
4,KFCX20130812_105349_V06,18.232,0.803,257.364,521.359,39.739,-80.511,36.027,19869.322,112713.829,20130812_065349,479171,63192,49060,52533
4,KFCX20130812_110333_V06,27.965,0.521,259.757,516.185,48.609,-80.497,36.050,24304.523,109949.323,20130812_070333,479178,64990,54239,52493
4,KFCX20130812_111319_V06,37.732,0.246,257.421,508.298,49.390,-80.511,36.085,24694.824,106302.790,20130812_071319,479171,62914,58131,49586
2,KFCX20130812_104404_V06,8.482,0.065,191.508,350.208,21.962,-80.882,36.796,10981.134,59773.277,20130812_064404,479177,56378,47317,47269
3,KFCX20130812_104404_V06,8.482,0.055,389.271,261.164,7.502,-79.771,37.198,3750.938,48676.456,20130812_064404,479177,56378,47317,47269
24,KFCX20130813_115437_V06,78.198,0.063,235.615,51.508,32.326,-80.641,38.143,16162.956,128348.785,20130813_075437,479188,199711,200780,14957
5,KFCX20130814_103705_V06,-0.169,0.120,287.149,146.418,1.939,-80.347,37.716,969.635,77059.144,20130814_063705,479173,21580,53717,18047
6,KFCX20130814_110619_V06,29.064,0.080,262.131,513.441,38.958,-80.484,36.062,19479.151,108387.156,20130814_070619,479167,23039,60922,18174
1,KFCX20130815_104632_V06,8.449,0.843,217.703,510.089,43.595,-80.731,36.077,21797.441,112816.259,20130815_064632,479169,14999,32312,11040
1,KFCX20130815_105618_V06,18.215,0.859,223.236,515.043,53.286,-80.700,36.054,26642.985,114166.727,20130815_065618,479171,17044,36572,12476
1,KFCX20130815_110603_V06,27.965,0.664,226.910,518.139,62.473,-80.680,36.041,31236.367,115029.180,20130815_070603,479171,16100,38664,11370
1,KFCX20130816_104634_V06,7.650,0.696,226.600,511.358,35.649,-80.682,36.071,17824.394,111870.326,20130816_064634,479176,9842,20287,6858
1,KFCX20130816_105620_V06,17.417,0.857,230.125,519.660,45.760,-80.662,36.034,22880.139,115253.083,20130816_065620,479171,10405,20255,7594
1,KFCX20130816_110605_V06,27.167,0.860,242.467,524.237,55.915,-80.593,36.013,27957.283,115750.006,20130816_070605,479171,9222,19193,6408
1,KFCX20130816_111551_V06,36.934,0.294,241.543,528.232,66.854,-80.598,35.995,33426.908,117799.561,20130816_071551,479166,7735,17297,5152
1,KFCX20130819_101545_V06,-25.654,0.052,15.869,410.803,22.254,-81.860,36.514,11127.190,152485.961,20130819_061545,479182,345434,327448,25637
2,KFCX20130819_103903_V06,-2.354,0.107,22.171,442.026,27.769,-81.822,36.374,13884.686,156013.371,20130819_063903,479172,313989,297368,26014
1,KFCX20130820_104940_V06,7.436,0.845,246.740,502.035,28.819,-80.570,36.113,14409.723,104468.697,20130820_064940,479165,21536,38489,14673
1,KFCX20130820_105925_V06,17.186,0.891,251.019,500.132,41.574,-80.546,36.122,20787.038,103019.114,20130820_065925,479168,24474,41145,16806
1,KFCX20130820_110911_V06,26.953,0.874,252.783,501.479,52.721,-80.536,36.116,26360.592,103468.702,20130820_070911,479170,25348,44060,16744
1,KFCX20130820_111857_V06,36.719,0.637,255.531,507.788,60.607,-80.521,36.088,30303.528,106246.492,20130820_071857,479173,24067,45267,15864
1,KFCX20130824_104119_V06,-4.209,0.162,112.721,342.344,6.514,-81.324,36.829,3256.758,96003.369,20130824_064119,479167,52177,67359,39793
2,KFCX20130824_105104_V06,5.541,0.055,187.710,326.991,4.835,-80.904,36.901,2417.252,57744.003,20130824_065104,479168,83197,81875,61729
1,KFCX20130825_105706_V06,10.753,0.573,224.775,504.752,35.322,-80.692,36.101,17660.961,109066.660,20130825_065706,479170,34734,52935,21060
1,KFCX20130825_110651_V06,20.503,0.295,218.918,505.903,50.306,-80.724,36.096,25152.977,110646.064,20130825_070651,479165,30297,44251,18703
1,KFCX20130825_111635_V06,30.236,0.155,209.768,515.778,58.004,-80.775,36.051,29002.214,116942.469,20130825_071635,479171,27727,40410,16879
2,KFCX20130826_102735_V06,-19.584,0.119,197.940,402.390,2.902,-80.844,36.561,1450.865,72284.294,20130826_062735,479176,17706,45892,13593
4,KFCX20130826_103721_V06,-9.817,0.128,146.106,374.026,22.917,-81.135,36.688,11458.551,85386.163,20130826_063721,479176,11664,30134,8714
1,KFCX20130827_104654_V06,-1.087,0.062,277.191,149.718,1.951,-80.403,37.701,975.552,76001.395,20130827_064654,479164,19508,58942,14991
1,KFCX20130827_105640_V06,8.680,0.307,277.525,153.594,16.863,-80.402,37.684,8431.415,74060.683,20130827_065640,479175,37656,67926,27624
12,KFCX20130828_113820_V06,49.528,0.100,117.658,161.871,57.606,-81.307,37.642,28803.074,114376.841,20130828_073820,479160,71242,96336,7867
12,KFCX20130828_114238_V06,53.828,0.201,117.675,162.700,63.357,-81.307,37.638,31678.525,114120.184,20130828_074238,479176,72349,96589,7533
12,KFCX20130828_114657_V06,58.145,0.138,118.494,166.538,63.492,-81.302,37.621,31746.019,112646.144,20130828_074657,479175,74365,98283,6992
20,KFCX20130828_121253_V06,84.078,0.076,74.090,429.314,17.263,-81.534,36.435,8631.357,130151.318,20130828_081253,479169,78111,98142,6534
20,KFCX20130828_121711_V06,88.378,0.207,73.800,429.617,23.091,-81.536,36.433,11545.631,130352.162,20130828_081711,479170,79670,99323,7108
8,KFCX20130828_105512_V06,6.395,0.077,199.078,147.610,29.351,-80.846,37.709,14675.312,91389.281,20130828_065512,479181,51610,79791,7015
8,KFCX20130828_105931_V06,10.712,-1.000,199.078,147.610,36.214,-80.846,37.709,18107.062,91389.281,20130828_065931,479174,54934,84632,7442
8,KFCX20130828_110349_V06,15.012,0.053,205.376,151.197,30.347,-80.811,37.693,15173.532,88170.378,20130828_070349,479171,58410,88064,8942
14,KFCX20130828_114657_V06,58.145,0.056,117.169,28.908,30.320,-81.318,38.241,15159.826,163491.543,20130828_074657,479175,74365,98283,6992
1,KFCX20130830_105620_V06,5.894,0.077,189.360,353.605,14.981,-80.894,36.781,7490.433,61470.944,20130830_065620,479175,117403,94337,72793
3,KFCX20130830_114508_V06,54.694,0.068,42.203,246.704,73.021,-81.727,37.255,36510.567,131624.420,20130830_074508,479171,104845,83080,66545
4,KFCX20130830_120439_V06,74.211,0.074,45.076,428.857,58.675,-81.696,36.435,29337.341,142820.085,20130830_080439,479168,104653,82000,65948
1,KFCX20130902_111834_V06,25.683,0.060,25.128,237.066,28.337,-81.824,37.298,14168.308,140992.052,20130902_071834,479181,107538,61725,78329
2,KFCX20130903_100548_V06,-47.897,0.051,59.707,382.854,73.963,-81.618,36.643,36981.514,127088.195,20130903_060548,479180,179669,52383,145630
2,KFCX20130903_101007_V06,-43.581,0.055,60.385,382.800,79.748,-81.614,36.644,39874.165,126758.840,20130903_061007,479176,177808,51039,144347
1,KFCX20130903_100548_V06,-47.897,0.076,192.460,105.414,5.259,-80.886,37.899,2629.332,111162.601,20130903_060548,479180,179669,52383,145630
4,KFCX20130903_120524_V06,71.703,0.123,150.097,189.301,13.559,-81.122,37.520,6779.417,93173.711,20130903_080524,479176,122745,53378,96165
5,KFCX20130903_120524_V06,71.703,0.059,391.961,264.093,56.238,-79.756,37.185,28118.973,49361.356,20130903_080524,479176,122745,53378,96165
1,KFCX20130905_110118_V06,5.978,0.697,258.169,123.220,10.395,-80.512,37.820,5197.586,90830.765,20130905_070118,479170,139590,61007,114869
1,KFCX20130905_111102_V06,15.711,0.148,255.459,121.635,19.687,-80.527,37.827,9843.409,91921.204,20130905_071102,479167,149507,71069,118239
1,KFCX20130906_105615_V06,0.116,0.373,178.707,320.337,9.627,-80.955,36.931,4813.654,61492.886,20130906_065615,479166,40572,50938,31172
1,KFCX20130906_110559_V06,9.850,0.496,180.414,323.763,18.091,-80.945,36.915,9045.731,60962.163,20130906_070559,479169,49047,59723,36389
1,KFCX20130906_111545_V06,19.616,0.450,180.000,328.595,18.537,-80.947,36.893,9268.505,61680.067,20130906_071545,479169,46800,59330,34685
2,KFCX20130906_105615_V06,0.116,0.289,204.602,316.038,8.481,-80.810,36.951,4240.517,48368.503,20130906_065615,479166,40572,50938,31172
2,KFCX20130906_110559_V06,9.850,0.459,206.065,317.126,17.621,-80.801,36.946,8810.581,47741.642,20130906_070559,479169,49047,59723,36389
2,KFCX20130906_111545_V06,19.616,0.057,199.082,325.618,28.175,-80.840,36.907,14087.271,52059.306,20130906_071545,479169,46800,59330,34685
5,KFCX20130906_110559_V06,9.850,0.108,216.568,192.591,8.157,-80.746,37.507,4078.678,68002.908,20130906_070559,479169,49047,59723,36389
5,KFCX20130906_111545_V06,19.616,0.706,216.295,194.474,14.405,-80.747,37.499,7202.313,67346.713,20130906_071545,479169,46800,59330,34685
5,KFCX20130906_112531_V06,29.383,0.183,217.695,197.231,15.596,-80.739,37.486,7797.815,65832.372,20130906_072531,479170,44499,59980,32361
4,KFCX20130906_110559_V06,9.850,0.759,265.946,124.086,15.684,-80.468,37.817,7842.010,89589.777,20130906_070559,479169,49047,59723,36389
4,KFCX20130906_111545_V06,19.616,0.510,266.460,121.584,20.364,-80.465,37.828,10182.098,90770.649,20130906_071545,479169,46800,59330,34685
1,KFCX20130907_105548_V06,-1.144,0.736,181.839,316.471,8.024,-80.937,36.948,4011.831,59651.665,20130907_065548,479174,13333,34280,8522
1,KFCX20130907_110533_V06,8.606,0.802,186.539,317.492,15.241,-80.911,36.944,7620.404,57400.802,20130907_070533,479169,24942,36655,17412
1,KFCX20130907_111517_V06,18.339,0.225,190.878,316.978,16.374,-80.887,36.946,8186.915,55217.208,20130907_071517,479173,29214,37851,20312
2,KFCX20130907_110533_V06,8.606,0.316,206.818,290.984,25.164,-80.798,37.064,12581.781,46808.406,20130907_070533,479169,24942,36655,17412
5,KFCX20130908_111459_V06,17.229,0.081,187.962,324.580,15.258,-80.903,36.912,7629.160,57351.330,20130908_071459,479173,32105,60993,20829
1,KFCX20130909_110506_V06,6.535,0.676,173.269,315.620,9.403,-80.986,36.952,4701.410,63844.756,20130909_070506,479171,44903,43042,34291
1,KFCX20130909_111452_V06,16.302,0.391,171.908,317.438,20.350,-80.993,36.943,10175.016,64636.616,20130909_071452,479169,38783,41700,29268
5,KFCX20130911_112734_V06,27.383,0.053,257.876,124.510,2.440,-80.513,37.815,1220.066,90237.317,20130911_072734,479166,102688,63891,69368
1,KFCX20130912_112410_V06,23.174,0.267,199.190,325.846,21.735,-80.840,36.906,10867.397,52035.241,20130912_072410,479180,91920,67057,60932
9,KFCX20130913_110239_V06,0.848,0.149,334.964,286.061,27.807,-80.078,37.087,13903.591,18819.975,20130913_070239,479177,113486,40522,98971
9,KFCX20130913_111217_V06,10.481,0.067,328.282,286.425,44.388,-80.115,37.085,22194.043,15685.448,20130913_071217,479170,130232,44337,113026
9,KFCX20130913_112155_V06,20.115,0.071,338.600,289.628,37.718,-80.057,37.071,18859.032,19984.424,20130913_072155,479169,132566,54901,111178
3,KFCX20130913_102255_V06,-38.885,0.060,98.623,178.585,36.679,-81.414,37.566,18339.470,117573.872,20130913_062255,479179,155041,64227,118598
4,KFCX20130913_102255_V06,-38.885,0.050,224.467,82.044,10.010,-80.704,38.005,5004.776,115336.773,20130913_062255,479179,155041,64227,118598
7,KFCX20130913_103550_V06,-25.969,0.140,263.470,155.446,11.617,-80.481,37.675,5808.599,74549.119,20130913_063550,479188,80028,63154,58071
11,KFCX20130913_111217_V06,10.481,0.103,328.909,156.485,28.217,-80.110,37.671,14108.658,73198.897,20130913_071217,479170,130232,44337,113026
12,KFCX20130913_111217_V06,10.481,0.053,95.348,398.832,31.782,-81.417,36.573,15891.024,113633.343,20130913_071217,479170,130232,44337,113026
14,KFCX20130913_114112_V06,39.398,0.056,33.531,320.555,41.123,-81.770,36.922,20561.325,133630.196,20130913_074112,479177,130979,68276,103882
15,KFCX20130913_114112_V06,39.398,0.056,454.440,262.985,65.178,-79.404,37.188,32588.791,79407.092,20130913_074112,479177,130979,68276,103882
4,KFCX20130914_110005_V06,-2.528,0.410,171.898,319.149,11.312,-80.993,36.936,5655.796,64762.400,20130914_070005,479174,99102,47812,80102
4,KFCX20130914_110947_V06,7.172,0.584,172.745,320.365,20.298,-80.988,36.930,10149.069,64437.310,20130914_070947,479168,106641,53789,85051
4,KFCX20130914_111929_V06,16.872,0.758,172.091,321.988,24.667,-80.992,36.923,12333.430,64892.642,20130914_071929,479177,104271,58681,78503
4,KFCX20130914_112910_V06,26.555,0.251,173.054,325.092,31.336,-80.986,36.909,15668.169,64701.178,20130914_072910,479184,94329,61241,67622
8,KFCX20130914_110947_V06,7.172,0.203,411.300,247.940,14.262,-79.647,37.257,7130.917,61436.892,20130914_070947,479168,106641,53789,85051
8,KFCX20130914_111929_V06,16.872,-1.000,411.300,247.940,29.685,-79.647,37.257,14842.417,61436.892,20130914_071929,479177,104271,58681,78503
8,KFCX20130914_112910_V06,26.555,-1.000,411.300,247.940,45.081,-79.647,37.257,22540.667,61436.892,20130914_072910,479184,94329,61241,67622
8,KFCX20130914_113853_V06,36.272,-1.000,411.300,247.940,60.531,-79.647,37.257,30265.417,61436.892,20130914_073853,479171,86553,61442,60971
8,KFCX20130914_114835_V06,45.972,0.057,413.457,229.908,57.888,-79.634,37.338,28944.185,66681.048,20130914_074835,479177,82056,59909,57560
8,KFCX20130914_115816_V06,55.655,-1.000,414.306,222.810,66.174,-79.629,37.370,33087.238,68963.984,20130914_075816,479180,77801,58235,53914
8,KFCX20130914_120757_V06,65.339,-1.000,415.155,215.713,74.461,-79.624,37.402,37230.291,71352.975,20130914_080757,479176,79447,59341,54460
8,KFCX20130914_121740_V06,75.055,0.054,414.098,253.762,69.216,-79.631,37.231,34608.218,61555.677,20130914_081740,479176,81063,60285,55906
1,KFCX20130914_105024_V06,-12.211,0.699,161.790,368.338,8.652,-81.048,36.714,4325.975,77090.864,20130914_065024,479169,41022,47313,31309
1,KFCX20130914_110005_V06,-2.528,0.066,164.889,346.478,22.799,-81.031,36.812,11399.519,71440.737,20130914_070005,479174,99102,47812,80102
2,KFCX20130914_105024_V06,-12.211,0.281,387.139,206.402,17.979,-79.782,37.445,8989.620,63940.996,20130914_065024,479169,41022,47313,31309
2,KFCX20130914_110005_V06,-2.528,-1.000,387.139,206.402,33.376,-79.782,37.445,16687.870,63940.996,20130914_070005,479174,99102,47812,80102
2,KFCX20130914_110947_V06,7.172,-1.000,387.139,206.402,48.799,-79.782,37.445,24399.370,63940.996,20130914_070947,479168,106641,53789,85051
2,KFCX20130914_111929_V06,16.872,0.056,402.465,210.917,50.036,-79.695,37.424,25017.869,67887.698,20130914_071929,479177,104271,58681,78503
5,KFCX20130914_110005_V06,-2.528,0.118,291.653,466.694,20.397,-80.321,36.273,10198.746,83451.197,20130914_070005,479174,99102,47812,80102
7,KFCX20130914_110005_V06,-2.528,0.067,422.558,303.624,12.533,-79.586,37.006,6266.731,61305.810,20130914_070005,479174,99102,47812,80102
9,KFCX20130914_110947_V06,7.172,0.051,215.009,340.767,18.648,-80.751,36.840,9323.997,47131.372,20130914_070947,479168,106641,53789,85051
3,KFCX20130917_110343_V06,-1.326,0.840,194.389,314.065,8.459,-80.867,36.959,4229.395,53271.687,20130917_070343,479174,20488,50307,11735
3,KFCX20130917_111323_V06,8.341,0.664,192.760,312.123,16.691,-80.876,36.968,8345.564,53961.793,20130917_071323,479173,33609,55037,20507
3,KFCX20130917_112305_V06,18.041,0.684,168.283,312.012,24.862,-81.014,36.968,12430.777,66131.943,20130917_072305,479169,35940,50652,25078
3,KFCX20130917_113247_V06,27.741,0.052,164.102,313.689,29.019,-81.037,36.960,14509.490,68293.082,20130917_073247,479175,31453,48007,23182
1,KFCX20130917_105401_V06,-11.026,0.284,207.563,280.097,6.104,-80.794,37.113,3052.244,47277.506,20130917_065401,479177,8633,34577,4945
1,KFCX20130917_110343_V06,-1.326,0.273,206.173,279.165,15.595,-80.802,37.117,7797.700,48056.505,20130917_070343,479174,20488,50307,11735
1,KFCX20130917_111323_V06,8.341,0.114,204.852,272.401,15.782,-80.810,37.147,7890.968,49535.079,20130917_071323,479173,33609,55037,20507
4,KFCX20130917_110343_V06,-1.326,0.710,170.566,315.823,11.307,-81.001,36.951,5653.580,65198.511,20130917_070343,479174,20488,50307,11735
4,KFCX20130917_111323_V06,8.341,0.831,167.874,313.161,18.283,-81.016,36.963,9141.307,66390.062,20130917_071323,479173,33609,55037,20507
7,KFCX20130917_112305_V06,18.041,0.163,188.353,371.548,8.498,-80.899,36.700,4249.243,66302.784,20130917_072305,479169,35940,50652,25078
8,KFCX20130917_112305_V06,18.041,0.095,370.462,310.419,5.781,-79.878,36.977,2890.331,35614.330,20130917_072305,479169,35940,50652,25078
4,KFCX20130919_104013_V06,-26.452,0.079,481.874,246.958,40.429,-79.249,37.259,20214.615,94725.536,20130919_064013,479174,51290,43332,37599
4,KFCX20130919_104954_V06,-16.769,0.068,481.189,244.855,52.059,-79.253,37.268,26029.699,94697.282,20130919_064954,479180,11957,44245,2941
4,KFCX20130919_105936_V06,-7.069,0.062,505.174,257.450,36.297,-79.118,37.210,18148.647,104770.099,20130919_065936,479179,8784,30473,1640
2,KFCX20130919_102051_V06,-45.819,0.052,361.223,131.938,11.109,-79.927,37.781,5554.592,89432.930,20130919_062051,479174,69796,43514,55007
5,KFCX20130919_104013_V06,-26.452,0.071,271.338,288.784,57.159,-80.435,37.075,28579.432,15389.167,20130919_064013,479174,51290,43332,37599
3,KFCX20130920_102407_V06,-43.368,0.115,142.957,272.237,23.189,-81.158,37.146,11594.553,79739.058,20130920_062407,479182,169249,85942,105177
1,KFCX20130922_110743_V06,-1.405,0.545,211.936,280.094,6.134,-80.770,37.113,3066.963,45142.865,20130922_070743,479193,62514,50797,44534
1,KFCX20130922_111202_V06,2.912,0.785,212.771,280.915,10.922,-80.765,37.109,5460.971,44646.301,20130922_071202,479174,76941,56925,54362
1,KFCX20130922_111621_V06,7.229,0.508,213.377,282.243,14.172,-80.761,37.103,7086.111,44212.399,20130922_071621,479186,84094,62869,57356
1,KFCX20130922_112041_V06,11.562,0.229,212.600,284.258,14.785,-80.766,37.094,7392.445,44402.991,20130922_072041,479170,92954,70768,60832
3,KFCX20130922_111202_V06,2.912,0.138,180.081,323.874,8.532,-80.947,36.915,4266.243,61136.034,20130922_071202,479174,76941,56925,54362
5,KFCX20130923_111738_V06,7.690,0.052,215.325,267.533,9.027,-80.751,37.169,4513.290,45342.955,20130923_071738,479178,39538,41462,29152
5,KFCX20130923_112720_V06,17.390,0.520,216.266,267.343,21.046,-80.746,37.170,10523.113,44938.708,20130923_072720,479175,48556,43045,36013
5,KFCX20130923_113702_V06,27.090,0.719,216.966,262.952,23.419,-80.742,37.190,11709.621,45462.057,20130923_073702,479178,51394,45719,36489
1,KFCX20130923_105815_V06,-11.694,0.097,297.416,295.280,13.839,-80.289,37.045,6919.556,2690.431,20130923_065815,479177,54286,36996,43905
2,KFCX20130923_110758_V06,-1.977,0.184,434.579,157.495,5.417,-79.512,37.664,2708.534,98003.948,20130923_070758,479168,40731,44093,27906
3,KFCX20130923_111738_V06,7.690,0.446,212.142,515.097,21.851,-80.762,36.054,10925.392,116174.307,20130923_071738,479178,39538,41462,29152
4,KFCX20130923_111738_V06,7.690,0.063,370.234,326.825,27.478,-79.880,36.903,13738.949,37591.224,20130923_071738,479178,39538,41462,29152
7,KFCX20130923_112720_V06,17.390,0.051,25.146,436.364,31.686,-81.806,36.400,15842.914,153411.192,20130923_072720,479175,48556,43045,36013
1,KFCX20130924_111825_V06,7.648,0.140,180.452,342.943,28.691,-80.944,36.829,14345.316,63513.329,20130924_071825,479171,52793,39863,36151
6,KFCX20130926_112044_V06,8.305,0.919,172.168,318.084,15.681,-80.992,36.941,7840.736,64552.519,20130926_072044,479175,38701,64260,20483
6,KFCX20130926_113025_V06,17.989,0.900,172.334,319.808,23.901,-80.991,36.933,11950.728,64596.655,20130926_073025,479173,42052,63614,27248
6,KFCX20130926_114004_V06,27.639,0.823,169.767,322.895,29.726,-81.005,36.919,14862.989,66114.980,20130926_074004,479181,43225,66839,28765
6,KFCX20130926_114944_V06,37.305,0.288,175.974,333.559,25.995,-80.970,36.871,12997.692,64242.931,20130926_074944,479176,43447,69528,28248
7,KFCX20130926_112044_V06,8.305,0.826,274.593,106.298,14.739,-80.419,37.897,7369.495,97680.770,20130926_072044,479175,38701,64260,20483
7,KFCX20130926_113025_V06,17.989,0.870,271.080,107.488,24.383,-80.439,37.891,12191.311,97335.972,20130926_073025,479173,42052,63614,27248
7,KFCX20130926_114004_V06,27.639,0.569,262.028,108.566,34.381,-80.490,37.886,17190.328,97581.624,20130926_074004,479181,43225,66839,28765
8,KFCX20130926_112044_V06,8.305,0.806,209.004,277.517,10.174,-80.786,37.124,5086.981,46866.101,20130926_072044,479175,38701,64260,20483
8,KFCX20130926_113025_V06,17.989,0.604,208.121,277.035,19.718,-80.791,37.127,9859.175,47353.021,20130926_073025,479173,42052,63614,27248
8,KFCX20130926_114004_V06,27.639,0.738,209.530,277.828,25.106,-80.783,37.123,12552.913,46573.760,20130926_074004,479181,43225,66839,28765
8,KFCX20130926_114944_V06,37.305,-1.000,210.708,278.492,30.969,-80.777,37.120,15484.731,45922.803,20130926_074944,479176,43447,69528,28248
8,KFCX20130926_115925_V06,46.989,0.210,215.111,259.493,15.088,-80.752,37.206,7544.003,47029.045,20130926_075925,479171,43139,74556,27383
12,KFCX20130926_113025_V06,17.989,0.111,393.256,216.091,10.509,-79.748,37.401,5254.303,62724.624,20130926_073025,479173,42052,63614,27248
12,KFCX20130926_114004_V06,27.639,-1.000,393.256,216.091,25.852,-79.748,37.401,12926.053,62724.624,20130926_074004,479181,43225,66839,28765
12,KFCX20130926_114944_V06,37.305,0.117,423.325,191.774,33.523,-79.577,37.510,16761.573,82039.414,20130926_074944,479176,43447,69528,28248
12,KFCX20130926_115925_V06,46.989,0.103,404.624,216.178,34.614,-79.683,37.400,17306.957,67030.685,20130926_075925,479171,43139,74556,27383
21,KFCX20130926_120906_V06,56.672,0.257,42.233,356.380,59.565,-81.718,36.761,29782.253,131930.573,20130926_080906,479181,46650,79446,28416
21,KFCX20130926_121847_V06,66.355,0.058,42.431,366.419,68.512,-81.716,36.716,34255.876,132997.553,20130926_081847,479167,50116,82528,30422
21,KFCX20130926_123009_V06,77.722,0.276,43.713,382.114,65.280,-81.707,36.646,32640.111,134559.965,20130926_083009,479174,56534,84658,34274
20,KFCX20130926_120906_V06,56.672,0.440,491.800,127.082,48.042,-79.185,37.798,24021.244,129119.967,20130926_080906,479181,46650,79446,28416
20,KFCX20130926_121847_V06,66.355,0.596,490.268,130.621,57.016,-79.194,37.782,28508.183,127368.634,20130926_081847,479167,50116,82528,30422
20,KFCX20130926_123009_V06,77.722,0.425,503.347,145.952,42.963,-79.121,37.713,21481.548,127554.716,20130926_083009,479174,56534,84658,34274
20,KFCX20130926_123950_V06,87.405,0.465,496.077,145.028,56.444,-79.162,37.717,28221.784,124962.734,20130926_083950,479172,57991,86242,35600
19,KFCX20130926_115925_V06,46.989,0.128,436.225,200.520,29.115,-79.504,37.470,14557.499,84340.615,20130926_075925,479171,43139,74556,27383
2,KFCX20130927_110138_V06,-11.629,0.076,208.499,277.226,3.102,-80.789,37.126,1551.130,47146.311,20130927_070138,479172,24227,42712,15778
2,KFCX20130927_111119_V06,-1.946,-1.000,208.499,277.226,18.499,-80.789,37.126,9249.380,47146.311,20130927_071119,479177,106357,70598,72538
2,KFCX20130927_112100_V06,7.737,0.226,213.282,276.898,19.882,-80.762,37.127,9940.757,44871.458,20130927_072100,479173,145621,89221,98523
3,KFCX20130927_112100_V06,7.737,0.122,22.675,417.812,17.113,-81.822,36.483,8556.490,150655.993,20130927_072100,479173,145621,89221,98523
4,KFCX20130927_113041_V06,17.421,0.101,177.311,322.159,22.181,-80.963,36.922,11090.496,62336.831,20130927_073041,479173,150506,86138,103033
5,KFCX20130927_114023_V06,27.121,0.091,375.870,314.765,11.666,-79.848,36.957,5832.916,38646.689,20130927_074023,479176,147639,88014,99714
6,KFCX20130927_115004_V06,36.804,0.069,57.534,236.013,59.322,-81.642,37.305,29660.809,125383.573,20130927_075004,479174,150436,91918,98466
7,KFCX20130927_115945_V06,46.487,0.250,20.724,448.714,29.818,-81.830,36.344,14908.819,158201.673,20130927_075945,479175,151642,95095,96684
1,KFCX20130928_114854_V06,34.799,0.056,57.670,248.306,73.816,-81.640,37.249,36907.917,123891.052,20130928_074854,479174,20420,27311,12540
1,KFCX20130929_111029_V06,-4.459,0.758,214.470,272.531,6.724,-80.756,37.147,3362.232,44916.358,20130929_071029,479176,3297,7323,2343
1,KFCX20130929_112012_V06,5.257,0.807,215.424,272.708,18.065,-80.750,37.146,9032.585,44435.298,20130929_072012,479172,6529,9925,5049
1,KFCX20130929_112954_V06,14.957,0.809,217.722,269.831,27.673,-80.737,37.159,13836.504,43817.061,20130929_072954,479177,9657,11425,7279
4,KFCX20130929_114919_V06,34.374,0.068,368.372,239.214,38.858,-79.889,37.297,19429.062,45742.919,20130929_074919,479175,10409,13518,7351
3,KFCX20130930_110900_V06,-6.789,0.232,214.203,277.752,5.055,-80.757,37.123,2527.534,44317.556,20130930_070900,479176,10632,26972,4386
3,KFCX20130930_111843_V06,2.928,0.131,215.543,277.513,16.369,-80.749,37.125,8184.720,43699.733,20130930_071843,479184,12920,23955,7036
5,KFCX20130930_110900_V06,-6.789,0.091,204.279,337.640,1.811,-80.811,36.853,905.439,51427.931,20130930_070900,479176,10632,26972,4386
3,KFCX20131001_111753_V06,1.245,0.710,208.800,337.750,10.764,-80.785,36.853,5381.981,49352.061,20131001_071753,479179,55831,51380,43290
3,KFCX20131001_112734_V06,10.928,0.816,210.224,340.144,18.462,-80.777,36.842,9230.884,49171.331,20131001_072734,479175,67723,50086,53850
3,KFCX20131001_113714_V06,20.595,0.518,208.020,346.178,20.402,-80.790,36.815,10200.906,51460.608,20131001_073714,479174,73715,51899,57973
3,KFCX20131001_114901_V06,32.378,0.124,207.340,347.501,21.202,-80.793,36.809,10601.233,52063.004,20131001_074901,479181,72849,54887,56073
3,KFCX20131001_115842_V06,42.061,0.086,220.551,357.406,39.883,-80.719,36.765,19941.675,49009.041,20131001_075842,479174,71534,57052,53863
1,KFCX20131001_110813_V06,-8.422,0.675,214.354,279.099,6.959,-80.756,37.117,3479.492,44079.676,20131001_070813,479180,22676,48671,13165
1,KFCX20131001_111753_V06,1.245,0.755,218.346,281.565,16.947,-80.733,37.106,8473.311,41854.493,20131001_071753,479179,55831,51380,43290
1,KFCX20131001_112734_V06,10.928,0.522,221.294,284.028,22.932,-80.717,37.095,11466.145,40155.140,20131001_072734,479175,67723,50086,53850
1,KFCX20131001_113714_V06,20.595,0.098,225.943,287.051,30.799,-80.691,37.082,15399.506,37590.120,20131001_073714,479174,73715,51899,57973
5,KFCX20131001_112734_V06,10.928,0.614,280.141,106.940,11.147,-80.387,37.894,5573.292,97039.127,20131001_072734,479175,67723,50086,53850
5,KFCX20131001_113714_V06,20.595,0.466,283.127,108.474,20.205,-80.370,37.887,10102.397,96133.715,20131001_073714,479174,73715,51899,57973
5,KFCX20131001_114901_V06,32.378,0.136,285.956,107.422,22.434,-80.354,37.892,11217.181,96544.789,20131001_074901,479181,72849,54887,56073
1,KFCX20131002_110609_V06,-11.343,0.771,214.101,280.386,5.404,-80.757,37.112,2701.780,44054.852,20131002_070609,479173,20900,47264,13571
1,KFCX20131002_111549_V06,-1.676,0.893,219.160,287.608,13.336,-80.729,37.079,6667.789,40892.181,20131002_071549,479172,59294,52427,46678
1,KFCX20131002_112530_V06,8.007,0.735,222.113,291.142,17.089,-80.712,37.063,8544.475,39194.668,20131002_072530,479173,77551,53471,62400
1,KFCX20131002_113510_V06,17.674,0.205,224.627,295.158,20.486,-80.698,37.045,10242.988,37764.433,20131002_073510,479182,78781,52507,64632
1,KFCX20131002_114451_V06,27.357,0.085,221.709,293.729,23.326,-80.714,37.052,11663.221,39270.627,20131002_074451,479177,74635,53458,60544
3,KFCX20131002_110609_V06,-11.343,0.054,205.193,336.892,4.317,-80.806,36.857,2158.426,50866.076,20131002_070609,479173,20900,47264,13571
3,KFCX20131002_111549_V06,-1.676,0.456,205.697,339.510,11.263,-80.803,36.845,5631.387,51122.734,20131002_071549,479172,59294,52427,46678
3,KFCX20131002_112530_V06,8.007,0.224,210.815,342.547,15.304,-80.774,36.831,7651.839,49407.217,20131002_072530,479173,77551,53471,62400
3,KFCX20131002_113510_V06,17.674,0.225,208.197,344.324,15.236,-80.789,36.823,7618.063,50971.713,20131002_073510,479182,78781,52507,64632
6,KFCX20131002_112530_V06,8.007,0.962,294.976,120.198,21.122,-80.303,37.834,10560.966,89936.215,20131002_072530,479173,77551,53471,62400
6,KFCX20131002_113510_V06,17.674,0.902,297.054,120.935,29.092,-80.291,37.831,14546.057,89544.780,20131002_073510,479182,78781,52507,64632
6,KFCX20131002_114451_V06,27.357,0.669,302.110,124.353,38.333,-80.262,37.815,19166.564,87830.035,20131002_074451,479177,74635,53458,60544
8,KFCX20131002_114451_V06,27.357,0.095,31.008,286.984,37.532,-81.787,37.073,18765.894,134653.391,20131002_074451,479177,74635,53458,60544
8,KFCX20131002_115432_V06,37.041,0.137,36.057,280.109,51.699,-81.759,37.105,25849.422,132345.871,20131002_075432,479171,74498,54334,59213
1,KFCX20131003_111314_V06,-5.118,0.806,213.200,280.180,7.330,-80.762,37.112,3664.993,44517.286,20131003_071314,479171,31984,43649,23342
1,KFCX20131003_112255_V06,4.565,0.650,214.603,280.749,18.147,-80.755,37.110,9073.436,43769.822,20131003_072255,479172,41887,45841,31845
1,KFCX20131003_113235_V06,14.232,0.306,218.685,284.064,24.023,-80.732,37.095,12011.334,41431.023,20131003_073235,479176,42203,42181,32057
1,KFCX20131004_112044_V06,1.519,0.724,226.415,281.003,15.095,-80.688,37.109,7547.564,37998.653,20131004_072044,479176,76513,66385,51639
1,KFCX20131005_110704_V06,-13.015,0.120,216.100,280.520,5.855,-80.746,37.111,2927.378,43065.957,20131005_070704,479179,13533,40592,8084
1,KFCX20131005_111644_V06,-3.348,0.722,220.232,278.163,14.032,-80.723,37.122,7015.997,41351.352,20131005_071644,479174,22597,45665,16672
1,KFCX20131005_112624_V06,6.318,0.784,223.608,277.847,16.166,-80.704,37.123,8083.187,39769.636,20131005_072624,479170,35268,53075,25114
1,KFCX20131005_113605_V06,16.002,0.429,225.649,276.677,20.008,-80.693,37.129,10003.790,38961.719,20131005_073605,479181,40085,54304,28515
3,KFCX20131005_112624_V06,6.318,0.137,115.512,342.315,8.873,-81.308,36.829,4436.740,94639.126,20131005_072624,479170,35268,53075,25114
3,KFCX20131005_113605_V06,16.002,0.417,117.164,342.182,17.798,-81.299,36.830,8899.032,93819.182,20131005_073605,479181,40085,54304,28515
3,KFCX20131005_114545_V06,25.668,0.081,119.416,341.164,18.326,-81.286,36.834,9163.231,92608.261,20131005_074545,479174,41183,55878,29599
2,KFCX20131005_112624_V06,6.318,0.153,279.209,123.231,2.254,-80.392,37.820,1126.797,88993.583,20131005_072624,479170,35268,53075,25114
2,KFCX20131005_113605_V06,16.002,0.128,278.816,128.985,11.593,-80.394,37.795,5796.701,86160.887,20131005_073605,479181,40085,54304,28515
1,KFCX20131008_111556_V06,-6.779,0.717,215.497,274.319,5.676,-80.750,37.139,2838.175,44159.769,20131008_071556,479181,17145,40229,9311
1,KFCX20131008_112538_V06,2.921,0.941,206.495,278.072,17.351,-80.800,37.122,8675.624,48020.753,20131008_072538,479178,15761,29258,11878
1,KFCX20131008_113520_V06,12.621,0.777,208.063,282.355,28.652,-80.791,37.103,14326.130,46807.667,20131008_073520,479169,20941,29070,16293
1,KFCX20131008_114503_V06,22.338,0.334,202.457,283.878,32.345,-80.823,37.096,16172.300,49433.120,20131008_074503,479180,24129,29733,19226
1,KFCX20131008_115446_V06,32.055,0.343,200.075,287.789,43.740,-80.836,37.078,21870.127,50334.313,20131008_075446,479179,26460,32299,20670
5,KFCX20131008_112538_V06,2.921,0.878,361.091,313.716,8.621,-79.931,36.962,4310.268,31305.804,20131008_072538,479178,15761,29258,11878
5,KFCX20131008_113520_V06,12.621,0.225,364.009,312.538,18.520,-79.915,36.967,9259.889,32612.855,20131008_073520,479169,20941,29070,16293
5,KFCX20131008_114503_V06,22.338,0.079,381.163,313.852,30.495,-79.818,36.961,15247.692,41168.124,20131008_074503,479180,24129,29733,19226
2,KFCX20131008_111556_V06,-6.779,0.606,196.569,338.629,2.724,-80.854,36.849,1362.059,55204.729,20131008_071556,479181,17145,40229,9311
2,KFCX20131008_112538_V06,2.921,0.895,189.299,341.712,15.242,-80.895,36.835,7621.160,59149.465,20131008_072538,479178,15761,29258,11878
6,KFCX20131008_112538_V06,2.921,0.226,358.242,253.065,7.075,-79.946,37.235,3537.395,37399.936,20131008_072538,479178,15761,29258,11878
6,KFCX20131008_113520_V06,12.621,0.124,356.949,255.008,17.954,-79.953,37.226,8977.137,36288.815,20131008_073520,479169,20941,29070,16293
6,KFCX20131008_114503_V06,22.338,0.089,356.866,258.148,15.005,-79.954,37.212,7502.369,35303.417,20131008_074503,479180,24129,29733,19226
7,KFCX20131008_112538_V06,2.921,0.146,357.338,389.866,13.401,-79.954,36.619,6700.523,53300.088,20131008_072538,479178,15761,29258,11878
3,KFCX20131009_112058_V06,-2.632,0.147,217.549,278.241,8.072,-80.738,37.121,4035.757,42636.955,20131009_072058,479172,17016,43062,4729
3,KFCX20131009_112650_V06,3.235,0.967,214.987,282.124,15.671,-80.752,37.104,7835.473,43435.929,20131009_072650,479185,20384,42199,7408
3,KFCX20131009_113240_V06,9.068,0.968,213.401,283.953,22.848,-80.761,37.095,11423.794,44036.613,20131009_073240,479174,23665,43170,9204
3,KFCX20131009_113831_V06,14.918,0.942,212.781,285.279,28.596,-80.765,37.089,14297.907,44226.156,20131009_073831,479184,23378,43532,9160
3,KFCX20131009_114422_V06,20.768,0.639,211.982,287.057,31.568,-80.769,37.081,15784.014,44482.075,20131009_074422,479183,24743,45096,10057
3,KFCX20131009_115012_V06,26.602,0.264,210.341,290.244,38.422,-80.778,37.067,19211.101,45094.210,20131009_075012,479178,24134,45622,9647
1,KFCX20131009_112058_V06,-2.632,0.409,196.819,347.188,3.444,-80.852,36.810,1721.918,56729.764,20131009_072058,479172,17016,43062,4729
1,KFCX20131009_112650_V06,3.235,0.051,196.813,346.417,12.292,-80.852,36.814,6145.847,56573.270,20131009_072650,479185,20384,42199,7408
1,KFCX20131009_113240_V06,9.068,0.052,192.935,348.525,19.410,-80.874,36.804,9704.858,58774.231,20131009_073240,479174,23665,43170,9204
5,KFCX20131009_112058_V06,-2.632,0.065,223.067,272.203,2.392,-80.707,37.149,1196.039,40900.169,20131009_072058,479172,17016,43062,4729
3,KFCX20131011_111611_V06,-9.202,0.101,201.825,342.479,3.223,-80.824,36.832,1611.502,53485.217,20131011_071611,479184,8444,38871,2921
3,KFCX20131011_112553_V06,0.498,0.196,202.167,343.722,12.322,-80.822,36.826,6160.951,53579.182,20131011_072553,479180,13326,43262,7353
3,KFCX20131011_113533_V06,10.164,0.057,199.453,361.013,13.374,-80.837,36.748,6686.773,58805.054,20131011_073533,479169,18494,46900,11506
3,KFCX20131011_114515_V06,19.864,0.297,205.302,371.890,32.059,-80.804,36.699,16029.747,59447.088,20131011_074515,479171,19816,47712,12714
5,KFCX20131011_112553_V06,0.498,0.830,223.461,282.787,11.730,-80.705,37.101,5864.887,39225.270,20131011_072553,479180,13326,43262,7353
5,KFCX20131011_113533_V06,10.164,0.856,227.300,293.303,24.650,-80.683,37.054,12325.095,36503.755,20131011_073533,479169,18494,46900,11506
5,KFCX20131011_114515_V06,19.864,0.729,225.243,300.368,31.455,-80.694,37.022,15727.561,37378.935,20131011_074515,479171,19816,47712,12714
8,KFCX20131011_113533_V06,10.164,0.229,370.699,313.394,2.879,-79.877,36.963,1439.266,35978.529,20131011_073533,479169,18494,46900,11506
8,KFCX20131011_114515_V06,19.864,0.093,371.068,311.564,14.927,-79.875,36.971,7463.412,36001.434,20131011_074515,479171,19816,47712,12714
8,KFCX20131011_115455_V06,29.531,0.101,375.960,310.208,12.802,-79.848,36.977,6400.917,38321.659,20131011_075455,479177,18523,44994,11470
7,KFCX20131011_113533_V06,10.164,0.337,121.546,382.742,24.855,-81.272,36.647,12427.546,98351.398,20131011_073533,479169,18494,46900,11506
1,KFCX20131012_112512_V06,-1.087,0.536,218.510,278.748,10.377,-80.733,37.119,5188.553,42107.889,20131012_072512,479171,13228,79388,3002
1,KFCX20131012_113454_V06,8.613,0.916,217.843,281.164,17.630,-80.736,37.108,8815.033,42144.370,20131012_073454,479176,14552,82463,4116
1,KFCX20131012_114436_V06,18.313,0.938,218.265,283.303,24.449,-80.734,37.099,12224.415,41711.686,20131012_074436,479176,16162,82257,5658
1,KFCX20131012_115416_V06,27.980,0.868,216.487,286.737,31.310,-80.744,37.083,15654.822,42279.819,20131012_075416,479176,18707,82853,7379
1,KFCX20131012_120358_V06,37.680,0.758,210.219,289.226,35.911,-80.779,37.072,17955.367,45212.714,20131012_080358,479178,17923,82944,6935
1,KFCX20131012_121339_V06,47.363,0.068,208.719,288.433,42.243,-80.787,37.075,21121.601,46005.663,20131012_081339,479171,17637,83872,5781
4,KFCX20131012_114436_V06,18.313,0.071,183.669,325.696,6.593,-80.927,36.907,3296.436,59567.634,20131012_074436,479176,16162,82257,5658
4,KFCX20131012_115416_V06,27.980,0.564,188.210,332.792,21.362,-80.901,36.875,10680.803,58250.187,20131012_075416,479176,18707,82853,7379
4,KFCX20131012_120358_V06,37.680,0.477,190.530,337.420,27.345,-80.888,36.854,13672.571,57844.542,20131012_080358,479178,17923,82944,6935
5,KFCX20131013_115332_V06,26.341,0.449,231.239,268.248,14.061,-80.661,37.167,7030.354,37868.838,20131013_075332,479173,7246,30285,3486
5,KFCX20131013_120313_V06,36.024,0.794,230.492,268.867,20.531,-80.665,37.164,10265.338,38080.914,20131013_080313,479175,8791,31095,4456
5,KFCX20131013_121253_V06,45.691,0.259,235.848,269.102,22.829,-80.635,37.163,11414.256,35602.550,20131013_081253,479176,8863,29401,4678
5,KFCX20131013_122234_V06,55.374,0.056,244.533,270.732,24.773,-80.586,37.156,12386.605,31357.592,20131013_082234,479180,8059,27549,4337
6,KFCX20131013_115332_V06,26.341,0.268,213.314,342.572,11.526,-80.760,36.831,5763.081,48287.762,20131013_075332,479173,7246,30285,3486
6,KFCX20131013_120313_V06,36.024,0.225,212.258,337.340,18.576,-80.766,36.855,9287.760,47678.627,20131013_080313,479175,8791,31095,4456
6,KFCX20131013_121253_V06,45.691,0.091,220.551,351.375,16.195,-80.719,36.792,8097.372,47306.171,20131013_081253,479176,8863,29401,4678
2,KFCX20131015_112429_V06,-4.538,0.681,210.288,281.403,4.810,-80.779,37.107,2405.195,45809.491,20131015_072429,479174,38456,70934,11722
2,KFCX20131015_113410_V06,5.146,0.275,208.199,282.199,17.181,-80.791,37.103,8590.676,46755.346,20131015_073410,479178,43092,58904,20304
2,KFCX20131015_114351_V06,14.829,0.434,211.021,284.080,22.465,-80.775,37.095,11232.533,45195.807,20131015_074351,479176,39422,42665,26283
2,KFCX20131015_115333_V06,24.529,0.076,216.748,285.876,24.906,-80.742,37.087,12453.132,42220.733,20131015_075333,479174,40432,43763,29125
1,KFCX20131015_112429_V06,-4.538,0.840,197.553,338.126,5.247,-80.849,36.851,2623.503,54655.703,20131015_072429,479174,38456,70934,11722
1,KFCX20131015_113410_V06,5.146,0.423,199.013,339.803,14.725,-80.840,36.843,7362.497,54273.738,20131015_073410,479178,43092,58904,20304
6,KFCX20131015_123219_V06,63.296,0.179,254.706,63.163,9.058,-80.532,38.091,4528.858,120564.713,20131015_083219,479178,44222,54029,27459
1,KFCX20131016_112444_V06,-5.210,0.462,212.808,280.318,5.817,-80.765,37.112,2908.428,44692.859,20131016_072444,479173,3512,18707,2237
1,KFCX20131016_113424_V06,4.457,0.888,217.752,278.046,13.023,-80.737,37.122,6511.644,42563.952,20131016_073424,479178,7702,20087,5956
1,KFCX20131016_114406_V06,14.157,0.633,219.894,278.507,17.055,-80.725,37.120,8527.450,41469.562,20131016_074406,479176,8245,19792,6215
3,KFCX20131017_112242_V06,-8.171,0.388,209.730,280.273,4.771,-80.782,37.112,2385.593,46200.008,20131017_072242,479177,45564,62778,3550
3,KFCX20131017_112831_V06,-2.354,0.830,212.323,280.107,9.110,-80.767,37.113,4555.115,44952.839,20131017_072831,479176,50169,67639,4556
3,KFCX20131017_113420_V06,3.463,0.054,213.450,280.302,16.453,-80.761,37.112,8226.514,44381.532,20131017_073420,479170,54305,70274,5750
1,KFCX20131018_112429_V06,-7.321,0.897,216.269,284.686,14.949,-80.745,37.092,7474.695,42560.015,20131018_072429,479175,6805,32656,4251
1,KFCX20131018_113411_V06,2.379,0.963,219.912,288.840,26.907,-80.724,37.074,13453.738,40430.948,20131018_073411,479176,10642,29137,8325
1,KFCX20131018_114352_V06,12.063,0.768,225.352,296.019,40.793,-80.694,37.041,20396.560,37376.900,20131018_074352,479181,7830,27226,6470
1,KFCX20131018_115334_V06,21.763,0.182,233.736,284.929,58.422,-80.647,37.091,29210.772,33978.160,20131018_075334,479182,6501,25806,5099
1,KFCX20131019_104319_V06,-49.427,0.671,455.094,305.837,17.379,-79.403,36.995,8689.713,77601.750,20131019_064319,479174,108847,94517,40235
5,KFCX20131019_112958_V06,-2.777,0.210,209.642,280.044,7.607,-80.782,37.113,3803.381,46267.938,20131019_072958,479167,85692,86147,5876
1,KFCX20131020_112057_V06,-12.738,0.195,303.397,298.851,7.001,-80.255,37.029,3500.488,1792.966,20131020_072057,479179,1899,11116,1421
3,KFCX20131020_115004_V06,16.378,0.088,213.630,393.434,12.354,-80.757,36.602,6177.036,63619.312,20131020_075004,479180,5103,12507,4164
1,KFCX20131021_112446_V06,-9.873,0.067,211.407,280.044,4.395,-80.773,37.113,2197.622,45406.239,20131021_072446,479167,2052,7812,1529
1,KFCX20131027_113925_V06,-1.055,0.070,224.251,264.142,3.257,-80.701,37.185,1628.635,41903.603,20131027_073925,479172,5177,6077,4540
18,KFCX20131030_130239_V06,79.184,0.302,376.023,519.980,38.588,-79.852,36.032,19293.756,116372.827,20131030_090239,479169,275689,269710,22177
18,KFCX20131030_130829_V06,85.018,0.467,378.971,522.058,42.902,-79.836,36.023,21451.145,117841.160,20131030_090829,479173,270827,267515,21975
2,KFCX20131031_120615_V06,21.776,0.076,19.991,292.036,31.405,-81.848,37.050,15702.267,140060.993,20131031_080615,479178,19393,36055,8258
2,KFCX20131031_121801_V06,33.542,0.179,23.846,286.071,47.153,-81.827,37.077,23576.605,138252.285,20131031_081801,479179,19077,42396,5168
2,KFCX20131031_122742_V06,43.226,0.135,27.471,274.515,49.112,-81.808,37.129,24555.853,136858.835,20131031_082742,479171,18940,43868,3919
1,KFCX20131031_110809_V06,-36.324,0.108,46.984,128.429,56.400,-81.710,37.788,28200.029,152850.750,20131031_070809,479180,23076,43547,10707
23,KFCX20131101_124000_V06,54.513,0.114,22.770,436.129,31.220,-81.819,36.401,15609.911,154424.529,20131101_084000,479181,130071,135917,22116
23,KFCX20131101_124427_V06,58.963,0.631,24.753,433.832,37.880,-81.809,36.411,18939.940,153029.395,20131101_084427,479168,125779,133788,20638
23,KFCX20131101_124840_V06,63.179,0.577,29.388,422.635,42.451,-81.784,36.462,21225.498,148551.227,20131101_084840,479176,123645,134882,19523
23,KFCX20131101_125241_V06,67.196,0.440,33.099,418.767,43.383,-81.763,36.480,21691.568,146066.813,20131101_085241,479185,119230,135146,17501
23,KFCX20131101_125627_V06,70.963,0.116,40.427,410.415,48.942,-81.723,36.518,24470.905,141040.676,20131101_085627,479182,113841,131205,17412
21,KFCX20131101_123519_V06,49.829,0.055,442.130,118.571,58.888,-79.467,37.839,29443.901,115235.917,20131101_083519,479182,133138,137910,22111
21,KFCX20131101_124000_V06,54.513,0.061,440.870,120.575,64.749,-79.474,37.830,32374.515,114058.860,20131101_084000,479181,130071,135917,22116
7,KFCX20131101_114118_V06,-4.187,0.069,429.573,238.923,11.616,-79.543,37.297,5807.972,71623.166,20131101_074118,479185,128218,138313,10068
8,KFCX20131101_114118_V06,-4.187,0.064,374.127,273.167,8.237,-79.857,37.144,4118.687,39417.184,20131101_074118,479185,128218,138313,10068
13,KFCX20131101_115903_V06,13.563,0.100,139.920,128.595,26.998,-81.183,37.793,13499.221,117266.010,20131101_075903,479178,136904,146479,14977
15,KFCX20131101_120303_V06,17.563,0.052,260.803,454.543,20.547,-80.492,36.328,10273.491,79717.886,20131101_080303,479179,139144,149966,15733
6,KFCX20131107_121458_V06,23.318,0.472,41.724,329.571,57.528,-81.723,36.882,28763.857,129981.630,20131107_071458,479175,132311,149111,16737
6,KFCX20131107_122047_V06,29.135,0.408,44.400,324.571,69.042,-81.708,36.905,34520.877,128389.033,20131107_072047,479176,135986,155716,18043
6,KFCX20131107_122638_V06,34.985,0.388,54.036,310.829,79.505,-81.655,36.967,39752.558,123101.358,20131107_072638,479172,143757,164432,19512
4,KFCX20131107_115728_V06,5.818,0.084,38.988,500.374,44.091,-81.724,36.112,22045.319,164527.133,20131107_065728,479175,121206,128738,18511
4,KFCX20131107_120318_V06,11.651,0.292,43.299,498.770,53.244,-81.700,36.120,26621.880,162330.611,20131107_070318,479174,125624,134828,17839
3,KFCX20131107_115138_V06,-0.015,0.102,105.259,334.469,119.658,-81.366,36.864,59828.976,98884.128,20131107_065138,479169,114551,124947,16245
7,KFCX20131107_123227_V06,40.801,0.054,57.320,471.351,61.054,-81.624,36.244,30526.934,148538.475,20131107_073227,479176,153696,175336,19581
8,KFCX20131107_130725_V06,75.768,0.097,56.441,314.689,67.733,-81.641,36.950,33866.455,122000.665,20131107_080725,479181,210898,212775,30197
1,KFCX20131113_110552_V06,-52.018,0.060,294.891,360.221,6.097,-80.303,36.753,3048.372,30218.502,20131113_060552,479174,13922,21365,10111
4,KFCX20131116_123402_V06,33.033,0.181,152.248,147.039,24.346,-81.112,37.710,12172.836,106333.980,20131116_073402,479175,3319,8711,1360
4,KFCX20131116_124343_V06,42.717,0.085,158.742,142.291,31.281,-81.075,37.732,15640.678,105860.610,20131116_074343,479171,2581,9224,1102
2,KFCX20131117_113129_V06,-30.552,0.098,282.720,297.739,30.206,-80.371,37.034,15103.046,8713.606,20131117_063129,479172,4489,41312,562
5,KFCX20131122_124027_V06,33.291,0.065,326.493,111.924,17.751,-80.124,37.871,8875.717,94966.511,20131122_074027,479180,14699,19804,3285
5,KFCX20131122_124615_V06,39.091,0.183,329.032,110.945,26.167,-80.109,37.876,13083.633,95635.502,20131122_074615,479175,14446,20336,3295
5,KFCX20131122_125204_V06,44.908,0.177,347.889,110.680,21.897,-80.002,37.877,10948.383,97641.705,20131122_075204,479182,13090,18294,2528
1,KFCX20131125_130854_V06,58.731,0.278,28.047,376.401,54.203,-81.795,36.670,27101.376,141240.696,20131125_080854,479175,2843,6287,1767
1,KFCX20131125_131838_V06,68.465,0.182,30.012,377.775,65.343,-81.784,36.664,32671.653,140483.481,20131125_081838,479177,2575,7838,1548
6,KFCX20131127_123312_V06,21.063,0.075,22.328,456.927,27.975,-81.820,36.307,13987.577,159473.933,20131127_073312,479176,253378,276904,26439
2,KFCX20131205_120352_V06,-15.692,0.123,291.960,387.573,24.578,-80.319,36.630,12289.213,43970.446,20131205_070352,479182,10323,26424,799
6,KFCX20131205_133440_V06,75.108,0.077,311.659,292.036,17.818,-80.209,37.060,8909.237,7059.625,20131205_083440,479173,21592,27777,1181
4,KFCX20131209_131350_V06,50.936,0.594,46.469,417.583,48.277,-81.689,36.486,24138.592,139735.509,20131209_081350,479174,104521,116364,6539
4,KFCX20131209_131939_V06,56.752,0.153,48.564,416.462,56.972,-81.677,36.491,28486.011,138549.278,20131209_081939,479174,103983,114952,6607
3,KFCX20131209_115810_V06,-24.731,0.082,429.754,454.185,40.779,-79.552,36.327,20389.648,100758.771,20131209_065810,479174,116265,134741,8983
5,KFCX20131217_123926_V06,10.877,0.503,78.066,202.119,81.674,-81.528,37.459,40837.036,121280.171,20131217_073926,479175,27384,40704,1640
5,KFCX20131217_124908_V06,20.577,0.359,84.707,199.649,87.954,-81.491,37.470,43976.787,118766.106,20131217_074908,479178,25849,40002,1674
7,KFCX20131217_131813_V06,49.660,0.370,43.051,179.192,57.039,-81.728,37.560,28519.285,141966.066,20131217_081813,479176,21458,34297,1207
7,KFCX20131217_132755_V06,59.360,0.059,45.688,180.583,69.661,-81.713,37.553,34830.630,140476.953,20131217_082755,479179,19808,32062,1041
4,KFCX20131217_122945_V06,1.194,0.118,87.431,177.045,95.313,-81.477,37.572,47656.471,122783.729,20131217_072945,479174,30728,43155,2987
1,KFCX20131223_115322_V06,-38.363,0.074,66.591,176.389,71.008,-81.595,37.574,35504.120,132059.935,20131223_065322,479184,264391,282140,18546
1,KFCX20131223_115801_V06,-33.713,0.109,67.183,177.337,77.500,-81.592,37.569,38749.834,131577.025,20131223_065801,479165,259178,276507,19379
1,KFCX20131223_120240_V06,-29.063,0.132,73.459,177.550,78.956,-81.556,37.569,39477.855,128758.099,20131223_070240,479183,256680,276809,20416
1,KFCX20131223_120721_V06,-24.380,0.538,81.625,179.161,74.074,-81.510,37.562,37037.109,124789.530,20131223_070721,479179,255411,279652,20977
1,KFCX20131223_121202_V06,-19.696,0.170,84.737,178.436,75.387,-81.492,37.566,37693.644,123608.446,20131223_071202,479183,253476,277075,23736
1,KFCX20131223_121641_V06,-15.046,0.052,95.414,175.376,74.068,-81.432,37.580,37034.221,119777.461,20131223_071641,479181,255996,276577,26472
7,KFCX20131223_121202_V06,-19.696,0.169,31.513,356.147,54.620,-81.778,36.762,27310.246,137147.562,20131223_071202,479183,253476,277075,23736
7,KFCX20131223_121641_V06,-15.046,0.076,33.325,356.619,61.204,-81.768,36.760,30601.921,136309.841,20131223_071641,479181,255996,276577,26472
7,KFCX20131223_122120_V06,-10.396,0.100,28.616,349.169,52.892,-81.795,36.793,26446.154,137901.267,20131223_072120,479169,266625,280420,28687
7,KFCX20131223_122559_V06,-5.746,0.123,60.059,326.915,82.924,-81.620,36.895,41462.158,120722.770,20131223_072559,479189,271484,277798,31321
11,KFCX20131223_124436_V06,12.870,0.443,27.543,564.499,31.522,-81.782,35.823,15761.044,189863.411,20131223_074436,479180,269761,274625,30279
11,KFCX20131223_124915_V06,17.520,0.086,28.827,562.845,38.683,-81.775,35.830,19341.284,188826.781,20131223_074915,479177,272369,274885,33093
2,KFCX20131223_115322_V06,-38.363,0.070,68.942,373.352,76.208,-81.567,36.687,38103.844,121210.718,20131223_065322,479184,264391,282140,18546
1,KFCX20131224_124231_V06,10.358,0.103,43.938,186.592,51.908,-81.723,37.526,25953.880,140025.830,20131224_074231,479177,4059,12161,1221
1,KFCX20131224_125213_V06,20.058,0.164,57.695,168.275,74.121,-81.646,37.610,37060.274,137898.046,20131224_075213,479179,4181,12545,1062
1,KFCX20131224_130157_V06,29.791,0.075,71.907,153.793,78.833,-81.567,37.676,39416.745,135464.612,20131224_080157,479174,4477,15815,1167
2,KFCX20131224_125213_V06,20.058,0.197,28.950,340.615,25.619,-81.793,36.831,12809.649,137037.783,20131224_075213,479179,4181,12545,1062
