track_id,filename,from_sunrise,det_score,x,y,r,lon,lat,radius,geo_dist,local_time,n_radar_pixels,n_refAbove40_pixels,n_xcorrAbove0.95_pixels,n_xcorrBelow0.95_refAbove40_pixels
5,KAPX20160601_104135_V06,46.050,0.066,288.619,411.879,16.632,-84.791,44.404,8315.989,56228.287,20160601_064135,479173,123260,145477,22471
1,KAPX20160602_085635_V06,-58.445,0.088,205.537,467.537,10.046,-85.310,44.152,5022.994,96166.313,20160602_045635,479179,32993,37545,23978
2,KAPX20160604_093421_V06,-19.781,0.064,282.252,417.995,3.257,-84.831,44.376,1628.540,59661.328,20160604_053421,479178,38164,69005,14777
5,KAPX20160607_111148_V06,78.729,0.052,326.751,381.639,28.521,-84.551,44.540,14260.696,42954.935,20160607_071148,479180,27935,43291,10179
2,KAPX20160609_103036_V06,38.044,0.065,372.357,413.215,10.307,-84.266,44.397,5153.515,67181.179,20160609_063036,479182,14376,18527,10295
3,KAPX20160609_104956_V06,57.377,0.059,47.727,411.310,69.198,-86.303,44.395,34599.052,137868.932,20160609_064956,479171,13231,18746,9401
1,KAPX20160611_095955_V06,7.722,0.139,305.272,125.421,2.667,-84.686,45.693,1333.260,87329.287,20160611_055955,479179,8551,20294,6950
1,KAPX20160611_100934_V06,17.372,0.051,307.799,128.617,13.185,-84.670,45.678,6592.495,85780.207,20160611_060934,479172,10195,21301,8218
3,KAPX20160612_094429_V06,-7.588,0.142,524.712,464.438,12.754,-83.315,44.159,6376.835,139225.963,20160612_054429,479178,4930,28889,3769
3,KAPX20160613_092810_V06,-23.820,0.051,193.043,34.502,40.676,-85.411,46.100,20337.914,143116.092,20160613_052810,479184,27637,36324,6642
3,KAPX20160613_093123_V06,-20.603,0.097,194.343,35.024,45.015,-85.403,46.097,22507.252,142632.148,20160613_053123,479178,28555,37243,6515
2,KAPX20160617_090925_V06,-42.610,0.592,170.130,55.091,7.099,-85.558,46.006,3549.461,138606.236,20160617_050925,479176,17496,27919,12710
2,KAPX20160617_091905_V06,-32.944,0.107,170.503,56.007,17.265,-85.556,46.002,8632.605,138114.097,20160617_051905,479174,13265,22890,10071
1,KAPX20160617_085947_V06,-52.244,0.129,205.707,466.178,8.374,-85.309,44.158,4186.843,95533.238,20160617_045947,479169,27628,32536,20272
3,KAPX20160617_090925_V06,-42.610,0.239,334.570,156.031,2.353,-84.498,45.555,1176.296,74030.515,20160617_050925,479176,17496,27919,12710
1,KAPX20160619_093330_V06,-18.773,0.061,298.942,425.632,15.790,-84.726,44.342,7895.140,62818.085,20160619_053330,479183,28195,22455,25529
3,KAPX20160620_104908_V06,56.682,0.633,55.301,239.096,12.543,-86.276,45.171,6271.461,126082.037,20160620_064908,479177,9778,22427,6086
1,KAPX20160621_093357_V06,-18.716,0.216,287.938,428.728,16.166,-84.795,44.328,8083.015,64645.834,20160621_053357,479176,5213,18019,3812
1,KAPX20160621_094338_V06,-9.033,0.211,288.698,429.467,23.769,-84.791,44.325,11884.350,64979.753,20160621_054338,479180,9079,20602,6886
1,KAPX20160623_101031_V06,17.312,0.248,10.498,293.142,16.249,-86.553,44.923,8124.526,144791.852,20160623_061031,479182,30886,37575,16259
1,KAPX20160624_100740_V06,14.140,0.071,286.512,424.977,28.142,-84.804,44.345,14071.003,62851.398,20160624_060740,479181,16534,26050,12295
41,KAPX20160626_111551_V06,81.574,0.242,42.106,115.490,62.646,-86.376,45.725,31323.051,158550.710,20160626_071551,479179,154403,179290,11102
41,KAPX20160626_112043_V06,86.440,0.385,44.582,113.628,69.432,-86.361,45.734,34715.917,158092.217,20160626_072043,479180,163891,187170,10939
1,KAPX20160626_085739_V06,-56.626,0.101,325.876,417.143,2.577,-84.557,44.380,1288.355,59983.231,20160626_045739,479192,63406,76930,11682
6,KAPX20160626_092742_V06,-26.576,0.075,17.000,472.268,25.985,-86.488,44.118,12992.586,165654.305,20160626_052742,479176,65355,82582,12407
9,KAPX20160626_093643_V06,-17.560,0.133,306.481,118.056,76.009,-84.678,45.726,38004.379,91029.560,20160626_053643,479187,70583,90285,14968
33,KAPX20160626_105625_V06,62.140,0.058,346.523,45.860,36.933,-84.419,46.050,18466.633,129181.671,20160626_065625,479181,124012,149159,15291
33,KAPX20160626_110116_V06,66.990,0.059,360.780,36.867,33.076,-84.327,46.090,16537.930,135030.827,20160626_070116,479186,130652,156828,14116
1,KAPX20160629_111508_V06,79.479,0.190,130.273,69.515,4.995,-85.814,45.939,2497.622,143117.440,20160629_071508,479174,15274,41889,11341
28,KAPX20160701_112120_V06,84.598,0.269,331.020,135.893,13.646,-84.521,45.645,6823.051,83506.711,20160701_072120,479186,149351,180941,14602
28,KAPX20160701_112543_V06,88.981,0.057,331.023,136.012,19.945,-84.521,45.645,9972.652,83448.202,20160701_072543,479186,149524,180203,15029
5,KAPX20160701_092952_V06,-26.869,0.070,267.404,254.530,20.988,-84.927,45.112,10494.093,27973.372,20160701_052952,479181,215177,214992,29138
17,KAPX20160701_101940_V06,22.931,0.070,296.925,394.267,19.695,-84.739,44.483,9847.374,47158.573,20160701_061940,479189,154819,175474,16565
1,KAPX20160702_085759_V06,-59.339,0.062,204.297,469.953,8.813,-85.318,44.141,4406.504,97523.275,20160702_045759,479184,23368,42010,17085
1,KAPX20160702_090740_V06,-49.655,0.054,205.031,468.519,16.313,-85.313,44.147,8156.461,96718.439,20160702_050740,479178,21520,43138,16075
2,KAPX20160702_090740_V06,-49.655,0.050,386.102,297.184,4.732,-84.174,44.919,2366.089,43073.821,20160702_050740,479178,21520,43138,16075
3,KAPX20160702_100544_V06,8.411,0.163,210.954,500.330,13.352,-85.275,44.004,6676.004,109614.642,20160702_060544,479180,19421,42477,16120
4,KAPX20160702_105408_V06,56.811,0.098,465.462,537.574,5.707,-83.691,43.834,2853.474,144757.844,20160702_065408,479176,15317,42036,12115
2,KAPX20160704_101420_V06,15.749,0.164,279.839,344.495,8.567,-84.847,44.707,4283.474,24424.634,20160704_061420,479173,15187,27776,12124
2,KAPX20160704_102400_V06,25.416,0.219,279.005,346.024,19.915,-84.852,44.700,9957.626,25293.354,20160704_062400,479167,14939,27840,11954
1,KAPX20160704_094521_V06,-13.234,0.091,420.781,391.310,26.051,-83.960,44.494,13025.534,75705.931,20160704_054521,479172,10214,27939,7662
1,KAPX20160705_090046_V06,-58.491,0.158,336.539,172.846,9.729,-84.486,45.479,4864.414,66149.790,20160705_050046,479170,10885,20669,8094
1,KAPX20160705_091025_V06,-48.841,0.249,337.850,170.946,19.202,-84.478,45.488,9601.049,67244.779,20160705_051025,479175,9731,21612,7005
1,KAPX20160705_092005_V06,-39.174,0.073,338.207,170.884,16.261,-84.475,45.488,8130.730,67325.269,20160705_052005,479175,8184,20662,5719
2,KAPX20160705_090046_V06,-58.491,0.054,329.710,425.582,4.467,-84.533,44.342,2233.335,64524.265,20160705_050046,479170,10885,20669,8094
2,KAPX20160705_091025_V06,-48.841,0.052,335.261,419.828,18.188,-84.499,44.368,9094.227,62454.341,20160705_051025,479175,9731,21612,7005
4,KAPX20160705_094902_V06,-10.224,0.078,437.155,411.907,12.657,-83.859,44.400,6328.485,88507.974,20160705_054902,479186,12595,26489,9765
6,KAPX20160706_093917_V06,-20.675,0.065,332.864,172.134,9.160,-84.510,45.482,4580.013,66010.893,20160706_053917,479192,66138,81107,16283
6,KAPX20160706_094328_V06,-16.492,0.131,332.926,172.193,14.360,-84.509,45.482,7180.052,65989.869,20160706_054328,479186,66209,82714,16227
5,KAPX20160706_093917_V06,-20.675,0.081,290.647,412.645,5.376,-84.778,44.400,2687.885,56516.267,20160706_053917,479192,66138,81107,16283
8,KAPX20160706_100214_V06,2.275,0.060,515.148,413.014,13.780,-83.370,44.391,6889.887,121511.946,20160706_060214,479197,61663,84082,14310
1,KAPX20160707_094819_V06,-12.369,0.273,138.722,43.393,23.403,-85.762,46.057,11701.432,151540.390,20160707_054819,479183,46096,39892,37617
2,KAPX20160707_101717_V06,16.598,0.183,346.115,84.529,8.761,-84.423,45.876,4380.627,110175.123,20160707_061717,479180,48258,45684,38279
5,KAPX20160708_095529_V06,-5.955,0.419,259.639,156.018,19.166,-84.978,45.555,9582.844,74766.106,20160708_055529,479166,31752,63068,15640
5,KAPX20160708_095841_V06,-2.755,0.050,259.108,155.652,23.380,-84.982,45.556,11689.831,75014.375,20160708_055841,479175,31530,62666,15808
1,KAPX20160708_092639_V06,-34.789,0.056,322.422,176.294,3.030,-84.576,45.464,1514.759,62860.979,20160708_052639,479194,23160,57931,10285
2,KAPX20160708_093928_V06,-21.972,0.191,277.665,416.020,10.468,-84.860,44.385,5234.089,59075.144,20160708_053928,479178,29745,59394,15322
4,KAPX20160708_094905_V06,-12.355,0.275,267.884,153.887,25.416,-84.925,45.564,12708.176,74800.324,20160708_054905,479183,29353,63148,14232
8,KAPX20160708_100819_V06,6.878,0.085,275.041,400.489,14.445,-84.877,44.455,7222.691,51770.825,20160708_060819,479172,32069,61111,15868
10,KAPX20160711_110931_V06,65.675,0.269,244.432,235.943,16.158,-85.073,45.195,8079.086,42400.463,20160711_070931,479175,60535,64928,28092
10,KAPX20160711_111425_V06,70.575,0.382,245.908,235.864,21.925,-85.064,45.195,10962.734,41950.535,20160711_071425,479180,59678,64567,28265
10,KAPX20160711_111919_V06,75.475,0.104,239.620,233.711,29.208,-85.104,45.205,14603.752,44832.993,20160711_071919,479182,56693,62778,27997
1,KAPX20160711_092301_V06,-40.825,0.057,354.514,350.784,19.761,-84.376,44.678,9880.358,37251.662,20160711_052301,479176,161042,108077,78971
14,KAPX20160711_112414_V06,80.391,0.093,282.693,76.687,25.285,-84.831,45.912,12642.521,111991.203,20160711_072414,479176,56494,62981,29151
1,KAPX20160712_093853_V06,-25.805,0.322,437.666,259.536,18.339,-83.845,45.086,9169.563,71744.865,20160712_053853,479181,11469,16199,10419
2,KAPX20160712_110539_V06,60.961,0.067,25.937,133.931,35.530,-86.477,45.641,17765.150,160225.964,20160712_070539,479177,9521,26730,8150
1,KAPX20160713_094352_V06,-21.690,0.264,287.574,419.807,7.945,-84.798,44.368,3972.536,60224.827,20160713_054352,479174,23181,27545,20035
1,KAPX20160713_095330_V06,-12.057,0.087,288.026,421.628,18.235,-84.795,44.360,9117.524,61108.027,20160713_055330,479175,22612,32349,18500
1,KAPX20160714_090839_V06,-57.795,0.107,205.003,468.522,8.633,-85.313,44.147,4316.343,96726.384,20160714_050839,479177,24614,47131,15298
2,KAPX20160715_091134_V06,-55.787,0.288,342.073,324.316,15.464,-84.454,44.798,7732.166,24297.043,20160715_051134,479183,55750,72162,18548
2,KAPX20160715_091531_V06,-51.837,0.848,344.573,323.949,18.659,-84.438,44.799,9329.545,25299.773,20160715_051531,479181,52548,69364,18138
18,KAPX20160715_100827_V06,1.097,0.122,248.842,186.100,39.135,-85.047,45.419,19567.436,62430.799,20160715_060827,479180,20100,59950,4718
4,KAPX20160717_102519_V06,16.091,0.069,184.308,374.794,2.425,-85.448,44.568,1212.332,68881.660,20160717_062519,479179,18037,23995,15596
5,KAPX20160717_105416_V06,45.041,0.158,25.905,468.608,21.794,-86.432,44.136,10896.942,160901.251,20160717_065416,479177,19129,33810,16274
6,KAPX20160717_111334_V06,64.341,0.200,375.943,54.030,14.166,-84.229,46.013,7082.947,128713.627,20160717_071334,479181,20161,37244,17158
1,KAPX20160718_095553_V06,-14.305,0.058,284.453,429.625,18.632,-84.817,44.324,9316.099,65277.224,20160718_055553,479176,4732,22784,3862
1,KAPX20160719_094115_V06,-29.918,0.399,378.850,67.404,3.785,-84.211,45.953,1892.273,122798.833,20160719_054115,479182,12097,28354,7785
4,KAPX20160719_100035_V06,-10.584,0.110,283.902,415.837,4.716,-84.821,44.386,2358.189,58475.156,20160719_060035,479172,7401,22042,5251
2,KAPX20160720_094411_V06,-27.979,0.758,318.438,63.689,13.438,-84.601,45.970,6718.914,118514.458,20160720_054411,479174,16033,32312,11884
2,KAPX20160720_095604_V06,-16.096,0.087,320.528,63.931,24.253,-84.587,45.969,12126.605,118480.177,20160720_055604,479175,12191,32582,8932
1,KAPX20160720_092450_V06,-47.329,0.139,363.196,71.501,4.938,-84.312,45.934,2469.063,118538.755,20160720_052450,479179,30219,36577,22437
3,KAPX20160720_094411_V06,-27.979,0.082,437.657,275.609,7.514,-83.847,45.014,3757.011,69900.716,20160720_054411,479174,16033,32312,11884
5,KAPX20160722_095523_V06,-18.814,0.263,366.185,67.809,7.796,-84.293,45.951,3897.884,120719.838,20160722_055523,479180,20469,53825,13311
5,KAPX20160722_095836_V06,-15.598,0.363,366.453,67.420,12.315,-84.291,45.953,6157.370,120943.560,20160722_055836,479178,21518,57019,13972
5,KAPX20160722_100148_V06,-12.398,0.068,367.322,65.591,16.448,-84.286,45.961,8224.034,121942.562,20160722_060148,479171,22185,58585,14310
1,KAPX20160722_092633_V06,-47.648,0.143,369.874,63.400,6.104,-84.269,45.971,3052.021,123351.034,20160722_052633,479177,32944,59234,19998
3,KAPX20160722_094859_V06,-25.214,0.116,288.295,419.821,3.836,-84.793,44.368,1918.238,60195.800,20160722_054859,479185,17073,49596,11221
3,KAPX20160722_095211_V06,-22.014,-1.000,288.295,419.821,8.924,-84.793,44.368,4462.238,60195.800,20160722_055211,479171,19044,51300,12651
3,KAPX20160722_095523_V06,-18.814,0.068,288.690,420.379,3.867,-84.791,44.366,1933.670,60454.621,20160722_055523,479180,20469,53825,13311
8,KAPX20160722_111742_V06,63.502,0.056,21.307,287.331,20.405,-86.486,44.951,10202.663,139490.316,20160722_071742,479181,39211,79095,25595
1,KAPX20160723_092053_V06,-54.353,0.061,205.948,94.831,5.652,-85.325,45.829,2826.040,112849.469,20160723_052053,479177,108208,67814,73996
2,KAPX20160723_101520_V06,0.097,0.064,436.632,562.052,12.415,-83.872,43.725,6207.365,147766.055,20160723_061520,479182,61257,50964,48023
7,KAPX20160724_103104_V06,14.779,0.054,39.130,306.753,72.790,-86.370,44.865,36395.206,130478.526,20160724_063104,479179,176653,203995,15840
4,KAPX20160725_101428_V06,-2.885,0.076,464.990,585.637,7.890,-83.698,43.617,3945.038,164932.029,20160725_061428,479172,26035,30646,22439
4,KAPX20160725_102406_V06,6.748,0.076,466.089,586.717,16.634,-83.691,43.612,8316.816,165674.459,20160725_062406,479171,29645,31897,25803
4,KAPX20160725_103558_V06,18.615,0.068,470.041,588.518,10.983,-83.667,43.604,5491.601,167449.070,20160725_063558,479167,35390,32625,31150
1,KAPX20160725_092618_V06,-51.052,0.219,357.608,142.258,4.967,-84.350,45.616,2483.269,83966.131,20160725_052618,479170,109926,30615,95974
5,KAPX20160725_103558_V06,18.615,0.153,255.676,569.576,4.994,-84.995,43.694,2497.132,136597.534,20160725_063558,479167,35390,32625,31150
1,KAPX20160726_095842_V06,-19.728,0.162,440.154,293.572,7.820,-83.832,44.933,3909.943,70150.506,20160726_055842,479177,5492,18174,3762
1,KAPX20160727_095507_V06,-24.398,0.245,445.168,288.993,8.492,-83.800,44.953,4246.056,72792.263,20160727_055507,479180,9412,32850,4131
2,KAPX20160727_095850_V06,-20.682,0.138,297.391,417.644,8.306,-84.736,44.378,4152.912,58836.513,20160727_055850,479171,9770,32584,4653
2,KAPX20160727_100232_V06,-16.982,0.236,295.801,420.885,6.971,-84.746,44.363,3485.355,60479.023,20160727_060232,479177,9575,33388,4617
1,KAPX20160730_102311_V06,0.347,0.059,426.387,542.749,9.402,-83.934,43.812,4700.823,136839.888,20160730_062311,479174,10799,16348,5636
1,KAPX20160801_100243_V06,-22.376,0.136,422.852,290.294,6.832,-83.941,44.948,3415.966,61617.490,20160801_060243,479179,9190,24457,4421
1,KAPX20160803_102528_V06,-1.911,0.148,289.307,408.389,15.835,-84.787,44.420,7917.454,54457.503,20160803_062528,479171,21342,49569,13833
1,KAPX20160803_102910_V06,1.789,0.071,289.330,408.814,21.469,-84.787,44.418,10734.608,54667.724,20160803_062910,479170,23517,50176,14972
3,KAPX20160803_102528_V06,-1.911,0.054,299.188,97.946,1.867,-84.725,45.816,933.418,101027.718,20160803_062528,479171,21342,49569,13833
4,KAPX20160803_104020_V06,12.955,0.081,147.268,369.778,6.143,-85.681,44.589,3071.568,83958.212,20160803_064020,479187,25795,47315,16269
5,KAPX20160803_111041_V06,43.305,0.063,330.359,141.702,7.677,-84.525,45.619,3838.356,80591.250,20160803_071041,479181,19127,38273,11862
6,KAPX20160803_115218_V06,84.922,0.178,336.928,142.816,2.039,-84.483,45.614,1019.447,80731.959,20160803_075218,479181,14908,37052,10332
3,KAPX20160805_101604_V06,-13.619,0.088,296.488,416.296,2.982,-84.742,44.384,1491.167,58174.310,20160805_061604,479176,15328,39368,4648
1,KAPX20160806_103042_V06,-0.147,0.073,508.214,567.665,23.717,-83.428,43.695,11858.567,169556.276,20160806_063042,479175,11863,15668,8770
1,KAPX20160806_104022_V06,9.520,0.077,512.302,569.908,33.833,-83.403,43.685,16916.339,171699.507,20160806_064022,479173,14510,13815,11615
2,KAPX20160807_102550_V06,-6.179,0.310,439.590,573.140,21.889,-83.854,43.675,10944.260,153370.950,20160807_062550,479177,4478,9193,3338
2,KAPX20160807_103529_V06,3.471,0.231,442.203,569.640,28.108,-83.838,43.690,14053.917,152420.011,20160807_063529,479179,7055,8441,5777
1,KAPX20160808_104045_V06,7.569,0.077,494.687,547.791,29.186,-83.510,43.786,14592.857,157562.346,20160808_064045,479178,20542,13727,17281
2,KAPX20160809_102739_V06,-6.703,0.220,448.324,526.374,16.586,-83.797,43.885,8292.988,135319.199,20160809_062739,479170,12307,22710,9444
2,KAPX20160809_103719_V06,2.964,0.129,450.335,524.351,25.416,-83.784,43.894,12707.984,135031.423,20160809_063719,479161,15467,21744,12530
2,KAPX20160809_104658_V06,12.614,0.061,455.555,520.510,31.237,-83.751,43.911,15618.352,134927.865,20160809_064658,479173,19009,20047,16261
3,KAPX20160809_103719_V06,2.964,0.381,265.131,151.394,18.467,-84.943,45.576,9233.671,76320.942,20160809_063719,479161,15467,21744,12530
3,KAPX20160809_104658_V06,12.614,-1.000,265.131,151.394,33.811,-84.943,45.576,16905.421,76320.942,20160809_064658,479173,19009,20047,16261
3,KAPX20160809_105639_V06,22.297,0.094,269.998,151.605,32.907,-84.912,45.575,16453.295,75698.762,20160809_065639,479165,16878,20628,14171
4,KAPX20160809_105639_V06,22.297,0.058,357.872,287.228,13.304,-84.353,44.964,6652.035,29632.313,20160809_065639,479165,16878,20628,14171
2,KAPX20160813_095335_V06,-45.481,0.055,378.939,30.969,16.943,-84.209,46.116,8471.455,140186.286,20160813_055335,479176,288319,275715,32089
2,KAPX20160815_102041_V06,-20.746,0.068,414.586,528.952,31.711,-84.007,43.875,15855.749,128012.772,20160815_062041,479171,21885,40348,10488
2,KAPX20160815_102353_V06,-17.546,0.056,414.911,529.836,36.581,-84.005,43.871,18290.449,128480.915,20160815_062353,479180,23851,39203,12233
2,KAPX20160815_102706_V06,-14.329,0.070,421.328,530.544,38.555,-83.965,43.867,19277.518,130260.214,20160815_062706,479177,24613,39132,13207
1,KAPX20160815_094526_V06,-55.996,0.549,389.103,100.450,6.228,-84.147,45.804,3114.231,109269.550,20160815_054526,479180,127819,56803,95641
8,KAPX20160815_111156_V06,30.504,0.055,384.316,305.734,6.980,-84.186,44.880,3490.166,42255.194,20160815_071156,479183,47151,48515,28625
9,KAPX20160815_111156_V06,30.504,0.052,422.556,513.139,31.776,-83.956,43.946,15887.797,122930.776,20160815_071156,479183,47151,48515,28625
6,KAPX20160816_101751_V06,-24.764,0.063,284.227,414.421,39.865,-84.819,44.392,19932.690,57751.402,20160816_061751,479185,134884,150318,16713
11,KAPX20160817_120718_V06,83.502,0.089,511.715,273.002,27.175,-83.377,45.021,13587.543,106714.948,20160817_080718,479179,184440,181824,14472
2,KAPX20160818_104546_V06,0.783,0.066,44.478,287.706,8.596,-86.339,44.951,4298.105,127908.551,20160818_064546,479176,14297,23940,10452
3,KAPX20160818_104546_V06,0.783,0.062,154.142,279.436,11.119,-85.645,44.996,5559.671,73650.362,20160818_064546,479176,14297,23940,10452
3,KAPX20160819_100120_V06,-44.837,0.057,226.116,226.597,8.429,-85.190,45.237,4214.487,52074.125,20160819_060120,479186,35464,50370,9588
3,KAPX20160820_101652_V06,-30.490,0.061,292.298,417.264,12.499,-84.768,44.380,6249.544,58758.510,20160820_061652,479200,44829,63754,16228
1,KAPX20160822_105414_V06,4.503,0.071,503.372,540.192,33.595,-83.456,43.819,16797.590,157362.902,20160822_065414,479184,11429,22092,5931
2,KAPX20160822_110403_V06,14.320,0.277,368.204,286.520,20.915,-84.287,44.967,10457.329,34761.474,20160822_070403,479175,17528,23207,11153
2,KAPX20160823_095352_V06,-57.051,0.050,68.754,203.756,15.538,-86.195,45.331,7769.228,125237.384,20160823_055352,479185,47790,79584,9547
3,KAPX20160829_110309_V06,5.105,0.259,458.304,582.071,15.133,-83.739,43.634,7566.262,161728.400,20160829_070309,479176,101689,69688,75995
3,KAPX20160829_111249_V06,14.772,0.099,458.007,581.854,23.792,-83.741,43.635,11896.058,161561.098,20160829_071249,479167,97141,67242,73460
1,KAPX20160829_103410_V06,-23.878,0.235,497.911,553.282,11.423,-83.491,43.761,5711.339,160717.390,20160829_063410,479168,88341,60954,66314
2,KAPX20160829_104349_V06,-14.228,0.087,295.136,95.611,7.623,-84.751,45.827,3811.329,102223.545,20160829_064349,479172,78207,62625,57652
4,KAPX20160829_111249_V06,14.772,0.054,277.064,174.716,6.602,-84.866,45.471,3300.972,63683.225,20160829_071249,479167,97141,67242,73460
1,KAPX20160902_110500_V06,2.207,0.051,472.478,561.765,37.167,-83.649,43.724,18583.740,156739.948,20160902_070500,479178,7703,14326,5050
3,KAPX20160907_104646_V06,-21.952,0.199,386.777,357.142,13.571,-84.173,44.649,6785.606,51950.345,20160907_064646,479193,163742,123650,80559
3,KAPX20160907_105022_V06,-18.352,0.051,387.535,356.456,18.448,-84.168,44.652,9223.903,52081.025,20160907_065022,479187,150911,129260,65467
3,KAPX20160907_105411_V06,-14.535,0.088,391.329,355.098,20.191,-84.144,44.658,10095.667,53331.069,20160907_065411,479174,137446,131771,52153
3,KAPX20160907_110023_V06,-8.335,0.060,394.889,351.045,20.838,-84.121,44.676,10418.752,53873.480,20160907_070023,479190,124801,137336,37570
13,KAPX20160907_113431_V06,25.798,0.290,26.491,157.157,37.781,-86.471,45.537,18890.324,154281.493,20160907_073431,479190,158410,188211,19513
13,KAPX20160907_113850_V06,30.115,0.380,27.393,158.792,43.835,-86.465,45.529,21917.490,153504.274,20160907_073850,479183,166749,195905,18547
1,KAPX20160907_101746_V06,-50.952,0.054,359.461,438.612,38.009,-84.347,44.283,19004.414,75413.609,20160907_061746,479192,199416,91849,129060
2,KAPX20160907_104257_V06,-25.769,0.122,379.908,358.929,16.592,-84.216,44.641,8295.898,49643.452,20160907_064257,479174,178133,113078,98383
10,KAPX20160907_112557_V06,17.231,0.077,26.842,130.449,47.898,-86.472,45.657,23949.152,160750.467,20160907_072557,479178,141412,168646,21645
10,KAPX20160907_113014_V06,21.515,0.072,26.402,153.959,44.195,-86.472,45.551,22097.715,155067.694,20160907_073014,479177,150047,177751,20576
14,KAPX20160907_113431_V06,25.798,0.060,302.422,157.476,38.914,-84.704,45.548,19456.871,71272.403,20160907_073431,479190,158410,188211,19513
5,KAPX20160908_112553_V06,15.980,0.168,174.925,345.456,18.129,-85.509,44.700,9064.636,66539.664,20160908_072553,479180,17126,54958,7481
5,KAPX20160908_113532_V06,25.630,0.313,180.050,348.693,23.919,-85.476,44.686,11959.657,64728.190,20160908_073532,479182,18154,57874,7244
5,KAPX20160908_114510_V06,35.264,0.080,191.591,354.178,19.748,-85.403,44.661,9873.800,60596.659,20160908_074510,479170,20247,63236,6612
5,KAPX20160908_115449_V06,44.914,0.054,194.271,354.672,28.623,-85.386,44.659,14311.656,59514.193,20160908_075449,479173,23032,69264,6790
1,KAPX20160911_105517_V06,-18.172,0.057,520.640,464.616,18.461,-83.341,44.158,9230.410,137641.257,20160911_065517,479178,14750,28533,10600
1,KAPX20160914_122619_V06,69.307,0.081,32.258,507.995,36.081,-86.388,43.959,18040.499,169519.681,20160914_082619,479179,38739,55441,23726
1,KAPX20160916_110028_V06,-18.917,0.405,296.552,303.983,10.984,-84.742,44.889,5492.249,2634.074,20160916_070028,479176,1545,11883,938
1,KAPX20160916_111009_V06,-9.233,0.070,297.156,301.459,22.840,-84.738,44.901,11420.189,1597.897,20160916_071009,479174,1786,11746,1141
2,KAPX20160917_104753_V06,-32.688,0.436,38.998,189.231,56.494,-86.386,45.393,28246.887,141767.213,20160917_064753,479181,203168,203659,22062
2,KAPX20160917_105251_V06,-27.722,0.292,40.146,189.049,63.244,-86.379,45.394,31621.995,141274.668,20160917_065251,479182,210163,211375,21722
5,KAPX20160917_111240_V06,-7.905,0.082,46.252,209.727,55.672,-86.337,45.302,27836.006,134663.481,20160917_071240,479179,238549,247852,14520
5,KAPX20160917_111737_V06,-2.955,0.067,47.367,207.445,62.673,-86.331,45.312,31336.739,134527.038,20160917_071737,479180,248508,255415,15788
3,KAPX20160917_105251_V06,-27.722,0.080,324.396,101.372,71.656,-84.563,45.801,35828.037,100060.119,20160917_065251,479182,210163,211375,21722
2,KAPX20160919_111649_V06,-6.137,0.108,457.658,519.397,26.674,-83.738,43.916,13337.029,135084.235,20160919_071649,479182,13745,27293,7652
6,KAPX20160921_124430_V06,79.155,0.078,38.870,302.080,62.579,-86.372,44.886,31289.333,130569.064,20160921_084430,479176,100004,91981,34510
6,KAPX20160921_124857_V06,83.605,-1.000,38.870,302.080,69.654,-86.372,44.886,34827.083,130569.064,20160921_084857,479172,103594,92864,36668
6,KAPX20160921_125338_V06,88.288,0.080,46.382,292.429,77.501,-86.326,44.930,38750.329,126865.563,20160921_085338,479180,101612,92164,34440
6,KAPX20160922_112351_V06,-2.694,0.053,25.396,327.593,45.828,-86.454,44.770,22914.093,137993.638,20160922_072351,479170,215797,221680,37917
6,KAPX20160922_112849_V06,2.272,0.309,26.120,329.433,51.374,-86.449,44.762,25687.020,137728.587,20160922_072849,479179,201883,212521,34734
6,KAPX20160922_113347_V06,7.239,0.440,31.441,329.548,49.996,-86.416,44.762,24997.880,135089.845,20160922_073347,479179,196113,211576,31601
6,KAPX20160922_113828_V06,11.922,0.525,37.908,326.067,53.830,-86.375,44.778,26915.071,131692.506,20160922_073828,479172,188809,206081,29412
6,KAPX20160922_114254_V06,16.356,0.208,43.588,322.117,55.550,-86.340,44.796,27775.168,128682.244,20160922_074254,479182,182738,200454,28612
10,KAPX20160922_121048_V06,44.256,0.057,16.076,393.528,28.503,-86.504,44.472,14251.335,149465.918,20160922_081048,479181,164663,194188,21715
10,KAPX20160922_121515_V06,48.706,0.274,17.568,393.037,35.223,-86.495,44.475,17611.443,148680.638,20160922_081515,479186,160772,193718,21067
10,KAPX20160922_121927_V06,52.906,0.637,24.724,395.184,40.025,-86.449,44.466,20012.699,145633.754,20160922_081927,479183,160138,192547,20989
10,KAPX20160922_122322_V06,56.822,0.419,30.105,392.855,42.827,-86.416,44.477,21413.250,142710.480,20160922_082322,479172,160300,191647,21886
10,KAPX20160922_122718_V06,60.756,0.102,31.460,386.526,41.653,-86.408,44.505,20826.557,141067.690,20160922_082718,479176,159216,192422,20985
10,KAPX20160922_123100_V06,64.456,0.097,33.864,377.390,35.378,-86.394,44.547,17689.106,138580.052,20160922_083100,479185,157140,193351,19924
3,KAPX20160922_110858_V06,-17.578,0.071,65.795,325.781,73.983,-86.199,44.782,36991.730,117809.650,20160922_070858,479176,272921,216278,84036
1,KAPX20160926_103126_V06,-59.939,0.294,255.977,169.316,5.668,-85.001,45.495,2833.948,68949.976,20160926_063126,479175,132112,167396,11864
1,KAPX20160926_103552_V06,-55.505,0.061,256.815,169.160,11.346,-84.996,45.496,5673.246,68891.507,20160926_063552,479169,129101,165238,11580
13,KAPX20160926_113456_V06,3.561,0.063,243.786,262.780,18.916,-85.077,45.074,9458.075,33709.331,20160926_073456,479183,141982,179411,13053
13,KAPX20160926_113953_V06,8.511,0.055,245.736,262.364,24.640,-85.064,45.076,12320.113,33019.354,20160926_073953,479169,144149,183920,12953
15,KAPX20160926_115445_V06,23.378,0.153,134.901,87.053,16.500,-85.783,45.860,8249.952,134725.565,20160926_075445,479174,173477,206140,16753
15,KAPX20160926_115944_V06,28.361,0.188,135.049,86.653,24.126,-85.782,45.862,12062.956,134838.620,20160926_075944,479169,183757,216731,16370
3,KAPX20160926_103126_V06,-59.939,0.121,99.641,158.050,5.263,-86.002,45.539,2631.536,122773.691,20160926_063126,479175,132112,167396,11864
8,KAPX20160926_110508_V06,-26.239,0.067,29.765,570.293,29.736,-86.395,43.679,14868.125,191105.322,20160926_070508,479167,118937,147965,13469
10,KAPX20160927_114503_V06,12.463,0.127,13.908,191.570,17.435,-86.546,45.381,8717.287,152975.396,20160927_074503,479163,62583,84146,10478
10,KAPX20160927_114816_V06,15.679,0.052,14.200,191.635,22.308,-86.544,45.380,11153.845,152827.323,20160927_074816,479171,65362,86307,10868
10,KAPX20160927_115128_V06,18.879,0.189,16.877,191.627,24.810,-86.527,45.381,12405.147,151577.987,20160927_075128,479181,66716,88214,10840
10,KAPX20160927_115440_V06,22.079,0.195,19.141,192.783,26.795,-86.513,45.376,13397.499,150314.302,20160927_075440,479170,68436,90463,10893
10,KAPX20160927_115752_V06,25.279,0.192,23.276,194.767,28.821,-86.486,45.367,14410.554,148028.855,20160927_075752,479174,69695,91732,11095
10,KAPX20160927_120120_V06,28.746,0.091,25.593,195.441,32.620,-86.471,45.364,16309.772,146826.248,20160927_080120,479176,71593,93529,11651
10,KAPX20160927_120433_V06,31.963,0.068,26.644,194.496,42.921,-86.465,45.369,21460.300,146504.682,20160927_080433,479173,73976,95522,11730
10,KAPX20160927_120745_V06,35.163,0.065,24.502,174.180,31.727,-86.481,45.460,15863.279,151434.732,20160927_080745,479176,76372,98056,11919
9,KAPX20160927_114151_V06,9.263,0.054,22.629,480.755,25.219,-86.451,44.081,12609.417,165534.576,20160927_074151,479178,62004,83836,10129
9,KAPX20160927_114503_V06,12.463,0.109,23.018,481.059,30.154,-86.449,44.079,15076.994,165454.851,20160927_074503,479163,62583,84146,10478
9,KAPX20160927_114816_V06,15.679,0.123,26.649,481.381,33.952,-86.426,44.078,16975.805,164027.492,20160927_074816,479171,65362,86307,10868
9,KAPX20160927_115128_V06,18.879,0.086,31.593,480.856,35.506,-86.395,44.081,17752.943,161826.643,20160927_075128,479181,66716,88214,10840
15,KAPX20160927_120745_V06,35.163,0.078,16.645,498.629,23.470,-86.486,44.000,11735.025,173019.743,20160927_080745,479176,76372,98056,11919
15,KAPX20160927_121057_V06,38.363,0.109,17.033,499.243,28.682,-86.484,43.997,14341.231,173037.431,20160927_081057,479180,79109,101260,12310
15,KAPX20160927_121409_V06,41.563,0.051,20.756,501.945,32.880,-86.460,43.985,16439.956,172307.148,20160927_081409,479181,80966,103384,12610
3,KAPX20160927_104520_V06,-47.254,0.098,24.876,488.831,29.181,-86.436,44.045,14590.638,166846.003,20160927_064520,479172,59790,78520,11658
3,KAPX20160927_104833_V06,-44.037,-1.000,24.876,488.831,34.296,-86.436,44.045,17147.888,166846.003,20160927_064833,479171,60785,78944,11828
3,KAPX20160927_105145_V06,-40.837,0.055,27.856,490.430,37.237,-86.417,44.038,18618.373,166076.487,20160927_065145,479175,62187,78964,12845
18,KAPX20160927_122346_V06,51.179,0.280,178.137,67.707,17.570,-85.506,45.950,8784.775,131158.788,20160927_082346,479175,87805,111550,13096
1,KAPX20160929_122026_V06,45.405,0.074,248.227,194.185,2.977,-85.050,45.383,1488.510,58900.859,20160929_082026,479179,14620,36752,9786
1,KAPX20161006_105852_V06,-44.828,0.104,23.943,159.343,19.439,-86.487,45.526,9719.581,154912.842,20161006_065852,479173,202661,32549,185582
2,KAPX20161006_110833_V06,-35.145,0.321,295.672,96.548,6.360,-84.748,45.823,3180.103,101749.227,20161006_070833,479168,145884,45926,125099
5,KAPX20161006_123539_V06,51.955,0.082,123.168,256.293,28.032,-85.843,45.098,14015.797,91076.536,20161006_083539,479179,34729,50180,23513
2,KAPX20161007_123907_V06,54.167,0.107,23.885,79.036,24.377,-86.498,45.888,12188.536,176822.422,20161007_083907,479170,5097,41180,1788
2,KAPX20161013_110437_V06,-47.956,0.087,228.768,341.337,26.748,-85.169,44.720,13373.861,41178.778,20161013_070437,479185,101840,71995,61875
2,KAPX20161013_110753_V06,-44.689,0.157,228.698,340.956,31.827,-85.170,44.722,15913.678,41113.626,20161013_070753,479177,102127,71256,62790
2,KAPX20161013_111110_V06,-41.406,0.111,230.669,340.890,34.091,-85.157,44.722,17045.665,40245.502,20161013_071110,479175,99231,73861,59197
2,KAPX20161013_111426_V06,-38.139,0.152,231.032,343.026,32.743,-85.155,44.713,16371.666,40644.295,20161013_071426,479190,93076,76705,52973
14,KAPX20161013_124555_V06,53.344,0.138,236.001,361.820,28.243,-85.123,44.628,14121.658,44490.588,20161013_084555,479177,52096,56554,20939
14,KAPX20161013_124911_V06,56.611,0.176,236.006,361.611,33.307,-85.123,44.629,16653.684,44415.946,20161013_084911,479186,51815,56829,20640
14,KAPX20161013_125228_V06,59.894,0.101,238.540,363.706,34.782,-85.107,44.620,17391.223,44259.944,20161013_085228,479182,51349,57280,20371
9,KAPX20161013_121946_V06,27.194,0.294,247.054,285.321,14.857,-85.055,44.973,7428.574,27471.686,20161013_081946,479180,54770,60596,21583
9,KAPX20161013_122302_V06,30.461,0.110,247.293,285.119,19.916,-85.054,44.974,9957.793,27383.971,20161013_082302,479175,54643,60417,21555
4,KAPX20161016_120826_V06,11.985,0.313,277.564,305.796,14.690,-84.862,44.881,7344.852,11586.117,20161016_080826,479181,83369,97070,12622
1,KAPX20161019_112901_V06,-31.354,0.235,284.718,306.838,14.013,-84.816,44.876,7006.550,8370.949,20161019_072901,479175,46461,43942,34706
2,KAPX20161019_113853_V06,-21.487,0.316,373.916,193.757,6.364,-84.248,45.384,3181.824,64713.156,20161019_073853,479177,18085,28655,12698
1,KAPX20161020_120845_V06,7.062,0.109,279.602,99.583,12.561,-84.851,45.809,6280.704,100726.160,20161020_080845,479176,7072,18309,5964
2,KAPX20161020_121837_V06,16.928,0.416,262.278,176.292,15.091,-84.961,45.464,7545.694,64665.748,20161020_081837,479175,8572,18899,7165
11,KAPX20161021_123545_V06,32.738,0.214,376.584,382.422,13.015,-84.238,44.535,6507.593,56254.898,20161021_083545,479174,42588,51960,10871
6,KAPX20161024_120631_V06,-0.496,0.062,356.668,305.958,16.994,-84.361,44.880,8496.948,28490.274,20161024_080631,479176,54370,69610,13136
15,KAPX20161024_130855_V06,61.904,0.060,452.134,178.329,20.147,-83.747,45.451,10073.360,97401.944,20161024_090855,479172,44547,62235,9723
15,KAPX20161024_131212_V06,65.187,-1.000,452.134,178.329,25.367,-83.747,45.451,12683.610,97401.944,20161024_091212,479184,44873,61925,10207
15,KAPX20161024_131529_V06,68.471,0.069,460.943,186.746,22.566,-83.692,45.412,11282.986,98398.754,20161024_091529,479175,44898,61190,10350
1,KAPX20161025_110908_V06,-59.223,0.908,177.984,368.318,14.924,-85.488,44.597,7461.912,69919.830,20161025_070908,479177,20355,42364,10986
1,KAPX20161025_112115_V06,-47.106,0.238,177.796,363.624,25.258,-85.490,44.618,12628.804,68887.265,20161025_072115,479173,18978,40790,10646
1,KAPX20161025_113106_V06,-37.256,0.087,181.825,363.638,25.905,-85.464,44.618,12952.724,67110.221,20161025_073106,479173,19309,36140,11859
1,KAPX20161025_114058_V06,-27.390,0.110,192.104,366.552,28.653,-85.399,44.606,14326.413,63385.114,20161025_074058,479173,11397,34864,5914
6,KAPX20161025_120042_V06,-7.656,0.676,267.180,272.907,15.416,-84.928,45.029,7707.859,21278.887,20161025_080042,479176,6333,26119,4092
6,KAPX20161025_121035_V06,2.227,0.071,265.830,271.059,29.017,-84.937,45.037,14508.364,22389.578,20161025_081035,479168,7207,24881,5213
7,KAPX20161025_122027_V06,12.094,0.073,341.164,85.100,13.394,-84.455,45.874,6697.014,109403.628,20161025_082027,479179,7640,26580,5600
6,KAPX20161026_130543_V06,56.012,0.091,26.582,423.327,52.859,-86.434,44.339,26429.623,149972.476,20161026_090543,479180,33558,44280,2319
6,KAPX20161026_131535_V06,65.879,0.133,30.099,428.503,65.150,-86.411,44.316,32574.867,149465.572,20161026_091535,479179,35671,46257,2503
6,KAPX20161026_132529_V06,75.779,0.056,31.827,415.096,57.529,-86.402,44.377,28764.549,145914.192,20161026_092529,479177,38094,49360,2834
4,KAPX20161026_125550_V06,46.129,0.073,31.368,440.892,58.873,-86.402,44.261,29436.623,151668.779,20161026_085550,479185,31430,42407,2185
5,KAPX20161026_125550_V06,46.129,0.066,298.265,302.775,14.799,-84.731,44.895,7399.323,1636.307,20161026_085550,479185,31430,42407,2185
5,KAPX20161029_124455_V06,31.144,0.066,43.769,127.863,57.887,-86.364,45.670,28943.531,154341.665,20161029_084455,479177,3220,20884,1287
5,KAPX20161029_125447_V06,41.011,0.058,50.698,127.834,68.760,-86.319,45.671,34379.876,151486.261,20161029_085447,479174,2917,23453,1094
1,KAPX20161029_120521_V06,-8.422,0.080,34.934,418.148,47.831,-86.382,44.363,23915.504,145102.763,20161029_080521,479174,13193,39634,2686
3,KAPX20161029_121514_V06,1.461,0.095,480.461,22.909,13.365,-83.552,46.148,6682.346,165337.313,20161029_081514,479182,9881,33362,2391
4,KAPX20161029_122508_V06,11.361,0.197,32.567,291.167,27.690,-86.414,44.934,13844.810,133789.351,20161029_082508,479174,8148,26830,2037
3,KAPX20161103_112358_V06,-56.645,0.067,387.462,55.027,57.554,-84.155,46.008,28776.886,130058.970,20161103_072358,479184,64525,77320,9487
17,KAPX20161103_123903_V06,18.438,0.089,322.380,322.862,18.974,-84.578,44.804,9486.862,15996.543,20161103_083903,479183,77431,83297,14353
5,KAPX20161108_115613_V06,-31.260,0.065,254.397,148.343,73.303,-85.012,45.589,36651.581,79182.525,20161108_065613,479176,114069,113695,12692
1,KAPX20161110_113307_V06,-57.097,0.086,325.166,369.681,2.600,-84.561,44.594,1300.175,37042.967,20161110_063307,479172,906,39647,562
4,KAPX20161111_123143_V06,0.138,0.138,177.625,261.940,17.097,-85.497,45.076,8548.618,64078.279,20161111_073143,479175,10344,19046,3627
1,KAPX20161118_114941_V06,-51.310,0.064,298.060,302.059,14.583,-84.732,44.898,7291.679,1414.647,20161118_064941,479169,3488,14282,1327
1,KAPX20161118_120916_V06,-31.727,-1.000,298.060,302.059,45.721,-84.732,44.898,22860.429,1414.647,20161118_070916,479167,3567,13367,1637
1,KAPX20161118_121904_V06,-21.927,0.129,295.664,303.443,17.085,-84.747,44.892,8542.561,2768.252,20161118_071904,479162,3203,13221,1289
3,KAPX20161118_124827_V06,7.456,0.071,293.347,302.739,19.676,-84.762,44.895,9837.910,3597.393,20161118_074827,479175,4538,14546,2033
9,KAPX20161119_122826_V06,-13.878,0.430,20.845,408.184,27.741,-86.472,44.407,13870.634,149692.707,20161119_072826,479174,107532,133352,16730
9,KAPX20161119_123140_V06,-10.644,0.450,21.202,408.097,31.858,-86.470,44.407,15929.038,149510.425,20161119_073140,479175,112199,137634,18232
9,KAPX20161119_123454_V06,-7.411,0.386,22.981,407.400,32.453,-86.459,44.411,16226.412,148555.151,20161119_073454,479174,115054,141879,19013
9,KAPX20161119_123808_V06,-4.178,0.647,27.015,402.006,34.427,-86.434,44.435,17213.286,145710.487,20161119_073808,479175,117540,145694,19049
9,KAPX20161119_124122_V06,-0.944,0.690,30.288,403.251,33.505,-86.413,44.430,16752.572,144400.041,20161119_074122,479171,120612,149338,19049
9,KAPX20161119_124436_V06,2.289,0.652,33.224,404.154,33.674,-86.395,44.426,16836.900,143193.703,20161119_074436,479174,122640,151125,19350
9,KAPX20161119_124750_V06,5.522,0.487,34.900,406.241,33.424,-86.384,44.417,16712.023,142797.973,20161119_074750,479178,125776,154365,19900
9,KAPX20161119_125105_V06,8.772,0.345,36.597,405.351,34.899,-86.374,44.421,17449.629,141845.137,20161119_075105,479164,126300,158061,18249
9,KAPX20161119_125419_V06,12.006,0.400,39.303,403.721,38.616,-86.357,44.429,19307.929,140286.194,20161119_075419,479167,127017,159436,17611
17,KAPX20161119_130715_V06,24.939,0.239,23.571,192.171,25.851,-86.484,45.379,12925.613,148357.788,20161119_080715,479177,132070,169532,15407
17,KAPX20161119_131029_V06,28.172,0.273,24.703,191.043,29.955,-86.477,45.384,14977.543,148037.412,20161119_081029,479176,131684,169984,15411
17,KAPX20161119_131342_V06,31.389,0.204,28.150,188.294,31.969,-86.456,45.397,15984.672,146952.883,20161119_081342,479171,134155,172307,15255
17,KAPX20161119_131656_V06,34.622,0.099,35.577,162.521,46.890,-86.412,45.513,23445.072,149013.566,20161119_081656,479174,137919,174006,15923
17,KAPX20161119_132011_V06,37.872,0.135,35.686,161.997,51.566,-86.411,45.516,25782.950,149086.159,20161119_082011,479176,139638,174242,16749
20,KAPX20161119_134614_V06,63.922,0.111,25.456,273.954,47.108,-86.461,45.011,23554.117,137888.179,20161119_084614,479177,162731,212627,17166
5,KAPX20161120_134624_V06,62.781,0.083,286.364,51.100,22.194,-84.808,46.027,11096.912,124636.749,20161120_084624,479167,40030,146726,5958
3,KAPX20161124_121106_V06,-37.640,0.244,16.237,273.587,20.424,-86.520,45.012,10212.137,142494.672,20161124_071106,479172,182874,207450,18907
3,KAPX20161124_121420_V06,-34.406,0.457,16.579,273.687,25.303,-86.518,45.011,12651.615,142319.981,20161124_071420,479171,175974,201061,18674
3,KAPX20161124_122241_V06,-26.056,0.264,19.238,275.999,28.674,-86.500,45.001,14336.850,140893.191,20161124_072241,479177,156872,185063,16024
3,KAPX20161124_122555_V06,-22.823,0.115,20.840,281.642,31.291,-86.489,44.976,15645.265,139881.561,20161124_072555,479172,151766,179466,15313
1,KAPX20161124_120438_V06,-44.106,0.076,14.869,269.429,21.848,-86.529,45.030,10923.860,143382.788,20161124_070438,479177,200954,220048,20972
1,KAPX20161124_120752_V06,-40.873,0.143,14.999,269.942,25.866,-86.528,45.028,12932.903,143290.828,20161124_070752,479181,190994,213078,19922
7,KAPX20161125_131704_V06,27.080,0.060,11.947,359.606,19.856,-86.535,44.625,9928.175,147077.569,20161125_081704,479179,49571,68509,12043
7,KAPX20161125_132018_V06,30.313,0.138,12.556,359.228,23.995,-86.531,44.626,11997.687,146741.442,20161125_082018,479170,50451,68636,12691
7,KAPX20161125_132332_V06,33.546,0.084,17.404,360.593,20.264,-86.500,44.621,10132.128,144509.419,20161125_082332,479173,50593,68410,12861
7,KAPX20161125_132646_V06,36.780,0.106,18.294,360.228,24.777,-86.495,44.622,12388.476,144036.075,20161125_082646,479177,51804,69338,13317
7,KAPX20161125_132959_V06,39.996,0.185,27.427,358.206,22.246,-86.437,44.632,11123.230,139359.216,20161125_082959,479169,51751,69904,13876
19,KAPX20161201_140457_V06,67.837,0.241,325.594,287.571,9.911,-84.558,44.963,4955.696,14226.411,20161201_090457,479171,115694,118165,28070
19,KAPX20161201_141444_V06,77.621,0.095,323.339,288.701,22.311,-84.572,44.958,11155.535,12965.204,20161201_091444,479181,112878,110416,30166
5,KAPX20161201_124747_V06,-9.329,0.152,24.824,282.418,31.484,-86.464,44.973,15742.231,137868.412,20161201_074747,479170,162455,197934,23627
11,KAPX20161201_131711_V06,20.071,0.144,28.884,340.754,32.961,-86.431,44.711,16480.659,137081.172,20161201_081711,479165,142609,172431,21761
20,KAPX20161201_140457_V06,67.837,0.080,46.504,332.926,59.494,-86.320,44.748,29746.864,127812.487,20161201_090457,479171,115694,118165,28070
2,KAPX20161202_130433_V06,6.320,0.055,325.697,42.172,24.474,-84.554,46.067,12236.809,129552.733,20161202_080433,479170,101166,147628,15587
4,KAPX20161202_133357_V06,35.720,0.064,503.674,73.169,43.182,-83.407,45.920,21591.118,152426.742,20161202_083357,479173,108075,159347,13232
4,KAPX20161204_122920_V06,-31.062,0.116,25.058,407.951,46.205,-86.446,44.408,23102.415,147687.568,20161204_072920,479172,13653,39493,3734
4,KAPX20161204_123909_V06,-21.245,0.707,28.242,403.395,53.216,-86.426,44.429,26608.002,145381.286,20161204_073909,479167,13236,39070,2887
4,KAPX20161204_124857_V06,-11.445,-1.000,31.234,399.113,60.718,-86.408,44.449,30359.166,143229.175,20161204_074857,479182,11982,39228,2691
4,KAPX20161204_130834_V06,8.172,0.066,30.546,363.551,40.185,-86.417,44.609,20092.337,138423.626,20161204_080834,479169,8433,35832,2100
3,KAPX20161204_121933_V06,-40.845,0.051,251.316,275.350,8.347,-85.029,45.018,4173.252,27284.445,20161204_071933,479170,10864,37942,2022
6,KAPX20161204_134749_V06,47.422,0.109,37.446,243.516,44.718,-86.389,45.149,22358.950,134280.579,20161204_084749,479170,11177,31494,3287
7,KAPX20161204_141907_V06,78.722,0.076,538.241,353.440,15.899,-83.218,44.657,7949.730,122080.313,20161204_091907,479168,21220,39755,5311
1,KAPX20161210_122756_V06,-38.313,0.092,34.910,261.813,51.074,-86.403,45.067,25537.014,133913.288,20161210_072756,479170,87462,137237,5385
5,KAPX20161212_124129_V06,-26.472,0.126,16.243,216.318,24.148,-86.528,45.269,12074.224,147919.526,20161212_074129,479176,141163,158140,23714
5,KAPX20161212_130105_V06,-6.872,0.444,21.356,227.995,30.343,-86.494,45.217,15171.292,143898.493,20161212_080105,479164,84914,119227,14270
8,KAPX20161212_133031_V06,22.561,0.106,32.724,380.440,34.020,-86.401,44.533,17009.796,139559.391,20161212_083031,479168,41860,71926,7162
8,KAPX20161212_134020_V06,32.378,0.416,37.141,384.925,41.359,-86.373,44.513,20679.598,138118.899,20161212_084020,479176,36564,67232,5279
8,KAPX20161212_135009_V06,42.195,-1.000,41.298,389.146,49.183,-86.346,44.494,24591.731,136815.141,20161212_085009,479172,29647,65513,3941
8,KAPX20161212_140944_V06,61.778,0.082,59.018,414.304,26.476,-86.232,44.383,13238.085,133358.029,20161212_090944,479182,17612,59360,1726
8,KAPX20161212_141932_V06,71.578,0.089,55.821,419.112,43.114,-86.251,44.361,21557.040,135840.944,20161212_091932,479170,20487,56533,1615
7,KAPX20161212_133031_V06,22.561,0.170,102.836,301.766,46.593,-85.968,44.892,23296.288,98586.051,20161212_083031,479168,41860,71926,7162
1,KAPX20161216_124004_V06,-30.902,0.054,28.907,416.725,57.216,-86.420,44.369,28607.815,147577.051,20161216_074004,479167,13654,40245,3446
1,KAPX20161216_124952_V06,-21.102,0.089,42.179,367.570,81.203,-86.343,44.592,40601.418,133264.479,20161216_074952,479176,20176,48085,4207
4,KAPX20161216_133856_V06,27.965,0.143,31.579,391.599,63.642,-86.407,44.483,31820.879,141809.927,20161216_083856,479169,38905,82573,5777
1,KAPX20161217_140530_V06,53.867,0.156,25.755,143.876,33.200,-86.477,45.596,16600.088,157785.561,20161217_090530,479161,16458,17835,4425
1,KAPX20161219_122151_V06,-51.001,0.513,299.145,302.474,8.518,-84.725,44.896,4258.991,1308.744,20161219_072151,479173,1411,10568,548
1,KAPX20161219_123139_V06,-41.201,0.202,298.839,302.647,15.283,-84.727,44.895,7641.615,1445.331,20161219_073139,479175,2411,10908,1186
5,KAPX20161219_142922_V06,76.516,0.312,297.879,303.470,9.282,-84.733,44.892,4640.881,2033.517,20161219_092922,479171,2653,18341,714
5,KAPX20161219_143910_V06,86.316,0.544,296.531,304.451,15.399,-84.742,44.887,7699.466,2821.623,20161219_093910,479169,2933,16503,874
3,KAPX20161219_134020_V06,27.482,0.100,299.980,304.347,9.874,-84.720,44.888,4937.164,2173.500,20161219_084020,479170,2096,16682,748
1,KAPX20161221_121407_V06,-59.799,0.214,300.427,301.694,9.059,-84.717,44.900,4529.678,873.302,20161221_071407,479175,508,7357,325
13,KAPX20161226_142533_V06,69.675,0.056,390.845,264.609,13.979,-84.143,45.065,6989.689,48747.753,20161226_092533,479179,61899,74487,11087
