track_id,filename,from_sunrise,det_score,x,y,r,lon,lat,radius,geo_dist,local_time,n_radar_pixels,n_refAbove40_pixels,n_xcorrAbove0.95_pixels,n_xcorrBelow0.95_refAbove40_pixels
21,KGYX20220602_100802_V06,66.907,0.088,22.493,409.571,31.224,-71.969,43.385,15612.247,149177.682,20220602_060802,479178,78374,97942,18092
21,KGYX20220602_101243_V06,71.591,0.061,22.610,409.908,36.938,-71.969,43.384,18469.218,149185.495,20220602_061243,479174,70115,88694,18310
21,KGYX20220602_101724_V06,76.274,0.064,24.396,418.195,30.535,-71.957,43.347,15267.686,149939.749,20220602_061724,479178,63479,80216,17406
6,KGYX20220602_083348_V06,-27.326,0.109,458.897,418.626,38.998,-69.277,43.353,19499.216,99146.765,20220602_043348,479176,260163,263545,27471
9,KGYX20220602_090310_V06,2.041,0.187,244.882,296.960,25.375,-70.600,43.905,12687.332,27600.805,20220602_050310,479174,229319,236422,29197
20,KGYX20220602_100316_V06,62.141,0.075,497.040,132.988,91.359,-69.015,44.636,45679.634,129148.879,20220602_060316,479171,86578,106233,18586
22,KGYX20220602_100802_V06,66.907,0.054,77.981,422.560,34.646,-71.626,43.332,17323.072,126800.326,20220602_060802,479178,78374,97942,18092
1,KGYX20220603_085242_V06,-7.967,0.070,23.241,296.205,29.395,-71.979,43.895,14697.427,138392.370,20220603_045242,479173,17667,27548,9650
1,KGYX20220607_084913_V06,-9.981,0.065,11.852,158.427,17.286,-72.069,44.514,8643.223,160524.385,20220607_044913,479175,15369,31018,12543
1,KGYX20220607_090248_V06,3.602,0.071,13.703,160.945,29.287,-72.057,44.503,14643.543,159140.102,20220607_050248,479164,16830,30817,13933
1,KGYX20220607_090931_V06,10.319,0.053,17.025,147.164,22.774,-72.038,44.565,11387.068,160805.458,20220607_050931,479173,16263,31696,13174
4,KGYX20220609_090958_V06,11.282,0.157,29.537,176.094,48.033,-71.956,44.436,24016.632,148747.179,20220609_050958,479172,20323,28263,12055
4,KGYX20220609_091425_V06,15.732,0.180,28.976,175.422,52.997,-71.959,44.439,26498.423,149142.326,20220609_051425,479175,20684,28578,11778
1,KGYX20220609_080304_V06,-55.618,0.108,282.868,139.049,2.241,-70.365,44.616,1120.388,80930.331,20220609_040304,479171,21614,35182,15038
2,KGYX20220609_082943_V06,-28.968,0.064,27.554,318.880,37.802,-71.950,43.794,18901.115,136549.744,20220609_042943,479173,23327,38517,15140
1,KGYX20220612_090401_V06,5.826,0.111,514.847,459.316,29.191,-68.936,43.167,14595.502,133735.726,20220612_050401,479160,20423,19795,17257
2,KGYX20220612_094723_V06,49.192,0.082,388.524,267.603,11.092,-69.705,44.036,5546.017,47132.925,20220612_054723,479170,17054,19462,13827
1,KGYX20220613_080034_V06,-57.534,0.084,282.135,138.552,2.175,-70.369,44.618,1087.502,81216.589,20220613_040034,479172,117681,133807,19996
1,KGYX20220613_080558_V06,-52.134,0.387,282.146,138.737,7.704,-70.369,44.617,3852.240,81124.065,20220613_040558,479165,116850,131708,20930
1,KGYX20220615_080524_V06,-52.629,0.159,257.456,107.193,2.048,-70.526,44.759,1023.968,98722.461,20220615_040524,479170,17704,25750,14255
6,KGYX20220616_082534_V06,-32.482,0.077,78.126,13.419,14.766,-71.668,45.172,7383.074,181215.777,20220616_042534,479175,19270,29073,14430
6,KGYX20220616_083001_V06,-28.032,0.070,79.264,14.021,20.606,-71.661,45.170,10303.209,180629.776,20220616_043001,479175,19953,29242,14998
6,KGYX20220616_083428_V06,-23.582,0.149,82.671,18.494,21.451,-71.639,45.150,10725.459,177818.537,20220616_043428,479174,20283,29580,15206
6,KGYX20220616_083854_V06,-19.149,0.334,90.090,26.193,18.395,-71.591,45.116,9197.330,172505.303,20220616_043854,479179,20113,30198,15012
6,KGYX20220616_084321_V06,-14.699,0.091,91.161,27.092,23.712,-71.584,45.112,11856.199,171822.979,20220616_044321,479164,20371,30239,15212
7,KGYX20220616_083428_V06,-23.582,0.062,169.270,31.369,31.117,-71.087,45.097,15558.699,149376.061,20220616_043428,479174,20283,29580,15206
7,KGYX20220616_083854_V06,-19.149,0.057,170.423,31.663,36.908,-71.080,45.096,18454.039,148992.556,20220616_043854,479179,20113,30198,15012
9,KGYX20220616_085214_V06,-5.815,0.067,9.052,257.877,14.116,-72.073,44.067,7058.071,146990.674,20220616_045214,479169,19791,30167,14537
9,KGYX20220616_090108_V06,3.085,0.194,11.436,264.681,21.933,-72.057,44.036,10966.463,145358.921,20220616_050108,479175,19032,29977,13509
9,KGYX20220616_090535_V06,7.535,0.442,16.164,275.793,18.830,-72.026,43.987,9414.924,142433.436,20220616_050535,479170,18957,29342,13233
9,KGYX20220616_091002_V06,11.985,0.145,16.576,277.052,24.523,-72.023,43.981,12261.740,142175.669,20220616_051002,479169,19417,29745,13321
9,KGYX20220616_091429_V06,16.435,0.115,20.699,288.338,20.717,-71.996,43.931,10358.323,139772.083,20220616_051429,479177,18717,30074,12318
9,KGYX20220616_091855_V06,20.868,-1.000,20.699,288.338,27.766,-71.996,43.931,13882.823,139772.083,20220616_051855,479174,19782,29711,12949
9,KGYX20220616_092328_V06,25.418,0.052,24.919,291.472,24.092,-71.970,43.917,12045.842,137606.585,20220616_052328,479166,20974,29291,13641
1,KGYX20220616_080302_V06,-55.015,0.143,282.291,139.260,1.985,-70.368,44.615,992.722,80856.480,20220616_040302,479179,19703,28667,14867
2,KGYX20220616_080302_V06,-55.015,0.061,255.862,109.209,2.069,-70.536,44.750,1034.418,97915.033,20220616_040302,479179,19703,28667,14867
3,KGYX20220616_080729_V06,-50.565,0.129,254.318,53.931,20.926,-70.547,44.998,10463.238,125136.563,20220616_040729,479171,19991,28653,15142
12,KGYX20220616_091002_V06,11.985,0.324,207.751,115.277,22.143,-70.839,44.721,11071.321,103238.284,20220616_051002,479169,19417,29745,13321
13,KGYX20220616_091002_V06,11.985,0.051,281.916,139.158,2.175,-70.371,44.615,1087.746,80927.957,20220616_051002,479169,19417,29745,13321
1,KGYX20220617_080131_V06,-56.588,0.411,282.162,138.395,2.545,-70.369,44.619,1272.282,81293.351,20220617_040131,479177,49105,67444,10592
1,KGYX20220617_080730_V06,-50.605,0.097,281.981,138.334,9.845,-70.370,44.619,4922.419,81333.718,20220617_040730,479168,46945,64548,10723
12,KGYX20220617_090347_V06,5.679,0.081,282.308,138.580,2.184,-70.368,44.618,1092.102,81193.360,20220617_050347,479164,28727,40554,8591
14,KGYX20220617_092734_V06,29.462,0.072,282.760,138.444,2.185,-70.366,44.618,1092.747,81236.639,20220617_052734,479170,22740,30598,7675
1,KGYX20220618_080121_V06,-56.847,0.079,282.470,138.265,2.350,-70.367,44.619,1174.919,81341.190,20220618_040121,479166,19551,32260,9605
1,KGYX20220618_080650_V06,-51.364,0.367,282.322,138.351,7.962,-70.368,44.619,3980.848,81306.333,20220618_040650,479176,18931,32655,9144
5,KGYX20220618_091125_V06,13.220,0.108,282.453,139.140,2.012,-70.367,44.615,1005.905,80907.321,20220618_051125,479169,18306,32128,7857
5,KGYX20220618_091654_V06,18.703,-1.000,282.453,139.140,10.730,-70.367,44.615,5365.155,80907.321,20220618_051654,479170,19423,31865,8586
5,KGYX20220618_092222_V06,24.170,0.064,282.784,138.338,2.351,-70.365,44.619,1175.587,81288.241,20220618_052222,479171,18658,32561,7885
13,KGYX20220618_102009_V06,81.953,0.115,391.673,346.629,12.343,-69.688,43.680,6171.389,51425.428,20220618_062009,479171,39878,54511,8991
1,KGYX20220621_080418_V06,-54.389,0.063,257.504,107.532,2.354,-70.525,44.757,1177.105,98551.907,20220621_040418,479170,26362,42870,18990
2,KGYX20220622_090156_V06,3.009,0.086,382.113,521.907,14.161,-69.754,42.892,7080.475,118306.161,20220622_050156,479172,18228,38640,11679
2,KGYX20220622_090628_V06,7.543,0.222,381.776,522.136,20.397,-69.756,42.891,10198.678,118354.954,20220622_050628,479172,17598,38616,10985
5,KGYX20220622_094452_V06,45.943,0.086,468.772,529.130,30.837,-69.224,42.855,15418.390,142288.898,20220622_054452,479172,14729,36739,10059
5,KGYX20220622_094917_V06,50.359,0.054,468.220,528.958,37.141,-69.228,42.856,18570.559,142056.018,20220622_054917,479170,15112,36327,10436
1,KGYX20220622_084424_V06,-14.524,0.107,282.073,139.046,2.368,-70.370,44.616,1184.120,80974.801,20220622_044424,479181,16449,40637,10749
7,KGYX20220622_094917_V06,50.359,0.065,20.411,440.759,21.975,-71.978,43.245,10987.525,156511.258,20220622_054917,479170,15112,36327,10436
1,KGYX20220623_080031_V06,-58.677,0.061,280.036,138.331,4.951,-70.383,44.619,2475.658,81448.368,20220623_040031,479173,7971,43945,6502
1,KGYX20220623_080728_V06,-51.727,0.067,280.471,138.126,12.603,-70.380,44.620,6301.269,81523.675,20220623_040728,479171,8859,44749,7047
4,KGYX20220623_091712_V06,18.006,0.057,282.934,139.123,2.713,-70.364,44.615,1356.564,80889.978,20220623_051712,479166,8619,48066,6289
1,KGYX20220624_080454_V06,-54.598,0.065,224.003,337.521,12.075,-70.729,43.722,6037.582,42377.636,20220624_040454,479177,45677,55765,23698
2,KGYX20220624_092257_V06,23.452,0.352,512.595,477.669,18.604,-68.952,43.084,9302.060,138530.662,20220624_052257,479174,17509,23422,11806
1,KGYX20220625_080426_V06,-55.402,0.059,282.214,139.374,2.451,-70.369,44.614,1225.407,80804.002,20220625_040426,479171,22959,25626,18446
1,KGYX20220628_080118_V06,-59.745,0.346,281.310,139.281,2.749,-70.375,44.615,1374.355,80901.178,20220628_040118,479186,23100,31943,12581
1,KGYX20220628_080447_V06,-56.261,0.055,282.935,139.186,2.446,-70.364,44.615,1222.954,80858.405,20220628_040447,479186,23157,31848,13030
4,KGYX20220628_084958_V06,-11.078,0.089,282.645,138.959,2.617,-70.366,44.616,1308.582,80986.793,20220628_044958,479186,18666,27771,13677
5,KGYX20220628_090722_V06,6.322,0.081,282.616,139.241,2.683,-70.366,44.615,1341.297,80847.935,20220628_050722,479193,14568,27167,10456
6,KGYX20220628_093842_V06,37.655,0.079,282.605,139.165,2.941,-70.367,44.615,1470.390,80886.535,20220628_053842,479185,11199,23397,8551
8,KGYX20220628_100310_V06,62.122,0.067,282.714,139.074,2.509,-70.366,44.615,1254.299,80926.098,20220628_060310,479191,10974,19611,8764
5,KGYX20220629_090537_V06,4.105,0.071,349.374,440.378,8.127,-69.953,43.259,4063.402,74404.145,20220629_050537,479170,17950,19818,15682
5,KGYX20220629_091240_V06,11.155,0.276,349.865,438.611,16.825,-69.950,43.267,8412.499,73654.037,20220629_051240,479172,17159,19785,14943
1,KGYX20220629_080224_V06,-59.111,0.200,256.991,108.650,2.601,-70.529,44.752,1300.514,98062.163,20220629_040224,479172,24478,26560,20166
2,KGYX20220629_080224_V06,-59.111,0.071,254.220,107.418,2.604,-70.546,44.758,1301.987,98974.203,20220629_040224,479172,24478,26560,20166
4,KGYX20220629_080926_V06,-52.078,0.065,288.372,115.595,2.221,-70.330,44.721,1110.271,92385.516,20220629_040926,479179,26384,27336,21728
1,KGYX20220630_080207_V06,-59.892,0.081,133.383,331.043,3.675,-71.291,43.747,1837.677,84742.001,20220630_040207,479175,21671,28948,16183
1,KGYX20220630_080851_V06,-53.158,0.080,133.418,331.196,11.343,-71.291,43.746,5671.540,84739.055,20220630_040851,479172,21182,29158,15971
1,KGYX20220701_080643_V06,-55.819,0.316,282.488,139.325,2.378,-70.367,44.614,1189.011,80813.197,20220701_040643,479171,24930,28347,18853
3,KGYX20220701_081327_V06,-49.085,0.144,466.310,75.865,46.712,-69.204,44.895,23356.152,139548.988,20220701_041327,479171,25999,28046,19842
3,KGYX20220701_082011_V06,-42.352,0.373,479.396,86.786,41.163,-69.122,44.845,20581.615,139322.756,20220701_042011,479166,28561,27926,22320
3,KGYX20220701_082654_V06,-35.635,-1.000,479.396,86.786,51.843,-69.122,44.845,25921.365,139322.756,20220701_042654,479168,28352,28271,22051
3,KGYX20220701_083338_V06,-28.902,0.104,510.152,114.084,28.495,-68.931,44.720,14247.353,140293.143,20220701_043338,479168,29159,27523,23224
4,KGYX20220701_081327_V06,-49.085,0.051,257.521,108.793,1.957,-70.525,44.751,978.329,97934.486,20220701_041327,479171,25999,28046,19842
1,KGYX20220703_081001_V06,-53.659,0.082,256.875,109.114,2.385,-70.529,44.750,1192.446,97848.311,20220703_041001,479168,24648,24325,20536
1,KGYX20220704_080637_V06,-57.672,0.077,282.202,139.221,2.547,-70.369,44.615,1273.525,80880.524,20220704_040637,479167,24828,26296,20327
3,KGYX20220705_091554_V06,10.972,0.228,283.025,139.256,2.838,-70.364,44.615,1419.216,80819.009,20220705_051554,479165,19703,23208,14991
3,KGYX20220705_092240_V06,17.739,0.115,282.515,139.292,10.756,-70.367,44.614,5377.788,80828.236,20220705_052240,479167,19005,22796,14312
1,KGYX20220705_081404_V06,-50.861,0.051,281.354,139.423,2.581,-70.374,44.614,1290.649,80827.958,20220705_041404,479168,26978,28547,19188
2,KGYX20220705_090144_V06,-3.194,0.076,281.658,140.042,2.748,-70.372,44.611,1373.924,80503.194,20220705_050144,479168,21339,24976,15507
6,KGYX20220705_094943_V06,44.789,0.092,32.896,454.884,35.594,-71.900,43.182,17797.020,154380.620,20220705_054943,479173,22060,22453,16131
8,KGYX20220706_101225_V06,66.824,0.091,26.952,393.099,35.411,-71.944,43.460,17705.269,144241.747,20220706_061225,479173,9605,17318,5933
8,KGYX20220706_101703_V06,71.457,0.110,27.370,393.735,42.006,-71.941,43.457,21003.178,144147.079,20220706_061703,479168,10841,16914,7350
8,KGYX20220706_102141_V06,76.091,0.450,33.953,399.037,44.373,-71.900,43.434,22186.315,141941.205,20220706_062141,479162,10152,16752,7057
8,KGYX20220706_102620_V06,80.741,0.266,42.595,404.545,47.798,-71.846,43.410,23898.911,138913.023,20220706_062620,479173,9423,17304,6304
3,KGYX20220706_085015_V06,-15.343,0.073,23.092,398.770,26.866,-71.967,43.434,13433.182,146998.205,20220706_045015,479174,18344,28522,7670
3,KGYX20220706_085446_V06,-10.826,0.119,23.538,400.399,33.243,-71.964,43.427,16621.669,147063.756,20220706_045446,479171,16916,27561,7067
3,KGYX20220706_090348_V06,-1.793,-1.000,24.229,402.916,46.363,-71.960,43.415,23181.488,147174.533,20220706_050348,479184,15137,25475,6851
3,KGYX20220706_090819_V06,2.724,0.059,26.464,421.268,33.979,-71.943,43.333,16989.750,149606.074,20220706_050819,479178,14187,23682,6523
1,KGYX20220707_081950_V06,-46.450,0.127,262.979,113.931,8.230,-70.491,44.728,4115.007,94858.222,20220707_041950,479171,36135,32354,29006
1,KGYX20220708_080735_V06,-59.415,0.134,282.105,139.274,2.439,-70.370,44.615,1219.395,80859.691,20220708_040735,479170,26099,31345,16312
2,KGYX20220708_080735_V06,-59.415,0.092,257.098,108.826,2.227,-70.528,44.751,1113.388,97964.173,20220708_040735,479170,26099,31345,16312
3,KGYX20220708_080735_V06,-59.415,0.057,256.936,111.712,2.809,-70.529,44.738,1404.440,96574.678,20220708_040735,479170,26099,31345,16312
5,KGYX20220708_093840_V06,31.669,0.057,282.930,139.208,1.914,-70.364,44.615,957.016,80847.535,20220708_053840,479168,16455,27449,10726
1,KGYX20220709_081218_V06,-55.437,0.065,257.199,108.702,2.329,-70.527,44.752,1164.257,98013.829,20220709_041218,479166,30986,27586,25303
2,KGYX20220709_081218_V06,-55.437,0.064,282.193,139.675,2.473,-70.369,44.613,1236.431,80655.556,20220709_041218,479166,30986,27586,25303
2,KGYX20220712_081830_V06,-51.587,0.084,19.901,197.633,29.100,-72.013,44.339,14550.218,149109.124,20220712_041830,479172,12625,20301,10636
2,KGYX20220712_082514_V06,-44.854,0.105,22.066,192.857,38.941,-72.000,44.360,19470.585,148935.229,20220712_042514,479175,13441,21282,11244
1,KGYX20220712_081146_V06,-58.321,0.066,283.459,139.096,2.283,-70.361,44.615,1141.373,80875.967,20220712_041146,479172,12336,19042,10465
1,KGYX20220713_081853_V06,-52.030,0.052,281.945,139.300,2.515,-70.371,44.614,1257.710,80855.643,20220713_041853,479168,20891,27622,16555
5,KGYX20220714_084402_V06,-27.726,0.253,409.786,172.646,31.239,-69.567,44.462,15619.438,84071.389,20220714_044402,479173,159238,139489,56863
5,KGYX20220714_085106_V06,-20.659,0.213,393.547,191.675,64.128,-69.670,44.377,32063.915,71563.397,20220714_045106,479168,149797,135936,52953
7,KGYX20220714_084402_V06,-27.726,0.068,288.916,281.222,30.726,-70.326,43.976,15363.182,10902.803,20220714_044402,479173,159238,139489,56863
1,KGYX20220716_081545_V06,-57.758,0.195,281.634,140.681,2.701,-70.373,44.608,1350.662,80186.989,20220716_041545,479172,28391,29382,23438
3,KGYX20220716_102925_V06,75.909,0.061,282.141,139.648,2.131,-70.369,44.613,1065.563,80671.906,20220716_062925,479169,18091,19970,15948
16,KGYX20220719_101005_V06,53.819,0.091,190.314,183.932,56.756,-70.945,44.412,28377.792,79847.968,20220719_061005,479183,21290,33493,8926
16,KGYX20220719_101342_V06,57.436,-1.000,190.314,183.932,62.506,-70.945,44.412,31253.042,79847.968,20220719_061342,479173,21399,34074,8926
16,KGYX20220719_101718_V06,61.036,0.122,189.597,183.995,67.857,-70.950,44.411,33928.518,80071.605,20220719_061718,479176,21595,33844,9218
18,KGYX20220719_101342_V06,57.436,0.315,160.414,274.912,28.317,-71.127,44.001,14158.400,70911.307,20220719_061342,479173,21399,34074,8926
18,KGYX20220719_101718_V06,61.036,0.403,162.112,275.122,34.153,-71.117,44.000,17076.411,70057.224,20220719_061718,479176,21595,33844,9218
3,KGYX20220719_091552_V06,-0.397,0.081,282.861,139.605,2.258,-70.365,44.613,1128.952,80654.108,20220719_051552,479190,36144,52072,8869
5,KGYX20220719_093353_V06,17.619,0.158,282.743,139.562,2.278,-70.366,44.613,1138.950,80681.602,20220719_053353,479192,27987,42593,9084
8,KGYX20220719_093728_V06,21.203,0.065,198.430,184.814,48.904,-70.895,44.408,24452.065,76785.887,20220719_053728,479184,26173,41076,9060
9,KGYX20220719_094104_V06,24.803,0.133,79.594,284.039,30.347,-71.630,43.955,15173.613,110491.396,20220719_054104,479176,24314,39053,8720
21,KGYX20220719_102430_V06,68.236,0.843,279.586,162.801,27.590,-70.385,44.509,13794.855,69354.637,20220719_062430,479169,20705,33879,9124
1,KGYX20220722_082731_V06,-51.645,0.050,346.492,156.889,2.941,-69.964,44.535,1470.638,75236.845,20220722_042731,479165,27840,27418,23269
1,KGYX20220723_083628_V06,-43.689,0.075,324.149,368.619,12.155,-70.107,43.582,6077.471,36372.157,20220723_043628,479168,35863,27544,28546
2,KGYX20220723_090143_V06,-18.439,0.080,12.901,160.727,16.479,-72.062,44.504,8239.355,159548.391,20220723_050143,479174,31969,28006,25318
1,KGYX20220724_083510_V06,-45.996,0.094,257.204,109.252,2.280,-70.527,44.749,1139.816,97744.712,20220724_043510,479170,31907,25297,26793
2,KGYX20220724_101020_V06,49.171,0.052,378.404,510.395,34.829,-69.777,42.944,17414.387,112264.364,20220724_061020,479169,26368,26563,22930
12,KGYX20220725_084412_V06,-37.981,0.088,183.003,344.550,15.358,-70.983,43.689,7678.850,62595.773,20220725_044412,479200,97748,115731,14607
12,KGYX20220725_084854_V06,-33.281,0.632,185.603,342.551,22.099,-70.966,43.698,11049.680,61027.115,20220725_044854,479205,95356,114205,14680
12,KGYX20220725_085329_V06,-28.698,0.366,196.703,338.789,23.754,-70.898,43.715,11877.247,55169.921,20220725_045329,479176,92867,109540,15737
10,KGYX20220725_084412_V06,-37.981,0.210,24.384,428.231,29.940,-71.955,43.302,14970.016,151993.071,20220725_044412,479200,97748,115731,14607
10,KGYX20220725_084854_V06,-33.281,0.521,26.052,427.372,35.816,-71.945,43.306,17908.069,151055.668,20220725_044854,479205,95356,114205,14680
5,KGYX20220725_083008_V06,-52.048,0.083,415.298,53.312,56.154,-69.526,44.999,28077.206,136151.220,20220725_043008,479191,106809,119825,14939
6,KGYX20220725_083008_V06,-52.048,0.053,225.504,375.983,14.492,-70.718,43.549,7245.758,53204.764,20220725_043008,479191,106809,119825,14939
19,KGYX20220725_092445_V06,2.569,0.061,399.091,292.576,33.012,-69.640,43.923,16505.951,49684.436,20220725_052445,479194,88568,107172,16279
1,KGYX20220727_090836_V06,-15.652,0.133,282.412,139.422,1.961,-70.368,44.614,980.255,80768.951,20220727_050836,479174,17065,25196,14646
1,KGYX20220729_082837_V06,-57.744,0.182,175.179,327.625,2.292,-71.032,43.764,1145.760,63920.785,20220729_042837,479178,37990,36510,26166
2,KGYX20220730_083347_V06,-53.645,0.643,367.473,230.684,7.550,-69.835,44.203,3774.960,48366.590,20220730_043347,479176,86974,68296,51981
2,KGYX20220730_083914_V06,-48.195,0.056,401.660,193.451,74.892,-69.619,44.369,37445.942,73633.282,20220730_043914,479173,85111,64484,52704
8,KGYX20220730_102422_V06,56.938,0.079,281.105,139.638,2.685,-70.376,44.613,1342.297,80735.453,20220730_062422,479172,54161,65444,23883
2,KGYX20220801_102011_V06,50.597,0.086,282.661,139.340,2.809,-70.366,44.614,1404.690,80796.587,20220801_062011,479178,37530,40111,24797
1,KGYX20220802_083854_V06,-51.775,0.060,282.914,138.608,2.428,-70.365,44.618,1214.016,81147.190,20220802_043854,479169,29178,26830,23976
10,KGYX20220805_101049_V06,36.843,0.095,181.692,337.290,20.114,-70.991,43.721,10057.062,62022.898,20220805_061049,479168,38606,39438,28035
10,KGYX20220805_101733_V06,43.577,0.242,184.703,339.796,26.181,-70.972,43.710,13090.656,60985.937,20220805_061733,479174,41668,43452,28001
10,KGYX20220805_102419_V06,50.343,-1.000,187.375,342.020,32.823,-70.956,43.700,16411.686,60104.123,20220805_062419,479174,44125,45616,28190
10,KGYX20220805_103103_V06,57.077,0.052,190.795,356.224,33.906,-70.934,43.636,16953.150,61414.351,20220805_063103,479172,47959,48915,29285
10,KGYX20220805_103752_V06,63.893,0.083,214.662,339.084,18.733,-70.786,43.714,9366.707,46931.106,20220805_063752,479174,51341,52808,29288
16,KGYX20220805_102419_V06,50.343,0.068,367.309,170.236,34.489,-69.834,44.475,17244.747,73091.128,20220805_062419,479174,44125,45616,28190
16,KGYX20220805_103103_V06,57.077,0.106,368.190,170.220,42.301,-69.828,44.475,21150.335,73302.201,20220805_063103,479172,47959,48915,29285
16,KGYX20220805_103752_V06,63.893,0.185,368.289,152.562,59.851,-69.827,44.554,29925.710,81242.558,20220805_063752,479174,51341,52808,29288
1,KGYX20220805_084156_V06,-52.040,0.115,380.638,333.765,13.296,-69.756,43.738,6648.012,43711.146,20220805_044156,479170,74517,26751,64906
10,KGYX20220809_092804_V06,-10.361,0.084,22.021,387.989,23.430,-71.975,43.482,11715.188,145786.103,20220809_052804,479177,26819,40976,5907
10,KGYX20220809_093359_V06,-4.445,0.415,25.373,386.326,29.831,-71.955,43.490,14915.294,143937.658,20220809_053359,479184,28837,42427,5640
10,KGYX20220809_093954_V06,1.472,-1.000,28.234,384.906,36.671,-71.937,43.497,18335.407,142360.135,20220809_053954,479196,31477,44574,5910
10,KGYX20220809_094647_V06,8.355,-1.000,31.563,383.255,44.629,-71.917,43.505,22314.300,140525.433,20220809_054647,479188,33210,46085,6429
10,KGYX20220809_095216_V06,13.839,-1.000,34.215,381.939,50.968,-71.900,43.511,25483.927,139064.336,20220809_055216,479194,34199,47932,6468
10,KGYX20220809_100237_V06,24.189,0.151,60.770,411.465,61.380,-71.733,43.380,30690.009,131961.803,20220809_060237,479184,36005,50419,6170
2,KGYX20220809_084402_V06,-54.395,0.079,361.089,125.847,15.379,-69.872,44.674,7689.396,92278.157,20220809_044402,479170,18864,30435,8967
12,KGYX20220809_093359_V06,-4.445,0.076,28.746,438.404,31.681,-71.927,43.256,15840.599,152261.893,20220809_053359,479184,28837,42427,5640
13,KGYX20220809_093954_V06,1.472,0.163,283.394,225.839,28.721,-70.361,44.225,14360.397,37998.708,20220809_053954,479196,31477,44574,5910
13,KGYX20220809_094647_V06,8.355,-1.000,283.394,225.839,39.665,-70.361,44.225,19832.647,37998.708,20220809_054647,479188,33210,46085,6429
13,KGYX20220809_095216_V06,13.839,0.185,309.619,220.544,37.816,-70.197,44.249,18907.887,40017.844,20220809_055216,479194,34199,47932,6468
13,KGYX20220809_100237_V06,24.189,-1.000,309.619,220.544,54.272,-70.197,44.249,27136.137,40017.844,20220809_060237,479184,36005,50419,6170
13,KGYX20220809_100728_V06,29.039,0.240,274.905,231.263,19.836,-70.414,44.201,9917.767,36587.329,20220809_060728,479193,37313,51976,6246
2,KGYX20220810_091809_V06,-21.399,0.100,254.715,97.915,17.950,-70.543,44.800,8974.930,103548.180,20220810_051809,479172,42524,59907,24876
1,KGYX20220811_102651_V06,46.178,0.071,31.259,410.011,56.309,-71.915,43.384,28154.659,145192.933,20220811_062651,479167,16067,26366,13255
1,KGYX20220811_103354_V06,53.228,0.176,34.550,407.887,65.882,-71.895,43.394,32941.173,143268.282,20220811_063354,479168,15166,26726,12595
4,KGYX20220812_094420_V06,2.535,0.224,213.140,500.776,13.036,-70.789,42.987,6518.032,109379.568,20220812_054420,479174,23804,29981,20817
4,KGYX20220812_095123_V06,9.585,0.105,211.272,505.523,24.353,-70.801,42.965,12176.565,111928.934,20220812_055123,479170,26222,29558,23145
4,KGYX20220812_100530_V06,23.702,0.052,208.346,515.377,30.739,-70.818,42.921,15369.608,117033.702,20220812_060530,479171,28420,30560,24915
1,KGYX20220812_090215_V06,-39.548,0.080,279.927,139.807,8.326,-70.383,44.612,4163.048,80723.017,20220812_050215,479168,90071,27018,81213
2,KGYX20220812_090215_V06,-39.548,0.057,380.338,510.584,29.397,-69.765,42.943,14698.358,112693.911,20220812_050215,479168,90071,27018,81213
1,KGYX20220813_093425_V06,-8.508,0.057,208.102,499.834,6.373,-70.820,42.991,3186.736,109975.989,20220813_053425,479165,35627,35766,29965
1,KGYX20220813_094122_V06,-1.558,0.737,206.839,499.347,12.698,-70.828,42.993,6349.222,110020.462,20220813_054122,479171,31156,34044,26063
1,KGYX20220813_094815_V06,5.325,0.514,205.932,499.716,13.107,-70.834,42.991,6553.577,110380.466,20220813_054815,479165,31161,31626,26605
1,KGYX20220813_100205_V06,19.158,0.191,203.663,500.873,18.432,-70.848,42.986,9215.961,111389.722,20220813_060205,479165,31609,28087,27244
2,KGYX20220813_101557_V06,33.025,0.060,205.370,560.286,18.637,-70.835,42.718,9318.457,138477.248,20220813_061557,479170,28893,27833,24723
3,KGYX20220814_094232_V06,-1.521,0.077,217.066,561.654,12.287,-70.763,42.713,6143.648,137241.341,20220814_054232,479168,39379,39705,29935
3,KGYX20220814_094936_V06,5.546,0.471,216.263,562.553,20.800,-70.768,42.709,10400.082,137791.675,20220814_054936,479173,36573,36423,28083
3,KGYX20220814_100343_V06,19.663,0.545,220.630,558.822,24.925,-70.741,42.726,12462.470,135358.987,20220814_060343,479166,32087,33908,24788
3,KGYX20220814_101047_V06,26.729,0.304,222.223,563.110,29.340,-70.732,42.706,14669.837,137182.587,20220814_061047,479169,29323,34039,22215
3,KGYX20220814_101750_V06,33.779,0.060,220.921,563.479,31.862,-70.740,42.705,15931.111,137545.263,20220814_061750,479168,27863,32702,21155
1,KGYX20220817_095254_V06,5.450,0.307,267.909,77.283,16.457,-70.460,44.893,8228.554,112508.470,20220817_055254,479167,51057,65184,23279
1,KGYX20220817_100649_V06,19.367,0.127,270.754,79.312,32.159,-70.442,44.884,16079.513,111308.894,20220817_060649,479170,51764,67137,23244
6,KGYX20220818_110103_V06,72.466,0.074,22.720,356.455,23.457,-71.975,43.624,11728.329,141484.595,20220818_070103,479177,256342,279226,20495
1,KGYX20220821_093623_V06,-15.607,0.313,435.386,117.765,2.367,-69.403,44.708,1183.628,113510.787,20220821_053623,479174,36578,35968,29901
1,KGYX20220821_094326_V06,-8.557,0.426,435.399,117.389,10.855,-69.403,44.710,5427.611,113666.025,20220821_054326,479164,36732,36077,29988
1,KGYX20220821_095028_V06,-1.524,0.061,438.179,106.667,26.710,-69.384,44.758,13354.815,118818.096,20220821_055028,479172,34449,37144,28235
5,KGYX20220822_095031_V06,-2.610,0.130,466.644,218.809,17.235,-69.214,44.252,8617.451,92685.262,20220822_055031,479172,29456,48756,20584
6,KGYX20220822_095031_V06,-2.610,0.067,23.197,359.558,43.051,-71.971,43.610,21525.408,141569.023,20220822_055031,479172,29456,48756,20584
8,KGYX20220822_104804_V06,54.940,0.196,35.128,294.271,30.670,-71.906,43.905,15334.764,132466.821,20220822_064804,479170,23821,40485,17090
2,KGYX20220823_103445_V06,40.486,0.097,282.714,138.773,2.318,-70.366,44.617,1159.168,81075.625,20220823_063445,479174,22198,46215,12176
1,KGYX20220826_090142_V06,-55.973,0.267,257.741,354.437,9.200,-70.519,43.646,4599.974,34457.290,20220826_050142,479175,173263,19617,162731
1,KGYX20220826_090647_V06,-50.889,0.076,258.987,353.656,15.563,-70.511,43.650,7781.303,33767.579,20220826_050647,479175,174689,19478,164215
1,KGYX20220827_090245_V06,-56.058,0.062,283.528,139.237,2.963,-70.361,44.615,1481.560,80802.538,20220827_050245,479174,53114,25837,47313
1,KGYX20220830_090719_V06,-54.895,0.199,261.078,115.406,6.739,-70.503,44.722,3369.370,94326.305,20220830_050719,479166,26659,21755,22623
3,KGYX20220901_092629_V06,-37.994,0.142,375.054,166.675,76.985,-69.785,44.490,38492.683,76499.544,20220901_052629,479179,60025,52908,36894
1,KGYX20220904_100801_V06,0.148,0.249,329.649,106.332,6.553,-70.070,44.763,3276.299,97962.283,20220904_060801,479165,26917,28368,22139
16,KGYX20220905_112622_V06,77.369,0.119,265.862,252.043,51.185,-70.470,44.107,25592.739,29433.125,20220905_072622,479160,165220,163596,33257
16,KGYX20220905_113219_V06,83.319,0.214,267.612,251.657,57.166,-70.459,44.109,28582.985,29094.810,20220905_073219,479171,168212,167380,32331
3,KGYX20220905_095015_V06,-18.748,0.192,379.554,282.822,13.903,-69.761,43.968,6951.702,40693.538,20220905_055015,479169,135846,122178,49724
2,KGYX20220907_100833_V06,-2.704,0.053,306.679,372.251,3.507,-70.216,43.566,1753.412,36279.471,20220907_060833,479176,77795,41501,66032
2,KGYX20220907_101310_V06,1.913,0.067,306.329,372.340,9.691,-70.218,43.566,4845.726,36308.226,20220907_061310,479175,82268,40704,70054
2,KGYX20220907_101747_V06,6.529,0.755,300.747,375.515,12.406,-70.252,43.552,6203.038,37759.504,20220907_061747,479171,94465,39819,81474
2,KGYX20220907_102224_V06,11.146,0.218,297.585,377.023,14.430,-70.272,43.545,7215.230,38530.663,20220907_062224,479174,106569,37357,93836
2,KGYX20220907_102702_V06,15.779,0.104,307.958,372.646,14.336,-70.208,43.564,7167.928,36540.200,20220907_062702,479170,112606,36184,100133
1,KGYX20220907_091304_V06,-58.187,0.055,26.648,417.623,47.481,-71.943,43.350,23740.616,148792.097,20220907_051304,479171,215703,25742,203053
1,KGYX20220908_101421_V06,1.968,0.214,302.432,375.002,9.585,-70.242,43.554,4792.702,37520.594,20220908_061421,479166,42605,38349,35241
1,KGYX20220908_102119_V06,8.935,0.847,304.422,373.767,12.747,-70.230,43.559,6373.399,36949.673,20220908_062119,479166,49530,36586,41795
1,KGYX20220908_102812_V06,15.818,-1.000,306.172,372.681,16.731,-70.219,43.564,8365.426,36471.333,20220908_062812,479169,54842,33448,47609
1,KGYX20220908_103505_V06,22.702,0.543,306.619,374.476,16.820,-70.216,43.556,8409.891,37384.555,20220908_063505,479169,58554,31093,51378
4,KGYX20220908_102812_V06,15.818,0.121,209.111,557.919,18.281,-70.812,42.729,9140.396,136732.227,20220908_062812,479169,54842,33448,47609
4,KGYX20220908_103505_V06,22.702,0.074,206.400,558.715,28.854,-70.828,42.726,14426.989,137563.336,20220908_063505,479169,58554,31093,51378
3,KGYX20220908_102812_V06,15.818,0.672,307.834,373.676,10.099,-70.208,43.560,5049.496,37045.561,20220908_062812,479169,54842,33448,47609
1,KGYX20220909_101000_V06,-3.509,0.602,305.260,369.341,8.836,-70.224,43.579,4418.184,34770.081,20220909_061000,479172,34678,34838,27833
1,KGYX20220909_101704_V06,3.558,0.695,306.015,369.615,15.963,-70.220,43.578,7981.521,34937.322,20220909_061704,479173,45058,33260,38043
1,KGYX20220909_102407_V06,10.608,0.380,307.386,371.605,20.331,-70.211,43.569,10165.650,35992.361,20220909_062407,479171,57509,32071,49268
5,KGYX20220909_102407_V06,10.608,0.216,346.464,149.682,7.119,-69.964,44.567,3559.727,78667.501,20220909_062407,479171,57509,32071,49268
6,KGYX20220909_102407_V06,10.608,0.075,328.323,105.412,10.080,-70.078,44.767,5039.871,98319.126,20220909_062407,479171,57509,32071,49268
6,KGYX20220912_112542_V06,68.807,0.061,309.495,108.206,37.970,-70.197,44.754,18985.058,96014.558,20220912_072542,479173,63307,38207,49252
6,KGYX20220912_113230_V06,75.607,0.307,308.786,111.367,42.827,-70.201,44.740,21413.425,94418.846,20220912_073230,479166,61473,36726,49074
6,KGYX20220912_113914_V06,82.341,0.360,313.646,121.418,33.184,-70.171,44.695,16591.934,89551.201,20220912_073914,479168,59612,35780,48033
5,KGYX20220912_111206_V06,55.207,0.084,305.947,104.618,34.845,-70.219,44.771,17422.325,97736.199,20220912_071206,479166,72483,38659,56339
3,KGYX20220915_101357_V06,-6.334,0.142,307.432,375.719,8.505,-70.211,43.551,4252.607,38041.513,20220915_061357,479176,11840,27488,10167
3,KGYX20220915_101821_V06,-1.934,0.189,307.383,374.718,15.601,-70.211,43.555,7800.279,37541.081,20220915_061821,479178,13438,26487,11478
1,KGYX20220915_092040_V06,-59.617,0.324,281.900,139.170,2.487,-70.371,44.615,1243.477,80922.672,20220915_052040,479176,23895,32426,18357
4,KGYX20220915_101357_V06,-6.334,0.079,329.884,403.615,31.260,-70.072,43.425,15630.239,53919.224,20220915_061357,479176,11840,27488,10167
4,KGYX20220915_101821_V06,-1.934,-1.000,329.884,403.615,38.256,-70.072,43.425,19128.239,53919.224,20220915_061821,479178,13438,26487,11478
4,KGYX20220915_102258_V06,2.683,0.081,335.988,406.728,30.108,-70.035,43.411,15054.106,56316.193,20220915_062258,479183,16535,26514,13980
1,KGYX20220918_092612_V06,-57.488,0.073,281.934,139.423,2.623,-70.371,44.614,1311.424,80795.199,20220918_052612,479166,30593,32722,19398
1,KGYX20220918_093256_V06,-50.755,0.055,281.848,139.547,10.330,-70.371,44.613,5165.133,80738.243,20220918_053256,479169,32327,33096,20120
5,KGYX20220919_100614_V06,-18.593,0.152,247.739,355.979,20.048,-70.581,43.639,10024.206,38291.309,20220919_060614,479170,130137,26996,119144
8,KGYX20220919_103725_V06,12.590,0.055,297.423,385.146,10.815,-70.273,43.508,5407.295,42592.498,20220919_063725,479169,33889,34397,25819
1,KGYX20220921_101818_V06,-8.810,0.318,282.071,381.498,4.937,-70.368,43.525,2468.597,41723.568,20220921_061818,479167,18777,26094,16104
1,KGYX20220921_102255_V06,-4.194,0.178,282.113,381.695,11.366,-70.368,43.524,5682.999,41814.913,20220921_062255,479173,14885,26287,12508
1,KGYX20220921_102725_V06,0.306,0.534,284.204,381.275,15.328,-70.355,43.526,7663.800,41397.616,20220921_062725,479178,14278,25214,11842
2,KGYX20220921_101818_V06,-8.810,0.194,282.151,139.112,2.209,-70.369,44.615,1104.469,80937.480,20220921_061818,479167,18777,26094,16104
7,KGYX20220923_101738_V06,-11.770,0.073,284.598,381.493,2.482,-70.352,43.525,1240.828,41468.053,20220923_061738,479177,8838,18787,7194
7,KGYX20220923_102107_V06,-8.287,0.850,285.578,383.219,7.031,-70.346,43.517,3515.490,42229.505,20220923_062107,479188,8990,18169,7406
7,KGYX20220923_102431_V06,-4.887,0.863,287.642,388.687,8.996,-70.333,43.492,4497.938,44772.089,20220923_062431,479203,9077,19160,7373
7,KGYX20220923_102800_V06,-1.404,0.894,289.341,393.709,12.095,-70.323,43.470,6047.714,47156.385,20220923_062800,479190,10704,19689,8545
7,KGYX20220923_103129_V06,2.080,0.907,291.541,395.885,14.558,-70.309,43.460,7279.137,48128.492,20220923_063129,479185,13021,20794,10331
7,KGYX20220923_103453_V06,5.480,0.802,294.572,398.990,16.416,-70.290,43.446,8207.935,49569.380,20220923_063453,479171,14052,21673,11033
7,KGYX20220923_103817_V06,8.880,0.469,296.566,401.108,19.009,-70.278,43.436,9504.651,50583.079,20220923_063817,479184,16369,22276,12777
7,KGYX20220923_104153_V06,12.480,0.348,297.586,405.620,21.122,-70.272,43.416,10561.182,52823.825,20220923_064153,479192,15893,22425,12448
2,KGYX20220923_095245_V06,-36.654,0.057,282.865,139.170,2.581,-70.365,44.615,1290.703,80870.163,20220923_055245,479170,16139,28350,11438
2,KGYX20220923_095614_V06,-33.170,0.129,282.837,139.163,7.154,-70.365,44.615,3576.917,80874.978,20220923_055614,479194,12690,27708,9041
1,KGYX20220923_093155_V06,-57.487,0.079,281.182,139.524,2.359,-70.375,44.613,1179.478,80787.996,20220923_053155,479187,20650,30340,14495
5,KGYX20220923_101410_V06,-15.237,0.077,281.723,138.796,2.698,-70.372,44.617,1348.778,81118.490,20220923_061410,479180,8061,19866,6444
10,KGYX20220923_104528_V06,16.063,0.070,281.508,139.436,2.669,-70.373,44.614,1334.461,80812.808,20220923_064528,479185,19542,22728,15299
11,KGYX20220923_114449_V06,75.413,0.129,281.200,139.457,2.748,-70.375,44.614,1373.867,80819.860,20220923_074449,479186,15984,18898,12678
1,KGYX20220929_094446_V06,-51.585,0.091,280.829,138.842,10.653,-70.378,44.616,5326.542,81147.233,20220929_054446,479165,193620,15549,192046
1,KGYX20221001_102116_V06,-17.426,0.123,297.371,147.159,2.505,-70.273,44.579,1252.544,76431.894,20221001_062116,479166,58545,34746,53898
1,KGYX20221002_104139_V06,1.781,0.053,281.423,139.654,2.564,-70.374,44.613,1282.234,80709.057,20221002_064139,479168,21585,33185,16587
3,KGYX20221005_110444_V06,21.315,0.222,282.203,139.870,2.247,-70.369,44.612,1123.314,80557.989,20221005_070444,479167,74879,94282,16335
6,KGYX20221005_110951_V06,26.432,0.050,451.169,320.290,30.385,-69.318,43.796,15192.650,76262.495,20221005_070951,479168,73725,94737,16262
6,KGYX20221005_111457_V06,31.532,0.151,444.428,314.232,25.891,-69.359,43.824,12945.400,72563.651,20221005_071457,479163,72494,93773,16249
1,KGYX20221007_104143_V06,-4.087,0.086,417.400,293.995,7.289,-69.526,43.916,3644.482,58776.969,20221007_064143,479171,47044,39550,36394
1,KGYX20221009_102553_V06,-22.324,0.110,27.657,186.486,49.152,-71.966,44.389,24576.096,147526.362,20221009_062553,479173,16042,30107,10743
1,KGYX20221009_103256_V06,-15.274,0.071,31.406,183.891,58.182,-71.943,44.401,29091.003,146308.079,20221009_063256,479164,16423,27160,10811
1,KGYX20221009_103940_V06,-8.541,0.061,30.254,161.019,48.481,-71.953,44.504,24240.437,151722.112,20221009_063940,479167,20146,27886,13384
1,KGYX20221009_104628_V06,-1.741,-1.000,30.254,161.019,59.293,-71.953,44.504,29646.437,151722.112,20221009_064628,479167,26794,30574,17814
1,KGYX20221009_110111_V06,12.976,0.058,35.977,155.935,59.421,-71.918,44.528,29710.456,150385.453,20221009_070111,479167,33849,37139,20137
6,KGYX20221010_113903_V06,49.634,0.058,54.979,319.545,75.644,-71.779,43.793,37821.938,122899.741,20221010_073903,479171,40699,43618,27037
6,KGYX20221010_114335_V06,54.167,-1.000,54.979,319.545,82.852,-71.779,43.793,41425.938,122899.741,20221010_074335,479178,40649,44441,26846
6,KGYX20221010_114806_V06,58.684,0.074,61.100,337.985,63.727,-71.739,43.711,31863.289,120950.587,20221010_074806,479166,42308,45117,28350
7,KGYX20221010_114335_V06,54.167,0.296,28.589,195.487,38.214,-71.959,44.349,19106.880,145419.113,20221010_074335,479178,40649,44441,26846
1,KGYX20221011_110609_V06,15.520,0.061,118.217,341.893,6.762,-71.384,43.697,3381.034,93273.993,20221011_070609,479174,20773,22723,18118
3,KGYX20221013_114233_V06,49.476,0.291,337.484,558.270,26.540,-70.028,42.729,13269.958,130487.835,20221013_074233,479170,17203,20998,13199
3,KGYX20221013_114937_V06,56.542,0.195,338.083,554.812,34.156,-70.024,42.744,17077.843,128820.925,20221013_074937,479172,17718,23932,13177
3,KGYX20221013_120345_V06,70.676,-1.000,339.151,548.638,50.164,-70.018,42.772,25081.928,125850.631,20221013_080345,479166,22191,28051,15230
3,KGYX20221013_121043_V06,77.642,0.217,327.790,526.719,20.352,-70.087,42.871,10176.094,114207.870,20221013_081043,479168,24372,29746,16621
3,KGYX20221013_121736_V06,84.526,0.119,322.033,526.189,32.574,-70.122,42.873,16286.973,113629.968,20221013_081736,479173,24121,32972,15229
1,KGYX20221013_112025_V06,27.342,0.051,420.825,518.743,29.573,-69.517,42.905,14786.737,124947.364,20221013_072025,479165,14655,15976,12484
1,KGYX20221022_121548_V06,71.456,0.129,263.133,300.093,8.755,-70.486,43.891,4377.716,18433.775,20221022_081548,479172,24652,19669,21309
1,KGYX20221105_102456_V06,-57.661,0.119,281.949,138.877,2.451,-70.371,44.616,1225.471,81065.630,20221105_062456,479172,9538,15480,7540
4,KGYX20221106_114043_V06,16.802,0.059,10.834,246.088,18.503,-72.063,44.120,9251.593,147074.546,20221106_064043,479173,10437,17755,8178
4,KGYX20221106_114624_V06,22.486,0.413,13.904,243.966,26.269,-72.044,44.130,13134.426,145766.029,20221106_064624,479172,10017,16830,7872
4,KGYX20221106_115206_V06,28.186,0.405,22.162,235.236,30.859,-71.994,44.170,15429.679,142643.337,20221106_065206,479164,9667,16394,7498
4,KGYX20221106_120358_V06,40.052,0.627,37.739,225.750,47.251,-71.898,44.214,23625.299,136284.593,20221106_070358,479179,9557,15082,7374
4,KGYX20221106_120948_V06,45.886,0.493,44.449,220.563,50.063,-71.857,44.238,25031.421,133806.212,20221106_070948,479167,9801,14379,7741
4,KGYX20221106_121539_V06,51.736,0.141,52.657,219.742,51.725,-71.805,44.242,25862.461,130019.175,20221106_071539,479175,9526,14063,7398
4,KGYX20221106_122142_V06,57.786,0.094,72.618,216.651,48.703,-71.681,44.258,24351.595,121088.210,20221106_072142,479172,9528,13623,7405
4,KGYX20221106_122745_V06,63.836,-1.000,89.128,213.902,47.233,-71.578,44.271,23616.632,113885.681,20221106_072745,479172,9801,14019,7415
4,KGYX20221106_123341_V06,69.769,0.093,88.357,239.699,9.758,-71.580,44.155,4878.846,110033.011,20221106_073341,479175,9511,13681,7383
4,KGYX20221106_123932_V06,75.619,0.102,87.466,240.690,20.500,-71.585,44.151,10250.233,110327.337,20221106_073932,479172,9525,13808,7440
1,KGYX20221106_102446_V06,-59.148,0.097,247.457,182.452,6.093,-70.587,44.420,3046.427,64378.319,20221106_052446,479172,11614,17964,7493
2,KGYX20221106_102446_V06,-59.148,0.058,283.082,138.903,2.346,-70.364,44.616,1173.206,80991.376,20221106_052446,479172,11614,17964,7493
2,KGYX20221107_103035_V06,-54.651,0.091,284.819,68.642,9.181,-70.353,44.932,4590.599,115927.550,20221107_053035,479173,59937,94602,10869
5,KGYX20221107_103631_V06,-48.718,0.050,119.307,350.136,30.744,-71.377,43.660,15371.795,93759.695,20221107_053631,479177,58547,91031,11029
5,KGYX20221107_104227_V06,-42.785,0.166,136.336,346.251,25.119,-71.272,43.679,12559.467,85036.793,20221107_054227,479171,56531,88435,11729
8,KGYX20221107_104831_V06,-36.718,0.067,249.206,382.524,47.137,-70.571,43.520,23568.708,48451.608,20221107_054831,479168,53420,85167,11916
12,KGYX20221107_120748_V06,42.565,0.058,283.148,139.275,2.443,-70.363,44.615,1221.630,80803.136,20221107_070748,479171,41641,72310,11850
12,KGYX20221107_121344_V06,48.499,-1.000,283.148,139.275,11.877,-70.363,44.615,5938.630,80803.136,20221107_071344,479170,39615,72275,12008
12,KGYX20221107_121940_V06,54.432,0.051,283.148,139.230,2.433,-70.363,44.615,1216.366,80825.448,20221107_071940,479170,38315,72045,11675
1,KGYX20221108_102824_V06,-58.155,0.185,282.388,138.946,2.357,-70.368,44.616,1178.673,81007.052,20221108_052824,479171,17505,23806,13710
2,KGYX20221108_102824_V06,-58.155,0.099,248.674,184.947,2.861,-70.579,44.409,1430.389,62991.238,20221108_052824,479171,17505,23806,13710
1,KGYX20221109_102936_V06,-58.274,0.051,281.841,140.688,2.704,-70.371,44.608,1352.226,80171.735,20221109_052936,479174,35828,29442,30496
1,KGYX20221111_103042_V06,-59.809,0.084,282.886,138.666,2.542,-70.365,44.617,1270.779,81119.767,20221111_053042,479175,17710,30209,13257
1,KGYX20221111_103745_V06,-52.759,0.130,282.816,138.789,9.457,-70.365,44.617,4728.548,81061.929,20221111_053745,479174,17824,30412,13384
2,KGYX20221112_122849_V06,56.993,0.265,43.426,456.925,44.042,-71.835,43.174,22020.809,150379.344,20221112_072849,479184,110126,137552,12949
7,KGYX20221113_110559_V06,-27.152,0.099,21.162,256.753,24.906,-71.997,44.073,12453.143,141085.862,20221113_060559,479181,141670,177095,26007
7,KGYX20221113_111135_V06,-21.552,0.374,22.717,253.690,33.511,-71.988,44.087,16755.506,140561.646,20221113_061135,479185,143453,182443,24930
7,KGYX20221113_111657_V06,-16.185,0.085,32.442,227.170,42.127,-71.931,44.207,21063.328,138646.542,20221113_061657,479177,144755,185800,24408
1,KGYX20221115_103626_V06,-59.314,0.124,281.762,139.442,2.901,-70.372,44.614,1450.340,80795.275,20221115_053626,479176,14584,23431,11947
1,KGYX20221118_104448_V06,-54.828,0.286,282.773,139.327,3.058,-70.365,44.614,1529.106,80796.939,20221118_054448,479179,7912,15847,6548
1,KGYX20221118_105136_V06,-48.028,0.071,282.725,139.335,9.912,-70.366,44.614,4955.850,80795.511,20221118_055136,479176,8394,16060,6956
5,KGYX20221118_124150_V06,62.205,0.067,17.989,200.340,26.025,-72.025,44.326,13012.466,149551.473,20221118_074150,479174,7228,13856,6150
5,KGYX20221118_124853_V06,69.255,0.208,21.799,196.260,37.116,-72.001,44.345,18557.992,148456.820,20221118_074853,479172,7781,14142,6580
6,KGYX20221118_124853_V06,69.255,0.111,30.967,278.181,25.382,-71.934,43.977,12691.223,134957.947,20221118_074853,479172,7781,14142,6580
1,KGYX20221122_104736_V06,-57.097,0.162,281.740,139.389,3.000,-70.372,44.614,1499.855,80822.619,20221122_054736,479175,6726,13185,5773
1,KGYX20221123_104700_V06,-58.939,0.136,281.890,139.079,2.334,-70.371,44.615,1167.240,80968.295,20221123_054700,479178,26454,40242,9847
1,KGYX20221123_105139_V06,-54.289,0.058,282.222,139.070,8.116,-70.369,44.615,4058.018,80954.385,20221123_055139,479176,25930,38525,10898
1,KGYX20221124_110346_V06,-43.402,0.052,282.993,139.020,2.789,-70.364,44.616,1394.585,80938.093,20221124_060346,479179,9069,18275,7293
1,KGYX20221125_104827_V06,-59.936,0.054,282.131,139.097,2.583,-70.369,44.615,1291.569,80945.960,20221125_054827,479182,19679,26358,7624
1,KGYX20221126_110148_V06,-47.789,0.071,282.168,139.213,2.562,-70.369,44.615,1280.880,80886.333,20221126_060148,479174,6026,10035,5398
1,KGYX20221126_110835_V06,-41.005,0.075,282.487,139.164,9.575,-70.367,44.615,4787.354,80893.510,20221126_060835,479175,6662,10332,5933
1,KGYX20221127_110511_V06,-45.593,0.073,282.100,139.471,2.543,-70.370,44.614,1271.282,80761.888,20221127_060511,479178,12114,18510,10045
1,KGYX20221128_105314_V06,-58.714,0.202,283.315,139.198,3.087,-70.362,44.615,1543.709,80832.707,20221128_055314,479177,6987,14309,6105
1,KGYX20221128_110703_V06,-44.898,0.062,281.390,138.488,11.425,-70.374,44.618,5712.337,81290.192,20221128_060703,479176,8187,15955,7085
1,KGYX20221129_110634_V06,-46.535,0.174,279.686,138.055,4.856,-70.385,44.620,2428.055,81606.798,20221129_060634,479173,7555,15557,6271
1,KGYX20221201_110102_V06,-54.320,0.125,282.956,138.958,2.413,-70.364,44.616,1206.696,80970.807,20221201_060102,479186,6885,17273,5298
2,KGYX20221203_110843_V06,-48.805,0.051,195.736,119.087,26.232,-70.915,44.704,13116.198,104403.777,20221203_060843,479179,25252,37546,7772
8,KGYX20221203_130346_V06,66.245,0.094,325.938,360.191,13.808,-70.096,43.620,6903.923,32771.188,20221203_080346,479173,61945,95456,15404
1,KGYX20221206_121309_V06,12.545,0.055,27.161,221.443,54.086,-71.965,44.232,27042.938,141961.724,20221206_071309,479175,9194,15669,8042
2,KGYX20221206_124728_V06,46.862,0.112,26.581,143.711,52.121,-71.978,44.582,26060.316,157467.565,20221206_074728,479175,6859,17004,5505
1,KGYX20221208_110346_V06,-58.769,0.075,283.090,139.055,2.997,-70.363,44.616,1498.470,80915.443,20221208_060346,479176,9148,22490,6299
1,KGYX20221211_113038_V06,-34.593,0.057,202.735,267.764,7.336,-70.864,44.035,3668.152,51233.599,20221211_063038,479176,6977,11888,6050
1,KGYX20221213_111211_V06,-54.689,0.065,281.706,139.346,2.389,-70.372,44.614,1194.546,80845.916,20221213_061211,479177,5520,11119,4752
1,KGYX20221213_111906_V06,-47.772,0.054,282.243,139.281,9.495,-70.369,44.615,4747.731,80848.642,20221213_061906,479175,5811,11347,4964
2,KGYX20221213_111906_V06,-47.772,0.080,205.309,268.232,6.420,-70.848,44.033,3210.043,49938.754,20221213_061906,479175,5811,11347,4964
1,KGYX20221214_110918_V06,-58.348,0.080,282.195,139.177,3.256,-70.369,44.615,1628.124,80902.999,20221214_060918,479177,49092,80009,9210
5,KGYX20221216_113817_V06,-30.819,0.052,282.726,139.026,2.216,-70.366,44.616,1107.895,80948.851,20221216_063817,479179,120572,215962,14766
6,KGYX20221216_114819_V06,-20.786,0.067,33.415,112.493,39.805,-71.939,44.723,19902.346,162962.120,20221216_064819,479183,127721,218899,15412
11,KGYX20221217_132243_V06,72.938,0.074,71.816,255.302,82.771,-71.681,44.084,41385.521,116260.325,20221217_082243,479177,325382,332249,17918
11,KGYX20221217_132954_V06,80.121,0.065,71.427,255.396,87.864,-71.684,44.083,43931.773,116442.137,20221217_082954,479180,327069,331447,18162
3,KGYX20221217_112706_V06,-42.679,0.058,442.266,434.602,29.418,-69.381,43.282,14708.937,97924.952,20221217_062706,479180,332316,346779,24631
10,KGYX20221217_131045_V06,60.971,0.057,64.012,239.673,97.794,-71.732,44.153,48896.851,121788.192,20221217_081045,479177,326414,335040,18730
1,KGYX20221219_111545_V06,-55.277,0.054,281.608,139.570,2.782,-70.373,44.613,1391.247,80740.262,20221219_061545,479174,6584,17695,5254
1,KGYX20221220_111603_V06,-55.546,0.075,281.411,139.519,2.798,-70.374,44.613,1399.010,80777.214,20221220_061603,479178,5929,10405,5162
1,KGYX20221220_112257_V06,-48.646,0.093,281.502,139.497,9.745,-70.373,44.614,4872.486,80782.630,20221220_062257,479174,5703,10480,4956
2,KGYX20221220_112257_V06,-48.646,0.145,297.512,302.157,13.671,-70.272,43.882,6835.636,1646.201,20221220_062257,479174,5703,10480,4956
1,KGYX20221221_111750_V06,-54.296,0.072,283.170,139.105,2.671,-70.363,44.615,1335.556,80886.179,20221221_061750,479178,5843,11481,5064
2,KGYX20221221_115156_V06,-20.196,0.055,297.585,300.313,14.004,-70.272,43.890,7002.106,1217.447,20221221_065156,479176,9373,11257,8499
1,KGYX20221222_111808_V06,-54.491,0.073,283.597,137.953,2.327,-70.360,44.621,1163.582,81437.366,20221222_061808,479178,8860,12301,7540
1,KGYX20221224_111619_V06,-57.181,0.102,203.578,268.447,5.447,-70.858,44.032,2723.633,50726.508,20221224_061619,479177,6879,13935,5722
1,KGYX20221224_112323_V06,-50.115,0.099,203.979,268.414,13.777,-70.856,44.032,6888.604,50541.459,20221224_062323,479174,7051,14102,5732
1,KGYX20221225_113951_V06,-34.026,0.066,203.620,268.925,5.494,-70.858,44.030,2747.190,50633.075,20221225_063951,479175,5562,10268,4871
3,KGYX20221227_120951_V06,-4.660,0.070,30.860,302.337,37.299,-71.931,43.869,18649.387,134574.881,20221227_070951,479175,36849,55138,9313
3,KGYX20221227_121654_V06,2.390,0.056,32.872,304.029,45.545,-71.918,43.861,22772.459,133579.315,20221227_071654,479177,38858,57151,9994
2,KGYX20221227_112726_V06,-47.077,0.053,203.826,268.497,6.918,-70.857,44.032,3458.857,50601.059,20221227_062726,479177,20652,36745,5684
5,KGYX20221227_124509_V06,30.640,0.280,77.616,232.542,94.100,-71.648,44.187,47049.858,116195.028,20221227_074509,479176,43591,72965,7742
7,KGYX20221228_122157_V06,7.184,0.052,45.173,103.991,49.039,-71.866,44.762,24519.459,160745.541,20221228_072157,479186,61856,72140,12271
7,KGYX20221228_122614_V06,11.467,0.088,38.367,109.874,41.480,-71.909,44.735,20739.916,161709.359,20221228_072614,479185,61464,70535,12304
9,KGYX20221228_133207_V06,77.351,0.062,27.154,424.903,32.794,-71.939,43.317,16397.003,150038.098,20221228_083207,479178,62856,77231,10867
1,KGYX20221229_112026_V06,-54.547,0.058,248.896,185.299,2.870,-70.578,44.407,1434.870,62785.073,20221229_062026,479174,7327,11636,6181
2,KGYX20221229_112711_V06,-47.797,0.114,205.235,268.448,5.037,-70.848,44.032,2518.511,49940.037,20221229_062711,479173,6969,11541,5973
3,KGYX20221229_120104_V06,-13.913,0.091,201.254,267.295,7.243,-70.873,44.037,3621.706,52010.501,20221229_070104,479180,13173,13081,11660
1,KGYX20221230_111753_V06,-57.269,0.204,249.284,183.360,3.334,-70.575,44.416,1667.074,63594.621,20221230_061753,479177,7925,12236,6714
3,KGYX20221230_111753_V06,-57.269,0.081,283.122,139.098,2.913,-70.363,44.615,1456.367,80892.158,20221230_061753,479177,7925,12236,6714
