track_id,filename,from_sunrise,det_score,x,y,r,lon,lat,radius,geo_dist,local_time,n_radar_pixels,n_refAbove40_pixels,n_xcorrAbove0.95_pixels,n_xcorrBelow0.95_refAbove40_pixels
1,KTYX20220605_102753_V06,65.848,0.054,35.411,443.742,38.129,-77.305,43.097,19064.556,150556.543,20220605_062753,479179,20007,24554,14882
5,KTYX20220606_094826_V06,26.743,0.187,25.065,323.531,32.811,-77.384,43.637,16405.575,137969.930,20220606_054826,479177,38904,67486,19876
5,KTYX20220606_100226_V06,40.743,0.081,25.658,322.399,47.943,-77.380,43.642,23971.579,137627.402,20220606_060226,479172,37274,65560,18373
5,KTYX20220606_100927_V06,47.760,0.430,27.507,321.364,47.060,-77.369,43.647,23529.964,136664.451,20220606_060927,479173,37161,64177,18448
5,KTYX20220606_101628_V06,54.777,0.080,44.907,323.479,57.089,-77.261,43.639,28544.306,128085.474,20220606_061628,479169,34970,63068,17498
5,KTYX20220606_102328_V06,61.777,0.178,37.968,331.834,54.784,-77.303,43.601,27391.779,131979.284,20220606_062328,479174,33087,62510,16636
5,KTYX20220606_103029_V06,68.793,0.085,38.869,333.613,58.508,-77.297,43.593,29253.863,131642.907,20220606_063029,479165,32658,59865,17048
2,KTYX20220606_091824_V06,-3.290,0.057,27.482,264.922,28.497,-77.376,43.901,14248.312,137383.021,20220606_051824,479182,44548,78527,19494
3,KTYX20220606_094127_V06,19.760,0.085,23.317,213.639,20.898,-77.409,44.131,10449.205,144923.792,20220606_054127,479169,40715,67820,21332
4,KTYX20220606_094127_V06,19.760,0.053,73.595,265.554,40.612,-77.089,43.902,20305.809,114505.192,20220606_054127,479169,40715,67820,21332
6,KTYX20220606_094826_V06,26.743,0.056,191.641,347.086,7.978,-76.350,43.542,3988.770,59073.876,20220606_054826,479177,38904,67486,19876
10,KTYX20220606_103029_V06,68.793,0.060,33.278,443.644,34.684,-77.318,43.098,17341.888,151471.168,20220606_063029,479165,32658,59865,17048
3,KTYX20220607_083741_V06,-43.698,0.067,41.425,372.155,44.656,-77.277,43.420,22327.766,134226.752,20220607_043741,479175,198169,198074,39234
5,KTYX20220607_084344_V06,-37.648,0.062,311.234,412.961,20.558,-75.611,43.247,10278.872,56759.324,20220607_044344,479176,192449,191996,39712
5,KTYX20220607_084936_V06,-31.781,0.117,320.073,407.224,18.229,-75.556,43.273,9114.588,54543.401,20220607_044936,479179,186984,189826,37816
9,KTYX20220607_093659_V06,15.602,0.106,27.244,392.552,51.857,-77.362,43.327,25928.719,144015.093,20220607_053659,479173,170007,188914,28433
14,KTYX20220607_100629_V06,45.102,0.094,179.838,213.827,8.744,-76.431,44.141,4371.944,73933.472,20220607_060629,479182,158947,179903,27847
10,KTYX20220609_101550_V06,54.960,0.056,15.826,309.205,19.250,-77.443,43.701,9624.884,142161.731,20220609_061550,479183,409001,384990,35826
3,KTYX20220610_084055_V06,-39.758,0.745,360.734,304.032,22.662,-75.303,43.737,11331.059,30434.043,20220610_044055,479173,28803,44925,13728
3,KTYX20220610_084514_V06,-35.442,0.448,359.367,303.106,30.808,-75.312,43.741,15403.859,29723.863,20220610_044514,479166,26093,43020,12364
3,KTYX20220610_084934_V06,-31.108,0.863,370.935,303.037,30.556,-75.240,43.741,15277.894,35500.209,20220610_044934,479165,22532,40275,10913
3,KTYX20220610_085354_V06,-26.775,-1.000,379.674,302.827,32.126,-75.185,43.742,16062.853,39862.072,20220610_045354,479174,19975,37495,10079
3,KTYX20220610_090238_V06,-18.042,0.863,386.921,300.460,39.598,-75.140,43.752,19798.856,43460.928,20220610_050238,479171,16574,31710,9047
3,KTYX20220610_090702_V06,-13.642,0.666,396.347,302.009,38.901,-75.082,43.745,19450.575,48184.037,20220610_050702,479178,15044,29600,8245
3,KTYX20220610_091125_V06,-9.258,0.299,396.642,301.249,42.860,-75.080,43.749,21430.218,48325.135,20220610_051125,479174,15005,29705,8617
3,KTYX20220610_091549_V06,-4.858,0.188,401.606,301.031,44.463,-75.049,43.749,22231.709,50805.448,20220610_051549,479175,14402,29333,8452
3,KTYX20220610_092012_V06,-0.475,0.067,412.843,305.114,41.952,-74.980,43.731,20975.931,56479.640,20220610_052012,479175,13938,29069,8448
3,KTYX20220610_092546_V06,5.092,0.120,411.250,290.740,55.994,-74.989,43.795,27996.948,55817.233,20220610_052546,479176,13191,29430,8054
3,KTYX20220610_093016_V06,9.592,0.136,411.985,277.853,67.399,-74.984,43.853,33699.352,57077.192,20220610_053016,479176,13344,29472,8543
6,KTYX20220610_101059_V06,50.308,0.183,295.446,27.162,28.210,-75.709,44.984,14105.171,136437.883,20220610_061059,479166,15315,31515,12064
6,KTYX20220610_101740_V06,56.992,0.064,299.532,26.231,34.469,-75.683,44.988,17234.421,136884.498,20220610_061740,479168,14948,30520,12296
1,KTYX20220611_091245_V06,-7.763,0.071,28.022,445.252,35.348,-77.350,43.090,17674.248,154167.299,20220611_051245,479170,22034,26378,16451
2,KTYX20220611_094905_V06,28.570,0.074,25.611,453.302,34.712,-77.364,43.053,17355.907,157154.983,20220611_054905,479176,20417,21458,15683
1,KTYX20220612_084752_V06,-32.522,0.115,25.200,78.286,47.706,-77.415,44.740,23853.046,176544.834,20220612_044752,479177,18092,35057,10897
1,KTYX20220612_085220_V06,-28.055,0.223,25.467,79.266,53.450,-77.413,44.736,26725.122,176133.480,20220612_045220,479174,18242,36229,10849
1,KTYX20220612_090115_V06,-19.138,0.112,27.799,82.310,52.405,-77.398,44.723,26202.650,174271.421,20220612_050115,479179,18277,39691,10295
2,KTYX20220612_090115_V06,-19.138,0.060,20.281,264.406,30.470,-77.421,43.903,15234.879,140987.112,20220612_050115,479179,18277,39691,10295
1,KTYX20220625_082502_V06,-57.013,0.148,408.737,480.289,8.050,-75.014,42.942,4025.097,105270.772,20220625_042502,479172,18895,32878,13632
5,KTYX20220627_090650_V06,-15.986,0.067,73.038,439.200,75.972,-77.074,43.121,37986.164,133124.147,20220627_050650,479193,177361,202882,18308
13,KTYX20220627_102634_V06,63.747,0.070,178.629,213.447,8.873,-76.438,44.143,4436.497,74535.898,20220627_062634,479173,120573,157402,14533
1,KTYX20220630_090032_V06,-23.682,0.295,331.433,125.256,3.002,-75.482,44.542,1500.973,88774.383,20220630_050032,479166,16362,30661,11397
1,KTYX20220630_090911_V06,-15.032,0.056,332.146,125.448,13.373,-75.478,44.541,6686.478,88743.731,20220630_050911,479172,18626,30191,13611
1,KTYX20220701_083317_V06,-51.457,0.072,178.848,215.324,8.491,-76.437,44.134,4245.314,73905.056,20220701_043317,479172,23042,37472,16575
2,KTYX20220701_084639_V06,-38.091,0.051,29.207,429.595,26.916,-77.345,43.160,13458.221,150103.259,20220701_044639,479173,24420,34972,16862
2,KTYX20220702_082646_V06,-58.529,0.278,179.043,214.833,10.262,-76.436,44.137,5130.783,73966.434,20220702_042646,479175,187086,201945,24790
2,KTYX20220702_083238_V06,-52.662,0.246,179.362,214.854,16.280,-76.434,44.137,8139.984,73829.816,20220702_043238,479183,182868,197962,25186
10,KTYX20220702_090118_V06,-23.995,0.287,180.325,214.963,10.399,-76.428,44.136,5199.366,73405.545,20220702_050118,479173,166301,188225,26290
10,KTYX20220702_090712_V06,-18.095,0.240,178.572,213.616,9.061,-76.439,44.142,4530.600,74509.840,20220702_050712,479182,162047,183816,28545
17,KTYX20220702_092331_V06,-1.779,0.071,395.969,211.696,5.731,-75.080,44.152,2865.318,65206.844,20220702_052331,479178,149572,180238,25286
19,KTYX20220702_092859_V06,3.688,0.067,180.167,214.811,9.267,-76.429,44.137,4633.654,73513.754,20220702_052859,479177,146861,182510,23877
1,KTYX20220703_083616_V06,-49.611,0.062,412.955,481.436,3.671,-74.988,42.937,1835.364,106861.815,20220703_043616,479172,21366,27188,17724
3,KTYX20220703_104601_V06,80.139,0.106,179.879,214.290,8.866,-76.431,44.139,4433.035,73782.165,20220703_064601,479174,14797,26237,12491
1,KTYX20220704_082902_V06,-57.455,0.286,178.927,213.367,9.044,-76.437,44.143,4521.879,74438.008,20220704_042902,479173,32595,38015,24035
1,KTYX20220704_083601_V06,-50.472,0.085,179.154,213.418,17.108,-76.435,44.143,8553.784,74330.938,20220704_043601,479170,31664,37339,23273
2,KTYX20220704_090517_V06,-21.205,0.108,331.787,129.033,2.422,-75.480,44.525,1210.842,86948.497,20220704_050517,479168,26515,36117,19869
2,KTYX20220704_091218_V06,-14.188,0.051,331.353,129.550,10.077,-75.483,44.523,5038.411,86654.681,20220704_051218,479171,23948,36843,17563
5,KTYX20220704_091919_V06,-7.172,0.078,260.076,225.448,12.367,-75.929,44.091,6183.334,42284.234,20220704_051919,479169,24513,37272,18126
2,KTYX20220705_083615_V06,-50.875,0.084,28.077,316.203,35.008,-77.366,43.670,17503.931,136202.770,20220705_043615,479171,114184,158384,24435
5,KTYX20220705_085204_V06,-35.058,0.056,146.729,377.042,20.249,-76.626,43.405,10124.496,85772.336,20220705_045204,479173,114532,164050,21336
5,KTYX20220706_090549_V06,-21.971,0.071,23.416,139.261,17.910,-77.418,44.466,8955.093,159949.555,20220706_050549,479169,49653,95490,14998
9,KTYX20220706_100149_V06,34.029,0.106,49.758,197.538,42.838,-77.246,44.206,21418.915,135203.064,20220706_060149,479168,53413,98385,12655
2,KTYX20220708_084801_V06,-41.171,0.341,25.956,439.081,29.786,-77.364,43.117,14892.954,153658.139,20220708_044801,479174,18736,27695,15647
2,KTYX20220708_090127_V06,-27.738,0.078,27.938,422.922,22.672,-77.354,43.190,11335.769,149271.115,20220708_050127,479174,24927,26090,21411
3,KTYX20220708_090127_V06,-27.738,0.169,289.230,103.950,22.920,-75.748,44.638,11460.152,98173.050,20220708_050127,479174,24927,26090,21411
2,KTYX20220709_091559_V06,-13.940,0.582,322.305,134.610,7.576,-75.540,44.500,3787.865,83443.670,20220709_051559,479168,15547,27920,12553
1,KTYX20220710_083230_V06,-58.182,0.175,176.981,212.622,7.185,-76.449,44.146,3592.592,75446.552,20220710_043230,479170,18820,50693,11897
1,KTYX20220710_083929_V06,-51.199,0.102,176.444,212.145,14.665,-76.452,44.149,7332.482,75803.277,20220710_043929,479176,17775,49870,11194
2,KTYX20220710_093530_V06,4.818,0.056,275.137,224.191,15.377,-75.835,44.097,7688.583,39890.922,20220710_053530,479170,14935,19406,9657
31,KTYX20220712_104919_V06,77.052,0.165,24.770,128.443,25.405,-77.411,44.515,12702.591,162159.858,20220712_064919,479194,86009,114311,10957
31,KTYX20220712_105443_V06,82.452,0.119,24.919,129.476,33.017,-77.410,44.510,16508.512,161824.135,20220712_065443,479191,89049,115932,11317
5,KTYX20220712_092858_V06,-3.298,0.080,184.934,161.925,20.312,-76.402,44.375,10156.147,89868.105,20220712_052858,479173,67955,93395,18899
6,KTYX20220712_093342_V06,1.436,0.098,440.454,363.962,24.674,-74.812,43.465,12337.172,77165.941,20220712_053342,479171,66557,95468,17624
11,KTYX20220712_094807_V06,15.852,0.088,149.027,334.632,29.353,-76.615,43.596,14676.566,77447.222,20220712_054807,479170,69934,102762,16077
12,KTYX20220712_094807_V06,15.852,0.055,39.088,517.251,45.235,-77.274,42.767,22617.455,169759.572,20220712_054807,479170,69934,102762,16077
23,KTYX20220712_100911_V06,36.919,0.118,223.129,299.312,17.194,-76.157,43.758,8597.057,38436.936,20220712_060911,479187,73043,104142,14033
28,KTYX20220712_103420_V06,62.069,0.133,347.187,236.757,29.105,-75.386,44.040,14552.490,39453.489,20220712_063420,479191,82450,113842,12970
29,KTYX20220712_103942_V06,67.436,0.198,391.694,205.376,13.364,-75.107,44.180,6682.076,65881.642,20220712_063942,479199,81468,113034,12699
1,KTYX20220715_091219_V06,-22.473,0.186,331.036,125.835,2.368,-75.485,44.539,1183.796,88454.492,20220715_051219,479176,24848,38342,17770
1,KTYX20220715_091919_V06,-15.473,0.188,331.118,125.895,9.583,-75.484,44.539,4791.413,88431.928,20220715_051919,479170,20767,36351,14431
4,KTYX20220715_105025_V06,75.627,0.109,26.214,439.435,28.719,-77.362,43.116,14359.703,153623.492,20220715_065025,479168,20530,24338,15130
1,KTYX20220716_100956_V06,34.264,0.054,343.930,394.226,28.771,-75.409,43.331,14385.313,51981.752,20220716_060956,479173,23803,39365,17906
1,KTYX20220717_093957_V06,3.383,0.211,121.482,456.702,18.157,-76.775,43.045,9078.592,118768.713,20220717_053957,479175,20745,49571,14055
1,KTYX20220717_094642_V06,10.133,0.483,123.169,456.060,24.822,-76.765,43.048,12411.074,117923.641,20220717_054642,479173,18620,49368,12604
1,KTYX20220717_100027_V06,23.883,0.554,123.810,455.220,34.454,-76.761,43.052,17227.161,117405.332,20220717_060027,479172,19467,49540,13000
2,KTYX20220717_100027_V06,23.883,0.079,31.320,445.618,37.822,-77.330,43.088,18911.036,152801.921,20220717_060027,479172,19467,49540,13000
1,KTYX20220719_084605_V06,-52.329,0.743,35.081,285.647,34.779,-77.326,43.809,17389.690,132653.816,20220719_044605,479170,34388,41103,26899
1,KTYX20220719_085306_V06,-45.312,0.073,37.146,287.459,40.897,-77.313,43.801,20448.369,131576.391,20220719_045306,479167,32791,39769,26190
1,KTYX20220719_090700_V06,-31.412,0.153,59.720,253.155,61.602,-77.177,43.957,30800.970,122401.745,20220719_050700,479173,27166,41372,21995
1,KTYX20220719_091400_V06,-24.412,0.332,50.301,268.493,52.665,-77.234,43.887,26332.348,125839.302,20220719_051400,479174,29308,37077,24652
1,KTYX20220719_092100_V06,-17.412,-1.000,50.301,268.493,63.795,-77.234,43.887,31897.348,125839.302,20220719_052100,479173,33065,35133,28662
1,KTYX20220719_092800_V06,-10.412,0.157,59.669,268.953,69.126,-77.175,43.886,34563.108,121164.157,20220719_052800,479166,29662,38500,25137
1,KTYX20220719_093454_V06,-3.512,0.160,63.126,278.617,68.417,-77.153,43.843,34208.745,118918.507,20220719_053454,479173,28235,43347,23197
3,KTYX20220719_100956_V06,31.521,0.061,26.675,440.114,29.230,-77.359,43.113,14614.958,153573.045,20220719_060956,479167,27090,55034,22095
6,KTYX20220720_093958_V06,0.608,0.362,129.446,468.557,19.896,-76.726,42.992,9947.914,119895.758,20220720_053958,479168,56700,49241,45835
6,KTYX20220720_094827_V06,9.091,0.581,131.970,468.362,29.848,-76.710,42.993,14923.940,118932.487,20220720_054827,479173,57765,51655,47269
6,KTYX20220720_100156_V06,22.575,0.068,138.207,464.859,36.327,-76.672,43.010,18163.678,115493.920,20220720_060156,479164,47795,58644,34986
7,KTYX20220720_093958_V06,0.608,0.097,138.919,67.383,30.201,-76.698,44.798,15100.402,141472.320,20220720_053958,479168,56700,49241,45835
7,KTYX20220720_094827_V06,9.091,0.228,147.518,70.735,36.156,-76.643,44.783,18078.119,137671.167,20220720_054827,479173,57765,51655,47269
8,KTYX20220720_094827_V06,9.091,0.080,29.123,135.869,19.334,-77.383,44.482,9666.954,158361.535,20220720_054827,479173,57765,51655,47269
8,KTYX20220720_100156_V06,22.575,0.071,34.145,133.407,36.382,-77.351,44.493,18191.248,156869.473,20220720_060156,479164,47795,58644,34986
4,KTYX20220720_092252_V06,-16.492,0.108,344.224,134.493,4.460,-75.402,44.500,2229.984,85656.628,20220720_052252,479171,39860,45554,29943
5,KTYX20220720_093120_V06,-8.025,0.296,261.317,226.850,8.801,-75.921,44.085,4400.259,41374.025,20220720_053120,479175,48390,48269,37865
13,KTYX20220720_104018_V06,60.941,0.076,351.533,138.453,8.429,-75.356,44.482,4214.485,84783.942,20220720_064018,479169,30791,52434,20313
11,KTYX20220722_092351_V06,-17.446,0.298,342.736,131.502,2.804,-75.411,44.514,1401.981,86916.428,20220722_052351,479174,42242,43306,32045
11,KTYX20220722_093052_V06,-10.429,-1.000,342.736,131.502,13.960,-75.411,44.514,6980.231,86916.428,20220722_053052,479169,36838,42679,28831
11,KTYX20220722_093751_V06,-3.446,0.350,345.412,129.088,16.080,-75.394,44.525,8039.939,88421.252,20220722_053751,479167,35420,47049,27813
15,KTYX20220722_100543_V06,24.421,0.064,28.419,435.635,29.098,-77.349,43.133,14549.191,151783.589,20220722_060543,479174,32838,55148,27215
13,KTYX20220723_101537_V06,33.332,0.112,194.780,34.254,24.718,-76.347,44.950,12358.955,142909.143,20220723_061537,479178,26396,44049,16849
13,KTYX20220723_101913_V06,36.932,0.192,196.142,33.830,29.644,-76.338,44.952,14821.848,142857.265,20220723_061913,479185,26103,42953,16697
1,KTYX20220724_092314_V06,-20.053,0.089,302.867,393.858,34.941,-75.662,43.333,17470.299,46951.043,20220724_052314,479172,27010,39399,22717
23,KTYX20220725_105131_V06,67.217,0.396,20.974,364.335,18.135,-77.404,43.453,9067.636,143173.303,20220725_065131,479186,102985,144650,13087
23,KTYX20220725_110047_V06,76.484,0.092,22.969,360.008,32.828,-77.392,43.473,16414.144,141728.126,20220725_070047,479190,93084,135997,12285
9,KTYX20220725_091327_V06,-30.850,0.117,19.735,128.659,23.899,-77.443,44.513,11949.408,164245.544,20220725_051327,479183,200828,221819,16484
1,KTYX20220726_093308_V06,-12.191,0.130,135.479,473.846,13.367,-76.688,42.969,6683.254,119676.186,20220726_053308,479174,15417,29157,12521
1,KTYX20220726_094008_V06,-5.191,0.292,137.991,475.633,23.261,-76.673,42.961,11630.384,119471.842,20220726_054008,479173,16339,28845,13386
1,KTYX20220726_094709_V06,1.826,0.457,144.674,478.609,29.100,-76.632,42.948,14550.217,118350.267,20220726_054709,479174,17666,27340,14600
1,KTYX20220726_100111_V06,15.859,0.127,152.080,478.885,40.013,-76.586,42.947,20006.355,116060.550,20220726_060111,479171,19099,26518,15846
1,KTYX20220726_100813_V06,22.892,0.145,155.306,480.434,46.690,-76.566,42.940,23345.201,115642.476,20220726_060813,479172,19664,25581,16270
2,KTYX20220726_100813_V06,22.892,0.134,276.846,220.745,13.910,-75.825,44.112,6955.093,41283.877,20220726_060813,479172,19664,25581,16270
2,KTYX20220726_101513_V06,29.892,0.416,275.812,220.796,19.611,-75.831,44.112,9805.651,41407.725,20220726_061513,479165,19388,25825,15984
3,KTYX20220727_095017_V06,3.924,0.556,138.087,466.540,28.334,-76.673,43.002,14167.122,116137.192,20220727_055017,479170,17210,27040,11868
3,KTYX20220727_100418_V06,17.941,0.367,140.356,464.323,44.438,-76.659,43.012,22219.147,114551.468,20220727_060418,479174,18434,24892,13135
1,KTYX20220727_090112_V06,-45.159,0.085,25.812,441.456,29.324,-77.364,43.107,14662.089,154263.293,20220727_050112,479173,38264,62526,23548
1,KTYX20220727_090812_V06,-38.159,-1.000,25.812,441.456,40.454,-77.364,43.107,20227.089,154263.293,20220727_050812,479171,28122,56610,16651
1,KTYX20220727_091512_V06,-31.159,0.094,26.873,442.556,31.405,-77.358,43.102,15702.267,154045.709,20220727_051512,479172,19809,46489,11603
4,KTYX20220727_104619_V06,59.958,0.118,240.545,123.811,31.954,-76.054,44.548,15976.997,92974.935,20220727_064619,479171,15954,23906,10394
5,KTYX20220728_084820_V06,-59.070,0.155,347.216,487.414,8.975,-75.391,42.912,4487.374,96635.211,20220728_044820,479170,27696,48794,11576
10,KTYX20220728_093838_V06,-8.770,0.061,343.810,411.016,14.314,-75.410,43.256,7156.981,59673.655,20220728_053838,479180,18053,43174,9221
3,KTYX20220729_093137_V06,-16.841,0.064,351.173,138.231,5.948,-75.358,44.483,2974.010,84834.827,20220729_053137,479176,24766,38291,19439
3,KTYX20220729_093837_V06,-9.841,0.871,356.570,138.779,12.030,-75.324,44.481,6014.871,85428.787,20220729_053837,479175,37604,36483,31466
3,KTYX20220729_094648_V06,-1.657,0.095,351.877,138.275,29.748,-75.354,44.483,14874.118,84920.841,20220729_054648,479173,54382,36968,47815
3,KTYX20220729_100047_V06,12.326,0.849,381.503,145.691,31.349,-75.168,44.449,15674.552,87255.604,20220729_060047,479175,61467,36389,54484
3,KTYX20220729_100748_V06,19.343,0.785,384.951,140.529,43.509,-75.146,44.472,21754.339,90343.379,20220729_060748,479166,65428,36434,57904
3,KTYX20220729_101448_V06,26.343,0.249,392.513,138.274,53.147,-75.099,44.482,26573.548,93158.618,20220729_061448,479170,61472,36915,54017
4,KTYX20220729_093837_V06,-9.841,0.101,139.094,471.871,17.620,-76.666,42.978,8809.876,117718.422,20220729_053837,479175,37604,36483,31466
4,KTYX20220729_094648_V06,-1.657,0.366,140.215,471.350,27.085,-76.659,42.980,13542.502,117145.233,20220729_054648,479173,54382,36968,47815
4,KTYX20220729_100047_V06,12.326,0.194,153.128,470.327,41.748,-76.580,42.986,20874.185,112453.057,20220729_060047,479175,61467,36389,54484
1,KTYX20220729_084937_V06,-58.841,0.090,178.579,209.541,8.669,-76.439,44.160,4334.593,75706.608,20220729_044937,479174,45630,35072,36831
1,KTYX20220729_090337_V06,-44.841,0.066,179.110,212.512,15.838,-76.435,44.147,7918.825,74613.220,20220729_050337,479172,33428,34462,25779
1,KTYX20220729_091037_V06,-37.841,-1.000,179.368,213.953,19.646,-76.434,44.141,9823.007,74088.026,20220729_051037,479175,27234,36239,20475
1,KTYX20220729_091737_V06,-30.841,0.063,179.393,212.556,7.686,-76.434,44.147,3842.987,74485.612,20220729_051737,479166,24538,37450,18849
6,KTYX20220729_100047_V06,12.326,0.071,279.705,231.162,17.736,-75.807,44.066,8867.977,35883.497,20220729_060047,479175,61467,36389,54484
6,KTYX20220729_100748_V06,19.343,0.068,278.428,233.466,28.061,-75.815,44.055,14030.455,34972.077,20220729_060748,479166,65428,36434,57904
4,KTYX20220730_094402_V06,-5.486,0.464,357.153,148.279,7.864,-75.321,44.438,3931.873,81064.325,20220730_054402,479172,21932,32161,18775
4,KTYX20220730_095103_V06,1.531,0.932,359.295,149.744,16.101,-75.308,44.431,8050.320,80766.309,20220730_055103,479168,27298,30666,23597
4,KTYX20220730_100612_V06,16.681,0.901,368.970,151.989,34.223,-75.247,44.421,17111.395,81645.885,20220730_060612,479175,30600,30811,26658
4,KTYX20220730_101307_V06,23.598,0.757,377.256,156.213,42.427,-75.195,44.402,21213.464,81613.468,20220730_061307,479169,30772,31645,26706
4,KTYX20220730_102006_V06,30.581,0.745,376.395,159.988,44.148,-75.201,44.385,22073.915,79748.935,20220730_062006,479169,28746,32527,24660
3,KTYX20220730_093701_V06,-12.502,0.657,139.622,478.528,14.835,-76.663,42.948,7417.627,119993.001,20220730_053701,479173,17341,30733,14756
3,KTYX20220730_094402_V06,-5.486,0.653,145.184,479.373,23.485,-76.628,42.945,11742.324,118472.385,20220730_054402,479172,21932,32161,18775
3,KTYX20220730_095103_V06,1.531,0.612,155.899,482.725,29.887,-76.563,42.930,14943.740,116354.368,20220730_055103,479168,27298,30666,23597
3,KTYX20220730_100612_V06,16.681,0.147,167.935,482.456,42.036,-76.489,42.932,21017.965,112618.209,20220730_060612,479175,30600,30811,26658
5,KTYX20220730_094402_V06,-5.486,0.122,322.831,171.226,12.554,-75.537,44.335,6277.206,65391.240,20220730_054402,479172,21932,32161,18775
5,KTYX20220730_095103_V06,1.531,0.770,321.869,178.185,16.163,-75.543,44.304,8081.354,61881.304,20220730_055103,479168,27298,30666,23597
5,KTYX20220730_100612_V06,16.681,0.680,324.179,181.669,24.784,-75.529,44.288,12392.081,60388.150,20220730_060612,479175,30600,30811,26658
5,KTYX20220730_101307_V06,23.598,0.661,328.355,183.588,32.790,-75.502,44.280,16395.097,59908.031,20220730_061307,479169,30772,31645,26706
6,KTYX20220730_095103_V06,1.531,0.550,269.307,233.628,16.105,-75.872,44.054,8052.658,36562.595,20220730_055103,479168,27298,30666,23597
1,KTYX20220731_094840_V06,-1.922,0.250,141.105,468.269,27.231,-76.654,42.994,13615.690,115717.648,20220731_054840,479167,18047,43458,14821
1,KTYX20220731_100222_V06,11.778,0.559,144.634,468.410,37.676,-76.633,42.994,18838.080,114564.982,20220731_060222,479170,17647,45902,14221
1,KTYX20220731_101034_V06,19.978,0.512,149.246,464.987,43.897,-76.605,43.010,21948.312,111744.737,20220731_061034,479176,17797,45215,14337
1,KTYX20220731_101736_V06,27.012,0.255,153.856,463.453,51.179,-76.576,43.017,25589.448,109629.693,20220731_061736,479174,17934,45037,14188
1,KTYX20220801_094332_V06,-8.131,0.144,141.653,467.361,20.670,-76.651,42.998,10335.176,115199.384,20220801_054332,479170,25827,33576,19687
1,KTYX20220801_095032_V06,-1.131,0.291,142.105,466.420,28.968,-76.648,43.003,14484.009,114702.265,20220801_055032,479175,28534,34812,22616
1,KTYX20220801_100433_V06,12.885,0.505,139.713,464.545,33.418,-76.663,43.011,16709.104,114855.370,20220801_060433,479172,28100,44323,21699
1,KTYX20220801_101134_V06,19.902,0.682,144.180,457.861,44.738,-76.636,43.041,22368.772,110905.413,20220801_061134,479174,26369,46165,20083
1,KTYX20220801_101945_V06,28.085,0.425,143.038,455.148,52.633,-76.643,43.054,26316.406,110349.266,20220801_061945,479173,25952,47107,19434
1,KTYX20220801_102646_V06,35.102,0.160,147.872,453.523,59.236,-76.614,43.061,29618.129,108064.800,20220801_062646,479174,25925,46415,19223
2,KTYX20220802_101057_V06,18.203,0.053,366.482,346.132,20.264,-75.269,43.547,10131.870,40459.703,20220802_061057,479176,44486,73411,11911
3,KTYX20220803_094514_V06,-8.602,0.210,128.064,466.789,12.913,-76.734,43.000,6456.603,119771.130,20220803_054514,479171,46879,41086,37173
3,KTYX20220803_095215_V06,-1.586,0.775,130.364,467.408,21.086,-76.720,42.998,10542.760,119165.884,20220803_055215,479168,56836,41929,46973
3,KTYX20220803_100616_V06,12.431,0.803,136.533,468.235,32.219,-76.682,42.994,16109.491,117286.410,20220803_060616,479170,57167,45404,46979
3,KTYX20220803_101317_V06,19.448,0.428,138.896,464.848,41.250,-76.668,43.010,20625.135,115249.042,20220803_061317,479169,51045,46007,41193
3,KTYX20220803_102018_V06,26.464,0.198,140.697,464.980,50.012,-76.657,43.009,25005.903,114668.722,20220803_062018,479168,47125,48363,36735
1,KTYX20220803_093813_V06,-15.619,0.382,338.938,134.141,5.840,-75.435,44.502,2919.937,85184.130,20220803_053813,479171,35680,40323,26512
1,KTYX20220803_094514_V06,-8.602,0.927,340.118,135.936,9.073,-75.428,44.494,4536.627,84448.637,20220803_054514,479171,46879,41086,37173
1,KTYX20220803_095215_V06,-1.586,0.728,339.869,133.195,15.828,-75.429,44.506,7914.209,85751.502,20220803_055215,479168,56836,41929,46973
1,KTYX20220803_100616_V06,12.431,0.200,342.849,125.375,30.656,-75.410,44.541,15327.993,89902.692,20220803_060616,479170,57167,45404,46979
2,KTYX20220803_094514_V06,-8.602,0.898,251.902,222.601,7.805,-75.980,44.104,3902.603,45563.228,20220803_054514,479171,46879,41086,37173
2,KTYX20220803_095215_V06,-1.586,0.971,252.230,222.047,14.089,-75.978,44.106,7044.685,45712.865,20220803_055215,479168,56836,41929,46973
2,KTYX20220803_100616_V06,12.431,0.782,252.755,222.213,23.436,-75.975,44.105,11718.187,45505.019,20220803_060616,479170,57167,45404,46979
2,KTYX20220803_101317_V06,19.448,0.323,254.231,221.889,32.759,-75.966,44.107,16379.679,45266.043,20220803_061317,479169,51045,46007,41193
4,KTYX20220803_094514_V06,-8.602,0.152,201.924,331.270,22.599,-76.287,43.613,11299.698,51470.289,20220803_054514,479171,46879,41086,37173
4,KTYX20220803_095215_V06,-1.586,0.132,202.425,330.238,29.987,-76.284,43.618,14993.604,51076.512,20220803_055215,479168,56836,41929,46973
22,KTYX20220804_100515_V06,10.321,0.436,146.842,461.849,24.305,-76.620,43.024,12152.628,111414.126,20220804_060515,479180,76929,109233,13158
22,KTYX20220804_101048_V06,15.871,0.181,147.645,461.834,31.717,-76.615,43.024,15858.265,111132.975,20220804_061048,479178,77517,109065,15053
22,KTYX20220804_101607_V06,21.187,0.250,155.169,460.806,37.759,-76.568,43.029,18879.538,108206.683,20220804_061607,479172,76075,109717,14846
22,KTYX20220804_102110_V06,26.237,0.227,160.989,457.641,43.712,-76.533,43.043,21856.053,105088.640,20220804_062110,479173,72081,105398,14549
46,KTYX20220804_111842_V06,83.771,0.056,259.328,148.511,29.601,-75.935,44.437,14800.304,78427.169,20220804_071842,479173,76830,109546,12883
46,KTYX20220804_112444_V06,89.804,0.093,262.882,151.862,38.467,-75.913,44.422,19233.367,76358.501,20220804_072444,479178,78457,111604,12705
14,KTYX20220804_092544_V06,-29.196,0.255,87.318,370.526,29.424,-76.993,43.431,14711.811,112035.063,20220804_052544,479178,57940,83899,12196
30,KTYX20220804_101607_V06,21.187,0.050,296.948,145.943,41.854,-75.699,44.449,20926.821,77043.674,20220804_061607,479172,76075,109717,14846
38,KTYX20220804_104848_V06,53.871,0.090,193.502,201.274,15.905,-76.346,44.198,7952.431,72609.654,20220804_064848,479175,75072,105861,13853
7,KTYX20220805_100540_V06,9.639,0.453,140.220,470.195,21.736,-76.660,42.986,10867.996,116722.072,20220805_060540,479176,54735,82255,14299
7,KTYX20220805_101141_V06,15.656,0.383,142.850,468.183,30.095,-76.644,42.995,15047.587,115088.765,20220805_061141,479176,55479,82004,16268
7,KTYX20220805_101732_V06,21.506,0.449,149.040,465.277,33.687,-76.606,43.008,16843.447,111920.942,20220805_061732,479169,54797,82582,16925
7,KTYX20220805_102310_V06,27.139,0.381,154.860,462.697,39.300,-76.570,43.020,19649.948,109013.666,20220805_062310,479166,53808,81610,17556
7,KTYX20220805_102847_V06,32.756,0.076,156.181,459.516,42.744,-76.562,43.035,21371.759,107388.507,20220805_062847,479173,52023,79350,17781
6,KTYX20220805_095325_V06,-2.611,0.118,113.949,152.461,2.882,-76.848,44.414,1440.946,118725.199,20220805_055325,479177,55312,83008,10477
6,KTYX20220805_100540_V06,9.639,0.140,116.910,151.588,13.246,-76.829,44.418,6622.779,117843.002,20220805_060540,479176,54735,82255,14299
2,KTYX20220806_100326_V06,6.304,0.853,126.869,453.478,29.065,-76.743,43.060,14532.348,115682.656,20220806_060326,479167,102689,54636,86169
2,KTYX20220806_101204_V06,14.937,0.844,125.623,452.499,40.495,-76.750,43.064,20247.265,115826.640,20220806_061204,479169,96726,57869,79329
2,KTYX20220806_102042_V06,23.570,0.753,126.219,445.356,48.346,-76.747,43.097,24173.171,113278.600,20220806_062042,479171,86407,60305,68838
2,KTYX20220806_102921_V06,32.220,0.223,130.578,439.942,59.780,-76.721,43.121,29889.895,109872.341,20220806_062921,479162,74413,59677,58505
1,KTYX20220806_094609_V06,-10.980,0.117,256.218,222.376,10.466,-75.953,44.105,5233.158,44559.688,20220806_054609,479173,59400,59029,45867
3,KTYX20220806_101204_V06,14.937,0.057,25.405,427.795,35.760,-77.368,43.168,17879.944,151438.228,20220806_061204,479169,96726,57869,79329
1,KTYX20220807_100045_V06,2.514,0.590,140.321,456.568,14.456,-76.660,43.047,7228.051,111815.719,20220807_060045,479172,26422,50498,18337
1,KTYX20220807_100616_V06,8.031,0.488,141.571,457.497,24.786,-76.652,43.043,12393.045,111697.427,20220807_060616,479170,28581,52370,20267
1,KTYX20220807_101139_V06,13.414,0.523,144.293,458.214,30.120,-76.635,43.040,15060.222,110991.384,20220807_061139,479174,28429,52953,20492
1,KTYX20220807_101655_V06,18.681,0.188,148.736,454.007,37.724,-76.608,43.059,18861.972,107934.058,20220807_061655,479176,29180,52191,21151
1,KTYX20220807_102217_V06,24.048,-1.000,152.694,451.048,45.059,-76.584,43.072,22529.653,105492.337,20220807_062217,479172,28106,51056,20473
1,KTYX20220807_102748_V06,29.564,0.055,158.070,444.757,50.058,-76.552,43.101,25028.926,101364.140,20220807_062748,479171,27794,49989,20049
1,KTYX20220808_094755_V06,-11.428,0.356,139.473,455.058,9.325,-76.665,43.054,4662.653,111593.188,20220808_054755,479169,15006,48765,9329
1,KTYX20220808_095317_V06,-6.061,0.303,140.124,454.269,18.514,-76.661,43.057,9257.026,111084.605,20220808_055317,479170,15423,49849,9697
1,KTYX20220808_100416_V06,4.922,0.635,144.099,456.456,24.542,-76.637,43.048,12270.988,110434.879,20220808_060416,479173,19248,52076,12185
1,KTYX20220808_100947_V06,10.439,0.700,149.025,454.349,31.782,-76.607,43.057,15890.915,107955.130,20220808_060947,479169,19239,52613,11839
1,KTYX20220808_101518_V06,15.955,0.535,156.588,450.921,43.071,-76.560,43.073,21535.738,104096.254,20220808_061518,479177,19780,51124,11870
1,KTYX20220808_102048_V06,21.455,0.343,161.236,448.283,46.212,-76.532,43.085,23105.825,101541.987,20220808_062048,479181,19411,50271,11049
1,KTYX20220808_102617_V06,26.939,0.060,163.443,446.881,49.446,-76.519,43.092,24722.924,100276.867,20220808_062617,479172,18412,50000,10004
2,KTYX20220808_100947_V06,10.439,0.053,183.102,443.030,24.295,-76.398,43.110,12147.518,92361.947,20220808_060947,479169,19239,52613,11839
2,KTYX20220810_100452_V06,3.295,0.530,127.972,473.221,18.153,-76.734,42.971,9076.624,122064.756,20220810_060452,479174,21206,61812,11948
2,KTYX20220810_101143_V06,10.145,0.485,129.054,471.074,25.865,-76.728,42.981,12932.602,120922.073,20220810_061143,479172,24141,61836,14606
2,KTYX20220810_101838_V06,17.062,0.582,132.857,470.306,28.302,-76.705,42.985,14151.102,119311.480,20220810_061838,479175,27210,61909,17230
2,KTYX20220810_102540_V06,24.095,0.604,140.109,474.595,28.206,-76.660,42.966,14102.805,118372.992,20220810_062540,479174,30013,59949,19846
2,KTYX20220810_103233_V06,30.979,0.481,144.457,476.607,33.605,-76.633,42.957,16802.280,117668.814,20220810_063233,479172,29480,59380,19895
2,KTYX20220810_103934_V06,37.995,0.132,135.481,460.114,49.109,-76.689,43.031,24554.375,114785.886,20220810_063934,479172,32977,58139,23036
2,KTYX20220810_104635_V06,45.012,0.160,125.833,448.988,53.272,-76.749,43.080,26635.966,114598.855,20220810_064635,479171,32949,57923,22664
6,KTYX20220810_101143_V06,10.145,0.161,261.615,232.679,21.726,-75.920,44.059,10863.211,38747.847,20220810_061143,479172,24141,61836,14606
6,KTYX20220810_101838_V06,17.062,0.603,266.974,229.864,25.409,-75.886,44.071,12704.658,38761.295,20220810_061838,479175,27210,61909,17230
6,KTYX20220810_102540_V06,24.095,-1.000,271.816,227.321,29.983,-75.856,44.083,14991.612,38976.086,20220810_062540,479174,30013,59949,19846
6,KTYX20220810_103233_V06,30.979,0.774,273.761,234.334,32.140,-75.844,44.051,16070.187,35357.150,20220810_063233,479172,29480,59380,19895
6,KTYX20220810_103934_V06,37.995,0.473,275.716,232.712,34.879,-75.832,44.059,17439.601,35767.825,20220810_063934,479172,32977,58139,23036
3,KTYX20220810_100452_V06,3.295,0.411,114.369,158.913,11.618,-76.845,44.385,5808.842,116580.892,20220810_060452,479174,21206,61812,11948
3,KTYX20220810_101143_V06,10.145,0.075,115.029,159.443,19.730,-76.841,44.382,9865.065,116157.775,20220810_061143,479172,24141,61836,14606
4,KTYX20220810_100452_V06,3.295,0.074,139.161,399.385,8.949,-76.671,43.304,4474.377,94533.797,20220810_060452,479174,21206,61812,11948
7,KTYX20220810_101143_V06,10.145,0.078,343.499,93.327,9.063,-75.406,44.685,4531.696,105600.679,20220810_061143,479172,24141,61836,14606
9,KTYX20220810_102540_V06,24.095,0.853,273.392,227.397,22.840,-75.846,44.082,11419.956,38662.624,20220810_062540,479174,30013,59949,19846
1,KTYX20220811_095030_V06,-12.188,0.094,132.371,469.551,10.239,-76.708,42.988,5119.325,119213.052,20220811_055030,479170,19391,35263,14813
1,KTYX20220811_100428_V06,1.778,0.652,139.783,471.511,26.105,-76.662,42.980,13052.713,117351.534,20220811_060428,479169,29177,40791,22559
1,KTYX20220811_101127_V06,8.762,0.631,143.808,469.881,26.358,-76.638,42.987,13178.918,115385.856,20220811_061127,479174,28710,38191,22606
1,KTYX20220811_101821_V06,15.662,0.724,149.286,470.318,32.396,-76.604,42.986,16197.939,113713.399,20220811_061821,479174,27775,37862,21768
1,KTYX20220811_102521_V06,22.662,0.721,154.111,468.520,43.170,-76.574,42.994,21585.111,111447.911,20220811_062521,479174,26854,38323,20676
1,KTYX20220811_103223_V06,29.695,0.341,156.274,471.791,51.737,-76.561,42.979,25868.426,111992.477,20220811_063223,479172,24948,37405,18904
3,KTYX20220811_101821_V06,15.662,0.147,25.620,441.165,32.548,-77.366,43.108,16274.004,154282.252,20220811_061821,479174,27775,37862,21768
3,KTYX20220811_102521_V06,22.662,0.297,25.243,437.932,38.226,-77.368,43.123,19112.813,153717.966,20220811_062521,479174,26854,38323,20676
2,KTYX20220811_101127_V06,8.762,0.054,131.466,184.256,30.167,-76.735,44.272,15083.454,102225.620,20220811_061127,479174,28710,38191,22606
2,KTYX20220812_100223_V06,-1.424,0.635,114.143,480.001,20.549,-76.819,42.940,10274.440,129367.054,20220812_060223,479172,46681,40762,40072
2,KTYX20220812_100925_V06,5.610,0.332,114.007,482.055,30.104,-76.819,42.931,15052.068,130131.860,20220812_060925,479168,55840,40947,48842
2,KTYX20220812_101625_V06,12.610,-1.000,113.887,483.877,39.789,-76.820,42.923,19894.673,130813.737,20220812_061625,479172,57399,40624,49772
2,KTYX20220812_102326_V06,19.626,0.235,119.137,493.803,43.690,-76.787,42.878,21845.210,132543.629,20220812_062326,479172,56181,40312,47232
2,KTYX20220812_103028_V06,26.660,0.371,118.708,502.025,48.738,-76.789,42.841,24368.899,135720.798,20220812_063028,479174,54743,39913,44416
2,KTYX20220812_103729_V06,33.676,0.311,119.454,501.161,49.822,-76.784,42.845,24911.202,135150.638,20220812_063729,479174,49602,40895,39016
2,KTYX20220812_104429_V06,40.676,0.296,113.219,501.970,53.921,-76.822,42.841,26960.552,137549.023,20220812_064429,479170,45308,42259,35140
1,KTYX20220812_100223_V06,-1.424,0.917,249.218,239.477,13.784,-75.997,44.028,6892.092,39502.381,20220812_060223,479172,46681,40762,40072
1,KTYX20220812_100925_V06,5.610,0.483,248.209,242.016,21.379,-76.003,44.016,10689.613,38873.117,20220812_060925,479168,55840,40947,48842
1,KTYX20220812_101625_V06,12.610,0.080,244.327,246.474,22.959,-76.027,43.996,11479.368,38615.088,20220812_061625,479172,57399,40624,49772
4,KTYX20220812_100925_V06,5.610,0.776,246.840,404.466,14.111,-76.007,43.285,7055.397,58606.866,20220812_060925,479168,55840,40947,48842
4,KTYX20220812_101625_V06,12.610,0.159,245.939,406.233,23.206,-76.013,43.277,11603.006,59598.661,20220812_061625,479172,57399,40624,49772
7,KTYX20220812_100925_V06,5.610,0.194,49.451,531.316,16.786,-77.209,42.704,8393.250,170500.837,20220812_060925,479168,55840,40947,48842
7,KTYX20220812_101625_V06,12.610,0.124,49.500,530.816,23.532,-77.209,42.707,11765.906,170313.033,20220812_061625,479172,57399,40624,49772
8,KTYX20220812_100925_V06,5.610,0.108,329.949,144.240,27.907,-75.492,44.457,13953.602,79306.526,20220812_060925,479168,55840,40947,48842
8,KTYX20220812_101625_V06,12.610,0.118,331.628,144.783,34.911,-75.481,44.454,17455.323,79203.318,20220812_061625,479172,57399,40624,49772
13,KTYX20220812_101625_V06,12.610,0.076,143.622,536.515,12.276,-76.634,42.687,6138.137,141768.716,20220812_061625,479172,57399,40624,49772
13,KTYX20220812_102326_V06,19.626,0.073,143.527,538.724,21.382,-76.634,42.677,10690.989,142717.313,20220812_062326,479172,56181,40312,47232
5,KTYX20220812_100925_V06,5.610,0.261,368.953,503.126,15.193,-75.258,42.841,7596.651,107254.997,20220812_060925,479168,55840,40947,48842
6,KTYX20220812_100925_V06,5.610,0.225,16.984,449.151,13.347,-77.418,43.071,6673.368,159956.180,20220812_060925,479168,55840,40947,48842
9,KTYX20220812_100925_V06,5.610,0.087,387.504,489.141,9.902,-75.144,42.903,4951.199,104200.959,20220812_060925,479168,55840,40947,48842
12,KTYX20220812_101625_V06,12.610,0.224,235.005,454.488,17.675,-76.079,43.060,8837.257,83801.497,20220812_061625,479172,57399,40624,49772
1,KTYX20220813_100604_V06,1.139,0.637,122.205,474.036,25.968,-76.770,42.967,12983.866,124397.857,20220813_060604,479172,12495,27733,8548
1,KTYX20220813_101304_V06,8.139,0.366,123.548,472.578,33.988,-76.762,42.974,16993.825,123408.449,20220813_061304,479165,14915,26033,10967
1,KTYX20220813_102005_V06,15.156,0.392,127.777,476.761,40.984,-76.735,42.955,20491.862,123394.955,20220813_062005,479171,16431,25759,12424
1,KTYX20220813_102707_V06,22.189,0.618,128.333,477.694,47.996,-76.732,42.951,23997.758,123536.036,20220813_062707,479171,16245,25970,12286
1,KTYX20220813_103408_V06,29.206,0.470,127.113,480.080,55.582,-76.739,42.940,27790.782,124818.899,20220813_063408,479171,15620,25557,11546
1,KTYX20220813_104108_V06,36.206,0.258,126.369,477.581,61.138,-76.744,42.952,30569.089,124179.989,20220813_064108,479173,15251,25281,11147
1,KTYX20220813_104809_V06,43.222,0.155,120.650,469.574,63.880,-76.780,42.987,31939.830,123411.795,20220813_064809,479170,14446,24991,10552
1,KTYX20220813_110212_V06,57.272,0.093,117.471,471.505,70.538,-76.799,42.978,35268.870,125230.607,20220813_070212,479171,13495,25869,9555
2,KTYX20220813_101304_V06,8.139,0.747,261.385,226.769,21.885,-75.921,44.085,10942.579,41394.163,20220813_061304,479165,14915,26033,10967
2,KTYX20220813_102005_V06,15.156,0.895,260.964,228.050,29.511,-75.924,44.079,14755.477,40928.299,20220813_062005,479171,16431,25759,12424
2,KTYX20220813_102707_V06,22.189,0.636,260.101,230.893,34.537,-75.929,44.067,17268.347,39898.817,20220813_062707,479171,16245,25970,12286
2,KTYX20220813_103408_V06,29.206,0.063,259.018,227.944,38.466,-75.936,44.080,19232.821,41447.613,20220813_063408,479171,15620,25557,11546
3,KTYX20220813_101304_V06,8.139,0.458,251.305,389.435,10.568,-75.980,43.353,5283.865,50916.112,20220813_061304,479165,14915,26033,10967
3,KTYX20220813_102005_V06,15.156,0.454,250.999,388.977,20.695,-75.982,43.355,10347.263,50788.958,20220813_062005,479171,16431,25759,12424
1,KTYX20220814_100038_V06,-5.417,0.640,123.515,467.215,21.167,-76.762,42.998,10583.279,121560.503,20220814_060038,479173,18810,30544,11441
1,KTYX20220814_100740_V06,1.617,0.805,125.799,468.256,30.489,-76.748,42.994,15244.520,121095.161,20220814_060740,479168,19463,29897,12447
1,KTYX20220814_101441_V06,8.633,0.835,131.621,468.953,41.007,-76.712,42.991,20503.500,119265.050,20220814_061441,479173,19547,28855,12587
1,KTYX20220814_102142_V06,15.650,0.686,134.967,464.595,50.700,-76.692,43.011,25350.113,116541.114,20220814_062142,479171,18880,27290,12270
1,KTYX20220814_102843_V06,22.667,0.186,136.663,457.159,53.808,-76.682,43.044,26904.098,113333.379,20220814_062843,479172,18533,27369,11944
4,KTYX20220814_100740_V06,1.617,0.472,253.212,224.561,14.454,-75.972,44.095,7227.215,44385.049,20220814_060740,479168,19463,29897,12447
4,KTYX20220814_101441_V06,8.633,0.163,253.891,225.030,23.947,-75.968,44.093,11973.410,44007.092,20220814_061441,479173,19547,28855,12587
6,KTYX20220814_110349_V06,57.767,0.065,127.227,406.333,51.400,-76.744,43.272,25700.079,101436.389,20220814_070349,479174,16033,30056,9521
1,KTYX20220815_100452_V06,-2.307,0.522,112.737,469.105,21.133,-76.828,42.989,10566.534,126158.457,20220815_060452,479177,20665,45336,13643
1,KTYX20220815_101153_V06,4.709,0.658,112.336,470.376,29.758,-76.830,42.983,14878.836,126733.780,20220815_061153,479176,24962,44411,17463
1,KTYX20220815_101855_V06,11.743,0.737,115.529,471.385,42.241,-76.811,42.979,21120.426,125899.204,20220815_061855,479175,26435,43760,19354
1,KTYX20220815_102556_V06,18.759,0.729,115.687,463.232,51.726,-76.810,43.016,25862.834,123101.840,20220815_062556,479175,27202,42993,20011
1,KTYX20220815_103256_V06,25.759,0.568,110.400,456.413,55.818,-76.843,43.046,27909.175,122895.147,20220815_063256,479177,28591,42637,21405
1,KTYX20220815_103957_V06,32.776,0.280,112.194,452.180,65.406,-76.833,43.065,32703.095,120861.351,20220815_063957,479175,29343,42318,22137
1,KTYX20220815_104659_V06,39.809,0.176,99.738,450.669,70.744,-76.909,43.071,35372.129,125305.482,20220815_064659,479171,26143,41749,19383
2,KTYX20220815_101855_V06,11.743,0.100,234.419,232.329,23.976,-76.089,44.060,11987.770,47117.792,20220815_061855,479175,26435,43760,19354
2,KTYX20220815_102556_V06,18.759,0.462,231.471,230.171,31.947,-76.108,44.069,15973.488,48919.006,20220815_062556,479175,27202,42993,20011
2,KTYX20220815_103256_V06,25.759,0.162,221.259,223.601,26.883,-76.172,44.099,13441.473,54856.268,20220815_063256,479177,28591,42637,21405
4,KTYX20220815_104659_V06,39.809,0.061,24.300,421.352,39.558,-77.376,43.197,19779.184,150612.937,20220815_064659,479171,26143,41749,19383
1,KTYX20220816_100222_V06,-5.933,0.268,119.433,468.425,15.027,-76.787,42.992,7513.526,123461.980,20220816_060222,479173,28581,51979,16616
1,KTYX20220816_100657_V06,-1.349,0.374,118.496,468.400,21.831,-76.793,42.992,10915.668,123796.425,20220816_060657,479175,32794,51361,20410
1,KTYX20220816_101132_V06,3.234,0.176,114.988,466.211,24.703,-76.815,43.002,12351.588,124354.103,20220816_061132,479172,34666,50851,22070
1,KTYX20220816_101607_V06,7.817,0.339,114.670,465.248,28.647,-76.817,43.006,14323.738,124151.331,20220816_061607,479177,35314,50630,22980
1,KTYX20220816_102043_V06,12.417,0.567,112.274,465.261,31.497,-76.831,43.006,15748.504,125052.268,20220816_062043,479169,35757,50145,23442
1,KTYX20220816_102518_V06,17.001,0.365,114.043,461.210,35.826,-76.821,43.025,17913.157,123053.602,20220816_062518,479176,35270,49890,22518
1,KTYX20220816_102952_V06,21.567,0.426,112.670,455.759,34.062,-76.830,43.049,17030.846,121812.471,20220816_062952,479173,35307,49412,22321
1,KTYX20220816_103425_V06,26.117,0.596,108.874,451.042,40.056,-76.853,43.070,20027.816,121802.101,20220816_063425,479170,33819,49366,20850
1,KTYX20220816_103901_V06,30.717,0.730,105.366,446.206,46.496,-76.875,43.092,23247.925,121715.357,20220816_063901,479170,33457,49521,20034
1,KTYX20220816_104336_V06,35.301,0.736,101.490,445.567,51.262,-76.899,43.094,25631.015,123081.387,20220816_064336,479176,34627,49024,20761
1,KTYX20220816_104811_V06,39.884,0.642,98.253,443.144,53.630,-76.919,43.105,26815.127,123685.115,20220816_064811,479173,33976,49202,19988
1,KTYX20220816_105247_V06,44.484,0.651,96.305,441.888,62.118,-76.931,43.110,31059.046,124120.837,20220816_065247,479173,33181,48590,19629
1,KTYX20220816_110157_V06,53.651,0.652,89.432,439.741,70.100,-76.974,43.120,35050.225,126359.192,20220816_070157,479173,30373,47451,17202
1,KTYX20220816_110631_V06,58.217,0.100,83.722,433.029,71.819,-77.009,43.149,35909.682,126957.537,20220816_070631,479171,28852,47501,16384
3,KTYX20220816_101132_V06,3.234,0.348,248.708,225.716,23.029,-76.000,44.090,11514.339,45135.903,20220816_061132,479172,34666,50851,22070
3,KTYX20220816_101607_V06,7.817,0.156,247.718,225.767,29.925,-76.006,44.089,14962.748,45398.188,20220816_061607,479177,35314,50630,22980
3,KTYX20220816_102043_V06,12.417,0.116,241.142,219.500,26.272,-76.048,44.117,13135.761,49861.179,20220816_062043,479169,35757,50145,23442
3,KTYX20220816_102518_V06,17.001,0.373,240.902,220.886,32.817,-76.049,44.111,16408.530,49375.140,20220816_062518,479176,35270,49890,22518
3,KTYX20220816_102952_V06,21.567,-1.000,240.716,221.960,39.503,-76.050,44.106,19751.517,49002.084,20220816_062952,479173,35307,49412,22321
3,KTYX20220816_103425_V06,26.117,0.249,221.475,214.281,23.747,-76.171,44.141,11873.463,58124.535,20220816_063425,479170,33819,49366,20850
2,KTYX20220816_100222_V06,-5.933,0.112,184.410,241.515,13.878,-76.401,44.017,6939.205,64771.698,20220816_060222,479173,28581,51979,16616
1,KTYX20220817_100409_V06,-5.276,0.397,122.454,465.101,14.702,-76.769,43.008,7351.029,121223.838,20220817_060409,479171,29033,62595,13563
1,KTYX20220817_100833_V06,-0.876,0.451,122.354,464.557,20.783,-76.769,43.010,10391.698,121075.577,20220817_060833,479174,29477,60422,14172
1,KTYX20220817_101256_V06,3.508,0.406,123.177,462.988,25.015,-76.765,43.017,12507.315,120240.937,20220817_061256,479172,30287,58851,14846
1,KTYX20220817_101721_V06,7.924,0.532,124.213,463.433,29.535,-76.758,43.015,14767.477,120011.903,20220817_061721,479178,30748,58630,15381
1,KTYX20220817_102144_V06,12.308,0.526,122.509,460.843,31.137,-76.769,43.027,15568.703,119763.796,20220817_062144,479177,31373,58008,15708
1,KTYX20220817_102613_V06,16.791,0.600,121.710,460.289,31.901,-76.774,43.029,15950.542,119875.024,20220817_062613,479176,31871,56237,15774
1,KTYX20220817_103042_V06,21.274,0.401,116.942,460.271,36.553,-76.803,43.029,18276.532,121652.336,20220817_063042,479171,30352,54756,14938
1,KTYX20220817_103510_V06,25.741,0.331,113.859,459.907,39.691,-76.822,43.030,19845.509,122697.268,20220817_063510,479172,32492,54291,16242
1,KTYX20220817_103939_V06,30.224,0.445,111.856,462.163,46.024,-76.834,43.020,23012.169,124192.405,20220817_063939,479176,32037,52844,15930
1,KTYX20220817_104407_V06,34.691,0.265,109.100,461.225,51.436,-76.851,43.024,25717.876,124936.231,20220817_064407,479170,32780,52177,16935
1,KTYX20220817_104831_V06,39.091,0.253,106.016,455.383,51.204,-76.870,43.050,25601.868,124271.709,20220817_064831,479170,31870,51392,16151
1,KTYX20220817_105255_V06,43.491,0.163,104.019,451.772,53.936,-76.883,43.066,26967.973,123938.723,20220817_065255,479176,31325,51636,15800
1,KTYX20220817_110142_V06,52.274,0.087,94.788,440.827,52.211,-76.941,43.115,26105.648,124442.918,20220817_070142,479172,29031,49624,14745
2,KTYX20220817_101256_V06,3.508,0.320,191.448,241.880,21.577,-76.357,44.015,10788.309,61565.783,20220817_061256,479172,30287,58851,14846
18,KTYX20220818_102349_V06,13.264,0.092,135.684,461.044,21.599,-76.688,43.027,10799.454,115037.710,20220818_062349,479182,62813,80040,19568
18,KTYX20220818_102737_V06,17.064,0.250,136.159,461.516,26.781,-76.685,43.024,13390.477,115034.057,20220818_062737,479177,63710,80208,20517
18,KTYX20220818_103105_V06,20.530,-1.000,136.465,461.821,31.739,-76.683,43.023,15869.362,115032.219,20220818_063105,479176,65021,80233,21477
18,KTYX20220818_103433_V06,23.997,0.148,141.210,463.974,34.877,-76.654,43.014,17438.262,114129.307,20220818_063433,479185,65649,79183,22374
18,KTYX20220818_103801_V06,27.464,0.386,133.462,463.763,42.261,-76.701,43.014,21130.552,116782.916,20220818_063801,479168,66488,79437,22774
18,KTYX20220818_104130_V06,30.947,0.396,134.116,464.809,44.296,-76.697,43.010,22148.038,116918.089,20220818_064130,479188,67516,80291,22929
18,KTYX20220818_104505_V06,34.530,0.484,136.770,468.722,46.551,-76.681,42.992,23275.322,117378.937,20220818_064505,479190,68943,78755,24489
18,KTYX20220818_104833_V06,37.997,0.327,136.785,471.455,47.393,-76.680,42.980,23696.497,118359.562,20220818_064833,479179,70747,79171,25526
18,KTYX20220818_105209_V06,41.597,0.367,135.029,472.336,53.262,-76.691,42.976,26630.865,119284.294,20220818_065209,479188,70987,77171,26826
18,KTYX20220818_105543_V06,45.164,0.256,134.242,475.395,59.289,-76.696,42.962,29644.521,120664.106,20220818_065543,479180,71701,77466,27240
18,KTYX20220818_110253_V06,52.330,0.309,135.455,481.430,64.538,-76.688,42.935,32269.004,122466.370,20220818_070253,479176,70713,76046,27254
18,KTYX20220818_110629_V06,55.930,0.062,134.246,480.029,69.348,-76.695,42.941,34674.035,122356.722,20220818_070629,479189,69893,75120,27287
18,KTYX20220818_111004_V06,59.514,0.063,133.411,479.253,73.722,-76.701,42.945,36861.157,122355.560,20220818_071004,479194,69186,74625,27336
10,KTYX20220818_095347_V06,-16.770,0.175,257.001,179.314,10.463,-75.949,44.299,5231.609,64058.588,20220818_055347,479180,62377,87363,17471
10,KTYX20220818_100109_V06,-9.403,0.281,260.060,174.293,23.115,-75.930,44.321,11557.322,65949.625,20220818_060109,479189,57762,81903,15224
10,KTYX20220818_100449_V06,-5.736,0.329,266.364,170.881,24.903,-75.891,44.337,12451.271,66714.322,20220818_060449,479172,59086,81310,16072
3,KTYX20220818_091341_V06,-56.870,0.061,509.530,498.076,25.562,-74.398,42.857,12781.170,144167.402,20220818_051341,479182,99508,98889,44558
3,KTYX20220818_091731_V06,-53.036,0.096,507.844,505.781,22.979,-74.409,42.823,11489.470,146240.124,20220818_051731,479173,98860,97513,44563
15,KTYX20220818_101225_V06,1.864,0.096,259.216,223.125,9.473,-75.935,44.101,4736.475,43511.555,20220818_061225,479187,60801,80743,17146
16,KTYX20220818_101612_V06,5.647,0.182,104.938,454.780,47.998,-76.877,43.053,23998.993,124504.922,20220818_061612,479182,62061,79910,18387
19,KTYX20220818_104130_V06,30.947,0.072,27.611,439.717,38.305,-77.353,43.115,19152.622,153065.931,20220818_064130,479188,67516,80291,22929
1,KTYX20220819_100216_V06,-9.415,0.582,135.533,463.878,15.454,-76.689,43.014,7726.837,116087.934,20220819_060216,479169,26797,45408,20918
1,KTYX20220819_100857_V06,-2.731,0.735,138.343,462.926,23.085,-76.672,43.018,11542.714,114758.466,20220819_060857,479172,31638,45054,25639
1,KTYX20220819_101538_V06,3.952,0.802,142.322,460.653,28.481,-76.647,43.029,14240.464,112551.862,20220819_061538,479174,37762,45947,31071
1,KTYX20220819_102239_V06,10.969,0.809,145.430,457.452,30.243,-76.628,43.043,15121.674,110321.299,20220819_062239,479172,39693,47027,32628
1,KTYX20220819_102939_V06,17.969,0.663,146.308,457.568,34.295,-76.623,43.043,17147.606,110055.520,20220819_062939,479170,39420,48527,32137
1,KTYX20220819_103640_V06,24.985,0.649,150.676,449.482,45.375,-76.597,43.079,22687.343,105644.007,20220819_063640,479173,39826,51499,31447
1,KTYX20220819_104340_V06,31.985,0.597,156.027,446.707,50.677,-76.564,43.092,25338.681,102775.222,20220819_064340,479171,39865,50374,31262
1,KTYX20220819_105041_V06,39.002,0.277,155.323,441.949,50.605,-76.569,43.114,25302.632,101342.351,20220819_065041,479172,39216,50097,30830
1,KTYX20220819_110443_V06,53.035,0.160,156.442,433.891,52.266,-76.562,43.150,26133.198,98152.428,20220819_070443,479173,36919,50505,28857
2,KTYX20220819_100857_V06,-2.731,0.458,201.362,233.650,14.760,-76.295,44.053,7379.829,59438.511,20220819_060857,479172,31638,45054,25639
2,KTYX20220819_101538_V06,3.952,0.118,202.782,232.225,22.503,-76.287,44.059,11251.403,59255.637,20220819_061538,479174,37762,45947,31071
3,KTYX20220819_100857_V06,-2.731,0.132,340.195,122.549,15.065,-75.427,44.554,7532.726,90973.144,20220819_060857,479172,31638,45054,25639
4,KTYX20220819_100857_V06,-2.731,0.062,267.206,225.256,14.845,-75.885,44.092,7422.447,40810.953,20220819_060857,479172,31638,45054,25639
5,KTYX20220819_101538_V06,3.952,0.095,377.205,322.009,16.548,-75.201,43.656,8274.147,40140.488,20220819_061538,479174,37762,45947,31071
8,KTYX20220819_111145_V06,60.069,0.120,237.090,29.250,27.768,-76.079,44.973,13884.058,138981.376,20220819_071145,479173,35173,50135,27189
9,KTYX20220819_112547_V06,74.102,0.281,405.851,172.961,16.949,-75.016,44.326,8474.472,82678.975,20220819_072547,479170,34282,49989,25836
10,KTYX20220819_113248_V06,81.119,0.226,239.265,34.818,23.624,-76.065,44.948,11811.768,136023.987,20220819_073248,479172,34170,50208,25739
1,KTYX20220820_100609_V06,-6.660,0.772,131.548,447.284,16.596,-76.714,43.088,8298.026,111880.370,20220820_060609,479174,50107,53867,36209
1,KTYX20220820_101311_V06,0.373,0.908,133.288,446.050,27.460,-76.704,43.094,13730.082,110819.253,20220820_061311,479171,62230,54709,46617
1,KTYX20220820_102012_V06,7.390,0.753,136.728,447.402,34.706,-76.683,43.088,17353.061,109983.274,20220820_062012,479169,63666,58475,47553
1,KTYX20220820_102711_V06,14.373,0.690,138.550,444.298,43.514,-76.672,43.102,21756.810,108268.152,20220820_062711,479173,61408,61360,44734
1,KTYX20220820_103412_V06,21.390,0.476,140.186,439.979,52.321,-76.662,43.122,26160.445,106224.392,20220820_063412,479173,58479,62662,41488
1,KTYX20220820_104112_V06,28.390,0.131,135.617,419.729,50.691,-76.691,43.213,25345.490,101681.764,20220820_064112,479173,54793,64092,37839
1,KTYX20220820_104813_V06,35.407,0.240,130.650,402.820,49.000,-76.723,43.288,24500.168,99059.831,20220820_064813,479173,54194,63062,37057
2,KTYX20220820_100609_V06,-6.660,0.134,197.083,228.347,18.144,-76.322,44.076,9072.048,62701.753,20220820_060609,479174,50107,53867,36209
2,KTYX20220820_101311_V06,0.373,0.080,198.329,227.457,27.999,-76.315,44.081,13999.669,62448.873,20220820_061311,479171,62230,54709,46617
2,KTYX20220821_100405_V06,-9.856,0.536,129.409,456.532,9.720,-76.727,43.047,4860.011,115762.175,20220821_060405,479193,19526,38897,11844
2,KTYX20220821_100813_V06,-5.723,0.788,130.582,454.716,15.174,-76.720,43.055,7587.200,114716.613,20220821_060813,479186,24492,41311,15512
2,KTYX20220821_101221_V06,-1.589,0.569,131.873,451.645,19.954,-76.712,43.069,9977.040,113206.597,20220821_061221,479174,28927,42782,18928
2,KTYX20220821_101630_V06,2.561,0.708,137.857,445.087,22.951,-76.676,43.099,11475.332,108789.476,20220821_061630,479184,30774,44078,20452
2,KTYX20220821_102038_V06,6.694,0.745,140.178,440.779,27.658,-76.662,43.118,13828.763,106491.758,20220821_062038,479188,31638,44881,20972
2,KTYX20220821_102445_V06,10.811,0.726,140.913,436.468,32.772,-76.658,43.137,16386.209,104799.981,20220821_062445,479178,32004,44907,21299
2,KTYX20220821_102853_V06,14.944,0.551,139.291,433.038,38.018,-76.668,43.153,19008.982,104314.994,20220821_062853,479165,31922,45238,21101
2,KTYX20220821_103241_V06,18.744,0.405,138.825,428.107,43.751,-76.671,43.175,21875.565,102942.670,20220821_063241,479173,31171,44901,20255
2,KTYX20220821_103630_V06,22.561,0.314,140.543,421.647,46.554,-76.661,43.204,23277.028,100280.067,20220821_063630,479172,30753,44888,19598
11,KTYX20220822_102517_V06,10.214,0.356,128.590,451.293,18.976,-76.732,43.070,9488.173,114314.069,20220822_062517,479191,69022,91316,11884
11,KTYX20220822_103007_V06,15.048,0.518,128.740,451.172,26.240,-76.731,43.071,13119.929,114218.022,20220822_063007,479184,69686,89788,11914
11,KTYX20220822_103456_V06,19.864,0.722,128.870,448.147,32.480,-76.731,43.084,16240.145,113173.565,20220822_063456,479184,70938,88515,12551
11,KTYX20220822_103944_V06,24.664,0.528,129.249,442.017,40.703,-76.729,43.112,20351.471,111045.652,20220822_063944,479182,72587,89410,12622
11,KTYX20220822_104433_V06,29.481,0.436,127.183,441.209,44.486,-76.742,43.115,22243.067,111586.050,20220822_064433,479187,73836,90295,12595
1,KTYX20220823_101407_V06,-2.082,0.066,132.919,463.971,16.986,-76.705,43.013,8493.237,117049.966,20220823_061407,479179,91648,121941,12891
1,KTYX20220823_101833_V06,2.351,0.209,133.301,463.030,23.360,-76.702,43.018,11679.805,116584.147,20220823_061833,479171,93362,121607,13676
1,KTYX20220823_102300_V06,6.801,0.161,134.603,460.562,28.173,-76.695,43.029,14086.681,115256.785,20220823_062300,479178,95981,121387,15438
1,KTYX20220823_102741_V06,11.485,0.275,139.052,454.923,33.723,-76.668,43.054,16861.698,111697.576,20220823_062741,479176,96529,121957,15615
1,KTYX20220823_103216_V06,16.068,0.339,143.309,451.822,36.422,-76.642,43.068,18211.150,109089.124,20220823_063216,479173,98737,123024,16195
1,KTYX20220823_103644_V06,20.535,0.404,145.085,448.498,41.030,-76.631,43.084,20514.843,107296.990,20220823_063644,479178,100668,122798,17215
1,KTYX20220823_104111_V06,24.985,0.249,145.353,444.562,42.060,-76.630,43.101,21029.933,105846.446,20220823_064111,479174,101334,122167,18269
1,KTYX20220824_100811_V06,-9.145,0.324,137.981,474.367,21.735,-76.673,42.967,10867.374,119010.492,20220824_060811,479177,56876,48683,43755
1,KTYX20220824_101510_V06,-2.161,0.188,138.288,473.121,30.566,-76.671,42.972,15282.979,118450.048,20220824_061510,479167,89003,50295,73759
1,KTYX20220824_102209_V06,4.822,0.402,137.324,469.634,30.764,-76.677,42.988,15381.915,117514.932,20220824_062209,479174,100246,53177,84048
1,KTYX20220824_102908_V06,11.805,0.707,142.673,460.309,28.894,-76.645,43.030,14447.147,112306.386,20220824_062908,479169,104403,58803,84976
1,KTYX20220824_103607_V06,18.789,0.669,141.050,462.707,38.913,-76.655,43.019,19456.336,113730.660,20220824_063607,479172,105662,64302,83132
1,KTYX20220824_104307_V06,25.789,0.688,141.253,463.566,48.620,-76.654,43.016,24310.203,113967.729,20220824_064307,479173,107300,67804,82722
1,KTYX20220824_105006_V06,32.772,0.630,140.362,463.878,53.101,-76.659,43.014,26550.372,114390.170,20220824_065006,479167,110860,69227,85171
1,KTYX20220824_110405_V06,46.755,0.517,140.448,467.515,58.904,-76.658,42.998,29451.837,115669.765,20220824_070405,479173,112722,73551,85549
1,KTYX20220824_111105_V06,53.755,0.150,135.344,454.452,56.304,-76.691,43.056,28151.793,112879.404,20220824_071105,479171,109991,75210,82610
2,KTYX20220824_100811_V06,-9.145,0.079,203.443,335.668,21.067,-76.278,43.594,10533.360,51467.224,20220824_060811,479177,56876,48683,43755
2,KTYX20220824_101510_V06,-2.161,0.064,201.955,336.581,30.435,-76.287,43.590,15217.426,52323.282,20220824_061510,479167,89003,50295,73759
3,KTYX20220824_102908_V06,11.805,0.067,24.910,451.427,37.059,-77.369,43.062,18529.264,157006.811,20220824_062908,479169,104403,58803,84976
3,KTYX20220824_103607_V06,18.789,0.143,25.645,449.778,44.162,-77.364,43.069,22081.245,156288.243,20220824_063607,479172,105662,64302,83132
2,KTYX20220825_100755_V06,-10.541,0.245,138.027,471.824,21.091,-76.673,42.978,10545.322,118066.484,20220825_060755,479173,27013,46790,20040
2,KTYX20220825_101457_V06,-3.508,0.436,138.991,469.922,27.695,-76.667,42.987,13847.404,117044.116,20220825_061457,479176,43131,51495,34399
2,KTYX20220825_102156_V06,3.476,0.841,139.947,466.277,27.268,-76.661,43.003,13633.871,115396.361,20220825_062156,479174,58308,57968,46601
2,KTYX20220825_102856_V06,10.476,0.731,145.016,466.028,33.427,-76.630,43.005,16713.466,113562.295,20220825_062856,479173,63654,61656,49493
2,KTYX20220825_103555_V06,17.459,0.658,148.793,468.191,44.243,-76.607,42.995,22121.452,113083.722,20220825_063555,479175,57215,61619,43499
2,KTYX20220825_104255_V06,24.459,0.526,155.318,463.304,52.662,-76.567,43.017,26330.781,109088.470,20220825_064255,479168,53807,65208,39768
2,KTYX20220825_104954_V06,31.442,0.153,162.335,461.969,63.026,-76.524,43.024,31513.050,106284.563,20220825_064954,479171,51458,65668,37302
1,KTYX20220825_100755_V06,-10.541,0.673,337.012,109.213,4.615,-75.447,44.614,2307.693,97172.032,20220825_060755,479173,27013,46790,20040
1,KTYX20220825_101457_V06,-3.508,0.964,338.964,112.871,9.551,-75.435,44.598,4775.596,95571.002,20220825_061457,479176,43131,51495,34399
1,KTYX20220825_102156_V06,3.476,0.938,336.278,114.387,16.342,-75.452,44.591,8170.792,94562.574,20220825_062156,479174,58308,57968,46601
1,KTYX20220825_102856_V06,10.476,0.910,335.753,114.929,22.537,-75.455,44.588,11268.343,94246.606,20220825_062856,479173,63654,61656,49493
1,KTYX20220825_103555_V06,17.459,0.260,335.456,112.335,30.527,-75.457,44.600,15263.367,95492.330,20220825_063555,479175,57215,61619,43499
12,KTYX20220826_102059_V06,1.397,0.344,140.651,451.839,20.827,-76.658,43.068,10413.291,110053.374,20220826_062059,479178,78943,88476,25649
12,KTYX20220826_102657_V06,7.363,0.311,141.610,451.248,28.814,-76.652,43.071,14406.979,109502.664,20220826_062657,479177,83846,84940,32362
12,KTYX20220826_103254_V06,13.313,0.475,147.295,449.318,32.521,-76.618,43.080,16260.722,106787.977,20220826_063254,479180,81867,86277,31183
12,KTYX20220826_103849_V06,19.230,0.437,155.512,445.398,41.035,-76.567,43.098,20517.579,102490.388,20220826_063849,479177,80483,84469,30993
12,KTYX20220826_104446_V06,25.180,0.110,153.845,438.995,42.290,-76.578,43.127,21145.139,100847.511,20220826_064446,479176,77180,83164,28462
11,KTYX20220826_101502_V06,-4.553,0.080,354.311,111.367,27.289,-75.338,44.604,13644.684,98147.810,20220826_061502,479183,73963,91688,18520
1,KTYX20220827_101812_V06,-2.515,0.557,124.215,455.969,10.260,-76.759,43.049,5130.149,117501.776,20220827_061812,479174,26686,50749,21552
1,KTYX20220827_102650_V06,6.118,0.753,124.737,456.973,19.843,-76.755,43.044,9921.258,117641.046,20220827_062650,479172,34034,52923,28113
1,KTYX20220827_103528_V06,14.751,0.385,124.700,461.822,33.032,-76.755,43.022,16515.799,119286.009,20220827_063528,479172,30713,53554,25239
1,KTYX20220827_104406_V06,23.385,0.234,128.288,468.593,46.982,-76.733,42.992,23490.849,120320.960,20220827_064406,479169,27342,53637,21533
1,KTYX20220827_110122_V06,40.651,0.064,131.802,472.909,59.128,-76.711,42.973,29563.980,120611.206,20220827_070122,479174,28016,53720,19357
3,KTYX20220828_100718_V06,-14.543,0.662,126.032,452.465,14.459,-76.748,43.065,7229.741,115661.584,20220828_060718,479171,28478,41243,20340
3,KTYX20220828_101418_V06,-7.543,0.599,127.999,452.124,24.983,-76.736,43.066,12491.469,114810.570,20220828_061418,479175,27508,39311,19622
3,KTYX20220828_102119_V06,-0.527,0.563,130.162,447.695,31.588,-76.723,43.086,15794.096,112537.653,20220828_062119,479174,28037,40130,20479
3,KTYX20220828_102820_V06,6.490,0.569,133.131,440.650,40.157,-76.705,43.118,20078.668,109118.555,20220828_062820,479171,28905,39991,21969
3,KTYX20220828_103519_V06,13.473,0.311,130.430,431.043,44.035,-76.723,43.161,22017.680,107152.093,20220828_063519,479170,27623,37853,21064
3,KTYX20220828_104219_V06,20.473,0.213,125.993,427.457,46.200,-76.750,43.177,23099.788,107847.100,20220828_064219,479169,26524,36126,20088
3,KTYX20220828_104919_V06,27.473,0.499,122.866,419.398,51.763,-76.770,43.213,25881.683,106808.769,20220828_064919,479175,25687,34378,19316
3,KTYX20220828_110320_V06,41.490,0.567,122.331,417.783,60.811,-76.773,43.221,30405.737,106582.188,20220828_070320,479173,24364,31764,18132
1,KTYX20220828_092515_V06,-56.593,0.260,178.831,213.338,8.723,-76.437,44.143,4361.557,74485.195,20220828_052515,479173,85806,47590,68550
1,KTYX20220828_093216_V06,-49.577,0.188,179.046,213.377,15.546,-76.436,44.143,7772.905,74386.549,20220828_053216,479177,90956,45744,73883
1,KTYX20220828_093916_V06,-42.577,0.269,178.792,216.197,10.332,-76.437,44.130,5166.161,73678.956,20220828_053916,479172,80571,46593,63758
3,KTYX20220829_102049_V06,-2.154,0.420,149.740,441.399,23.058,-76.603,43.116,11528.879,103164.646,20220829_062049,479172,13894,46796,11405
3,KTYX20220829_102731_V06,4.546,0.473,153.376,441.115,32.888,-76.581,43.117,16444.155,101749.681,20220829_062731,479172,14602,48573,12100
3,KTYX20220829_103412_V06,11.229,0.629,166.836,436.160,39.596,-76.498,43.140,19797.928,95226.378,20220829_063412,479176,15230,49326,12591
3,KTYX20220829_104056_V06,17.962,0.228,175.904,432.350,47.057,-76.443,43.158,23528.309,90714.394,20220829_064056,479173,15243,49194,12472
8,KTYX20220830_101516_V06,-8.831,0.340,143.295,455.373,13.890,-76.642,43.053,6944.887,110337.245,20220830_061516,479181,16554,53541,8046
8,KTYX20220830_102043_V06,-3.381,0.846,151.185,454.427,21.667,-76.593,43.057,10833.696,107230.712,20220830_062043,479171,17480,54983,8736
8,KTYX20220830_102612_V06,2.102,0.805,158.461,451.761,28.314,-76.549,43.070,14156.970,103760.211,20220830_062612,479171,19418,55843,10291
8,KTYX20220830_103141_V06,7.586,0.582,164.497,451.114,31.340,-76.512,43.073,15670.181,101484.890,20220830_063141,479180,19975,55977,10641
8,KTYX20220830_103709_V06,13.052,0.184,170.461,447.832,38.862,-76.475,43.088,19431.086,98278.478,20220830_063709,479184,20190,53711,11028
5,KTYX20220830_093700_V06,-47.098,0.237,286.138,339.524,22.634,-75.766,43.578,11317.230,20942.345,20220830_053700,479179,23648,43895,12330
11,KTYX20220830_112058_V06,56.869,0.057,25.586,116.461,33.416,-77.407,44.569,16708.149,165068.121,20220830_072058,479178,17229,38911,11195
6,KTYX20220831_100958_V06,-15.257,0.602,143.203,461.509,12.119,-76.642,43.025,6059.508,112550.471,20220831_060958,479175,28894,63349,15542
6,KTYX20220831_101528_V06,-9.757,0.635,147.573,462.929,19.563,-76.615,43.019,9781.674,111556.852,20220831_061528,479172,33223,61534,20265
6,KTYX20220831_102100_V06,-4.224,0.608,158.121,464.141,25.282,-76.550,43.014,12641.176,108480.349,20220831_062100,479170,41048,61971,28180
6,KTYX20220831_102631_V06,1.293,0.751,164.434,463.753,31.176,-76.511,43.016,15587.832,106293.665,20220831_062631,479179,46306,60932,33114
6,KTYX20220831_103200_V06,6.776,0.584,170.158,465.797,33.824,-76.476,43.007,16911.781,105294.658,20220831_063200,479174,46528,59557,33491
6,KTYX20220831_103724_V06,12.176,0.438,176.874,463.848,41.347,-76.435,43.016,20673.538,102477.069,20220831_063724,479170,47507,60354,34054
6,KTYX20220831_104246_V06,17.543,0.183,180.418,457.163,45.623,-76.414,43.046,22811.666,98742.181,20220831_064246,479170,46341,60873,32990
8,KTYX20220831_104809_V06,22.926,0.455,229.776,338.393,49.239,-76.115,43.582,24619.692,40017.078,20220831_064809,479175,44997,59453,32360
8,KTYX20220831_105341_V06,28.459,0.142,234.395,341.033,54.445,-76.086,43.570,27222.489,38690.085,20220831_065341,479175,43316,58620,31017
2,KTYX20220901_101348_V06,-12.549,0.534,146.782,466.790,17.764,-76.620,43.001,8882.200,113241.851,20220901_061348,479174,23607,44592,16467
2,KTYX20220901_102227_V06,-3.899,0.051,147.211,464.996,25.991,-76.617,43.009,12995.592,112436.584,20220901_062227,479173,25118,43670,19020
2,KTYX20220901_103107_V06,4.768,0.349,153.740,463.453,33.753,-76.577,43.017,16876.425,109668.415,20220901_063107,479172,29033,42548,23424
2,KTYX20220901_103945_V06,13.401,0.305,153.401,452.813,33.255,-76.580,43.065,16627.283,105880.887,20220901_063945,479181,30359,39893,25103
2,KTYX20220901_104824_V06,22.051,0.167,156.865,448.483,32.599,-76.559,43.084,16299.549,103119.810,20220901_064824,479173,35311,40156,29095
1,KTYX20220902_101857_V06,-8.524,0.068,130.460,451.252,21.394,-76.721,43.070,10696.822,113601.207,20220902_061857,479173,17917,27013,12378
1,KTYX20220902_102558_V06,-1.507,0.530,130.895,451.513,29.902,-76.718,43.069,14951.024,113526.070,20220902_062558,479173,17093,23633,12332
1,KTYX20220902_103249_V06,5.343,0.329,131.030,450.591,34.332,-76.717,43.073,17166.173,113168.640,20220902_063249,479174,17173,22174,12661
1,KTYX20220902_103951_V06,12.376,0.268,129.791,448.460,40.906,-76.725,43.083,20453.092,112928.547,20220902_063951,479170,17800,21592,13416
1,KTYX20220902_104653_V06,19.410,0.200,120.984,442.795,38.633,-76.780,43.108,19316.643,114495.618,20220902_064653,479171,18111,21477,13856
1,KTYX20220902_110055_V06,33.443,0.135,114.434,437.677,44.282,-76.820,43.131,22141.138,115531.183,20220902_070055,479173,19811,21899,15346
1,KTYX20220903_101008_V06,-18.464,0.187,137.486,449.541,13.084,-76.678,43.078,6541.893,110423.408,20220903_061008,479175,15469,33170,12203
1,KTYX20220903_101708_V06,-11.464,0.708,139.094,448.288,19.909,-76.668,43.084,9954.284,109407.409,20220903_061708,479172,15559,32929,12306
1,KTYX20220903_102408_V06,-4.464,0.805,141.907,445.541,26.066,-76.651,43.097,13032.847,107442.413,20220903_062408,479172,18970,37520,14693
1,KTYX20220903_103103_V06,2.453,0.791,145.753,442.570,30.852,-76.628,43.110,15425.968,105021.995,20220903_063103,479170,21770,39621,17335
1,KTYX20220903_103756_V06,9.336,0.604,148.974,440.114,38.843,-76.608,43.121,19421.296,103005.901,20220903_063756,479173,21846,39382,17422
1,KTYX20220903_104450_V06,16.236,0.430,150.840,436.773,49.966,-76.597,43.137,24983.175,101187.177,20220903_064450,479174,23194,38431,18570
1,KTYX20220903_105146_V06,23.170,0.058,154.633,434.118,58.987,-76.574,43.149,29493.377,98892.534,20220903_065146,479173,21870,36079,17710
1,KTYX20220904_101429_V06,-15.237,0.337,135.148,458.768,15.413,-76.691,43.037,7706.476,114437.172,20220904_061429,479173,15124,47195,3887
1,KTYX20220904_101858_V06,-10.753,0.685,134.532,459.062,20.932,-76.695,43.035,10466.204,114760.962,20220904_061858,479175,16537,50042,4901
1,KTYX20220904_102326_V06,-6.287,0.648,136.277,459.654,24.532,-76.684,43.033,12266.175,114340.264,20220904_062326,479174,27760,58758,11530
1,KTYX20220904_102753_V06,-1.837,0.699,137.553,458.713,27.799,-76.677,43.037,13899.327,113554.900,20220904_062753,479177,46480,66023,24077
1,KTYX20220904_103221_V06,2.630,0.644,137.941,457.654,31.897,-76.674,43.042,15948.325,113046.547,20220904_063221,479176,62327,70271,36189
1,KTYX20220904_103649_V06,7.097,0.634,137.743,456.176,35.250,-76.676,43.049,17624.834,112603.491,20220904_063649,479180,68522,71790,41009
1,KTYX20220904_104116_V06,11.547,0.434,141.924,451.943,43.466,-76.650,43.068,21733.100,109629.708,20220904_064116,479176,74397,74830,45017
1,KTYX20220904_104544_V06,16.013,0.437,143.774,450.883,48.360,-76.639,43.073,24179.875,108595.947,20220904_064544,479166,74455,78281,43854
1,KTYX20220904_105012_V06,20.480,0.355,144.006,449.903,51.880,-76.638,43.077,25939.967,108172.557,20220904_065012,479172,74333,81145,42582
1,KTYX20220904_105439_V06,24.930,0.191,147.753,446.074,58.969,-76.615,43.095,29484.410,105494.855,20220904_065439,479173,72382,83214,40242
1,KTYX20220904_110336_V06,33.880,0.126,151.494,448.959,67.064,-76.592,43.082,33531.857,105169.949,20220904_070336,479172,71664,85564,37092
1,KTYX20220904_110804_V06,38.347,0.050,146.235,442.356,67.174,-76.625,43.111,33587.087,104772.474,20220904_070804,479182,69496,85931,34929
5,KTYX20220904_113028_V06,60.747,0.103,66.422,234.862,67.426,-77.137,44.040,33713.135,121244.993,20220904_073028,479172,71098,86918,34156
2,KTYX20220907_103830_V06,5.416,0.087,136.697,382.161,6.122,-76.688,43.382,3061.068,91403.186,20220907_063830,479172,39301,89420,8737
1,KTYX20220908_102910_V06,-5.038,0.099,122.445,449.028,12.627,-76.770,43.080,6313.313,115904.165,20220908_062910,479175,107086,87190,64737
1,KTYX20220908_103345_V06,-0.455,-1.000,122.445,449.028,19.914,-76.770,43.080,9957.063,115904.165,20220908_063345,479176,124972,86251,79821
1,KTYX20220908_103819_V06,4.112,-1.000,122.445,449.028,27.175,-76.770,43.080,13587.563,115904.165,20220908_063819,479175,129739,86565,83308
1,KTYX20220908_104253_V06,8.679,0.089,123.775,449.165,32.365,-76.762,43.079,16182.485,115439.976,20220908_064253,479175,129808,88734,82599
1,KTYX20220909_101736_V06,-17.725,0.635,123.998,456.078,13.263,-76.760,43.048,6631.485,117619.284,20220909_061736,479172,49951,56706,34945
1,KTYX20220909_102549_V06,-9.508,0.645,128.054,456.701,24.328,-76.735,43.046,12163.864,116319.194,20220909_062549,479174,49700,61497,32474
1,KTYX20220909_103250_V06,-2.492,0.612,126.461,455.546,31.984,-76.745,43.051,15991.829,116523.082,20220909_063250,479175,61211,60284,43482
1,KTYX20220909_103949_V06,4.492,0.726,128.257,456.258,42.531,-76.734,43.048,21265.465,116094.709,20220909_063949,479169,63625,61946,46267
1,KTYX20220909_104650_V06,11.508,0.714,123.747,447.629,46.753,-76.762,43.086,23376.666,114955.753,20220909_064650,479169,70995,65829,51464
1,KTYX20220909_110051_V06,25.525,0.324,117.924,439.041,57.175,-76.799,43.125,28587.316,114546.947,20220909_070051,479171,77860,63918,57663
1,KTYX20220909_110751_V06,32.525,0.125,110.239,431.263,59.962,-76.847,43.159,29981.195,115368.051,20220909_070751,479172,76942,61981,57314
1,KTYX20220910_103305_V06,-3.362,0.071,344.339,303.412,21.148,-75.405,43.740,10574.123,22235.026,20220910_063305,479178,52350,51952,39364
1,KTYX20220911_111605_V06,38.517,0.127,19.834,443.170,28.025,-77.401,43.098,14012.284,157314.006,20220911_071605,479170,67838,79083,32312
1,KTYX20220911_112041_V06,43.117,0.205,21.237,447.341,37.097,-77.392,43.080,18548.578,157653.091,20220911_072041,479173,69963,82020,32119
1,KTYX20220911_112516_V06,47.701,0.076,24.917,458.244,44.710,-77.368,43.031,22354.918,158675.609,20220911_072516,479174,70129,83495,31269
1,KTYX20220911_112952_V06,52.301,0.055,27.722,465.973,46.751,-77.350,42.997,23375.500,159438.389,20220911_072952,479174,71892,84224,31573
1,KTYX20220911_113426_V06,56.867,0.117,33.198,469.543,47.411,-77.316,42.981,23705.367,158057.038,20220911_073426,479175,73243,86529,30873
1,KTYX20220911_113901_V06,61.451,0.203,35.333,466.683,45.936,-77.303,42.994,22968.159,156390.381,20220911_073901,479177,73981,90196,29180
1,KTYX20220911_114336_V06,66.034,0.076,40.388,468.707,51.062,-77.272,42.985,25530.820,154806.437,20220911_074336,479171,75686,91134,29583
2,KTYX20220913_095328_V06,-46.343,0.229,428.643,224.975,18.188,-74.877,44.091,9093.899,74461.238,20220913_055328,479173,211405,151753,85021
2,KTYX20220914_100206_V06,-38.833,0.361,236.443,331.836,25.198,-76.074,43.612,12598.980,35542.128,20220914_060206,479174,125610,91152,69834
2,KTYX20220914_100631_V06,-34.416,0.059,213.783,304.238,60.086,-76.215,43.736,30043.152,43160.481,20220914_060631,479173,121181,89301,66917
7,KTYX20220914_103815_V06,-2.683,0.063,534.174,126.045,21.985,-74.207,44.529,10992.683,145857.582,20220914_063815,479172,50806,73052,23269
1,KTYX20220915_103703_V06,-5.007,0.053,129.545,467.844,9.132,-76.725,42.996,4565.964,119610.507,20220915_063703,479173,19258,36136,14650
1,KTYX20220915_104404_V06,2.009,0.889,128.607,472.630,14.282,-76.731,42.974,7141.141,121631.464,20220915_064404,479175,19310,32793,14976
1,KTYX20220915_105105_V06,9.026,0.556,126.519,473.760,19.274,-76.743,42.969,9636.850,122768.003,20220915_065105,479174,20600,31366,15952
1,KTYX20220915_110506_V06,23.043,0.559,126.354,475.257,24.309,-76.744,42.962,12154.585,123357.060,20220915_070506,479169,24977,31663,19452
9,KTYX20220916_102220_V06,-20.850,0.418,28.702,76.908,31.655,-77.393,44.747,15827.385,175622.269,20220916_062220,479168,55292,83943,16858
9,KTYX20220916_102654_V06,-16.283,0.411,30.731,75.106,38.957,-77.380,44.755,19478.296,175415.927,20220916_062654,479171,51838,81374,15488
9,KTYX20220916_103128_V06,-11.717,0.101,40.371,76.962,43.640,-77.319,44.748,21820.021,171138.304,20220916_063128,479176,48667,78782,14453
2,KTYX20220916_095017_V06,-52.900,0.054,305.790,111.418,33.617,-75.644,44.604,16808.605,94335.452,20220916_055017,479175,68010,81852,24574
5,KTYX20220916_100836_V06,-34.583,0.096,429.951,169.403,17.281,-74.865,44.341,8640.724,92117.751,20220916_060836,479163,72684,80622,30428
6,KTYX20220916_100836_V06,-34.583,0.062,295.344,135.242,53.988,-75.709,44.497,26993.999,82412.098,20220916_060836,479163,72684,80622,30428
8,KTYX20220916_101310_V06,-30.017,0.108,187.712,43.812,44.860,-76.391,44.906,22429.850,139857.730,20220916_061310,479176,64171,80694,23700
11,KTYX20220916_102654_V06,-16.283,0.176,466.123,163.566,40.143,-74.638,44.365,20071.396,107483.683,20220916_062654,479171,51838,81374,15488
6,KTYX20220922_103704_V06,-12.913,0.111,27.703,316.494,53.788,-77.368,43.669,26893.850,136398.095,20220922_063704,479179,228957,234760,35629
6,KTYX20220922_104216_V06,-7.713,0.244,30.055,314.309,61.083,-77.354,43.679,30541.528,135161.933,20220922_064216,479188,216772,230258,33048
6,KTYX20220922_104710_V06,-2.813,0.197,35.648,318.834,63.506,-77.319,43.659,31753.110,132511.169,20220922_064710,479188,206682,225241,31512
6,KTYX20220922_105234_V06,2.587,0.261,44.297,323.287,65.769,-77.265,43.640,32884.621,128380.514,20220922_065234,479187,200398,221293,31206
3,KTYX20220922_101114_V06,-38.747,0.149,330.484,58.507,59.812,-75.487,44.842,29906.071,121704.609,20220922_061114,479195,277750,260082,44385
1,KTYX20220924_101313_V06,-39.048,0.061,178.494,212.752,7.115,-76.439,44.146,3557.560,74793.055,20220924_061313,479173,150960,47271,130844
4,KTYX20220925_114003_V06,46.639,0.189,372.928,265.743,31.660,-75.226,43.909,15830.067,40286.611,20220925_074003,479174,62830,80800,20519
4,KTYX20220927_103444_V06,-20.979,0.128,29.348,477.151,42.026,-77.338,42.946,21013.056,161736.948,20220927_063444,479176,120246,143728,13563
4,KTYX20220927_104039_V06,-15.063,0.096,30.632,478.927,48.911,-77.330,42.939,24455.742,161689.243,20220927_064039,479180,118793,141480,13592
4,KTYX20220927_104636_V06,-9.113,0.131,36.443,478.009,49.912,-77.295,42.943,24955.786,159020.008,20220927_064636,479174,121104,142656,14248
4,KTYX20220927_105233_V06,-3.163,0.065,39.937,477.381,51.110,-77.273,42.946,25554.774,157398.141,20220927_065233,479181,120225,143663,13390
2,KTYX20220927_102300_V06,-32.713,0.077,345.441,174.472,30.227,-75.395,44.320,15113.419,66749.935,20220927_062300,479177,120555,140333,15738
12,KTYX20220928_110718_V06,10.432,0.084,270.324,103.103,27.466,-75.867,44.642,13732.981,99560.507,20220928_070718,479172,101138,126396,15524
16,KTYX20220928_112400_V06,27.132,0.067,33.891,190.956,36.126,-77.346,44.234,18063.240,143792.008,20220928_072400,479168,93991,119226,14816
17,KTYX20220928_112400_V06,27.132,0.058,348.411,127.722,16.390,-75.375,44.531,8194.870,89475.533,20220928_072400,479168,93991,119226,14816
19,KTYX20220928_114741_V06,50.815,0.085,269.548,314.063,18.260,-75.869,43.692,9130.062,16771.219,20220928_074741,479176,88673,113169,15559
21,KTYX20220928_120543_V06,68.849,0.065,173.862,272.123,8.576,-76.465,43.879,4287.895,64590.721,20220928_080543,479179,87994,115218,15462
21,KTYX20220928_121147_V06,74.915,-1.000,173.862,272.123,18.222,-76.465,43.879,9110.895,64590.721,20220928_081147,479178,85551,112851,15066
21,KTYX20220928_121750_V06,80.965,0.325,178.854,276.506,13.156,-76.433,43.859,6578.033,61701.286,20220928_081750,479177,83311,111263,15543
23,KTYX20220928_121147_V06,74.915,0.052,289.367,191.783,40.813,-75.747,44.243,20406.738,54368.931,20220928_081147,479178,85551,112851,15066
3,KTYX20221004_120635_V06,62.713,0.168,34.349,448.880,37.773,-77.311,43.074,18886.745,152262.744,20221004_080635,479172,47601,39896,26634
2,KTYX20221005_102808_V06,-36.917,0.194,365.239,115.611,6.133,-75.269,44.585,3066.418,97794.741,20221005_062808,479174,99680,81529,60974
3,KTYX20221005_111256_V06,7.883,0.177,45.414,428.940,5.698,-77.245,43.165,2848.822,142688.216,20221005_071256,479168,45049,44783,24947
2,KTYX20221006_102158_V06,-44.268,0.054,287.080,472.482,9.432,-75.759,42.980,4715.886,86482.488,20221006_062158,479176,74652,61616,48931
3,KTYX20221006_111141_V06,5.449,0.064,231.595,498.896,19.036,-76.098,42.860,9517.781,105165.120,20221006_071141,479172,25879,32048,15081
1,KTYX20221008_100845_V06,-59.865,0.140,172.287,211.360,3.231,-76.478,44.152,1615.686,77729.653,20221008_060845,479169,58434,58486,39332
4,KTYX20221009_102414_V06,-45.579,0.053,36.451,154.524,63.618,-77.334,44.399,31809.040,150517.123,20221009_062414,479171,91352,104603,18175
1,KTYX20221010_101957_V06,-51.064,0.122,23.305,307.124,33.592,-77.397,43.711,16796.186,138393.164,20221010_061957,479173,174005,150911,67586
1,KTYX20221010_102432_V06,-46.481,0.146,23.744,309.293,39.814,-77.394,43.701,19906.757,138206.036,20221010_062432,479174,172971,150062,68199
7,KTYX20221010_121113_V06,60.203,0.148,317.745,512.415,63.548,-75.572,42.800,31773.983,106577.425,20221010_081113,479175,71627,89747,21044
12,KTYX20221010_122459_V06,73.969,0.054,356.167,66.565,21.224,-75.325,44.806,10611.870,120048.777,20221010_082459,479167,64155,85399,19456
1,KTYX20221011_103939_V06,-32.571,0.082,33.662,438.049,38.403,-77.316,43.123,19201.435,149994.575,20221011_063939,479173,22203,51150,16029
1,KTYX20221013_103331_V06,-41.134,0.085,23.914,89.713,31.877,-77.421,44.689,15938.663,173525.338,20221013_063331,479174,116953,120426,20866
1,KTYX20221013_103801_V06,-36.634,0.163,24.684,86.287,37.494,-77.417,44.704,18747.141,174264.316,20221013_063801,479168,119430,122855,21025
1,KTYX20221013_104230_V06,-32.151,-1.000,25.276,83.654,43.441,-77.414,44.716,21720.343,174842.134,20221013_064230,479173,121562,125705,20929
1,KTYX20221013_104701_V06,-27.634,0.054,30.222,58.885,35.445,-77.386,44.828,17722.466,180911.880,20221013_064701,479169,124193,131561,20997
8,KTYX20221013_112429_V06,9.833,0.079,444.361,440.129,31.458,-74.793,43.122,15729.027,100593.412,20221013_072429,479173,158377,165558,22620
1,KTYX20221015_114140_V06,24.564,0.082,25.988,442.414,31.512,-77.363,43.102,15755.953,154405.368,20221015_074140,479168,17484,23645,12163
3,KTYX20221015_120918_V06,52.198,0.087,24.924,264.003,46.437,-77.392,43.905,23218.641,138710.879,20221015_080918,479172,15333,24931,11421
1,KTYX20221016_122310_V06,64.830,0.142,297.052,304.430,14.733,-75.698,43.736,7366.531,2660.575,20221016_082310,479172,11884,14734,9597
1,KTYX20221016_122957_V06,71.613,-1.000,297.052,304.430,25.519,-75.698,43.736,12759.281,2660.575,20221016_082957,479171,12009,14818,9495
1,KTYX20221016_123643_V06,78.380,0.074,297.261,304.014,15.580,-75.697,43.738,7790.188,2429.753,20221016_083643,479175,12278,14605,9759
5,KTYX20221019_124039_V06,78.577,0.074,25.378,362.301,47.773,-77.377,43.463,23886.457,140800.123,20221019_084039,479173,15625,23726,9629
5,KTYX20221019_124742_V06,85.627,0.112,25.674,358.506,54.081,-77.376,43.480,27040.558,140247.903,20221019_084742,479174,16200,24795,9630
28,KTYX20221020_120506_V06,41.771,0.134,28.484,490.938,41.326,-77.342,42.884,20662.952,165965.639,20221020_080506,479168,56036,88901,9714
28,KTYX20221020_120943_V06,46.388,0.097,30.554,492.111,47.889,-77.329,42.879,23944.484,165459.485,20221020_080943,479175,57201,90368,9786
2,KTYX20221020_102904_V06,-54.262,0.181,180.885,355.987,19.601,-76.416,43.501,9800.406,65808.282,20221020_062904,479173,77728,118698,11495
20,KTYX20221020_112905_V06,5.754,0.085,383.667,49.652,43.868,-75.151,44.881,21934.193,131979.235,20221020_072905,479171,48658,81519,8765
20,KTYX20221020_113342_V06,10.371,0.095,399.932,42.957,39.477,-75.047,44.911,19738.400,137892.865,20221020_073342,479181,48674,81382,8432
20,KTYX20221020_113819_V06,14.988,0.072,409.355,42.238,33.156,-74.988,44.914,16578.060,139999.909,20221020_073819,479172,49318,81957,8640
23,KTYX20221020_113819_V06,14.988,0.109,442.874,223.909,17.021,-74.788,44.095,8510.334,80936.362,20221020_073819,479172,49318,81957,8640
1,KTYX20221023_113724_V06,10.269,0.070,24.778,430.228,30.074,-77.372,43.157,15037.136,152238.876,20221023_073724,479170,42485,28736,34448
1,KTYX20221025_112922_V06,-0.323,0.108,257.491,324.059,18.525,-75.943,43.647,9262.314,24422.672,20221025_072922,479173,25355,24855,22091
1,KTYX20221025_113616_V06,6.577,0.051,259.234,323.274,29.401,-75.933,43.651,14700.631,23470.741,20221025_073616,479172,25617,26127,22016
1,KTYX20221031_104758_V06,-49.498,0.064,26.571,97.737,21.334,-77.404,44.653,10667.110,170054.143,20221031_064758,479170,16043,24594,12619
2,KTYX20221031_124154_V06,64.435,0.094,25.344,420.818,37.740,-77.370,43.200,18870.060,150027.574,20221031_084154,479172,11773,20267,7908
15,KTYX20221101_121711_V06,38.412,0.073,368.126,338.805,26.912,-75.258,43.580,13455.931,39201.433,20221101_081711,479170,31256,44050,8566
15,KTYX20221101_122142_V06,42.929,0.151,376.392,343.649,19.453,-75.207,43.558,9726.421,43991.333,20221101_082142,479179,30353,43555,8430
3,KTYX20221106_113353_V06,-11.444,0.150,41.016,171.324,67.339,-77.303,44.323,33669.689,144594.418,20221106_063353,479191,133646,145995,12776
1,KTYX20221108_114302_V06,-4.921,0.258,322.737,481.716,8.227,-75.541,42.938,4113.307,91566.679,20221108_064302,479176,19681,26580,15769
1,KTYX20221108_115005_V06,2.129,0.122,322.142,488.022,15.469,-75.544,42.910,7734.531,94660.857,20221108_065005,479172,22138,26871,18333
2,KTYX20221108_114302_V06,-4.921,0.113,223.184,185.549,5.017,-76.161,44.270,2508.682,68919.759,20221108_064302,479176,19681,26580,15769
1,KTYX20221109_113955_V06,-9.351,0.050,177.417,212.938,7.304,-76.446,44.145,3652.191,75177.036,20221109_063955,479174,21844,28067,16153
1,KTYX20221109_114647_V06,-2.484,0.059,177.600,213.158,14.513,-76.445,44.144,7256.616,75038.928,20221109_064647,479175,21633,28883,15809
3,KTYX20221113_111059_V06,-43.521,0.056,433.057,219.906,50.725,-74.849,44.113,25362.667,77651.806,20221113_061059,479169,116823,141784,20424
1,KTYX20221116_111353_V06,-44.514,0.092,18.776,252.511,21.323,-77.432,43.956,10661.292,142602.582,20221116_061353,479176,410721,407299,13998
1,KTYX20221116_111958_V06,-38.431,0.079,19.989,249.906,29.380,-77.425,43.968,14689.948,142228.355,20221116_061958,479179,409451,405856,14592
9,KTYX20221117_121018_V06,10.614,0.248,179.085,211.630,6.521,-76.436,44.151,3260.403,74882.818,20221117_071018,479180,150258,186304,10582
9,KTYX20221117_121454_V06,15.214,0.279,179.152,211.710,12.258,-76.435,44.151,6129.229,74832.146,20221117_071454,479182,146699,187199,9888
9,KTYX20221117_121931_V06,19.831,0.068,177.931,211.533,7.799,-76.443,44.151,3899.618,75377.940,20221117_071931,479171,144899,187204,10082
6,KTYX20221117_120106_V06,1.414,0.068,177.837,211.756,7.018,-76.443,44.150,3509.043,75350.575,20221117_070106,479177,148146,185323,10271
7,KTYX20221117_120542_V06,6.014,0.117,434.320,559.917,11.430,-74.862,42.583,5714.759,146286.058,20221117_070542,479174,148625,186189,10096
2,KTYX20221119_113237_V06,-29.625,0.057,283.070,306.880,11.607,-75.785,43.725,5803.467,9137.217,20221119_063237,479169,54988,67670,9145
5,KTYX20221119_121842_V06,16.458,0.076,297.473,301.566,21.442,-75.696,43.749,10721.241,1486.661,20221119_071842,479169,54571,68524,9678
3,KTYX20221120_111805_V06,-45.425,0.051,451.537,153.488,59.446,-74.729,44.411,29723.148,105390.965,20221120_061805,479176,136064,146261,5920
8,KTYX20221120_122503_V06,21.542,0.055,60.233,29.430,28.160,-77.199,44.963,14079.996,180759.905,20221120_072503,479175,125263,138358,10107
1,KTYX20221123_120203_V06,-5.200,0.057,283.723,291.954,12.339,-75.781,43.792,6169.533,9078.320,20221123_070203,479175,13943,12933,11817
1,KTYX20221124_112334_V06,-44.908,0.066,299.598,304.124,14.398,-75.682,43.737,7199.039,2071.903,20221124_062334,479172,14401,17058,11326
6,KTYX20221125_125253_V06,43.197,0.573,46.423,265.583,78.675,-77.258,43.900,39337.669,127951.027,20221125_075253,479179,322886,261602,77143
6,KTYX20221125_130505_V06,55.397,0.444,58.072,269.929,83.549,-77.185,43.881,41774.568,121894.696,20221125_080505,479179,307771,249780,75611
6,KTYX20221125_131110_V06,61.480,0.535,62.365,268.884,88.158,-77.159,43.886,44078.984,119831.867,20221125_081110,479179,295590,239108,74657
6,KTYX20221125_131714_V06,67.547,0.361,78.201,265.969,97.574,-77.060,43.901,48787.215,112197.355,20221125_081714,479177,278852,225936,73072
6,KTYX20221125_132319_V06,73.630,0.360,85.223,276.150,99.415,-77.016,43.855,49707.463,108048.391,20221125_082319,479180,267295,214614,72935
6,KTYX20221125_132855_V06,79.230,0.121,93.883,283.731,104.151,-76.961,43.822,52075.575,103379.133,20221125_082855,479171,254635,204294,72519
6,KTYX20221125_133414_V06,84.547,0.059,95.439,290.762,106.563,-76.951,43.790,53281.259,102384.921,20221125_083414,479170,241716,192742,72622
4,KTYX20221125_124048_V06,31.113,0.080,37.225,230.844,83.268,-77.320,44.055,41633.884,135861.148,20221125_074048,479182,336476,275210,76234
4,KTYX20221125_124655_V06,37.230,0.416,39.088,237.180,87.371,-77.307,44.027,43685.488,134184.312,20221125_074655,479176,332634,269573,77720
1,KTYX20221125_114339_V06,-26.037,0.121,56.712,286.721,76.193,-77.192,43.806,38096.443,121825.265,20221125_064339,479172,389932,330443,72030
10,KTYX20221130_114309_V06,-32.364,0.057,291.839,339.958,26.079,-75.731,43.576,13039.631,20391.330,20221130_064309,479175,80938,91429,12318
16,KTYX20221201_130847_V06,52.158,0.180,34.140,253.792,52.421,-77.336,43.952,26210.632,134922.740,20221201_080847,479167,231474,256377,13172
16,KTYX20221201_131423_V06,57.758,0.297,37.127,252.158,60.568,-77.318,43.959,30284.065,133595.375,20221201_081423,479175,241684,264832,12644
16,KTYX20221201_131959_V06,63.358,0.061,46.742,237.017,71.592,-77.260,44.028,35796.234,130485.954,20221201_081959,479173,249997,271162,11747
8,KTYX20221201_121157_V06,-4.676,0.055,47.470,140.554,55.449,-77.267,44.462,27724.255,149327.162,20221201_071157,479178,181812,206894,15315
8,KTYX20221201_121732_V06,0.908,-1.000,47.470,140.554,64.326,-77.267,44.462,32163.005,149327.162,20221201_071732,479172,182618,212138,13887
8,KTYX20221201_122336_V06,6.974,0.060,46.076,168.518,50.357,-77.272,44.336,25178.322,142972.576,20221201_072336,479177,181159,214986,12736
1,KTYX20221202_113329_V06,-44.233,0.100,50.759,99.113,55.511,-77.251,44.649,27755.280,160059.796,20221202_063329,479171,58500,52443,20538
6,KTYX20221202_132014_V06,62.517,0.108,39.455,465.382,44.489,-77.278,43.000,22244.297,154300.565,20221202_082014,479168,31146,31674,14363
6,KTYX20221203_121633_V06,-2.236,0.218,33.789,351.745,58.781,-77.326,43.511,29390.293,135596.789,20221203_071633,479176,346175,306283,56966
6,KTYX20221203_122238_V06,3.847,0.630,36.113,353.493,65.807,-77.312,43.503,32903.280,134627.254,20221203_072238,479176,341829,306028,55867
6,KTYX20221203_122842_V06,9.914,0.578,44.842,344.981,79.657,-77.259,43.542,39828.559,129546.174,20221203_072842,479174,337773,307831,51248
6,KTYX20221203_123447_V06,15.997,-1.000,52.508,338.063,92.500,-77.212,43.574,46249.824,125201.186,20221203_073447,479184,334642,308831,44984
6,KTYX20221203_124052_V06,22.080,0.097,62.720,325.238,103.827,-77.150,43.633,51913.367,119309.139,20221203_074052,479178,331480,311625,39194
12,KTYX20221203_132856_V06,70.147,0.213,24.925,376.964,28.094,-77.378,43.397,14047.047,142819.801,20221203_082856,479179,281039,273158,25546
12,KTYX20221203_133449_V06,76.030,-1.000,24.925,376.964,37.449,-77.378,43.397,18724.297,142819.801,20221203_083449,479179,274854,265121,26284
12,KTYX20221203_134043_V06,81.930,0.139,35.766,361.265,41.959,-77.313,43.468,20979.451,135621.751,20221203_084043,479185,267098,256156,27753
2,KTYX20221203_112822_V06,-50.420,0.262,123.202,380.263,21.194,-76.771,43.389,10596.937,97082.117,20221203_062822,479177,315424,278586,50155
8,KTYX20221203_123447_V06,15.997,0.180,52.281,324.175,100.077,-77.215,43.637,50038.296,124447.741,20221203_073447,479184,334642,308831,44984
10,KTYX20221203_124657_V06,28.164,0.139,26.243,108.690,37.275,-77.404,44.604,18637.299,166989.616,20221203_074657,479181,329703,310868,36407
11,KTYX20221203_131602_V06,57.247,0.234,37.552,156.378,43.313,-77.327,44.390,21656.418,149588.073,20221203_081602,479181,294905,290678,24459
12,KTYX20221206_133911_V06,77.325,0.078,357.016,392.378,21.373,-75.328,43.340,10686.493,54278.400,20221206_083911,479174,148364,161150,23104
7,KTYX20221207_123131_V06,8.684,0.119,400.427,277.893,13.189,-75.055,43.854,6594.364,51415.613,20221207_073131,479168,27371,60692,11896
7,KTYX20221207_123832_V06,15.700,-1.000,400.427,277.893,24.345,-75.055,43.854,12172.614,51415.613,20221207_073832,479177,23939,58248,9047
7,KTYX20221207_124257_V06,20.117,0.063,394.448,265.242,35.541,-75.092,43.911,17770.619,50320.531,20221207_074257,479176,24034,59601,8912
6,KTYX20221207_122429_V06,1.650,0.180,222.755,332.234,29.061,-76.158,43.610,14530.615,41850.168,20221207_072429,479175,27802,60310,11920
8,KTYX20221207_123131_V06,8.684,0.051,160.348,329.569,50.035,-76.545,43.619,25017.452,71374.209,20221207_073131,479168,27371,60692,11896
1,KTYX20221214_114423_V06,-44.495,0.088,315.180,343.208,14.101,-75.586,43.561,7050.386,22898.498,20221214_064423,479163,10399,12127,8637
1,KTYX20221215_114232_V06,-47.087,0.106,299.409,302.174,11.032,-75.684,43.746,5515.919,1126.600,20221215_064232,479176,5789,12673,4183
2,KTYX20221215_134028_V06,70.846,0.069,24.546,468.527,47.337,-77.369,42.985,23668.636,161459.098,20221215_084028,479171,24437,24249,10116
2,KTYX20221216_134612_V06,75.871,0.112,22.644,309.068,27.948,-77.401,43.702,13974.193,138752.297,20221216_084612,479180,431021,424088,17454
2,KTYX20221216_135217_V06,81.954,0.083,24.698,305.604,35.495,-77.388,43.718,17747.443,137679.755,20221216_085217,479174,429923,422861,17458
8,KTYX20221217_133012_V06,59.196,0.138,17.896,412.133,26.443,-77.417,43.238,13221.669,151786.536,20221217_083012,479172,61903,99543,12048
8,KTYX20221217_133504_V06,64.063,0.129,18.501,412.724,32.913,-77.413,43.235,16456.718,151615.259,20221217_083504,479171,62814,100316,12086
5,KTYX20221218_114803_V06,-43.594,0.054,63.233,211.795,73.442,-77.160,44.143,36720.806,126331.682,20221218_064803,479173,106175,162284,11708
4,KTYX20221219_124545_V06,13.501,0.089,36.049,437.371,44.334,-77.302,43.126,22167.036,148779.422,20221219_074545,479172,221359,243076,17532
4,KTYX20221219_125107_V06,18.867,0.170,37.529,437.838,51.775,-77.293,43.124,25887.388,148231.404,20221219_075107,479173,229591,247473,18435
8,KTYX20221219_132802_V06,55.784,0.107,31.717,222.460,47.502,-77.355,44.093,23750.942,139631.893,20221219_082802,479170,236760,249497,20412
8,KTYX20221219_133254_V06,60.651,-1.000,31.717,222.460,55.240,-77.355,44.093,27619.942,139631.893,20221219_083254,479175,235545,249146,20603
8,KTYX20221219_133745_V06,65.501,0.053,34.670,215.773,47.897,-77.338,44.123,23948.740,139188.920,20221219_083745,479169,235488,248886,21020
11,KTYX20221219_134727_V06,75.201,0.111,374.083,62.761,14.004,-75.212,44.822,7002.155,124268.514,20221219_084727,479180,236280,250293,21174
2,KTYX20221222_122535_V06,-8.261,0.099,35.748,272.232,49.934,-77.324,43.869,24967.136,132853.314,20221222_072535,479169,17001,29957,11342
2,KTYX20221222_123218_V06,-1.544,0.120,35.591,271.529,58.659,-77.325,43.872,29329.525,132968.762,20221222_073218,479174,18499,31349,11834
2,KTYX20221222_123900_V06,5.156,0.069,40.232,262.574,58.301,-77.297,43.913,29150.571,131225.293,20221222_073900,479173,19048,31968,11507
2,KTYX20221222_124543_V06,11.872,0.086,48.897,256.948,61.955,-77.244,43.939,30977.643,127383.248,20221222_074543,479165,20563,32897,11962
2,KTYX20221222_125225_V06,18.572,0.075,55.121,257.912,69.348,-77.205,43.935,34674.079,124234.598,20221222_075225,479167,21258,33750,11928
2,KTYX20221222_130547_V06,31.939,0.079,59.271,252.525,74.952,-77.180,43.960,37475.961,122683.036,20221222_080547,479172,22671,36129,12045
2,KTYX20221222_131250_V06,38.989,0.144,62.668,257.409,83.826,-77.158,43.938,41913.018,120561.772,20221222_081250,479174,21446,35016,11929
3,KTYX20221222_133355_V06,60.072,0.152,32.513,187.403,48.476,-77.355,44.250,24237.865,145109.777,20221222_083355,479173,18146,31105,11360
3,KTYX20221222_134056_V06,67.089,0.310,33.169,182.543,53.518,-77.351,44.272,26758.968,145769.596,20221222_084056,479171,17056,29327,11181
3,KTYX20221222_134758_V06,74.122,0.060,31.704,163.041,39.300,-77.363,44.360,19649.914,150615.994,20221222_084758,479172,16472,28547,11172
1,KTYX20221228_131327_V06,37.463,0.089,61.190,240.362,96.273,-77.169,44.015,48136.734,123072.082,20221228_081327,479173,281773,304609,20756
2,KTYX20221228_133144_V06,55.746,0.081,26.669,269.948,38.935,-77.381,43.878,19467.390,137489.088,20221228_083144,479173,275011,305852,25981
1,KTYX20221229_115303_V06,-43.153,0.074,27.824,439.743,28.548,-77.352,43.115,14274.193,152977.051,20221229_065303,479173,15812,23350,12652
1,KTYX20221229_120627_V06,-29.753,0.101,31.276,440.289,36.534,-77.331,43.112,18267.038,151569.479,20221229_070627,479174,15620,23863,12474
2,KTYX20221231_122450_V06,-11.675,0.164,29.296,406.004,51.019,-77.347,43.267,25509.657,145359.414,20221231_072450,479176,90881,83523,23320
5,KTYX20221231_130843_V06,32.208,0.159,300.139,304.025,14.110,-75.679,43.738,7055.161,2013.908,20221231_080843,479167,115274,110585,25303
6,KTYX20221231_131729_V06,40.975,0.081,39.686,518.752,41.152,-77.270,42.760,20575.771,170011.364,20221231_081729,479176,121395,117122,25343
