track_id,filename,from_sunrise,det_score,x,y,r,lon,lat,radius,geo_dist,local_time,n_radar_pixels,n_refAbove40_pixels,n_xcorrAbove0.95_pixels,n_xcorrBelow0.95_refAbove40_pixels
1,KCBW20230601_083018_V06,-13.752,0.116,299.072,191.947,2.933,-67.813,46.525,1466.614,54028.727,20230601_043018,479169,31050,44549,22021
1,KCBW20230602_080052_V06,-42.617,0.071,339.100,140.313,6.268,-67.551,46.757,3134.151,82202.266,20230602_040052,479186,82247,67962,50913
3,KCBW20230603_090430_V06,21.547,0.075,299.071,192.071,2.142,-67.813,46.525,1071.007,53966.660,20230603_050430,479178,102934,128722,16622
3,KCBW20230603_090749_V06,24.864,0.093,299.055,192.088,6.627,-67.813,46.525,3313.340,53957.873,20230603_050749,479179,100513,124269,16370
4,KCBW20230603_093443_V06,51.764,0.069,297.574,192.437,2.714,-67.823,46.523,1357.174,53795.329,20230603_053443,479179,81711,98035,15745
6,KCBW20230603_095128_V06,68.514,0.111,299.174,191.994,2.435,-67.812,46.525,1217.484,54004.509,20230603_055128,479185,71327,86137,13441
4,KCBW20230608_080711_V06,-33.712,0.107,169.477,158.701,35.265,-68.660,46.672,17632.671,96179.161,20230608_040711,479164,155487,119866,82790
5,KCBW20230608_081149_V06,-29.079,0.092,34.862,192.827,23.270,-69.534,46.508,11634.899,142989.672,20230608_041149,479174,139341,123161,67636
8,KCBW20230608_092252_V06,41.971,0.072,210.231,445.072,4.916,-68.380,45.385,2458.096,85299.716,20230608_052252,479175,70643,98106,15645
8,KCBW20230608_092729_V06,46.588,0.059,212.129,444.991,2.917,-68.368,45.386,1458.332,84769.762,20230608_052729,479172,72247,99611,15947
10,KCBW20230608_095034_V06,69.671,0.099,212.764,446.179,3.075,-68.364,45.380,1537.737,85115.276,20230608_055034,479177,72506,100493,17359
8,KCBW20230609_080600_V06,-34.604,0.138,334.389,159.649,24.586,-67.582,46.670,12293.182,72251.460,20230609_040600,479175,137285,161063,38456
7,KCBW20230610_100506_V06,84.746,0.053,129.391,331.732,7.187,-68.906,45.891,3593.574,86767.245,20230610_060506,479169,58631,79382,14533
1,KCBW20230611_074226_V06,-57.710,0.229,134.363,326.254,8.571,-68.874,45.916,4285.415,83852.330,20230611_034226,479172,97210,51645,70386
1,KCBW20230611_074922_V06,-50.777,0.061,134.459,326.178,15.574,-68.874,45.916,7786.822,83798.903,20230611_034922,479169,98904,54880,69953
2,KCBW20230611_080314_V06,-36.910,0.066,298.821,302.261,10.977,-67.815,46.029,5488.453,1274.799,20230611_040314,479169,70464,63916,43545
1,KCBW20230612_074025_V06,-59.558,0.100,298.762,193.520,2.976,-67.815,46.518,1487.896,53243.479,20230612_034025,479172,119080,62066,85487
1,KCBW20230613_074602_V06,-53.813,0.137,130.411,329.566,8.322,-68.900,45.901,4161.048,86073.424,20230613_034602,479168,33169,49520,19001
2,KCBW20230613_081355_V06,-25.930,0.099,292.023,408.684,33.552,-67.858,45.550,16776.075,54487.912,20230613_041355,479174,18969,48808,11480
1,KCBW20230614_074408_V06,-55.625,0.136,266.987,416.009,6.802,-68.018,45.517,3401.165,60307.433,20230614_034408,479170,20015,39938,11670
1,KCBW20230614_075051_V06,-48.909,0.051,267.647,415.476,14.162,-68.014,45.520,7081.058,59961.222,20230614_035051,479172,17532,40320,9852
4,KCBW20230614_093230_V06,52.741,0.100,212.145,444.863,2.850,-68.368,45.386,1424.860,84710.986,20230614_053230,479166,20876,63597,8561
4,KCBW20230614_093916_V06,59.508,-1.000,212.145,444.863,13.609,-68.368,45.386,6804.360,84710.986,20230614_053916,479171,20545,64594,7525
4,KCBW20230614_094603_V06,66.291,0.094,212.069,444.900,3.154,-68.368,45.386,1576.973,84746.456,20230614_054603,479170,21411,64912,8294
3,KCBW20230615_090636_V06,26.889,0.204,212.734,445.759,2.439,-68.364,45.382,1219.629,84942.713,20230615_050636,479168,50584,79166,9556
1,KCBW20230617_074139_V06,-58.087,0.184,268.603,414.769,6.762,-68.008,45.523,3381.065,59492.925,20230617_034139,479181,91699,109588,12721
1,KCBW20230617_074508_V06,-54.604,0.070,268.615,414.831,11.648,-68.008,45.522,5824.159,59521.642,20230617_034508,479186,91035,108793,12658
6,KCBW20230617_080210_V06,-37.571,0.114,269.110,414.908,6.887,-68.005,45.522,3443.472,59493.665,20230617_040210,479188,90218,106278,12451
8,KCBW20230617_082234_V06,-17.171,0.243,268.648,414.674,6.975,-68.008,45.523,3487.400,59441.190,20230617_042234,479181,90507,107624,13751
10,KCBW20230617_082559_V06,-13.754,0.052,250.802,166.010,35.035,-68.128,46.641,17517.487,71368.497,20230617_042559,479186,90904,108374,13432
12,KCBW20230617_084622_V06,6.629,0.059,266.973,413.319,8.502,-68.018,45.529,4251.186,59017.039,20230617_044622,479177,98738,114352,13716
1,KCBW20230619_074123_V06,-58.539,0.369,208.146,446.434,8.414,-68.393,45.379,4206.942,86429.259,20230619_034123,479169,9746,46452,6718
1,KCBW20230619_074813_V06,-51.706,0.315,208.911,445.540,15.701,-68.388,45.383,7850.731,85847.297,20230619_034813,479166,9767,44178,6546
8,KCBW20230619_093112_V06,51.278,0.052,210.310,444.007,8.563,-68.380,45.390,4281.700,84826.689,20230619_053112,479175,6221,42217,5155
1,KCBW20230621_092758_V06,47.703,0.091,295.495,302.503,14.387,-67.836,46.028,7193.703,2576.925,20230621_052758,479165,13044,19122,9605
1,KCBW20230622_074202_V06,-58.459,0.094,210.587,445.653,5.271,-68.378,45.382,2635.550,85453.810,20230622_034202,479169,17275,35619,11782
2,KCBW20230622_074202_V06,-58.459,0.083,298.987,191.852,2.400,-67.814,46.526,1200.176,54076.255,20230622_034202,479169,17275,35619,11782
1,KCBW20230623_074108_V06,-59.625,0.059,127.003,329.088,11.392,-68.922,45.903,5696.161,87712.864,20230623_034108,479168,14324,31245,9872
2,KCBW20230623_091920_V06,38.575,0.052,128.484,328.765,8.845,-68.912,45.904,4422.474,86955.843,20230623_051920,479173,10768,30288,7992
3,KCBW20230623_094713_V06,66.459,0.196,127.732,329.400,10.881,-68.917,45.902,5440.731,87379.417,20230623_054713,479170,10357,26941,7764
1,KCBW20230624_074203_V06,-59.011,0.065,129.038,329.332,9.023,-68.909,45.902,4511.556,86729.856,20230624_034203,479166,29369,55740,19575
2,KCBW20230624_093421_V06,53.289,0.100,416.127,205.700,44.172,-67.051,46.461,22085.827,74796.594,20230624_053421,479169,30039,63858,20647
2,KCBW20230624_094123_V06,60.322,-1.000,416.127,205.700,55.355,-67.051,46.461,27677.327,74796.594,20230624_054123,479172,26758,65374,18675
2,KCBW20230624_094824_V06,67.339,0.070,406.396,209.131,38.585,-67.115,46.446,19292.580,69959.706,20230624_054824,479168,29238,64877,20403
3,KCBW20230624_093421_V06,53.289,0.074,430.091,261.943,5.409,-66.964,46.207,2704.288,67771.483,20230624_053421,479169,30039,63858,20647
4,KCBW20230625_075259_V06,-48.418,0.068,255.798,62.257,26.180,-68.098,47.108,13090.023,120908.726,20230625_035259,479171,117635,141031,16005
10,KCBW20230625_082757_V06,-13.451,0.057,268.580,415.302,6.960,-68.008,45.520,3479.925,59752.922,20230625_042757,479183,84681,111747,14270
14,KCBW20230625_090602_V06,24.632,0.072,268.901,414.554,8.529,-68.006,45.524,4264.572,59350.140,20230625_050602,479175,52183,82923,8234
16,KCBW20230625_094838_V06,67.232,0.055,266.462,413.646,10.822,-68.022,45.528,5410.753,59245.620,20230625_054838,479189,46556,69538,7453
8,KCBW20230626_094616_V06,64.489,0.052,234.836,410.852,8.549,-68.224,45.540,4274.685,64293.219,20230626_054616,479169,40822,74707,6053
1,KCBW20230627_074304_V06,-59.123,0.300,268.341,414.365,8.491,-68.010,45.525,4245.665,59332.871,20230627_034304,479175,24313,68924,6174
3,KCBW20230627_074304_V06,-59.123,0.063,37.563,231.628,6.588,-69.511,46.334,3293.852,135598.749,20230627_034304,479175,24313,68924,6174
5,KCBW20230627_082107_V06,-21.073,0.102,267.851,415.795,8.437,-68.013,45.518,4218.410,60087.611,20230627_042107,479178,24019,53549,6066
8,KCBW20230627_084934_V06,7.377,0.057,270.396,414.997,7.858,-67.996,45.522,3928.827,59373.379,20230627_044934,479178,27162,46868,5132
10,KCBW20230627_091043_V06,28.527,0.054,268.176,415.855,8.648,-68.011,45.518,4323.881,60073.246,20230627_051043,479195,32841,51998,5007
12,KCBW20230627_092122_V06,39.177,0.072,268.388,415.248,8.411,-68.009,45.521,4205.460,59752.225,20230627_052122,479189,37654,56579,5050
3,KCBW20230628_080406_V06,-38.537,0.235,343.671,317.559,34.432,-67.525,45.960,17216.244,23534.547,20230628_040406,479182,33695,64909,7536
3,KCBW20230628_080730_V06,-35.137,0.062,343.137,316.301,39.302,-67.529,45.966,19651.021,23056.997,20230628_040730,479185,31871,62202,7578
1,KCBW20230628_074640_V06,-55.970,0.078,327.130,357.564,29.848,-67.633,45.780,14924.044,31818.473,20230628_034640,479174,40794,70671,8096
5,KCBW20230628_080730_V06,-35.137,0.081,261.436,408.266,16.462,-68.054,45.552,8231.123,57464.845,20230628_040730,479185,31871,62202,7578
10,KCBW20230628_084954_V06,7.263,0.152,267.885,414.368,8.516,-68.012,45.524,4257.879,59395.864,20230628_044954,479173,11691,53912,5213
12,KCBW20230628_090350_V06,21.197,0.178,267.997,415.173,8.438,-68.012,45.521,4219.038,59768.044,20230628_050350,479176,10297,54056,4403
13,KCBW20230628_100057_V06,78.313,0.140,212.488,446.325,3.449,-68.366,45.380,1724.472,85248.739,20230628_060057,479170,10514,73305,5479
3,KCBW20230629_074401_V06,-59.101,0.060,271.044,391.604,2.680,-67.993,45.627,1339.998,48035.838,20230629_034401,479180,92382,112551,6480
5,KCBW20230629_084804_V06,4.949,0.223,264.857,412.561,11.332,-68.032,45.533,5666.197,58959.769,20230629_044804,479180,83772,103547,5559
6,KCBW20230629_085140_V06,8.549,0.065,24.365,140.354,34.455,-69.610,46.743,17227.358,159265.225,20230629_045140,479169,84171,103302,5675
6,KCBW20230630_095208_V06,68.500,0.136,209.959,444.254,8.791,-68.382,45.389,4395.617,85024.500,20230630_055208,479167,10745,38308,4997
2,KCBW20230701_075332_V06,-50.648,0.177,129.015,329.435,8.569,-68.909,45.901,4284.396,86749.873,20230701_035332,479171,40078,86285,6142
12,KCBW20230701_092352_V06,39.685,0.059,268.675,416.065,6.410,-68.007,45.517,3204.868,60108.980,20230701_052352,479172,37138,78038,5705
13,KCBW20230702_100618_V06,81.538,0.115,359.330,515.155,36.854,-67.430,45.071,18426.949,111592.856,20230702_060618,479167,40543,70107,6101
13,KCBW20230702_101055_V06,86.155,0.101,363.020,515.481,44.248,-67.407,45.069,22124.228,112253.756,20230702_061055,479174,39535,70998,5607
4,KCBW20230702_080337_V06,-41.145,0.101,218.702,338.333,18.778,-68.330,45.866,9388.950,44941.268,20230702_040337,479179,24922,53344,6225
3,KCBW20230703_080207_V06,-43.258,0.076,348.259,68.044,9.363,-67.489,47.082,4681.721,118461.624,20230703_040207,479169,233743,255544,19194
12,KCBW20230705_090408_V06,17.442,0.067,306.329,393.965,14.057,-67.766,45.616,7028.692,47089.155,20230705_050408,479182,38586,62722,14848
13,KCBW20230705_094556_V06,59.242,0.297,370.973,353.661,11.721,-67.350,45.797,5860.489,44488.030,20230705_054556,479192,32253,50020,13191
1,KCBW20230706_091828_V06,31.072,0.093,102.576,395.017,6.520,-69.072,45.605,3259.930,109549.851,20230706_051828,479174,56186,61229,40442
1,KCBW20230707_075254_V06,-55.227,0.056,127.669,329.073,8.276,-68.917,45.903,4137.972,87383.139,20230707_035254,479172,20251,42409,12631
3,KCBW20230707_084848_V06,0.673,0.087,179.151,511.052,27.254,-68.574,45.087,13627.071,121601.032,20230707_044848,479165,41106,46904,33106
1,KCBW20230708_075026_V06,-58.455,0.086,129.442,331.189,10.104,-68.906,45.894,5052.044,86693.290,20230708_035026,479168,67070,100334,14239
16,KCBW20230708_090201_V06,13.129,0.058,268.052,415.119,7.694,-68.011,45.521,3847.092,59734.737,20230708_050201,479165,68905,93451,11802
21,KCBW20230708_093116_V06,42.379,0.052,266.392,415.388,10.876,-68.022,45.520,5437.899,60091.332,20230708_053116,479172,65515,99226,10483
1,KCBW20230709_075255_V06,-56.760,0.164,268.845,418.026,6.692,-68.006,45.508,3346.098,61034.132,20230709_035255,479178,22655,65619,8654
5,KCBW20230709_095343_V06,64.040,0.172,266.285,416.121,9.242,-68.023,45.517,4621.157,60458.355,20230709_055343,479171,15959,53330,7711
1,KCBW20230710_083703_V06,-13.441,0.259,24.923,433.078,38.095,-69.565,45.427,19047.405,152788.165,20230710_043703,479168,44916,57175,31235
1,KCBW20230710_084133_V06,-8.941,0.408,25.478,429.586,42.770,-69.561,45.443,21384.920,151785.170,20230710_044133,479169,42579,60612,28101
1,KCBW20230710_084602_V06,-4.458,0.256,27.566,428.351,44.491,-69.548,45.448,22245.400,150577.303,20230710_044602,479173,36339,61171,23043
2,KCBW20230710_085500_V06,4.509,0.237,267.538,412.478,8.469,-68.015,45.533,4234.713,58534.475,20230710_045500,479171,29121,58329,17981
3,KCBW20230710_092228_V06,31.975,0.087,268.511,412.448,6.847,-68.008,45.533,3423.550,58386.862,20230710_052228,479174,13613,47440,8976
1,KCBW20230712_091738_V06,25.436,0.050,265.961,410.957,9.823,-68.025,45.540,4911.318,58030.351,20230712_051738,479168,25287,42881,17461
2,KCBW20230713_084537_V06,-7.471,0.067,292.690,154.669,2.965,-67.855,46.693,1482.281,72757.228,20230713_044537,479174,45883,59784,32564
2,KCBW20230713_085237_V06,-0.471,0.084,294.086,154.819,10.402,-67.846,46.692,5201.084,72650.628,20230713_045237,479170,49157,60913,35155
2,KCBW20230713_090640_V06,13.579,0.064,292.221,157.830,17.763,-67.858,46.679,8881.362,71191.286,20230713_050640,479170,49930,64673,34467
1,KCBW20230713_080334_V06,-49.521,0.106,127.425,330.054,10.740,-68.919,45.899,5370.096,87586.344,20230713_040334,479174,49870,58136,33694
2,KCBW20230714_081932_V06,-34.467,0.176,295.810,184.783,19.519,-67.834,46.557,9759.407,57646.471,20230714_041932,479173,30614,47444,17024
5,KCBW20230714_083538_V06,-18.367,0.151,28.453,177.265,34.221,-69.578,46.578,17110.298,148997.907,20230714_043538,479164,72033,40241,57303
8,KCBW20230714_093115_V06,37.250,0.215,29.119,452.242,29.789,-69.535,45.341,14894.278,155365.598,20230714_053115,479167,32844,60816,8783
1,KCBW20230715_082847_V06,-26.152,0.103,297.553,190.096,5.284,-67.823,46.534,2642.117,54965.724,20230715_042847,479183,40761,56058,13864
1,KCBW20230716_080156_V06,-53.958,0.085,266.610,415.006,8.335,-68.021,45.522,4167.593,59877.658,20230716_040156,479201,16260,45422,4401
2,KCBW20230716_092119_V06,25.425,0.329,268.372,414.998,6.295,-68.009,45.522,3147.573,59634.174,20230716_052119,479183,17035,31846,3702
4,KCBW20230716_094111_V06,45.292,0.117,298.224,303.480,11.900,-67.818,46.024,5950.012,1953.371,20230716_054111,479182,16781,29581,3946
5,KCBW20230716_100410_V06,68.275,0.073,297.566,191.598,2.533,-67.823,46.527,1266.342,54214.645,20230716_060410,479188,16258,28144,4183
6,KCBW20230716_101706_V06,81.208,0.051,270.027,415.067,7.888,-67.999,45.521,3943.928,59453.506,20230716_061706,479178,15855,27044,3961
10,KCBW20230717_102253_V06,86.015,0.063,212.507,446.175,3.500,-68.365,45.380,1750.057,85179.305,20230717_062253,479185,126723,160886,10995
1,KCBW20230718_080116_V06,-56.597,0.149,126.686,331.953,8.784,-68.923,45.890,4392.222,88117.669,20230718_040116,479167,67495,68242,45326
1,KCBW20230718_080932_V06,-48.331,0.073,127.322,330.948,16.581,-68.919,45.895,8290.496,87714.708,20230718_040932,479169,64540,67907,43349
11,KCBW20230719_083825_V06,-20.462,0.082,311.969,228.601,19.594,-67.729,46.360,9797.199,36197.524,20230719_043825,479177,40972,51127,18398
11,KCBW20230719_084206_V06,-16.778,0.051,312.173,227.425,24.812,-67.728,46.366,12405.805,36794.168,20230719_044206,479187,47112,51553,23511
7,KCBW20230719_082707_V06,-31.762,0.056,18.066,426.258,22.116,-69.609,45.457,11057.873,154457.193,20230719_042707,479172,28895,48623,10281
9,KCBW20230719_083430_V06,-24.378,0.143,298.597,186.075,10.984,-67.816,46.552,5492.188,56966.874,20230719_043430,479177,33789,49821,13331
10,KCBW20230719_083430_V06,-24.378,0.139,301.350,426.261,16.418,-67.798,45.471,8209.150,63134.150,20230719_043430,479177,33789,49821,13331
15,KCBW20230719_090632_V06,7.655,0.409,340.305,388.896,22.872,-67.548,45.639,11436.132,48803.009,20230719_050632,479173,27693,52481,8085
15,KCBW20230719_091041_V06,11.805,0.307,346.693,380.061,19.513,-67.507,45.679,9756.302,46340.904,20230719_051041,479188,26783,51998,7766
15,KCBW20230719_091502_V06,16.155,-1.000,346.693,380.061,26.429,-67.507,45.679,13214.552,46340.904,20230719_051502,479174,26578,51483,7515
15,KCBW20230719_091937_V06,20.738,0.208,356.478,371.933,23.076,-67.444,45.715,11538.212,45727.951,20230719_051937,479186,26571,50871,7566
24,KCBW20230719_095451_V06,55.972,0.058,271.466,414.809,5.450,-67.990,45.523,2724.819,59150.852,20230719_055451,479188,21105,43110,6987
24,KCBW20230719_100156_V06,63.055,-1.000,271.466,414.809,16.712,-67.990,45.523,8356.069,59150.852,20230719_060156,479183,18413,40123,6862
24,KCBW20230719_100525_V06,66.538,0.101,268.879,414.605,8.367,-68.006,45.523,4183.266,59377.569,20230719_060525,479180,17108,39552,6506
25,KCBW20230719_095451_V06,55.972,0.055,401.422,314.225,17.333,-67.153,45.973,8666.485,51207.532,20230719_055451,479188,21105,43110,6987
2,KCBW20230722_081041_V06,-51.339,0.154,56.331,381.401,29.311,-69.370,45.662,14655.642,128453.293,20230722_041041,479171,108991,126178,20508
2,KCBW20230723_080322_V06,-59.734,0.102,129.364,330.356,8.732,-68.906,45.897,4366.043,86657.621,20230723_040322,479167,33183,52956,21692
3,KCBW20230723_080322_V06,-59.734,0.087,212.512,446.389,3.035,-68.365,45.379,1517.746,85269.962,20230723_040322,479167,33183,52956,21692
6,KCBW20230723_084559_V06,-17.118,0.057,212.556,446.390,3.369,-68.365,45.379,1684.710,85259.129,20230723_044559,479169,24820,35905,20646
2,KCBW20230725_091747_V06,12.484,0.124,222.007,199.445,16.548,-68.315,46.490,8274.210,63628.302,20230725_051747,479169,29604,54662,14124
2,KCBW20230725_092223_V06,17.084,0.078,223.066,198.684,22.037,-68.308,46.494,11018.613,63607.762,20230725_052223,479176,27931,54167,13093
2,KCBW20230725_092659_V06,21.684,0.075,230.246,190.255,17.448,-68.262,46.532,8724.031,65018.248,20230725_052659,479171,27697,53982,12981
3,KCBW20230725_092659_V06,21.684,0.189,265.845,415.754,10.440,-68.026,45.518,5220.085,60343.802,20230725_052659,479171,27697,53982,12981
6,KCBW20230725_094100_V06,35.700,0.098,314.063,121.716,16.523,-67.715,46.841,8261.253,89418.724,20230725_054100,479172,22283,50428,9680
1,KCBW20230727_080828_V06,-59.081,0.146,129.377,329.986,8.336,-68.906,45.899,4167.859,86618.872,20230727_040828,479176,68807,93357,13483
3,KCBW20230727_091129_V06,3.936,0.064,24.015,206.111,37.077,-69.603,46.447,18538.698,145759.358,20230727_051129,479179,44447,67676,12125
4,KCBW20230727_092607_V06,18.569,0.067,345.933,369.474,25.820,-67.512,45.726,12909.918,41642.935,20230727_052607,479174,39245,61512,10983
6,KCBW20230727_094847_V06,41.236,0.054,455.081,34.597,50.736,-66.783,47.228,25367.947,153695.069,20230727_054847,479168,34533,55284,12023
1,KCBW20230728_081042_V06,-57.988,0.054,212.889,446.359,2.916,-68.363,45.379,1457.884,85160.691,20230728_041042,479173,114320,58526,87286
1,KCBW20230729_081007_V06,-59.722,0.090,212.565,445.980,3.565,-68.365,45.381,1782.415,85080.896,20230729_041007,479163,40313,40858,28780
3,KCBW20230729_091211_V06,2.344,0.089,210.262,446.737,5.961,-68.380,45.378,2980.392,86001.052,20230729_051211,479171,30356,34266,26311
4,KCBW20230729_100927_V06,59.611,0.057,211.887,444.922,4.749,-68.369,45.386,2374.502,84803.219,20230729_060927,479168,12024,43002,9687
1,KCBW20230731_082053_V06,-51.285,0.247,346.952,96.334,16.812,-67.499,46.955,8406.021,104503.862,20230731_042053,479173,69367,68964,39648
3,KCBW20230731_082053_V06,-51.285,0.101,289.010,115.962,15.175,-67.879,46.867,7587.479,92182.789,20230731_042053,479173,69367,68964,39648
1,KCBW20230801_081917_V06,-54.062,0.166,126.343,331.113,10.423,-68.926,45.894,5211.331,88211.167,20230801_041917,479165,40124,58417,25498
1,KCBW20230801_082612_V06,-47.145,0.074,126.012,331.545,17.778,-68.928,45.892,8889.220,88412.225,20230801_042612,479172,31683,54643,19770
1,KCBW20230803_081632_V06,-59.189,0.088,125.265,330.162,8.635,-68.933,45.898,4317.494,88659.725,20230803_041632,479168,47528,54059,29921
12,KCBW20230804_100528_V06,48.545,0.273,262.333,276.683,11.611,-68.051,46.144,5805.637,22149.981,20230804_060528,479174,63228,79612,10143
12,KCBW20230804_100958_V06,53.045,0.252,258.390,278.711,18.882,-68.076,46.135,9441.208,23369.820,20230804_060958,479168,63395,79929,10218
12,KCBW20230804_101428_V06,57.545,0.096,254.010,280.485,21.148,-68.104,46.127,10573.822,24979.815,20230804_061428,479171,62832,80345,9630
12,KCBW20230804_101858_V06,62.045,-1.000,249.937,282.210,24.557,-68.131,46.119,12278.562,26565.066,20230804_061858,479171,63452,80848,9539
12,KCBW20230804_102328_V06,66.545,0.136,266.304,267.234,15.129,-68.025,46.186,7564.354,23500.156,20230804_062328,479180,64268,81268,9348
11,KCBW20230804_100052_V06,43.945,0.146,239.234,200.545,24.068,-68.203,46.486,12033.764,58275.023,20230804_060052,479174,63116,79766,10471
13,KCBW20230804_101858_V06,62.045,0.069,29.945,192.748,36.465,-69.566,46.508,18232.443,145286.423,20230804_061858,479171,63452,80848,9539
1,KCBW20230806_082550_V06,-53.505,0.158,129.454,328.978,7.886,-68.906,45.904,3942.966,86495.413,20230806_042550,479171,67769,66523,43564
1,KCBW20230806_083240_V06,-46.672,0.055,129.320,329.075,14.997,-68.907,45.903,7498.272,86569.239,20230806_043240,479165,54863,64012,33994
3,KCBW20230806_102845_V06,69.411,0.069,131.306,328.884,10.484,-68.894,45.904,5242.025,85574.176,20230806_062845,479173,14792,31813,9486
1,KCBW20230810_082657_V06,-57.286,0.223,122.727,335.412,11.406,-68.949,45.874,5703.121,90387.897,20230810_042657,479169,49572,55806,33360
1,KCBW20230812_083321_V06,-53.358,0.103,212.637,446.181,3.231,-68.365,45.380,1615.486,85148.905,20230812_043321,479170,64528,46662,47132
1,KCBW20230812_084011_V06,-46.525,0.100,211.725,446.195,10.730,-68.370,45.380,5365.187,85389.676,20230812_044011,479169,54228,45305,38574
3,KCBW20230812_091424_V06,-12.308,0.055,210.339,445.076,4.959,-68.379,45.385,2479.593,85273.333,20230812_051424,479173,7115,29745,5532
1,KCBW20230814_093232_V06,3.342,0.362,265.099,415.450,10.841,-68.030,45.520,5420.296,60305.068,20230814_053232,479163,9129,23055,6590
2,KCBW20230814_095241_V06,23.492,0.199,265.772,415.094,8.800,-68.026,45.521,4399.916,60037.771,20230814_055241,479169,9435,21692,6804
3,KCBW20230814_095241_V06,23.492,0.060,299.161,191.623,2.691,-67.812,46.527,1345.581,54190.315,20230814_055241,479169,9435,21692,6804
4,KCBW20230814_101900_V06,49.808,0.195,266.267,415.290,8.432,-68.023,45.520,4216.127,60062.119,20230814_061900,479176,7981,18646,5479
5,KCBW20230814_102732_V06,58.342,0.098,212.317,444.974,3.052,-68.367,45.386,1525.913,84713.867,20230814_062732,479173,8094,18344,5388
7,KCBW20230814_104848_V06,79.608,0.051,212.747,445.942,2.892,-68.364,45.381,1446.125,85017.874,20230814_064848,479165,8889,19310,6013
1,KCBW20230815_083405_V06,-56.353,0.053,267.984,415.204,8.319,-68.012,45.521,4159.365,59784.940,20230815_043405,479169,154695,33845,137093
1,KCBW20230816_083415_V06,-57.433,0.117,127.958,327.719,5.727,-68.916,45.909,2863.474,87130.368,20230816_043415,479166,64159,59054,44386
3,KCBW20230817_094939_V06,16.719,0.235,27.195,145.087,40.234,-69.591,46.722,20117.067,156860.258,20230817_054939,479166,11786,26455,8500
3,KCBW20230817_100340_V06,30.735,0.167,28.758,139.503,44.733,-69.582,46.747,22366.306,157584.507,20230817_060340,479166,12912,25240,9745
3,KCBW20230817_101041_V06,37.752,0.141,33.049,124.217,49.321,-69.556,46.817,24660.725,159814.166,20230817_061041,479168,11513,25533,8653
2,KCBW20230817_093538_V06,2.702,0.127,25.542,146.633,40.400,-69.602,46.715,20199.835,157200.973,20230817_053538,479171,9744,27437,6925
2,KCBW20230817_094239_V06,9.719,0.235,26.066,143.374,46.698,-69.599,46.730,23349.078,157775.070,20230817_054239,479171,9421,26724,6725
1,KCBW20230817_083933_V06,-53.381,0.134,128.066,329.691,8.618,-68.915,45.900,4309.029,87239.364,20230817_043933,479173,78872,37198,64865
4,KCBW20230817_102442_V06,51.769,0.051,127.622,329.684,10.751,-68.918,45.900,5375.396,87457.553,20230817_062442,479169,11200,25402,8357
3,KCBW20230820_091010_V06,-26.514,0.237,26.415,282.976,30.259,-69.576,46.102,15129.745,137056.946,20230820_051010,479160,223299,185906,73180
3,KCBW20230820_091448_V06,-21.880,0.306,26.664,283.020,36.272,-69.575,46.102,18135.785,136931.404,20230820_051448,479174,200455,189074,53112
3,KCBW20230820_091931_V06,-17.164,0.376,33.045,285.670,35.816,-69.533,46.091,17907.760,133669.508,20230820_051931,479177,176795,187476,36294
3,KCBW20230820_092359_V06,-12.697,0.402,37.383,290.298,34.316,-69.504,46.070,17157.762,131397.919,20230820_052359,479175,161706,181661,28224
3,KCBW20230820_092828_V06,-8.214,0.525,41.951,292.297,34.973,-69.475,46.062,17486.375,129081.914,20230820_052828,479169,148621,175382,23209
3,KCBW20230820_093257_V06,-3.730,-1.000,46.495,294.872,35.194,-69.445,46.051,17596.955,126778.358,20230820_053257,479176,140019,167594,22055
3,KCBW20230820_093727_V06,0.770,-1.000,51.056,297.457,35.416,-69.415,46.039,17707.946,124478.467,20230820_053727,479174,133233,161932,21149
3,KCBW20230820_094156_V06,5.253,-1.000,55.600,300.033,35.637,-69.385,46.028,17818.525,122199.965,20230820_054156,479175,126277,155183,21158
3,KCBW20230820_094624_V06,9.720,-1.000,60.127,302.598,35.857,-69.356,46.017,17928.694,119943.436,20230820_054624,479171,121044,149613,21568
3,KCBW20230820_095053_V06,14.203,-1.000,64.671,305.174,36.079,-69.326,46.006,18039.274,117692.822,20230820_055053,479169,115276,144130,20939
3,KCBW20230820_095522_V06,18.686,-1.000,69.215,307.749,36.300,-69.297,45.995,18149.854,115457.407,20230820_055522,479176,110949,138266,21414
3,KCBW20230820_100421_V06,27.670,-1.000,78.320,312.909,36.743,-69.237,45.972,18371.424,111027.691,20230820_060421,479172,101466,124968,21185
3,KCBW20230820_100851_V06,32.170,-1.000,82.881,315.494,36.965,-69.207,45.961,18482.415,108835.530,20230820_060851,479175,99236,119040,22084
3,KCBW20230820_101327_V06,36.770,0.181,81.737,334.265,40.987,-69.213,45.876,20493.592,110468.071,20230820_061327,479170,95736,113810,22629
3,KCBW20230820_101802_V06,41.353,0.112,86.075,334.521,44.009,-69.185,45.876,22004.340,108346.064,20230820_061802,479174,89484,107783,21327
3,KCBW20230820_102225_V06,45.736,0.057,92.415,333.567,48.664,-69.144,45.880,24332.239,105140.514,20230820_062225,479166,85714,103246,20888
3,KCBW20230820_102650_V06,50.153,0.102,98.826,347.101,43.112,-69.101,45.820,21556.158,103307.366,20230820_062650,479176,81716,99064,20476
3,KCBW20230820_103114_V06,54.553,-1.000,98.826,347.101,50.108,-69.101,45.820,25054.158,103307.366,20230820_063114,479170,77506,95293,19802
3,KCBW20230820_103538_V06,58.953,0.066,111.999,348.165,43.095,-69.016,45.816,21547.575,97036.546,20230820_063538,479182,74849,91909,19642
2,KCBW20230820_084712_V06,-49.480,0.153,84.632,386.068,44.685,-69.188,45.644,22342.743,115964.537,20230820_044712,479169,257591,167545,117556
2,KCBW20230820_085150_V06,-44.847,0.163,86.327,386.001,50.069,-69.177,45.644,25034.577,115165.487,20230820_045150,479174,258540,167607,117227
10,KCBW20230821_093729_V06,-0.447,0.179,35.976,312.078,28.824,-69.510,45.972,14412.178,132149.912,20230821_053729,479176,34453,57508,7041
10,KCBW20230821_094219_V06,4.386,0.079,37.716,310.570,38.181,-69.499,45.979,19090.381,131248.481,20230821_054219,479174,35656,59102,7006
25,KCBW20230821_110233_V06,84.619,0.175,49.915,312.305,57.882,-69.420,45.972,28940.941,125193.909,20230821_070233,479174,70649,88541,13567
25,KCBW20230821_110745_V06,89.819,0.116,51.309,314.475,64.671,-69.411,45.963,32335.302,124555.852,20230821_070745,479175,70728,91146,12613
1,KCBW20230821_084201_V06,-55.914,0.071,130.730,329.587,4.225,-68.898,45.901,2112.521,85918.066,20230821_044201,479165,53605,57489,28896
3,KCBW20230821_090850_V06,-29.097,0.069,43.663,142.334,51.311,-69.484,46.736,25655.422,150472.024,20230821_050850,479171,49580,59256,20636
5,KCBW20230821_092258_V06,-14.964,0.076,371.420,276.188,16.815,-67.345,46.145,8407.272,37642.598,20230821_052258,479171,31440,53359,7700
7,KCBW20230821_092756_V06,-9.997,0.116,392.644,282.446,11.903,-67.208,46.117,5951.550,47146.019,20230821_052756,479175,31939,54288,6949
11,KCBW20230821_093729_V06,-0.447,0.134,247.029,64.458,24.577,-68.156,47.098,12288.559,120712.656,20230821_053729,479176,34453,57508,7041
17,KCBW20230821_100251_V06,24.919,0.081,298.939,192.273,2.278,-67.814,46.524,1138.790,53866.228,20230821_060251,479172,47025,68014,9189
18,KCBW20230821_100251_V06,24.919,0.077,68.297,255.522,40.495,-69.309,46.229,20247.459,117966.563,20230821_060251,479172,47025,68014,9189
24,KCBW20230821_104612_V06,68.269,0.102,172.193,403.795,14.557,-68.626,45.569,7278.717,82322.494,20230821_064612,479170,61981,80067,11811
1,KCBW20230822_104414_V06,65.053,0.061,130.637,329.359,8.245,-68.898,45.902,4122.718,85944.466,20230822_064414,479172,13105,25738,9877
1,KCBW20230824_084423_V06,-57.297,0.145,128.988,331.300,8.156,-68.909,45.893,4077.766,86926.479,20230824_044423,479171,141696,48765,115086
1,KCBW20230824_085124_V06,-50.280,0.086,128.844,331.450,15.190,-68.910,45.892,7595.164,87010.999,20230824_045124,479175,129229,47737,104432
2,KCBW20230824_100128_V06,19.786,0.052,129.788,331.546,9.748,-68.904,45.892,4873.895,86555.119,20230824_060128,479165,17085,27624,12526
3,KCBW20230824_103633_V06,54.870,0.087,129.697,329.948,11.578,-68.904,45.899,5788.934,86458.158,20230824_063633,479169,16463,29048,11975
1,KCBW20230827_085116_V06,-54.159,0.052,127.709,329.834,8.547,-68.917,45.900,4273.606,87427.615,20230827_045116,479164,56639,39260,43586
2,KCBW20230827_091210_V06,-33.259,0.254,24.950,201.544,34.134,-69.598,46.468,17066.910,146070.211,20230827_051210,479167,10933,30211,7068
2,KCBW20230827_091909_V06,-26.275,0.120,26.961,207.909,28.666,-69.584,46.440,14333.039,144075.560,20230827_051909,479172,5951,23945,4293
2,KCBW20230827_092609_V06,-19.275,-1.000,26.961,207.909,39.796,-69.584,46.440,19898.039,144075.560,20230827_052609,479173,5239,22449,4027
2,KCBW20230827_093309_V06,-12.275,0.069,35.352,213.180,25.921,-69.528,46.417,12960.608,139262.608,20230827_053309,479170,5373,22637,4235
7,KCBW20230827_104156_V06,56.508,0.055,212.376,445.167,3.273,-68.366,45.385,1636.360,84781.225,20230827_064156,479168,10683,26591,7687
1,KCBW20230828_085100_V06,-55.672,0.137,270.460,414.967,7.669,-67.996,45.522,3834.343,59350.665,20230828_045100,479166,92522,47237,72794
3,KCBW20230828_100103_V06,14.378,0.104,382.332,212.182,13.293,-67.271,46.433,6646.317,60188.376,20230828_060103,479164,26175,28477,19645
8,KCBW20230829_110907_V06,81.198,0.124,274.638,268.137,27.402,-67.971,46.182,13701.092,20362.376,20230829_070907,479170,50908,70781,15708
8,KCBW20230829_111607_V06,88.198,0.412,278.895,267.792,34.603,-67.944,46.184,17301.501,19253.596,20230829_071607,479167,44891,67411,14810
1,KCBW20230829_100044_V06,12.815,0.061,299.253,403.342,16.209,-67.812,45.574,8104.574,51672.325,20230829_060044,479169,45023,61627,12871
9,KCBW20230829_110907_V06,81.198,0.062,341.998,211.204,39.940,-67.534,46.438,19969.910,49113.626,20230829_070907,479170,50908,70781,15708
1,KCBW20230830_085023_V06,-58.780,0.103,127.599,330.219,8.575,-68.918,45.898,4287.663,87514.576,20230830_045023,479177,77272,102693,21448
1,KCBW20230830_090118_V06,-47.864,0.094,128.317,330.061,15.809,-68.913,45.899,7904.357,87147.710,20230830_050118,479168,92872,106268,30876
2,KCBW20230830_091109_V06,-38.014,0.056,271.869,416.521,5.720,-67.987,45.515,2860.207,59934.155,20230830_051109,479168,100359,115388,31281
2,KCBW20230831_091110_V06,-39.242,0.076,201.437,288.684,28.069,-68.444,46.088,14034.708,49605.130,20230831_051110,479167,24086,48113,14034
6,KCBW20230831_111336_V06,83.191,0.110,336.980,390.566,31.148,-67.570,45.632,15573.832,48912.537,20230831_071336,479168,13780,50166,10644
1,KCBW20230902_090357_V06,-48.948,0.145,126.286,331.321,10.426,-68.926,45.893,5213.033,88257.444,20230902_050357,479171,47055,42132,35097
2,KCBW20230902_101340_V06,20.769,0.057,123.712,331.867,13.481,-68.943,45.890,6740.344,89572.744,20230902_061340,479169,26620,32642,19973
2,KCBW20230902_102041_V06,27.785,-1.000,123.712,331.867,24.637,-68.943,45.890,12318.594,89572.744,20230902_062041,479168,27694,32103,20822
2,KCBW20230902_102742_V06,34.802,0.054,128.308,328.554,11.237,-68.913,45.905,5618.466,87025.022,20230902_062742,479167,26254,32471,19785
1,KCBW20230903_090637_V06,-47.526,0.141,128.930,330.237,8.419,-68.909,45.898,4209.685,86860.634,20230903_050637,479172,65627,39198,50583
2,KCBW20230903_105231_V06,58.374,0.083,234.737,416.945,34.727,-68.225,45.512,17363.506,66961.609,20230903_065231,479171,18967,28739,14284
1,KCBW20230904_090323_V06,-52.003,0.055,129.472,329.211,7.895,-68.906,45.902,3947.322,86505.839,20230904_050323,479170,145267,38412,125346
2,KCBW20230904_111603_V06,80.663,0.089,268.842,416.540,6.923,-68.006,45.515,3461.748,60316.502,20230904_071603,479171,14737,42177,10468
1,KCBW20230905_090208_V06,-54.498,0.068,121.350,329.290,13.696,-68.958,45.902,6848.248,90517.411,20230905_050208,479174,158457,44864,134969
2,KCBW20230905_110923_V06,72.752,0.051,128.614,332.060,8.651,-68.911,45.890,4325.270,87179.339,20230905_070923,479169,58759,55450,45721
1,KCBW20230906_100107_V06,3.240,0.178,277.333,117.089,2.136,-67.956,46.862,1068.153,92154.926,20230906_060107,479175,20713,41680,16071
1,KCBW20230907_090408_V06,-54.988,0.138,127.330,330.107,8.102,-68.919,45.898,4050.862,87637.605,20230907_050408,479168,64898,44834,50095
10,KCBW20230908_112130_V06,81.133,0.068,213.817,445.976,8.532,-68.357,45.381,4265.978,84759.338,20230908_072130,479172,21167,50970,7581
1,KCBW20230909_090543_V06,-55.897,0.167,266.475,415.889,8.526,-68.021,45.518,4263.046,60320.622,20230909_050543,479175,94478,68954,48262
1,KCBW20230909_091231_V06,-49.097,0.164,267.229,416.153,15.138,-68.017,45.516,7568.856,60343.469,20230909_051231,479177,94920,70127,48648
2,KCBW20230909_090543_V06,-55.897,0.063,212.727,446.053,3.358,-68.364,45.381,1678.888,85070.903,20230909_050543,479175,94478,68954,48262
6,KCBW20230909_092413_V06,-37.397,0.058,526.149,154.727,37.017,-66.329,46.683,18508.450,134394.588,20230909_052413,479172,99017,66824,55625
15,KCBW20230911_094433_V06,-19.558,0.102,356.811,371.464,19.969,-67.442,45.717,9984.619,45647.112,20230911_054433,479173,152247,204579,13777
10,KCBW20230913_101410_V06,7.561,0.386,301.920,164.988,23.882,-67.794,46.646,11941.116,67512.900,20230913_061410,479180,77526,117178,6419
1,KCBW20230915_091351_V06,-55.257,0.083,129.413,328.226,7.187,-68.906,45.907,3593.564,86453.427,20230915_051351,479174,107200,46943,85052
10,KCBW20230916_104123_V06,31.024,0.053,175.341,179.587,31.724,-68.620,46.578,15861.849,86659.109,20230916_064123,479180,313735,310765,28147
1,KCBW20230917_091605_V06,-55.529,0.370,127.921,329.973,11.369,-68.916,45.899,5684.501,87335.154,20230917_051605,479172,79890,109213,23522
1,KCBW20230917_092305_V06,-48.529,0.144,128.793,330.187,17.945,-68.910,45.898,8972.253,86924.188,20230917_052305,479172,80870,108196,23430
1,KCBW20230917_093005_V06,-41.529,0.069,129.787,330.265,8.493,-68.904,45.898,4246.461,86441.290,20230917_053005,479168,77396,104276,23290
2,KCBW20230917_091605_V06,-55.529,0.063,212.257,444.729,2.805,-68.367,45.387,1402.428,84624.699,20230917_051605,479172,79890,109213,23522
2,KCBW20230917_092305_V06,-48.529,0.126,211.616,445.245,10.214,-68.371,45.384,5106.765,85011.635,20230917_052305,479172,80870,108196,23430
22,KCBW20230917_110654_V06,55.287,0.058,129.469,329.793,8.271,-68.906,45.900,4135.413,86557.084,20230917_070654,479172,15890,46963,9551
22,KCBW20230917_111339_V06,62.037,0.143,129.724,329.769,15.913,-68.904,45.900,7956.426,86429.132,20230917_071339,479168,15904,45514,9805
8,KCBW20230917_095105_V06,-20.529,0.082,209.545,446.105,8.431,-68.384,45.380,4215.397,85919.642,20230917_055105,479172,49347,89856,12212
11,KCBW20230917_101204_V06,0.454,0.168,130.685,329.068,8.493,-68.898,45.903,4246.675,85895.862,20230917_061204,479166,33292,72316,10953
11,KCBW20230917_101904_V06,7.454,-1.000,130.685,329.068,19.623,-68.898,45.903,9811.675,85895.862,20230917_061904,479175,26988,66977,9982
11,KCBW20230917_102604_V06,14.454,0.124,130.554,328.790,8.449,-68.899,45.904,4224.705,85937.118,20230917_062604,479173,22656,61593,9552
20,KCBW20230917_104629_V06,34.871,0.061,131.129,329.128,11.474,-68.895,45.903,5737.040,85682.388,20230917_064629,479171,16947,52274,9903
24,KCBW20230917_113354_V06,82.287,0.150,212.188,444.837,3.208,-68.368,45.386,1604.235,84688.669,20230917_073354,479172,14948,40631,9827
2,KCBW20230918_094008_V06,-32.734,0.321,29.821,264.641,38.211,-69.557,46.185,19105.572,136241.349,20230918_054008,479175,184971,79268,131098
2,KCBW20230918_094457_V06,-27.917,0.222,31.658,263.142,45.575,-69.545,46.192,22787.251,135430.711,20230918_054457,479171,157264,90852,98308
2,KCBW20230918_094945_V06,-23.117,0.163,38.508,251.152,48.307,-69.502,46.246,24153.664,133007.763,20230918_054945,479180,107592,92558,55681
1,KCBW20230918_092611_V06,-46.684,0.078,24.364,292.301,35.161,-69.588,46.060,17580.379,137871.599,20230918_052611,479176,194618,59482,154080
3,KCBW20230918_100327_V06,-9.417,0.079,26.077,185.935,51.445,-69.593,46.538,25722.502,148361.519,20230918_060327,479163,37998,58592,10358
3,KCBW20230918_100746_V06,-5.101,0.092,37.370,138.957,49.779,-69.526,46.751,24889.599,154036.788,20230918_060746,479175,37828,56541,9349
6,KCBW20230918_102535_V06,12.716,0.073,35.259,130.952,38.570,-69.541,46.787,19285.088,157054.850,20230918_062535,479180,55012,63610,19656
3,KCBW20230920_092626_V06,-48.947,0.074,129.525,329.214,8.027,-68.905,45.902,4013.727,86480.205,20230920_052626,479172,47351,64053,30251
10,KCBW20230920_112935_V06,74.203,0.057,212.380,444.880,2.814,-68.366,45.386,1407.143,84657.307,20230920_072935,479167,23352,62419,10413
1,KCBW20230921_112145_V06,65.110,0.106,269.370,417.562,6.934,-68.003,45.510,3466.887,60743.277,20230921_072145,479168,13200,26848,9951
1,KCBW20230922_092137_V06,-56.284,0.058,130.455,329.482,9.280,-68.899,45.901,4640.009,86044.755,20230922_052137,479169,162317,55437,134793
2,KCBW20230922_102444_V06,6.833,0.062,388.610,359.207,13.325,-67.237,45.771,6662.493,53284.884,20230922_062444,479172,43988,50568,26271
1,KCBW20230923_092429_V06,-54.680,0.057,129.174,328.456,8.365,-68.908,45.906,4182.640,86589.962,20230923_052429,479163,61406,52553,42114
1,KCBW20230923_093130_V06,-47.663,0.067,129.073,328.831,15.600,-68.908,45.904,7799.836,86670.813,20230923_053130,479174,66640,52101,46869
2,KCBW20230923_102736_V06,8.437,0.068,127.381,328.924,10.672,-68.919,45.904,5335.800,87512.585,20230923_062736,479168,21985,33380,13862
2,KCBW20230924_100621_V06,-14.078,0.096,298.323,192.911,2.275,-67.818,46.521,1137.577,53551.056,20230924_060621,479169,22263,43191,13723
1,KCBW20230925_093917_V06,-42.411,0.052,137.219,328.997,10.091,-68.856,45.904,5045.345,82671.938,20230925_053917,479169,177362,45710,151247
2,KCBW20230925_104154_V06,20.206,0.052,210.513,446.334,6.488,-68.378,45.379,3243.992,85763.496,20230925_064154,479174,20302,33542,15033
3,KCBW20230925_111653_V06,55.189,0.054,129.330,328.974,8.542,-68.907,45.904,4271.069,86556.079,20230925_071653,479164,16526,31378,12551
1,KCBW20230926_102441_V06,1.720,0.109,299.018,302.787,12.578,-67.813,46.027,6289.219,1477.420,20230926_062441,479172,22816,36932,12912
2,KCBW20230927_112957_V06,65.715,0.065,129.750,328.850,8.598,-68.904,45.904,4299.006,86338.381,20230927_072957,479172,23018,31201,16212
2,KCBW20230927_113659_V06,72.748,-1.000,129.750,328.850,19.781,-68.904,45.904,9890.506,86338.381,20230927_073659,479170,22745,30892,16073
2,KCBW20230927_114400_V06,79.765,0.055,132.019,328.217,8.749,-68.889,45.907,4374.402,85167.306,20230927_074400,479171,22114,30060,15829
1,KCBW20230928_100142_V06,-23.810,0.138,297.116,302.737,14.048,-67.826,46.027,7023.918,1988.149,20230928_060142,479171,83688,79057,46916
1,KCBW20231001_112256_V06,53.578,0.059,130.469,329.443,10.113,-68.899,45.901,5056.628,86034.315,20231001_072256,479173,28952,38418,18607
1,KCBW20231003_093215_V06,-59.688,0.138,131.457,328.241,8.166,-68.893,45.907,4082.808,85446.070,20231003_053215,479168,70107,60395,47817
1,KCBW20231003_093909_V06,-52.788,0.063,131.294,328.431,15.094,-68.894,45.906,7547.209,85542.309,20231003_053909,479166,80705,62776,56396
3,KCBW20231003_114452_V06,72.929,0.222,263.777,412.983,13.750,-68.039,45.531,6874.836,59324.072,20231003_074452,479172,14255,20413,11075
9,KCBW20231004_102222_V06,-10.869,0.072,277.596,89.854,32.589,-67.954,46.984,16294.739,105668.375,20231004_062222,479176,86099,114480,19489
17,KCBW20231004_111725_V06,44.181,0.201,334.470,377.937,22.191,-67.586,45.688,11095.417,42609.735,20231004_071725,479169,48617,71476,17098
1,KCBW20231006_103530_V06,-0.347,0.070,266.970,415.269,8.700,-68.018,45.520,4349.951,59954.253,20231006_063530,479173,17371,31964,10994
9,KCBW20231008_113534_V06,57.090,0.073,212.122,445.054,3.207,-68.368,45.385,1603.405,84798.525,20231008_073534,479179,245813,256326,28815
11,KCBW20231009_115111_V06,71.383,0.087,319.329,398.994,18.638,-67.683,45.594,9318.832,50431.836,20231009_075111,479178,25177,37297,8610
11,KCBW20231009_120103_V06,81.250,0.247,319.521,394.719,26.750,-67.682,45.613,13374.818,48354.700,20231009_080103,479175,27091,40137,9119
12,KCBW20231009_120103_V06,81.250,0.084,381.084,559.001,19.466,-67.294,44.873,9733.089,135698.398,20231009_080103,479175,27091,40137,9119
1,KCBW20231010_115038_V06,69.505,0.100,210.148,446.021,8.514,-68.381,45.381,4256.878,85725.739,20231010_075038,479169,29159,31664,18680
1,KCBW20231011_112140_V06,39.205,0.098,127.721,330.155,10.595,-68.917,45.898,5297.437,87448.929,20231011_072140,479171,28309,25771,21178
2,KCBW20231011_114913_V06,66.755,0.061,130.548,329.217,9.898,-68.899,45.903,4948.834,85975.986,20231011_074913,479174,23491,23859,17137
1,KCBW20231013_094816_V06,-56.877,0.253,129.355,329.431,8.344,-68.906,45.901,4172.155,86581.978,20231013_054816,479168,194056,145139,82863
1,KCBW20231013_095251_V06,-52.293,0.192,128.946,329.561,14.402,-68.909,45.901,7201.141,86794.765,20231013_055251,479177,195361,146114,82835
7,KCBW20231013_110708_V06,21.990,0.075,105.333,60.683,54.853,-69.089,47.109,27426.718,154246.293,20231013_070708,479171,173570,152855,43011
14,KCBW20231013_120537_V06,80.473,0.201,288.542,513.028,35.929,-67.880,45.081,17964.684,106668.000,20231013_080537,479168,200548,179762,37416
1,KCBW20231014_110613_V06,19.725,0.285,436.962,115.565,12.578,-66.909,46.865,6289.192,114863.887,20231014_070613,479172,59922,33066,47417
3,KCBW20231014_111314_V06,26.741,0.050,210.560,446.127,3.827,-68.378,45.380,1913.715,85663.036,20231014_071314,479174,54198,32538,42760
1,KCBW20231015_103137_V06,-16.229,0.214,275.643,32.468,19.054,-67.968,47.242,9526.814,134319.299,20231015_063137,479170,28217,56663,16746
12,KCBW20231016_111423_V06,25.178,0.100,180.210,416.974,13.530,-68.573,45.510,6764.790,83714.358,20231016_071423,479163,125965,137572,31754
12,KCBW20231016_111927_V06,30.245,0.513,178.991,418.425,18.870,-68.581,45.504,9435.190,84657.874,20231016_071927,479177,123493,134472,32164
12,KCBW20231016_112418_V06,35.095,0.096,174.138,422.610,16.952,-68.612,45.485,8475.788,87855.789,20231016_072418,479175,120627,131672,32016
2,KCBW20231016_100058_V06,-48.238,0.068,179.117,57.213,9.792,-68.604,47.128,4895.958,135607.957,20231016_060058,479167,223440,171578,90430
3,KCBW20231016_101206_V06,-37.105,0.057,222.739,98.443,22.645,-68.314,46.945,11322.527,107928.761,20231016_061206,479166,230156,166786,97977
6,KCBW20231016_102344_V06,-25.472,0.064,255.234,388.777,15.080,-68.094,45.639,7539.936,49712.428,20231016_062344,479173,191240,177065,56383
19,KCBW20231016_121014_V06,81.028,0.145,396.423,185.043,52.821,-67.178,46.555,26410.538,75020.760,20231016_081014,479169,124215,130219,30431
1,KCBW20231019_100112_V06,-52.112,0.088,127.205,329.560,10.589,-68.920,45.901,5294.385,87652.404,20231019_060112,479169,99244,66383,71003
1,KCBW20231020_100458_V06,-49.723,0.056,212.373,445.093,2.990,-68.366,45.385,1495.144,84750.168,20231020_060458,479169,19186,36247,9023
1,KCBW20231020_101159_V06,-42.707,0.083,211.721,445.552,10.930,-68.371,45.383,5464.833,85115.479,20231020_061159,479174,23148,39068,11927
3,KCBW20231020_113326_V06,38.743,0.078,212.234,444.784,3.048,-68.367,45.386,1524.229,84654.169,20231020_073326,479173,24620,34533,11121
5,KCBW20231020_113326_V06,38.743,0.064,129.232,328.643,8.648,-68.907,45.905,4323.851,86576.507,20231020_073326,479173,24620,34533,11121
8,KCBW20231021_122059_V06,84.910,0.085,438.136,214.487,29.882,-66.908,46.420,14941.032,81231.065,20231021_082059,479174,193129,216483,23372
6,KCBW20231022_115218_V06,54.840,0.090,341.363,125.651,33.241,-67.536,46.823,16620.586,89594.216,20231022_075218,479179,282561,294087,52715
3,KCBW20231023_120330_V06,64.649,0.226,32.222,224.667,59.213,-69.547,46.365,29606.688,139086.575,20231023_080330,479168,78829,39693,64329
3,KCBW20231023_121032_V06,71.682,0.312,31.317,225.352,63.794,-69.553,46.362,31897.140,139429.826,20231023_081032,479165,73615,39609,59007
3,KCBW20231023_121732_V06,78.682,0.465,36.147,224.694,67.698,-69.521,46.365,33849.075,137194.856,20231023_081732,479173,65820,40304,52113
3,KCBW20231023_122433_V06,85.699,0.289,37.465,234.379,65.001,-69.512,46.322,32500.335,135305.797,20231023_082433,479169,61839,40425,48746
2,KCBW20231023_111423_V06,15.532,0.064,41.665,210.340,64.093,-69.488,46.430,32046.413,136725.888,20231023_071423,479174,144706,38002,125936
4,KCBW20231026_122128_V06,78.418,0.064,266.122,415.123,11.021,-68.024,45.521,5510.433,60002.031,20231026_082128,479168,31883,28320,23339
7,KCBW20231027_111313_V06,8.761,0.167,87.535,144.223,20.305,-69.197,46.731,10152.575,131726.759,20231027_071313,479175,157322,180945,24614
7,KCBW20231027_111733_V06,13.095,0.088,89.439,144.102,25.816,-69.184,46.732,12907.765,130996.263,20231027_071733,479172,154524,176763,26149
1,KCBW20231027_101116_V06,-53.189,0.052,129.307,330.028,8.517,-68.907,45.899,4258.587,86657.287,20231027_061116,479172,212504,242482,25184
8,KCBW20231028_120732_V06,61.668,0.057,42.780,353.367,58.899,-69.461,45.787,29449.524,131349.076,20231028_080732,479179,34190,44162,12343
8,KCBW20231028_121245_V06,66.884,0.105,41.816,351.790,66.422,-69.467,45.794,33210.810,131663.677,20231028_081245,479167,35001,44577,12651
8,KCBW20231028_121757_V06,72.084,0.174,48.004,362.350,65.795,-69.426,45.747,32897.439,129797.568,20231028_081757,479172,36182,45366,12536
8,KCBW20231028_122325_V06,77.551,0.068,55.620,371.701,66.973,-69.376,45.706,33486.565,127340.442,20231028_082325,479171,35762,46388,10900
8,KCBW20231028_122906_V06,83.234,0.058,65.841,362.920,72.072,-69.312,45.746,36036.125,121232.583,20231028_082906,479169,37625,46739,11973
5,KCBW20231028_115250_V06,46.968,0.089,141.881,215.728,37.633,-68.835,46.414,18816.280,89587.302,20231028_075250,479175,37152,44064,15291
5,KCBW20231028_120226_V06,56.568,0.234,154.676,215.068,46.178,-68.752,46.417,23089.166,84161.329,20231028_080226,479172,34732,43713,12876
4,KCBW20231028_114812_V06,42.334,0.055,123.437,214.431,42.943,-68.955,46.418,21471.661,98102.805,20231028_074812,479176,36247,43282,15763
9,KCBW20231028_122325_V06,77.551,0.135,209.996,446.128,8.500,-68.382,45.380,4250.105,85811.005,20231028_082325,479171,35762,46388,10900
1,KCBW20231029_111129_V06,4.204,0.091,268.155,415.240,8.472,-68.011,45.521,4235.941,59779.598,20231029_071129,479172,63114,57057,40502
2,KCBW20231029_111830_V06,11.221,0.151,443.678,370.207,2.339,-66.884,45.720,1169.441,79956.778,20231029_071830,479169,69762,54501,46639
1,KCBW20231031_113212_V06,22.083,0.077,213.061,444.018,8.714,-68.362,45.390,4357.208,84112.660,20231031_073212,479171,10082,31655,7952
3,KCBW20231031_120642_V06,56.583,0.122,210.012,446.334,8.477,-68.381,45.379,4238.585,85894.690,20231031_080642,479169,11482,32825,9720
1,KCBW20231102_103243_V06,-40.248,0.051,212.305,445.179,3.148,-68.367,45.385,1574.091,84804.448,20231102_063243,479171,26965,50376,16999
2,KCBW20231102_104639_V06,-26.315,0.072,297.674,302.460,13.412,-67.822,46.028,6706.013,1692.697,20231102_064639,479173,21515,46632,12988
2,KCBW20231102_110028_V06,-12.498,-1.000,297.674,302.460,35.381,-67.822,46.028,17690.263,1692.697,20231102_070028,479174,17071,35037,11074
2,KCBW20231102_110723_V06,-5.581,0.455,298.282,302.382,14.106,-67.818,46.028,7052.864,1468.266,20231102_070723,479168,25529,34127,18541
2,KCBW20231102_111418_V06,1.335,-1.000,298.282,302.382,25.103,-67.818,46.028,12551.614,1468.266,20231102_071418,479166,39960,38371,29216
2,KCBW20231102_112113_V06,8.252,0.086,297.277,303.043,13.390,-67.825,46.025,6694.801,2041.580,20231102_072113,479168,37476,37485,26880
2,KCBW20231103_103902_V06,-35.359,0.432,56.177,231.395,63.102,-69.390,46.337,31550.798,126645.347,20231103_063902,479171,31354,56353,13206
2,KCBW20231103_104603_V06,-28.342,0.272,58.230,232.147,69.377,-69.377,46.334,34688.289,125555.570,20231103_064603,479168,30657,55437,13017
2,KCBW20231103_105304_V06,-21.325,0.183,66.163,227.615,68.306,-69.326,46.355,34152.765,122391.927,20231103_065304,479172,29039,52391,11254
2,KCBW20231103_110706_V06,-7.292,0.225,82.377,221.114,66.099,-69.222,46.385,33049.422,115739.861,20231103_070706,479169,33053,51476,13841
2,KCBW20231103_111407_V06,-0.275,0.066,89.539,215.570,66.670,-69.176,46.411,33334.762,113382.499,20231103_071407,479166,37924,54106,16843
2,KCBW20231103_112108_V06,6.741,0.181,102.871,213.678,64.389,-69.089,46.420,32194.603,107600.350,20231103_072108,479172,38011,56746,15048
2,KCBW20231103_112808_V06,13.741,0.172,109.168,209.023,66.737,-69.049,46.442,33368.646,105704.416,20231103_072808,479171,41121,57438,15705
2,KCBW20231103_113509_V06,20.758,0.129,123.056,197.167,64.167,-68.959,46.496,32083.341,102327.519,20231103_073509,479175,41338,58482,14382
2,KCBW20231103_114210_V06,27.775,-1.000,135.371,187.265,62.590,-68.880,46.541,31295.011,99764.340,20231103_074210,479170,41285,58369,14130
2,KCBW20231103_114911_V06,34.791,-1.000,147.686,177.364,61.013,-68.801,46.587,30506.682,97774.132,20231103_074911,479173,38841,58533,11937
2,KCBW20231103_120312_V06,48.808,-1.000,172.287,157.583,57.864,-68.642,46.677,28931.895,95646.496,20231103_080312,479173,40747,61513,10495
2,KCBW20231103_121013_V06,55.825,-1.000,184.603,147.681,56.287,-68.562,46.722,28143.565,95547.774,20231103_081013,479173,42524,65379,10636
2,KCBW20231103_121714_V06,62.841,-1.000,196.918,137.780,54.710,-68.482,46.767,27355.235,96100.763,20231103_081714,479169,47236,69372,12080
2,KCBW20231103_122408_V06,69.741,0.090,210.845,162.796,58.063,-68.389,46.655,29031.354,81812.957,20231103_082408,479166,50022,72348,12859
2,KCBW20231103_123103_V06,76.658,0.075,224.389,161.329,61.230,-68.301,46.662,30615.095,78972.525,20231103_083103,479168,51034,74368,12982
1,KCBW20231103_101759_V06,-56.409,0.071,43.159,247.845,54.725,-69.473,46.262,27362.263,131041.590,20231103_061759,479167,26292,47615,11105
1,KCBW20231103_102500_V06,-49.392,0.749,43.255,235.899,63.830,-69.474,46.315,31914.995,132313.185,20231103_062500,479169,27049,51385,10795
1,KCBW20231103_103201_V06,-42.375,0.660,50.890,216.757,73.956,-69.427,46.402,36977.756,131325.312,20231103_063201,479170,29441,54706,11764
3,KCBW20231103_113509_V06,20.758,0.085,40.717,380.207,81.431,-69.471,45.666,40715.492,135702.839,20231103_073509,479175,41338,58482,14382
15,KCBW20231104_113824_V06,22.579,0.086,20.577,154.647,25.836,-69.633,46.679,12918.155,157484.189,20231104_073824,479169,86812,112482,14144
15,KCBW20231104_114524_V06,29.579,0.754,26.983,146.992,38.917,-69.592,46.714,19458.677,156484.302,20231104_074524,479168,84107,109393,14061
15,KCBW20231104_115225_V06,36.596,0.884,42.981,134.828,52.919,-69.489,46.770,26459.685,152758.254,20231104_075225,479169,86411,108533,14301
15,KCBW20231104_120627_V06,50.629,0.466,65.896,139.154,62.305,-69.339,46.752,31152.507,142017.878,20231104_080627,479175,88707,106892,14549
15,KCBW20231104_121328_V06,57.646,0.397,84.017,130.244,59.874,-69.221,46.794,29936.847,137355.160,20231104_081328,479168,84452,100585,14938
15,KCBW20231104_122028_V06,64.646,0.532,104.226,131.527,59.516,-69.089,46.790,29757.764,129141.862,20231104_082028,479167,77354,94550,14037
15,KCBW20231104_122729_V06,71.662,0.097,117.676,123.472,63.400,-69.002,46.827,31699.767,126889.678,20231104_082729,479166,70795,87942,13938
18,KCBW20231104_123429_V06,78.662,0.372,28.251,324.834,41.373,-69.558,45.914,20686.579,136440.786,20231104_083429,479165,65407,82478,13266
18,KCBW20231104_124131_V06,85.696,0.337,32.890,318.836,53.383,-69.529,45.941,26691.298,133886.625,20231104_084131,479170,60097,77228,12501
1,KCBW20231104_102115_V06,-54.571,0.051,130.313,329.070,8.261,-68.900,45.903,4130.514,86079.327,20231104_062115,479170,106215,129613,15598
1,KCBW20231105_102414_V06,-53.018,0.083,91.029,401.411,20.199,-69.146,45.575,10099.481,116138.950,20231105_052414,479180,50883,75096,14945
1,KCBW20231106_102349_V06,-54.866,0.050,212.808,445.877,2.937,-68.364,45.382,1468.407,84974.128,20231106_052349,479169,18506,37719,10869
6,KCBW20231108_113800_V06,16.455,0.068,212.141,445.002,2.812,-68.368,45.385,1406.242,84771.520,20231108_063800,479169,14902,65761,9600
6,KCBW20231108_114455_V06,23.372,0.096,212.211,444.934,9.799,-68.367,45.386,4899.742,84724.368,20231108_064455,479164,15489,62643,9897
1,KCBW20231108_102221_V06,-59.195,0.121,256.733,301.949,11.531,-68.086,46.030,5765.654,21655.385,20231108_052221,479170,57342,119754,10974
2,KCBW20231108_102221_V06,-59.195,0.063,129.059,330.851,8.408,-68.908,45.895,4204.208,86851.149,20231108_052221,479170,57342,119754,10974
2,KCBW20231109_102418_V06,-58.675,0.065,130.594,331.083,5.609,-68.898,45.894,2804.358,86116.906,20231109_052418,479171,6607,15547,4882
2,KCBW20231109_103108_V06,-51.841,0.114,130.098,330.458,13.134,-68.902,45.897,6566.976,86305.375,20231109_053108,479170,7392,16353,5416
3,KCBW20231109_111200_V06,-10.975,0.076,130.270,329.670,9.793,-68.901,45.900,4896.357,86151.865,20231109_061200,479175,6771,12386,4937
4,KCBW20231109_115211_V06,29.209,0.067,130.650,329.145,10.459,-68.898,45.903,5229.635,85919.609,20231109_065211,479168,15779,19675,9328
5,KCBW20231109_115211_V06,29.209,0.063,212.848,446.213,3.051,-68.363,45.380,1525.406,85108.317,20231109_065211,479168,15779,19675,9328
1,KCBW20231110_102620_V06,-58.069,0.071,269.362,415.087,5.411,-68.003,45.521,2705.305,59547.438,20231110_052620,479170,7437,17764,4572
2,KCBW20231110_103315_V06,-51.153,0.072,212.094,444.647,3.009,-68.368,45.387,1504.744,84631.865,20231110_053315,479173,7301,19063,4363
3,KCBW20231110_103315_V06,-51.153,0.057,295.621,301.646,13.175,-67.835,46.032,6587.376,2339.177,20231110_053315,479173,7301,19063,4363
9,KCBW20231111_120251_V06,37.022,0.064,212.279,445.088,2.988,-68.367,45.385,1493.856,84772.364,20231111_070251,479171,47490,71138,11427
9,KCBW20231111_120952_V06,44.038,0.055,212.538,445.428,10.013,-68.365,45.384,5006.457,84851.090,20231111_070952,479169,49112,70286,12362
1,KCBW20231111_103154_V06,-53.928,0.135,269.137,418.108,6.304,-68.004,45.508,3151.793,61036.973,20231111_053154,479166,56830,89659,8364
4,KCBW20231111_105256_V06,-32.895,0.070,212.109,444.731,2.911,-68.368,45.387,1455.448,84663.810,20231111_055256,479166,56634,87976,8550
1,KCBW20231112_104025_V06,-46.834,0.078,129.364,329.028,7.251,-68.906,45.903,3625.262,86543.698,20231112_054025,479171,11236,24208,7454
2,KCBW20231113_102942_V06,-58.970,0.054,127.315,329.076,10.421,-68.920,45.903,5210.628,87557.648,20231113_052942,479169,5274,11122,4124
1,KCBW20231114_103614_V06,-53.850,0.065,129.975,329.064,9.944,-68.903,45.903,4972.193,86245.390,20231114_053614,479169,6911,13805,5223
3,KCBW20231115_113656_V06,5.441,0.071,29.598,187.675,53.878,-69.569,46.531,26939.056,146401.874,20231115_063656,479174,21685,26302,11277
3,KCBW20231115_114357_V06,12.458,0.084,30.979,195.292,61.539,-69.559,46.497,30769.737,144340.057,20231115_064357,479170,21082,25343,11742
3,KCBW20231115_115058_V06,19.475,0.069,32.540,212.517,60.893,-69.547,46.420,30446.535,140701.983,20231115_065058,479167,17565,24647,9303
1,KCBW20231115_103423_V06,-57.109,0.131,129.608,327.639,7.610,-68.905,45.910,3804.841,86309.517,20231115_053423,479166,7858,12935,5200
1,KCBW20231115_104108_V06,-50.359,0.056,128.799,327.726,14.783,-68.910,45.909,7391.461,86716.008,20231115_054108,479168,9653,14816,5759
2,KCBW20231115_104750_V06,-43.659,0.058,24.284,168.938,30.648,-69.607,46.615,15324.135,152640.601,20231115_054750,479164,11038,16592,5983
1,KCBW20231116_103346_V06,-59.127,0.052,128.004,329.578,10.747,-68.915,45.901,5373.458,87260.564,20231116_053346,479167,8375,17832,6876
2,KCBW20231116_104037_V06,-52.277,0.082,210.392,446.859,4.927,-68.379,45.377,2463.737,86018.933,20231116_054037,479168,8649,18468,7080
4,KCBW20231116_110110_V06,-31.727,0.362,299.430,301.083,12.296,-67.811,46.034,6147.827,611.827,20231116_060110,479170,9096,19976,6920
4,KCBW20231116_110800_V06,-24.894,-1.000,299.430,301.083,23.161,-67.811,46.034,11580.327,611.827,20231116_060800,479171,9345,20204,6867
4,KCBW20231116_111455_V06,-17.977,0.111,301.252,301.779,13.211,-67.799,46.031,6605.389,1087.850,20231116_061455,479177,10413,20648,7601
6,KCBW20231116_115053_V06,17.990,0.102,297.104,303.900,12.967,-67.826,46.022,6483.379,2428.892,20231116_065053,479170,14452,19104,11313
1,KCBW20231117_103624_V06,-57.888,0.148,127.163,329.407,10.677,-68.921,45.901,5338.564,87660.345,20231117_053624,479170,10044,24300,6845
1,KCBW20231117_104315_V06,-51.038,0.152,127.418,329.368,17.386,-68.919,45.902,8693.164,87531.438,20231117_054315,479168,11886,26682,7788
3,KCBW20231117_104315_V06,-51.038,0.071,299.217,300.781,12.438,-67.812,46.036,6219.131,552.945,20231117_054315,479168,11886,26682,7788
3,KCBW20231117_105002_V06,-44.255,0.329,299.699,301.571,19.134,-67.809,46.032,9567.008,799.864,20231117_055002,479169,14182,29814,9313
3,KCBW20231117_110343_V06,-30.571,0.064,300.675,302.163,12.956,-67.803,46.029,6478.165,1132.799,20231117_060343,479173,18169,33619,11367
1,KCBW20231118_112950_V06,-5.840,0.063,75.836,156.555,89.928,-69.272,46.675,44963.974,133065.735,20231118_062950,479166,413136,381307,33802
1,KCBW20231119_104026_V06,-56.617,0.072,127.721,329.117,10.387,-68.917,45.903,5193.558,87361.165,20231119_054026,479165,7502,16789,5806
2,KCBW20231119_112828_V06,-8.584,0.100,211.931,446.425,5.313,-68.369,45.379,2656.311,85434.782,20231119_062828,479172,14556,21701,10802
1,KCBW20231120_104154_V06,-56.516,0.211,267.143,416.497,7.988,-68.017,45.515,3994.038,60520.925,20231120_054154,479175,6659,26318,5014
1,KCBW20231120_104849_V06,-49.600,0.395,267.096,416.462,14.034,-68.017,45.515,7016.885,60510.223,20231120_054849,479170,8085,27370,6171
3,KCBW20231120_104849_V06,-49.600,0.065,129.476,329.663,8.158,-68.906,45.900,4079.190,86542.436,20231120_054849,479170,8085,27370,6171
4,KCBW20231120_104849_V06,-49.600,0.061,212.189,445.056,2.650,-68.368,45.385,1324.995,84782.141,20231120_054849,479170,8085,27370,6171
1,KCBW20231121_103948_V06,-59.971,0.059,209.387,445.991,6.759,-68.385,45.381,3379.612,85912.852,20231121_053948,479164,9687,22227,6688
1,KCBW20231121_104644_V06,-53.038,0.056,209.395,445.840,13.854,-68.385,45.382,6926.786,85846.776,20231121_054644,479162,10406,23396,7001
3,KCBW20231121_104644_V06,-53.038,0.333,297.974,301.961,14.320,-67.820,46.030,7159.874,1409.888,20231121_054644,479162,10406,23396,7001
3,KCBW20231121_110025_V06,-39.354,0.131,298.302,300.727,21.038,-67.818,46.036,10518.893,923.730,20231121_060025,479171,11504,22457,7860
4,KCBW20231121_104644_V06,-53.038,0.121,130.634,328.905,8.276,-68.898,45.904,4138.123,85907.647,20231121_054644,479162,10406,23396,7001
6,KCBW20231121_114135_V06,1.812,0.074,298.269,302.979,13.396,-67.818,46.026,6698.109,1722.823,20231121_064135,479173,15111,19756,11829
7,KCBW20231121_123043_V06,50.946,0.276,298.190,303.651,12.062,-67.819,46.023,6031.189,2037.735,20231121_073043,479171,13840,18848,10847
8,KCBW20231121_125120_V06,71.562,0.051,210.059,446.296,8.272,-68.381,45.380,4136.215,85866.013,20231121_075120,479168,13537,18547,10597
1,KCBW20231122_112813_V06,-12.897,0.059,43.826,174.324,80.388,-69.478,46.592,40194.225,142670.543,20231122_062813,479172,430388,436006,12464
1,KCBW20231122_113416_V06,-6.847,0.058,44.457,172.107,86.621,-69.475,46.602,43310.511,142879.943,20231122_063416,479170,438606,441305,12714
1,KCBW20231122_114020_V06,-0.780,0.075,51.193,179.569,87.272,-69.430,46.569,43636.080,138210.678,20231122_064020,479164,446011,445540,12756
2,KCBW20231123_104411_V06,-58.259,0.192,212.728,446.209,3.214,-68.364,45.380,1606.972,85137.377,20231123_054411,479172,26817,120090,6542
2,KCBW20231123_105113_V06,-51.226,0.111,212.547,445.754,10.039,-68.365,45.382,5019.647,84988.402,20231123_055113,479172,28734,118981,6996
5,KCBW20231123_104411_V06,-58.259,0.081,266.908,417.576,7.910,-68.019,45.510,3954.830,61072.105,20231123_054411,479172,26817,120090,6542
7,KCBW20231123_105113_V06,-51.226,0.083,129.560,329.003,7.269,-68.905,45.903,3634.611,86445.239,20231123_055113,479172,28734,118981,6996
19,KCBW20231123_124852_V06,66.424,0.053,212.476,444.776,2.805,-68.366,45.387,1402.575,84588.087,20231123_074852,479167,22601,83579,9432
1,KCBW20231124_104506_V06,-58.658,0.119,272.115,416.202,6.805,-67.985,45.516,3402.424,59750.667,20231124_054506,479166,40072,62463,8311
3,KCBW20231124_112014_V06,-23.524,0.124,210.157,445.052,4.945,-68.381,45.385,2472.643,85310.858,20231124_062014,479170,55814,78536,10507
8,KCBW20231124_114120_V06,-2.424,0.096,28.831,174.654,33.204,-69.576,46.589,16601.820,149369.015,20231124_064120,479168,65820,86371,16205
3,KCBW20231125_104956_V06,-55.124,0.197,297.835,301.805,10.342,-67.821,46.031,5171.024,1409.609,20231125_054956,479169,5477,11328,4597
3,KCBW20231125_110339_V06,-41.408,0.255,297.937,302.111,18.527,-67.820,46.030,9263.727,1475.845,20231125_060339,479169,5942,12207,4935
3,KCBW20231125_111030_V06,-34.558,0.056,298.027,302.597,13.203,-67.820,46.027,6601.681,1630.638,20231125_061030,479171,6312,12059,5287
3,KCBW20231125_111721_V06,-27.708,0.147,297.898,302.563,19.715,-67.821,46.028,9857.431,1657.259,20231125_061721,479169,6085,11601,5114
3,KCBW20231125_112412_V06,-20.858,0.215,299.932,302.031,11.559,-67.807,46.030,5779.308,1016.126,20231125_062412,479170,5344,11524,4504
13,KCBW20231125_121209_V06,27.092,0.182,300.632,301.523,12.057,-67.803,46.032,6028.290,824.411,20231125_071209,479173,6258,10998,5273
17,KCBW20231125_123241_V06,47.626,0.166,299.874,300.976,11.781,-67.808,46.035,5890.511,491.886,20231125_073241,479168,6354,11471,5337
1,KCBW20231126_105118_V06,-55.042,0.070,209.882,444.652,8.796,-68.382,45.387,4398.151,85213.444,20231126_055118,479164,7511,13834,4919
2,KCBW20231126_105118_V06,-55.042,0.069,129.227,329.748,8.001,-68.907,45.900,4000.453,86672.403,20231126_055118,479164,7511,13834,4919
4,KCBW20231126_114016_V06,-6.075,0.125,25.623,473.502,30.545,-69.554,45.245,15272.710,162315.578,20231126_064016,479169,9392,14499,6849
5,KCBW20231128_131129_V06,82.625,0.270,27.249,211.966,49.907,-69.581,46.421,24953.335,143303.060,20231128_081129,479165,53272,114231,12496
5,KCBW20231128_131830_V06,89.642,0.571,29.241,208.028,57.789,-69.569,46.439,28894.448,142976.613,20231128_081830,479169,53008,112936,12857
1,KCBW20231128_104942_V06,-59.158,0.054,297.588,191.741,3.076,-67.823,46.526,1538.177,54142.704,20231128_054942,479173,49143,71898,10070
1,KCBW20231129_110035_V06,-49.505,0.156,212.252,444.996,3.274,-68.367,45.386,1636.974,84740.121,20231129_060035,479169,6548,13563,4865
1,KCBW20231129_110726_V06,-42.655,0.091,212.173,445.005,11.179,-68.368,45.385,5589.633,84764.267,20231129_060726,479173,5865,13739,4383
6,KCBW20231129_113450_V06,-15.255,0.065,300.681,302.288,9.709,-67.803,46.029,4854.702,1193.418,20231129_063450,479171,7345,16167,4867
6,KCBW20231129_114141_V06,-8.405,0.255,300.602,302.667,16.543,-67.803,46.027,8271.331,1366.971,20231129_064141,479163,8322,17870,5377
5,KCBW20231129_111417_V06,-35.805,0.064,299.827,302.710,10.315,-67.808,46.027,5157.539,1357.943,20231129_061417,479171,5940,14505,4135
3,KCBW20231130_112631_V06,-24.782,0.176,30.681,104.455,54.546,-69.574,46.905,27272.797,166411.059,20231130_062631,479173,70353,136244,10375
3,KCBW20231130_113333_V06,-17.748,0.226,32.347,104.274,62.302,-69.564,46.906,31151.099,165790.896,20231130_063333,479170,73068,139146,10882
3,KCBW20231130_114036_V06,-10.698,0.330,38.383,107.975,62.358,-69.523,46.890,31179.157,162262.727,20231130_064036,479170,72540,140064,11681
3,KCBW20231130_114738_V06,-3.665,0.051,47.812,114.907,61.755,-69.461,46.860,30877.506,156411.616,20231130_064738,479172,72980,145224,11211
3,KCBW20231130_120142_V06,10.402,0.061,60.731,129.399,66.498,-69.374,46.796,33249.078,146930.691,20231130_070142,479171,75810,148754,13450
6,KCBW20231201_130659_V06,74.496,0.070,210.166,446.876,8.037,-68.380,45.377,4018.383,86085.429,20231201_080659,479168,8982,25519,6244
6,KCBW20231201_131401_V06,81.529,0.059,210.287,446.595,15.213,-68.380,45.378,7606.506,85934.059,20231201_081401,479169,8981,27997,6268
4,KCBW20231201_120402_V06,11.546,0.082,210.483,445.890,8.509,-68.378,45.381,4254.332,85582.144,20231201_070402,479165,13952,25287,7434
1,KCBW20231202_130916_V06,75.612,0.209,28.045,423.082,46.385,-69.546,45.472,23192.314,149255.201,20231202_080916,479173,368492,307939,70684
1,KCBW20231202_131505_V06,81.429,0.352,30.063,422.424,53.024,-69.533,45.475,26512.117,148200.536,20231202_081505,479166,366280,308078,68855
1,KCBW20231202_132024_V06,86.745,0.135,34.267,417.438,52.680,-69.507,45.498,26339.925,145263.260,20231202_082024,479173,363062,308691,66385
1,KCBW20231203_111309_V06,-41.649,0.085,212.269,444.786,2.831,-68.367,45.386,1415.617,84646.046,20231203_061309,479168,3800,14872,3023
1,KCBW20231203_112000_V06,-34.799,0.060,212.735,444.415,12.796,-68.364,45.388,6398.015,84366.365,20231203_062000,479170,3578,15147,2744
4,KCBW20231203_114722_V06,-7.432,0.051,213.017,445.827,3.160,-68.362,45.382,1579.912,84899.488,20231203_064722,479166,3642,15542,2896
5,KCBW20231203_121445_V06,19.951,0.071,213.150,445.798,2.835,-68.361,45.382,1417.639,84852.514,20231203_071445,479172,4621,19195,3748
1,KCBW20231205_110321_V06,-53.663,0.057,268.719,416.211,8.552,-68.007,45.516,4276.123,60173.920,20231205_060321,479164,15976,84861,4518
1,KCBW20231205_111023_V06,-46.629,0.062,268.734,415.871,15.608,-68.007,45.518,7804.076,60007.468,20231205_061023,479169,18114,93023,4823
1,KCBW20231206_110611_V06,-51.897,0.132,213.946,444.100,11.071,-68.356,45.390,5535.446,83919.618,20231206_060611,479170,3384,8684,2655
3,KCBW20231206_112628_V06,-31.614,0.054,211.642,445.155,7.008,-68.371,45.385,3504.044,84966.207,20231206_062628,479171,3788,9566,2970
7,KCBW20231206_123437_V06,36.536,0.068,207.773,446.631,8.309,-68.396,45.378,4154.671,86611.981,20231206_073437,479170,3909,10658,3146
7,KCBW20231206_124128_V06,43.386,0.072,212.422,444.996,2.907,-68.366,45.386,1453.339,84696.005,20231206_074128,479172,3744,10360,2883
9,KCBW20231206_131539_V06,77.570,0.065,210.057,444.407,8.738,-68.381,45.388,4369.183,85063.501,20231206_081539,479168,3844,10839,3032
1,KCBW20231207_110441_V06,-54.437,0.063,212.112,445.208,2.776,-68.368,45.385,1387.863,84866.756,20231207_060441,479167,23947,103409,6573
3,KCBW20231207_132140_V06,82.546,0.087,267.143,416.435,8.665,-68.017,45.515,4332.510,60491.217,20231207_082140,479165,55326,99602,15054
8,KCBW20231208_120143_V06,1.585,0.139,212.513,445.019,3.382,-68.365,45.385,1691.029,84682.521,20231208_070143,479165,4324,12288,3527
8,KCBW20231208_120833_V06,8.418,0.081,212.429,444.966,10.207,-68.366,45.386,5103.531,84681.472,20231208_070833,479165,4254,12161,3432
10,KCBW20231208_120143_V06,1.585,0.050,298.928,301.512,12.251,-67.814,46.032,6125.366,926.890,20231208_070143,479165,4324,12288,3527
10,KCBW20231208_120833_V06,8.418,0.122,298.750,301.994,19.522,-67.815,46.030,9761.223,1176.715,20231208_070833,479165,4254,12161,3432
11,KCBW20231208_122903_V06,28.918,0.056,209.991,446.343,8.251,-68.382,45.379,4125.471,85904.029,20231208_072903,479170,3804,11917,3103
11,KCBW20231208_123554_V06,35.768,0.073,210.082,446.290,15.302,-68.381,45.380,7650.935,85857.494,20231208_073554,479172,3521,12120,2799
5,KCBW20231208_112732_V06,-32.599,0.139,300.613,303.496,11.698,-67.803,46.023,5849.102,1774.463,20231208_062732,479165,3740,10453,3001
6,KCBW20231208_113423_V06,-25.749,0.074,212.322,444.837,2.974,-68.367,45.386,1487.034,84653.930,20231208_063423,479168,3827,10533,3119
14,KCBW20231208_124936_V06,49.468,0.116,266.138,415.327,8.303,-68.024,45.520,4151.693,60097.887,20231208_074936,479171,3802,12347,2988
1,KCBW20231210_110317_V06,-58.781,0.066,212.649,446.186,3.182,-68.365,45.380,1590.971,85147.806,20231210_060317,479165,4112,55458,2907
4,KCBW20231210_114330_V06,-18.564,0.123,26.349,398.022,46.282,-69.560,45.585,23141.014,145338.425,20231210_064330,479168,9351,58861,3656
1,KCBW20231212_110853_V06,-54.985,0.233,267.229,416.363,6.826,-68.017,45.516,3413.084,60444.738,20231212_060853,479169,18329,80074,4791
1,KCBW20231212_111544_V06,-48.135,0.074,267.346,416.353,14.174,-68.016,45.516,7086.769,60424.335,20231212_061544,479166,18767,77282,4819
16,KCBW20231213_130140_V06,56.947,0.402,11.198,436.361,15.144,-69.652,45.411,7572.172,159687.829,20231213_080140,479172,27289,50292,5387
16,KCBW20231213_130714_V06,62.513,0.116,13.744,433.411,25.239,-69.636,45.424,12619.435,157909.138,20231213_080714,479166,28963,52933,5805
16,KCBW20231213_131247_V06,68.063,0.371,24.547,427.251,34.122,-69.568,45.453,17061.155,151712.879,20231213_081247,479180,29662,55965,5583
16,KCBW20231213_131820_V06,73.613,0.124,30.482,427.835,34.308,-69.530,45.451,17153.866,149148.971,20231213_081820,479174,30937,57996,5778
1,KCBW20231213_110729_V06,-57.237,0.204,267.076,415.052,8.574,-68.018,45.521,4286.833,59835.196,20231213_060729,479172,38104,58522,6825
8,KCBW20231213_120246_V06,-1.953,0.397,228.843,309.259,32.972,-68.266,45.997,16486.132,35878.349,20231213_070246,479162,31003,54772,6611
11,KCBW20231213_123024_V06,25.680,0.127,297.431,314.173,28.701,-67.824,45.975,14350.636,7201.786,20231213_073024,479166,26036,49867,5353
15,KCBW20231213_130140_V06,56.947,0.434,290.471,328.518,28.643,-67.868,45.911,14321.491,15033.909,20231213_080140,479172,27289,50292,5387
18,KCBW20231213_131247_V06,68.063,0.182,222.123,261.268,29.172,-68.312,46.212,14586.082,43488.378,20231213_081247,479180,29662,55965,5583
21,KCBW20231213_132353_V06,79.163,0.075,342.746,63.545,18.760,-67.525,47.102,9380.180,120143.917,20231213_082353,479169,32095,59960,5940
1,KCBW20231214_111135_V06,-53.953,0.061,128.977,330.504,8.353,-68.909,45.897,4176.630,86861.089,20231214_061135,479167,4083,12964,3318
2,KCBW20231214_111826_V06,-47.103,0.058,265.676,412.667,10.775,-68.027,45.532,5387.295,58889.548,20231214_061826,479165,3680,12949,3067
3,KCBW20231214_111826_V06,-47.103,0.052,212.724,446.244,3.228,-68.364,45.380,1614.033,85153.332,20231214_061826,479165,3680,12949,3067
4,KCBW20231214_113858_V06,-26.569,0.132,266.845,415.765,8.425,-68.019,45.518,4212.463,60209.459,20231214_063858,479164,3811,11017,3162
1,KCBW20231215_110951_V06,-56.466,0.270,300.327,300.947,10.856,-67.805,46.035,5427.834,500.749,20231215_060951,479164,3284,9359,2744
1,KCBW20231215_111638_V06,-49.683,0.428,300.556,301.004,16.532,-67.803,46.035,8265.767,573.890,20231215_061638,479171,3038,9674,2513
1,KCBW20231215_112328_V06,-42.849,0.160,300.331,299.874,9.590,-67.805,46.040,4794.964,177.004,20231215_062328,479170,3653,9663,3104
1,KCBW20231215_113015_V06,-36.066,0.146,300.372,300.833,17.073,-67.805,46.035,8536.285,456.250,20231215_063015,479173,3242,9472,2709
1,KCBW20231215_113706_V06,-29.216,0.224,301.501,301.078,9.728,-67.797,46.034,4864.231,924.054,20231215_063706,479168,3409,8838,2870
2,KCBW20231215_110951_V06,-56.466,0.182,129.822,330.649,10.631,-68.903,45.896,5315.576,86457.778,20231215_060951,479164,3284,9359,2744
2,KCBW20231215_111638_V06,-49.683,0.168,129.966,329.991,16.931,-68.902,45.899,8465.701,86329.382,20231215_061638,479171,3038,9674,2513
2,KCBW20231215_112328_V06,-42.849,-1.000,130.094,329.405,23.799,-68.902,45.902,11899.649,86215.907,20231215_062328,479170,3653,9663,3104
2,KCBW20231215_113015_V06,-36.066,0.054,129.769,330.237,10.528,-68.904,45.898,5264.093,86447.708,20231215_063015,479173,3242,9472,2709
2,KCBW20231215_113706_V06,-29.216,0.062,129.090,329.969,17.613,-68.908,45.899,8806.460,86759.013,20231215_063706,479168,3409,8838,2870
2,KCBW20231215_114352_V06,-22.449,0.076,129.580,330.786,10.833,-68.905,45.895,5416.471,86589.072,20231215_064352,479165,3550,8709,3014
2,KCBW20231215_115034_V06,-15.749,0.124,129.709,330.812,17.573,-68.904,45.895,8786.583,86528.000,20231215_065034,479174,3309,8725,2804
2,KCBW20231215_120405_V06,-2.233,-1.000,129.938,330.857,32.102,-68.903,45.895,16050.828,86419.336,20231215_070405,479168,4457,10772,3732
2,KCBW20231215_121051_V06,4.534,0.050,127.077,329.922,8.491,-68.921,45.899,4245.302,87746.158,20231215_071051,479165,4236,10412,3596
2,KCBW20231215_121738_V06,11.317,-1.000,127.077,329.922,19.276,-68.921,45.899,9638.052,87746.158,20231215_071738,479165,4261,10033,3600
2,KCBW20231215_122425_V06,18.101,0.069,127.450,329.453,10.720,-68.919,45.901,5359.789,87522.673,20231215_072425,479169,4187,9552,3544
10,KCBW20231215_120405_V06,-2.233,0.237,300.811,301.342,9.785,-67.802,46.033,4892.445,784.285,20231215_070405,479168,4457,10772,3732
10,KCBW20231215_121051_V06,4.534,0.067,300.995,301.603,16.761,-67.801,46.032,8380.693,943.111,20231215_071051,479165,4236,10412,3596
10,KCBW20231215_121738_V06,11.317,0.054,300.476,302.026,9.625,-67.804,46.030,4812.389,1040.754,20231215_071738,479165,4261,10033,3600
13,KCBW20231215_122425_V06,18.101,0.129,212.148,445.155,3.157,-68.368,45.385,1578.714,84835.096,20231215_072425,479169,4187,9552,3544
16,KCBW20231215_132524_V06,79.084,0.062,267.689,416.046,8.361,-68.014,45.517,4180.252,60230.192,20231215_082524,479167,3339,8023,2850
11,KCBW20231216_131334_V06,66.508,0.140,300.320,301.771,14.688,-67.805,46.031,7343.891,900.106,20231216_081334,479172,3718,11983,3183
11,KCBW20231216_132020_V06,73.275,0.259,299.657,301.259,20.826,-67.809,46.034,10412.774,652.534,20231216_082020,479165,4269,11144,3633
2,KCBW20231216_111746_V06,-49.292,0.122,212.403,445.145,3.376,-68.366,45.385,1687.820,84764.981,20231216_061746,479168,4399,20657,3509
4,KCBW20231216_111746_V06,-49.292,0.064,298.491,329.568,6.718,-67.817,45.906,3358.852,14803.418,20231216_061746,479168,4399,20657,3509
6,KCBW20231216_115156_V06,-15.125,0.067,211.079,445.073,3.646,-68.375,45.385,1822.884,85078.296,20231216_065156,479167,4182,15923,3385
8,KCBW20231216_124627_V06,39.391,0.090,212.662,446.144,3.306,-68.364,45.380,1653.122,85126.314,20231216_074627,479172,3828,12913,3239
10,KCBW20231216_124627_V06,39.391,0.057,268.667,415.633,8.574,-68.007,45.519,4287.153,59901.493,20231216_074627,479172,3828,12913,3239
1,KCBW20231217_111745_V06,-50.013,0.068,209.776,446.248,8.309,-68.383,45.380,4154.669,85919.703,20231217_061745,479166,8826,15420,3672
2,KCBW20231217_131820_V06,70.570,0.053,300.575,300.570,10.398,-67.803,46.037,5199.024,404.798,20231217_081820,479168,5479,11358,3165
1,KCBW20231219_111014_V06,-58.821,0.072,129.043,329.084,8.376,-68.909,45.903,4188.205,86706.455,20231219_061014,479174,19062,66728,3588
1,KCBW20231219_111657_V06,-52.104,0.053,128.940,329.345,15.452,-68.909,45.902,7725.821,86779.326,20231219_061657,479170,17682,61485,3992
3,KCBW20231220_121720_V06,7.694,0.064,212.920,446.056,3.059,-68.363,45.381,1529.339,85022.511,20231220_071720,479169,7736,16557,4500
3,KCBW20231220_122402_V06,14.394,0.060,212.946,446.058,9.983,-68.363,45.381,4991.615,85016.622,20231220_072402,479168,6443,14971,4142
4,KCBW20231220_123044_V06,21.094,0.061,298.989,302.189,12.581,-67.813,46.029,6290.382,1205.567,20231220_073044,479166,5651,13745,3906
4,KCBW20231220_123726_V06,27.794,0.331,299.463,302.129,18.288,-67.810,46.030,9144.034,1097.615,20231220_073726,479167,5208,13044,3963
4,KCBW20231220_124409_V06,34.511,0.159,299.639,302.188,12.539,-67.809,46.029,6269.722,1108.583,20231220_074409,479171,4520,12453,3560
1,KCBW20231220_111014_V06,-59.406,0.089,301.328,298.480,8.522,-67.798,46.046,4260.899,1009.022,20231220_061014,479168,6388,11963,3023
2,KCBW20231220_121035_V06,0.944,0.095,297.958,301.221,12.274,-67.820,46.034,6136.898,1189.762,20231220_071035,479169,8860,17552,5012
6,KCBW20231220_125050_V06,41.194,0.052,212.909,445.996,3.132,-68.363,45.381,1565.897,84999.494,20231220_075050,479171,4055,12319,3212
2,KCBW20231221_111238_V06,-57.549,0.079,269.076,413.508,4.442,-68.005,45.528,2221.184,58822.576,20231221_061238,479171,6010,49080,2814
2,KCBW20231221_111929_V06,-50.699,0.081,269.181,414.223,12.222,-68.004,45.525,6111.049,59153.717,20231221_061929,479176,6514,49596,3141
4,KCBW20231221_120708_V06,-3.049,0.260,268.274,414.930,8.132,-68.010,45.522,4066.027,59614.420,20231221_070708,479173,7190,57351,3150
4,KCBW20231221_121359_V06,3.801,0.296,267.383,414.014,15.160,-68.016,45.526,7579.781,59293.707,20231221_071359,479166,7501,56328,3632
3,KCBW20231221_111238_V06,-57.549,0.069,298.077,299.466,12.338,-67.819,46.042,6169.239,998.042,20231221_061238,479171,6010,49080,2814
5,KCBW20231221_123430_V06,24.317,0.083,266.970,412.939,11.942,-68.018,45.531,5971.094,58834.717,20231221_073430,479168,6763,52461,3740
1,KCBW20231222_122405_V06,13.399,0.095,209.976,444.501,8.791,-68.382,45.388,4395.502,85124.672,20231222_072405,479168,3464,8303,2866
1,KCBW20231223_111650_V06,-54.311,0.076,126.949,328.983,10.870,-68.922,45.903,5435.175,87730.607,20231223_061650,479170,16008,25725,6695
1,KCBW20231223_112352_V06,-47.277,0.084,127.082,328.937,17.798,-68.921,45.904,8898.780,87661.344,20231223_062352,479166,17770,27513,7024
3,KCBW20231223_130205_V06,50.939,0.156,306.251,297.339,13.568,-67.767,46.051,6784.203,3396.945,20231223_080205,479168,29170,43390,9414
1,KCBW20231224_131136_V06,60.039,0.076,309.544,291.815,8.745,-67.745,46.076,4372.555,6286.684,20231224_081136,479169,9949,16285,7873
2,KCBW20231224_131136_V06,60.039,0.053,131.134,329.659,11.523,-68.895,45.901,5761.565,85725.287,20231224_081136,479169,9949,16285,7873
1,KCBW20231225_122314_V06,11.299,0.155,265.439,413.995,10.246,-68.028,45.526,5123.032,59559.722,20231225_072314,479167,4219,9643,3589
1,KCBW20231226_111747_V06,-54.481,0.104,212.818,445.772,3.441,-68.364,45.382,1720.354,84926.935,20231226_061747,479171,4399,12955,3721
3,KCBW20231226_112429_V06,-47.781,0.189,266.285,414.940,8.834,-68.023,45.522,4416.874,59891.292,20231226_062429,479171,4319,12682,3718
4,KCBW20231226_113115_V06,-41.014,0.052,300.925,302.990,13.706,-67.801,46.026,6852.947,1564.843,20231226_063115,479173,4175,12163,3517
5,KCBW20231226_115133_V06,-20.714,0.060,299.857,302.213,12.923,-67.808,46.029,6461.281,1108.702,20231226_065133,479175,4005,11386,3428
5,KCBW20231226_120502_V06,-7.231,-1.000,299.857,302.213,34.361,-67.808,46.029,17180.531,1108.702,20231226_070502,479168,4826,12627,4155
5,KCBW20231226_121152_V06,-0.397,0.166,299.312,302.812,13.959,-67.811,46.027,6979.504,1447.352,20231226_071152,479171,4796,13574,4113
1,KCBW20231227_111520_V06,-57.217,0.189,129.946,329.651,8.368,-68.903,45.901,4183.949,86309.964,20231227_061520,479173,73703,122031,16854
1,KCBW20231227_111956_V06,-52.617,0.070,129.853,329.464,14.648,-68.903,45.901,7324.163,86339.571,20231227_061956,479174,71171,118273,16538
3,KCBW20231228_111825_V06,-54.376,0.060,127.073,329.239,10.496,-68.921,45.902,5247.991,87690.694,20231228_061825,479168,5634,18842,4460
3,KCBW20231228_112526_V06,-47.359,0.056,127.479,329.325,17.495,-68.919,45.902,8747.738,87497.739,20231228_062526,479176,5137,18756,4017
1,KCBW20231228_111825_V06,-54.376,0.135,212.444,445.012,3.246,-68.366,45.385,1623.034,84697.223,20231228_061825,479168,5634,18842,4460
9,KCBW20231229_131109_V06,58.160,0.063,43.170,278.747,23.960,-69.468,46.123,11980.039,128853.982,20231229_081109,479170,377439,324799,65633
16,KCBW20231230_123032_V06,17.390,0.072,321.537,524.226,38.613,-67.670,45.030,19306.612,112628.820,20231230_073032,479173,203489,241195,13008
19,KCBW20231230_123635_V06,23.440,0.119,23.769,502.047,29.070,-69.562,45.117,14534.772,171118.739,20231230_073635,479167,214541,246702,13609
22,KCBW20231230_130054_V06,47.757,0.061,103.330,33.403,29.824,-69.105,47.231,14912.039,165645.017,20231230_080054,479170,240884,265117,13870
3,KCBW20231231_114803_V06,-25.201,0.337,266.721,416.938,7.233,-68.020,45.513,3616.577,60790.835,20231231_064803,479169,16102,105575,4992
3,KCBW20231231_120144_V06,-11.518,-1.000,266.721,416.938,28.990,-68.020,45.513,14494.827,60790.835,20231231_070144,479166,16314,107205,4614
3,KCBW20231231_120835_V06,-4.668,0.170,266.780,416.230,8.885,-68.020,45.516,4442.375,60442.077,20231231_070835,479167,19117,107735,5061
