track_id,filename,from_sunrise,det_score,x,y,r,lon,lat,radius,geo_dist,local_time,n_radar_pixels,n_refAbove40_pixels,n_xcorrAbove0.95_pixels,n_xcorrBelow0.95_refAbove40_pixels
13,KGYX20190602_101736_V06,76.344,0.097,281.441,139.643,2.185,-70.374,44.613,1092.472,80713.794,20190602_061736,479173,15168,21181,8367
2,KGYX20190603_084704_V06,-13.721,0.090,282.017,139.506,1.915,-70.370,44.614,957.489,80749.150,20190603_044704,479171,24864,29720,12220
3,KGYX20190603_094452_V06,44.079,0.065,281.950,140.676,2.119,-70.371,44.608,1059.494,80171.415,20190603_054452,479176,14729,19003,11430
1,KGYX20190604_080457_V06,-55.405,0.172,281.669,139.607,2.218,-70.372,44.613,1109.161,80718.529,20190604_040457,479169,28156,20306,20504
1,KGYX20190604_081435_V06,-45.772,0.054,281.882,139.248,9.775,-70.371,44.615,4887.545,80884.951,20190604_041435,479174,18525,17612,12853
2,KGYX20190604_080457_V06,-55.405,0.051,248.355,186.844,2.686,-70.581,44.400,1343.111,62192.471,20190604_040457,479169,28156,20306,20504
3,KGYX20190604_100030_V06,60.145,0.107,205.917,269.112,5.323,-70.844,44.029,2661.453,49511.620,20190604_060030,479171,11042,8112,9208
1,KGYX20190608_101602_V06,77.040,0.061,292.168,161.347,2.150,-70.306,44.515,1075.207,69436.885,20190608_061602,479180,18604,16460,14642
1,KGYX20190609_080039_V06,-58.095,0.106,258.977,117.512,8.441,-70.516,44.712,4220.737,93521.233,20190609_040039,479179,33657,23337,25445
1,KGYX20190609_080506_V06,-53.645,0.051,260.238,117.718,6.983,-70.508,44.711,3491.283,93284.020,20190609_040506,479176,30925,21987,23514
1,KGYX20190612_080534_V06,-52.655,0.052,292.244,161.827,1.992,-70.306,44.513,995.960,69195.171,20190612_040534,479174,12275,14018,8918
1,KGYX20190613_080050_V06,-57.287,0.079,344.971,151.009,4.610,-69.974,44.561,2304.798,77815.249,20190613_040050,479169,17043,15160,12335
1,KGYX20190614_080147_V06,-56.273,0.079,205.851,268.582,5.322,-70.844,44.031,2661.169,49626.521,20190614_040147,479172,16684,16416,9611
2,KGYX20190614_091314_V06,15.177,0.067,204.052,268.734,7.054,-70.855,44.031,3526.850,50457.125,20190614_051314,479178,9351,8944,6893
3,KGYX20190614_102004_V06,82.010,0.065,203.392,269.564,6.212,-70.859,44.027,3105.965,50644.518,20190614_062004,479175,10024,10101,7000
1,KGYX20190615_095516_V06,57.237,0.056,205.426,268.667,5.397,-70.847,44.031,2698.444,49814.789,20190615_055516,479173,11913,9729,9536
2,KGYX20190616_080102_V06,-57.005,0.124,281.479,139.798,2.289,-70.374,44.612,1144.707,80634.546,20190616_040102,479172,127643,113458,30110
2,KGYX20190616_080558_V06,-52.072,0.057,281.526,139.800,8.187,-70.373,44.612,4093.636,80630.704,20190616_040558,479174,129053,115174,28414
5,KGYX20190616_082117_V06,-36.755,0.055,292.271,161.747,1.945,-70.306,44.513,972.572,69234.308,20190616_042117,479177,126639,115904,25816
6,KGYX20190616_091223_V06,14.345,0.069,282.980,139.432,2.286,-70.364,44.614,1143.028,80733.620,20190616_051223,479181,129843,115039,29016
11,KGYX20190616_101734_V06,79.528,0.093,282.141,138.645,2.376,-70.369,44.617,1188.038,81169.917,20190616_061734,479168,95375,84614,26632
1,KGYX20190617_080545_V06,-52.334,0.146,282.081,139.275,2.075,-70.370,44.615,1037.266,80860.196,20190617_040545,479174,18243,17298,12307
3,KGYX20190617_082800_V06,-30.084,0.074,282.373,139.435,1.939,-70.368,44.614,969.563,80765.069,20190617_042800,479172,16126,13853,11207
4,KGYX20190617_084122_V06,-16.718,0.318,282.209,139.169,2.065,-70.369,44.615,1032.360,80906.094,20190617_044122,479171,16374,12887,12165
1,KGYX20190619_091631_V06,18.233,0.101,202.643,269.697,7.506,-70.864,44.026,3752.922,50982.127,20190619_051631,479177,13433,12154,9758
1,KGYX20190620_081537_V06,-42.821,0.093,281.975,139.653,1.995,-70.370,44.613,997.738,80678.288,20190620_041537,479169,8916,16753,7054
2,KGYX20190620_095328_V06,55.029,0.083,282.333,139.350,1.762,-70.368,44.614,881.092,80809.232,20190620_055328,479178,10588,15674,7297
1,KGYX20190621_080427_V06,-54.177,0.083,281.752,139.287,2.126,-70.372,44.615,1063.091,80872.937,20190621_040427,479174,74694,76762,17190
4,KGYX20190621_084903_V06,-9.577,0.054,43.413,440.518,53.649,-71.837,43.248,26824.604,146272.183,20190621_044903,479175,131121,142625,24799
5,KGYX20190621_090224_V06,3.773,0.529,176.468,401.586,25.108,-71.020,43.432,12554.207,79968.468,20190621_050224,479172,144000,165258,28784
9,KGYX20190621_092222_V06,23.740,0.093,41.264,336.696,60.107,-71.862,43.715,30053.604,130662.655,20190621_052222,479175,180676,194748,35365
12,KGYX20190621_101759_V06,79.357,0.068,8.097,271.986,13.466,-72.077,44.003,6733.048,146621.968,20190621_061759,479177,213159,209302,36787
1,KGYX20190622_080506_V06,-53.751,0.067,282.688,139.192,2.233,-70.366,44.615,1116.566,80868.382,20190622_040506,479174,13038,11593,9960
6,KGYX20190622_082639_V06,-32.201,0.122,203.967,268.831,6.758,-70.856,44.030,3378.794,50482.034,20190622_042639,479173,11868,10442,9303
9,KGYX20190622_090016_V06,1.416,0.074,171.089,95.223,10.218,-71.072,44.810,5109.032,120987.193,20190622_050016,479174,12967,10927,10127
13,KGYX20190622_092235_V06,23.733,0.056,248.178,52.776,27.521,-70.586,45.003,13760.487,126298.453,20190622_052235,479171,12769,11272,10064
14,KGYX20190622_094359_V06,45.133,0.068,291.668,160.550,2.087,-70.309,44.519,1043.633,69849.477,20190622_054359,479175,12887,11410,10182
1,KGYX20190623_080311_V06,-55.926,0.373,206.192,269.020,5.539,-70.842,44.029,2769.474,49395.625,20190623_040311,479172,11166,6890,9327
1,KGYX20190623_081248_V06,-46.309,0.311,206.176,269.051,11.695,-70.842,44.029,5847.396,49398.282,20190623_041248,479170,10923,6871,9132
2,KGYX20190624_080042_V06,-58.703,0.076,174.529,327.655,2.093,-71.036,43.764,1046.392,64241.299,20190624_040042,479173,18502,15753,14437
5,KGYX20190624_083421_V06,-25.053,0.071,281.884,139.777,2.212,-70.371,44.612,1106.197,80621.783,20190624_043421,479173,17117,13190,13820
6,KGYX20190624_101515_V06,75.847,0.065,205.617,268.851,5.402,-70.846,44.030,2700.893,49695.011,20190624_061515,479174,20333,15442,16410
5,KGYX20190625_083041_V06,-29.046,0.085,282.694,139.558,2.582,-70.366,44.613,1290.817,80686.397,20190625_043041,479178,19564,16146,15995
5,KGYX20190625_083609_V06,-23.580,0.071,282.704,139.534,9.446,-70.366,44.613,4723.239,80697.519,20190625_043609,479175,19398,16745,15729
1,KGYX20190625_080307_V06,-56.613,0.086,282.271,139.277,2.018,-70.369,44.615,1009.197,80848.918,20190625_040307,479176,20253,15063,16270
2,KGYX20190625_080307_V06,-56.613,0.076,207.779,269.115,6.394,-70.832,44.029,3196.869,48627.725,20190625_040307,479176,20253,15063,16270
3,KGYX20190625_080307_V06,-56.613,0.052,174.723,327.839,2.318,-71.035,43.763,1158.783,64166.416,20190625_040307,479176,20253,15063,16270
8,KGYX20190625_092037_V06,20.887,0.084,391.222,529.035,29.907,-69.699,42.859,14953.383,123266.647,20190625_052037,479175,25292,18114,20680
1,KGYX20190626_080529_V06,-54.607,0.064,209.854,269.789,2.756,-70.819,44.026,1377.872,47536.633,20190626_040529,479171,35248,42004,10220
2,KGYX20190628_080213_V06,-58.692,0.108,286.147,160.165,3.177,-70.344,44.521,1588.478,70259.892,20190628_040213,479181,17220,17004,11637
4,KGYX20190628_090144_V06,0.825,0.275,149.809,16.605,18.383,-71.212,45.163,9191.660,160366.995,20190628_050144,479177,19855,15908,14842
1,KGYX20190629_080827_V06,-52.916,0.310,259.089,76.406,19.702,-70.516,44.897,9850.834,113652.721,20190629_040827,479169,188635,170950,52834
9,KGYX20190630_082955_V06,-31.937,0.128,14.487,297.614,17.701,-72.034,43.888,8850.598,142761.430,20190630_042955,479189,68225,68745,18872
9,KGYX20190630_083418_V06,-27.554,0.154,15.587,297.648,24.000,-72.027,43.888,11999.865,142211.359,20190630_043418,479184,67612,66433,19801
9,KGYX20190630_083905_V06,-22.771,0.252,22.054,298.342,30.418,-71.986,43.886,15208.892,138975.469,20190630_043905,479187,68084,65093,21617
9,KGYX20190630_084340_V06,-18.187,0.110,25.786,305.183,25.273,-71.962,43.855,12636.656,137131.620,20190630_044340,479183,67875,63646,23608
11,KGYX20190630_083905_V06,-22.771,0.053,26.991,414.601,22.584,-71.941,43.363,11292.238,148043.227,20190630_043905,479187,68084,65093,21617
11,KGYX20190630_084340_V06,-18.187,0.087,28.296,413.988,29.694,-71.933,43.366,14846.820,147322.999,20190630_044340,479183,67875,63646,23608
21,KGYX20190630_092011_V06,18.329,0.092,324.385,373.104,14.138,-70.106,43.562,7069.132,38531.637,20190630_052011,479185,39860,37826,16599
21,KGYX20190630_092459_V06,23.129,0.069,325.762,373.245,20.002,-70.098,43.562,10001.250,38821.620,20190630_052459,479186,36919,35917,15479
2,KGYX20190630_080357_V06,-57.904,0.393,365.265,88.195,11.374,-69.844,44.844,5686.909,110816.252,20190630_040357,479190,73636,77268,17807
4,KGYX20190630_080925_V06,-52.437,0.130,51.608,337.894,19.312,-71.798,43.710,9656.036,125633.019,20190630_040925,479186,73561,77463,17975
8,KGYX20190630_082955_V06,-31.937,0.293,292.582,404.421,15.657,-70.303,43.421,7828.609,52342.218,20190630_042955,479189,68225,68745,18872
13,KGYX20190630_084340_V06,-18.187,0.082,399.406,20.228,21.096,-69.625,45.149,10547.859,148453.510,20190630_044340,479183,67875,63646,23608
16,KGYX20190630_085248_V06,-9.054,0.057,292.198,162.292,2.113,-70.306,44.511,1056.271,68964.459,20190630_045248,479191,60677,57634,22107
17,KGYX20190630_090604_V06,4.213,0.131,368.931,156.002,39.129,-69.823,44.539,19564.377,79822.901,20190630_050604,479176,48227,46074,18567
23,KGYX20190630_094525_V06,43.563,0.059,262.276,360.866,21.261,-70.491,43.617,10630.638,35804.311,20190630_054525,479175,35381,33902,15067
24,KGYX20190630_100627_V06,64.596,0.116,27.025,131.097,33.205,-71.977,44.639,16602.524,160502.077,20190630_060627,479175,32063,31351,14553
25,KGYX20190630_101644_V06,74.879,0.068,292.285,161.717,1.906,-70.305,44.514,953.072,69249.122,20190630_061644,479173,30970,29823,14472
1,KGYX20190701_080301_V06,-59.356,0.081,205.377,269.490,4.874,-70.847,44.027,2437.000,49710.051,20190701_040301,479182,10868,11923,8497
1,KGYX20190701_080706_V06,-55.272,0.050,205.439,269.360,10.133,-70.847,44.028,5066.740,49700.557,20190701_040706,479178,11651,12243,9180
2,KGYX20190701_080301_V06,-59.356,0.067,292.165,161.814,1.879,-70.306,44.513,939.365,69204.056,20190701_040301,479182,10868,11923,8497
3,KGYX20190701_093231_V06,30.144,0.085,205.493,270.253,5.054,-70.846,44.024,2527.130,49539.101,20190701_053231,479184,11405,10724,9143
12,KGYX20190702_092332_V06,20.613,0.084,43.116,167.234,65.167,-71.871,44.477,32583.694,144582.474,20190702_052332,479170,104253,96230,39279
12,KGYX20190702_093010_V06,27.246,0.056,45.551,169.870,72.833,-71.856,44.466,36416.304,142896.854,20190702_053010,479177,101932,94393,39370
7,KGYX20190702_085027_V06,-12.470,0.051,500.734,91.812,65.972,-68.988,44.821,32986.233,144599.980,20190702_045027,479175,110380,93469,39009
8,KGYX20190702_085027_V06,-12.470,0.050,24.633,138.287,27.320,-71.991,44.606,13659.825,159669.971,20190702_045027,479175,110380,93469,39009
10,KGYX20190702_091020_V06,7.413,0.084,34.040,343.605,37.747,-71.906,43.683,18873.314,134755.448,20190702_051020,479174,100242,94899,38136
11,KGYX20190702_092332_V06,20.613,0.276,259.196,168.398,52.421,-70.513,44.483,26210.476,68891.281,20190702_052332,479170,104253,96230,39279
15,KGYX20190702_095006_V06,47.180,0.128,28.304,259.567,29.365,-71.953,44.061,14682.400,137343.960,20190702_055006,479176,85007,84051,34101
1,KGYX20190703_080429_V06,-59.014,0.096,205.926,270.364,5.191,-70.844,44.023,2595.604,49315.778,20190703_040429,479174,19326,14495,14320
2,KGYX20190703_080429_V06,-59.014,0.076,282.028,139.241,2.373,-70.370,44.615,1186.359,80880.457,20190703_040429,479174,19326,14495,14320
3,KGYX20190703_095045_V06,47.253,0.117,204.306,268.412,6.520,-70.854,44.032,3259.773,50386.501,20190703_055045,479173,19736,14594,15508
1,KGYX20190704_080815_V06,-55.852,0.146,206.729,268.917,6.680,-70.839,44.030,3340.067,49156.920,20190704_040815,479171,19655,8233,16421
8,KGYX20190705_095349_V06,49.083,0.093,315.649,407.187,12.877,-70.160,43.409,6438.375,54161.506,20190705_055349,479177,25901,14619,20779
8,KGYX20190705_100500_V06,60.266,0.402,316.555,407.474,19.210,-70.155,43.408,9604.821,54370.895,20190705_060500,479176,26899,14286,21842
8,KGYX20190705_101036_V06,65.866,0.363,321.111,406.660,16.085,-70.127,43.411,8042.690,54364.754,20190705_061036,479171,25403,13983,20474
8,KGYX20190705_101612_V06,71.466,0.082,320.508,408.001,22.651,-70.130,43.405,11325.584,54965.628,20190705_061612,479176,24762,13867,20058
1,KGYX20190705_080529_V06,-59.251,0.171,220.632,329.512,8.125,-70.750,43.758,4062.410,42338.727,20190705_040529,479174,25583,15130,19658
2,KGYX20190705_080529_V06,-59.251,0.067,208.867,271.384,3.081,-70.825,44.019,1540.560,47760.281,20190705_040529,479174,25583,15130,19658
3,KGYX20190705_084643_V06,-18.017,0.246,200.245,271.438,11.724,-70.879,44.018,5861.967,51881.648,20190705_044643,479168,33916,17407,28206
4,KGYX20190705_091440_V06,9.933,0.194,305.660,417.769,24.516,-70.222,43.361,12257.948,58952.385,20190705_051440,479174,28895,17247,23299
4,KGYX20190705_092016_V06,15.533,0.059,318.294,404.891,18.241,-70.144,43.419,9120.386,53237.282,20190705_052016,479173,28213,16228,22849
6,KGYX20190705_094238_V06,37.899,0.081,332.667,404.768,17.894,-70.055,43.420,8947.128,54871.548,20190705_054238,479171,25765,14545,20858
7,KGYX20190705_095349_V06,49.083,0.134,222.166,327.287,6.828,-70.740,43.768,3414.003,41239.353,20190705_055349,479177,25901,14619,20779
13,KGYX20190706_100617_V06,60.891,0.150,212.349,255.352,24.517,-70.804,44.091,12258.373,49183.844,20190706_060617,479176,15994,15871,10797
13,KGYX20190706_101137_V06,66.224,0.173,212.503,255.064,30.593,-70.803,44.092,15296.342,49180.878,20190706_061137,479173,15850,15357,11053
18,KGYX20190706_102729_V06,82.091,0.103,29.353,166.517,30.578,-71.958,44.479,15288.884,150886.882,20190706_062729,479173,15253,14254,11157
18,KGYX20190706_103256_V06,87.541,0.128,31.672,167.698,35.990,-71.943,44.474,17994.971,149585.795,20190706_063256,479177,15557,14609,11460
1,KGYX20190706_080809_V06,-57.242,0.262,205.803,269.255,6.535,-70.844,44.028,3267.544,49543.514,20190706_040809,479173,19011,15610,12496
2,KGYX20190706_080809_V06,-57.242,0.122,283.021,138.808,2.194,-70.364,44.617,1097.141,81041.904,20190706_040809,479173,19011,15610,12496
3,KGYX20190706_080809_V06,-57.242,0.116,143.623,94.459,8.938,-71.245,44.812,4469.095,129132.415,20190706_040809,479173,19011,15610,12496
8,KGYX20190706_093928_V06,34.074,0.053,281.965,139.897,1.890,-70.371,44.612,945.072,80558.010,20190706_053928,479179,17568,17071,11655
11,KGYX20190706_100056_V06,55.541,0.074,199.084,258.706,27.256,-70.887,44.075,13627.810,54518.833,20190706_060056,479171,16519,15946,11133
19,KGYX20190706_102729_V06,82.091,0.067,237.494,230.293,13.972,-70.648,44.204,6986.095,46813.677,20190706_062729,479173,15253,14254,11157
4,KGYX20190707_101808_V06,72.057,0.267,292.204,161.306,2.057,-70.306,44.515,1028.595,69456.546,20190707_061808,479166,14465,21613,11770
4,KGYX20190707_102335_V06,77.507,0.097,292.201,161.420,8.233,-70.306,44.515,4116.561,69399.875,20190707_062335,479177,14514,21624,11853
1,KGYX20190707_080807_V06,-57.960,0.075,282.750,139.439,2.369,-70.366,44.614,1184.502,80742.390,20190707_040807,479172,15134,15531,12150
2,KGYX20190707_080807_V06,-57.960,0.057,174.774,327.727,2.229,-71.035,43.764,1114.305,64129.404,20190707_040807,479172,15134,15531,12150
3,KGYX20190707_091823_V06,12.307,0.059,281.696,139.437,2.209,-70.372,44.614,1104.477,80801.350,20190707_051823,479174,18313,19701,15273
5,KGYX20190707_101808_V06,72.057,0.073,282.109,139.337,1.940,-70.370,44.614,969.925,80828.044,20190707_061808,479166,14465,21613,11770
1,KGYX20190708_092255_V06,16.132,0.177,526.529,451.743,21.750,-68.863,43.200,10875.099,136328.139,20190708_052255,479171,24264,17318,19550
1,KGYX20190708_092832_V06,21.749,0.118,524.400,451.612,28.217,-68.876,43.201,14108.602,135408.256,20190708_052832,479177,23407,17713,18608
1,KGYX20190710_081222_V06,-55.907,0.108,205.330,268.844,5.044,-70.847,44.030,2522.179,49832.618,20190710_041222,479168,17110,13415,13047
1,KGYX20190711_081043_V06,-58.335,0.062,175.623,327.123,2.045,-71.029,43.767,1022.749,63649.768,20190711_041043,479173,21027,17373,15606
3,KGYX20190711_090114_V06,-7.818,0.099,368.981,173.308,6.624,-69.824,44.461,3312.153,72127.032,20190711_050114,479177,24358,17932,18985
9,KGYX20190712_100017_V06,50.432,0.068,204.142,268.549,5.283,-70.855,44.031,2641.397,50443.026,20190712_060017,479173,250743,237066,33238
9,KGYX20190712_100707_V06,57.266,-1.000,204.142,268.549,16.148,-70.855,44.031,8073.897,50443.026,20190712_060707,479179,243602,232905,32216
9,KGYX20190712_101350_V06,63.982,0.189,205.310,268.986,5.355,-70.848,44.029,2677.700,49819.668,20190712_061350,479180,236304,228526,30869
1,KGYX20190713_081616_V06,-54.405,0.065,283.096,138.883,2.177,-70.363,44.616,1088.306,81000.880,20190713_041616,479169,15411,15817,12066
2,KGYX20190714_081324_V06,-58.112,0.052,283.708,138.209,2.065,-70.360,44.619,1032.558,81304.536,20190714_041324,479176,30399,25891,15578
2,KGYX20190714_081838_V06,-52.879,0.062,283.557,138.392,8.201,-70.361,44.619,4100.401,81221.262,20190714_041838,479176,29015,25132,14953
1,KGYX20190714_081324_V06,-58.112,0.086,248.410,186.299,2.360,-70.581,44.403,1179.979,62428.965,20190714_041324,479176,30399,25891,15578
1,KGYX20190715_081911_V06,-53.189,0.073,282.892,139.161,2.579,-70.365,44.615,1289.333,80873.260,20190715_041911,479173,11187,10553,9157
2,KGYX20190715_082850_V06,-43.539,0.118,291.636,161.417,2.149,-70.310,44.515,1074.661,69417.485,20190715_042850,479174,10941,10536,8980
3,KGYX20190715_082850_V06,-43.539,0.053,300.180,318.826,6.243,-70.256,43.807,3121.677,9413.301,20190715_042850,479174,10941,10536,8980
4,KGYX20190715_102428_V06,72.094,0.054,206.110,269.156,5.555,-70.843,44.029,2777.399,49413.332,20190715_062428,479173,11104,8257,9446
1,KGYX20190716_081844_V06,-54.517,0.171,283.256,139.160,2.542,-70.362,44.615,1270.935,80854.520,20190716_041844,479175,22920,20428,16938
1,KGYX20190716_082420_V06,-48.917,0.072,283.120,139.198,8.837,-70.363,44.615,4418.650,80842.728,20190716_042420,479173,23994,20631,17717
4,KGYX20190716_100409_V06,50.899,0.248,330.834,400.524,20.566,-70.067,43.439,10283.230,52573.320,20190716_060409,479175,20665,17603,16494
4,KGYX20190716_100935_V06,56.333,0.071,328.263,400.236,26.689,-70.082,43.440,13344.642,52072.075,20190716_060935,479171,20972,17269,17017
4,KGYX20190716_101513_V06,61.966,-1.000,326.047,399.987,33.478,-70.096,43.441,16739.074,51662.245,20190716_061513,479176,21515,17240,17442
4,KGYX20190716_102048_V06,67.549,0.065,328.580,391.708,18.318,-70.080,43.479,9158.876,48029.212,20190716_062048,479170,20986,17309,17092
3,KGYX20190716_095305_V06,39.833,0.090,313.195,409.621,24.008,-70.176,43.398,12004.025,55206.293,20190716_055305,479174,21291,17436,17225
6,KGYX20190716_103727_V06,84.199,0.107,324.326,382.479,13.316,-70.107,43.520,6657.820,42995.612,20190716_063727,479166,21595,17535,17458
1,KGYX20190717_081731_V06,-56.631,0.070,282.366,139.364,2.004,-70.368,44.614,1002.003,80800.405,20190717_041731,479173,14129,14199,10255
2,KGYX20190717_081731_V06,-56.631,0.067,208.464,269.559,3.417,-70.828,44.027,1708.326,48232.597,20190717_041731,479173,14129,14199,10255
3,KGYX20190717_081731_V06,-56.631,0.053,291.767,160.883,1.939,-70.309,44.517,969.742,69680.438,20190717_041731,479173,14129,14199,10255
7,KGYX20190717_102348_V06,69.653,0.077,305.893,397.130,20.192,-70.221,43.454,10096.186,48654.255,20190717_062348,479174,30601,28665,12113
1,KGYX20190719_081923_V06,-56.607,0.061,282.734,138.913,2.362,-70.366,44.616,1180.763,81004.908,20190719_041923,479178,24801,19902,18974
2,KGYX20190719_102230_V06,66.509,0.173,500.541,501.446,33.185,-69.028,42.978,16592.449,142124.238,20190719_062230,479173,20584,16613,16088
2,KGYX20190719_102807_V06,72.126,0.159,502.945,494.263,28.302,-69.012,43.010,14150.825,140467.727,20190719_062807,479175,21577,16754,17089
4,KGYX20190719_103922_V06,83.376,0.050,314.216,155.589,2.509,-70.168,44.541,1254.665,72554.428,20190719_063922,479177,22600,17017,18108
1,KGYX20190720_081802_V06,-58.903,0.153,292.211,162.090,2.046,-70.306,44.512,1022.850,69064.718,20190720_041802,479182,17051,18205,12517
1,KGYX20190720_082254_V06,-54.036,0.059,292.284,162.270,7.950,-70.305,44.511,3975.188,68973.121,20190720_042254,479187,16094,17413,11746
2,KGYX20190720_082254_V06,-54.036,0.064,205.451,269.151,4.884,-70.847,44.029,2442.215,49727.043,20190720_042254,479187,16094,17413,11746
1,KGYX20190721_082304_V06,-54.831,0.087,174.176,327.292,2.044,-71.038,43.766,1022.142,64374.835,20190721_042304,479175,18777,16785,14595
2,KGYX20190721_082304_V06,-54.831,0.075,288.646,113.856,1.851,-70.329,44.729,925.320,93245.165,20190721_042304,479175,18777,16785,14595
3,KGYX20190721_082304_V06,-54.831,0.053,282.598,138.609,1.885,-70.367,44.618,942.638,81163.291,20190721_042304,479175,18777,16785,14595
4,KGYX20190721_101915_V06,61.353,0.059,292.178,161.505,1.941,-70.306,44.515,970.432,69357.661,20190721_061915,479171,18088,17373,13782
1,KGYX20190722_095321_V06,34.478,0.081,319.630,510.009,6.421,-70.137,42.946,3210.556,105462.393,20190722_055321,479169,31265,19738,26592
1,KGYX20190723_083301_V06,-46.844,0.055,295.776,64.416,8.547,-70.284,44.951,4273.342,117811.021,20190723_043301,479176,253190,202037,76940
1,KGYX20190724_082439_V06,-56.212,0.092,344.547,156.533,4.552,-69.977,44.537,2276.161,75112.048,20190724_042439,479168,107509,85517,42752
1,KGYX20190725_091829_V06,-3.393,0.177,467.560,420.888,11.657,-69.224,43.343,5828.392,103308.407,20190725_051829,479176,15846,14637,12551
2,KGYX20190726_092119_V06,-1.585,0.206,210.925,556.881,9.431,-70.801,42.734,4715.554,135943.211,20190726_052119,479174,29175,18812,23009
2,KGYX20190726_092655_V06,4.015,0.155,211.013,556.786,17.053,-70.800,42.734,8526.399,135883.752,20190726_052655,479166,29705,18504,23563
1,KGYX20190726_082517_V06,-57.618,0.071,174.353,362.138,2.750,-71.035,43.609,1374.828,70086.109,20190726_042517,479178,54296,29364,41215
1,KGYX20190727_082712_V06,-56.738,0.055,132.989,330.752,3.438,-71.294,43.748,1719.053,84909.167,20190727_042712,479173,45942,24695,36012
1,KGYX20190728_091402_V06,-10.951,0.153,281.706,380.727,2.900,-70.370,43.528,1449.766,41386.819,20190728_051402,479179,13980,14392,11021
1,KGYX20190729_091327_V06,-12.591,0.058,174.591,328.697,2.844,-71.036,43.760,1422.001,64325.083,20190729_051327,479171,25575,18716,20581
1,KGYX20190730_083159_V06,-55.122,0.153,281.811,140.182,2.423,-70.372,44.610,1211.643,80425.028,20190730_043159,479178,35583,21131,27859
1,KGYX20190730_083736_V06,-49.505,0.111,281.788,139.981,8.740,-70.372,44.611,4369.875,80525.779,20190730_043736,479174,33803,20325,26342
4,KGYX20190730_091112_V06,-15.905,0.061,346.503,396.138,23.873,-69.970,43.458,11936.457,53397.210,20190730_051112,479177,29492,18546,24252
4,KGYX20190730_091648_V06,-10.305,0.098,343.105,398.010,31.407,-69.991,43.450,15703.273,53535.130,20190730_051648,479175,30537,18839,25346
3,KGYX20190730_083159_V06,-55.122,0.052,175.133,327.811,2.160,-71.032,43.764,1080.170,63963.262,20190730_043159,479178,35583,21131,27859
1,KGYX20190731_083422_V06,-53.812,0.071,208.325,269.630,3.485,-70.829,44.027,1742.607,48287.275,20190731_043422,479183,35288,27606,25130
3,KGYX20190731_084750_V06,-40.345,0.059,205.567,269.215,6.847,-70.846,44.028,3423.700,49662.155,20190731_044750,479193,24373,23140,16980
1,KGYX20190802_091327_V06,-16.896,0.100,404.764,220.881,5.092,-69.601,44.246,2545.761,65641.589,20190802_051327,479175,21828,17801,17507
1,KGYX20190802_091903_V06,-11.296,0.173,405.075,221.709,12.155,-69.599,44.242,6077.347,65517.646,20190802_051903,479171,23069,17411,18683
5,KGYX20190803_093722_V06,5.927,0.684,230.684,551.333,12.441,-70.680,42.759,6220.644,130358.338,20190803_053722,479170,18401,14923,14411
5,KGYX20190803_094258_V06,11.527,0.842,231.895,551.189,19.135,-70.673,42.760,9567.366,130128.851,20190803_054258,479174,18491,14853,14608
5,KGYX20190803_094834_V06,17.127,0.773,235.144,550.707,24.691,-70.653,42.762,12345.281,129479.929,20190803_054834,479174,18443,14539,14535
5,KGYX20190803_095410_V06,22.727,0.707,230.038,555.011,36.396,-70.684,42.743,18197.762,132217.201,20190803_055410,479176,17892,14378,14057
5,KGYX20190803_100524_V06,33.961,0.758,241.387,550.211,40.640,-70.615,42.765,20320.147,128492.270,20190803_060524,479179,16461,14245,12564
5,KGYX20190803_101051_V06,39.411,0.187,243.203,550.673,43.272,-70.604,42.763,21635.896,128513.715,20190803_061051,479175,16314,14069,12626
1,KGYX20190803_083219_V06,-59.123,0.091,257.517,108.701,1.950,-70.525,44.752,974.976,97979.895,20190803_043219,479176,26751,16979,21696
2,KGYX20190803_083219_V06,-59.123,0.080,174.695,326.961,2.357,-71.035,43.767,1178.520,64086.398,20190803_043219,479176,26751,16979,21696
3,KGYX20190803_091247_V06,-18.656,0.375,409.617,214.804,4.707,-69.570,44.273,2353.512,69415.846,20190803_051247,479170,13382,13116,10881
1,KGYX20190804_091719_V06,-15.221,0.445,403.973,223.051,5.338,-69.606,44.236,2669.163,64675.329,20190804_051719,479171,18799,12439,16344
2,KGYX20190805_094404_V06,10.425,0.800,283.020,389.988,22.150,-70.362,43.486,11074.972,45787.987,20190805_054404,479173,18997,11096,16244
2,KGYX20190805_100318_V06,29.658,0.100,289.203,394.782,33.628,-70.324,43.465,16813.844,47697.418,20190805_060318,479171,17281,10728,14788
1,KGYX20190805_083448_V06,-58.842,0.054,291.919,162.955,1.961,-70.308,44.508,980.518,68641.420,20190805_043448,479170,53334,21704,45927
3,KGYX20190806_093602_V06,1.284,0.177,221.638,549.459,16.260,-70.736,42.768,8130.046,130738.423,20190806_053602,479175,25277,16873,19849
3,KGYX20190806_094138_V06,6.884,0.097,221.595,551.140,24.655,-70.736,42.760,12327.624,131547.203,20190806_054138,479171,28559,17131,22424
3,KGYX20190806_094716_V06,12.517,0.134,222.469,554.119,30.659,-70.730,42.747,15329.401,132841.586,20190806_054716,479161,29132,16814,22859
3,KGYX20190806_095252_V06,18.117,0.115,225.719,551.701,31.118,-70.711,42.758,15559.154,131216.560,20190806_055252,479176,30301,16488,23886
3,KGYX20190806_100404_V06,29.317,0.053,225.580,539.553,30.732,-70.712,42.812,15366.013,125423.435,20190806_060404,479171,29333,16588,22816
2,KGYX20190806_092249_V06,-11.933,0.073,287.940,377.933,6.141,-70.332,43.541,3070.623,39430.239,20190806_052249,479171,22449,17404,17131
2,KGYX20190806_092826_V06,-6.316,0.559,287.955,377.249,14.187,-70.331,43.544,7093.487,39090.967,20190806_052826,479176,25955,17325,20213
2,KGYX20190806_093602_V06,1.284,0.770,292.635,374.491,17.162,-70.303,43.556,8581.077,37427.180,20190806_053602,479175,25277,16873,19849
2,KGYX20190806_094138_V06,6.884,0.087,292.227,372.508,24.956,-70.305,43.565,12477.956,36461.742,20190806_054138,479171,28559,17131,22424
1,KGYX20190806_090024_V06,-34.350,0.221,391.696,528.872,71.954,-69.696,42.860,35977.051,123278.857,20190806_050024,479173,30746,24193,23523
4,KGYX20190806_094138_V06,6.884,0.141,490.140,466.863,15.665,-69.088,43.134,7832.276,126487.549,20190806_054138,479171,28559,17131,22424
5,KGYX20190806_094138_V06,6.884,0.105,527.090,473.804,26.018,-68.862,43.101,13009.158,142984.066,20190806_054138,479171,28559,17131,22424
6,KGYX20190806_094138_V06,6.884,0.052,257.637,130.396,2.375,-70.524,44.654,1187.452,87407.186,20190806_054138,479171,28559,17131,22424
1,KGYX20190807_093835_V06,2.722,0.169,223.023,548.539,11.954,-70.727,42.772,5977.015,130093.441,20190807_053835,479173,9690,11628,7650
1,KGYX20190807_094350_V06,7.972,0.107,223.582,548.117,19.399,-70.724,42.774,9699.267,129809.114,20190807_054350,479175,10717,10953,8479
1,KGYX20190807_094911_V06,13.322,0.286,226.290,547.458,22.485,-70.707,42.777,11242.387,129101.376,20190807_054911,479172,11266,10047,9047
1,KGYX20190807_095431_V06,18.655,0.071,226.278,554.541,31.892,-70.707,42.745,15945.820,132500.912,20190807_055431,479176,11024,9443,8920
1,KGYX20190807_100512_V06,29.338,0.422,230.535,544.981,37.704,-70.681,42.788,18852.016,127319.613,20190807_060512,479170,11090,9386,9020
1,KGYX20190807_101031_V06,34.655,0.258,230.759,538.840,41.715,-70.680,42.816,20857.708,124337.290,20190807_061031,479176,10774,8901,8800
3,KGYX20190807_101551_V06,39.988,0.053,281.747,139.116,2.203,-70.372,44.615,1101.677,80957.910,20190807_061551,479172,10823,8997,8782
3,KGYX20190809_093227_V06,-5.646,0.625,289.701,381.810,7.242,-70.321,43.523,3621.241,41227.781,20190809_053227,479198,30215,23283,22101
3,KGYX20190809_093648_V06,-1.296,0.746,290.670,382.054,13.663,-70.315,43.522,6831.457,41291.333,20190809_053648,479185,32667,24263,24254
3,KGYX20190809_094109_V06,3.054,0.276,293.170,384.384,18.128,-70.299,43.512,9064.084,42330.198,20190809_054109,479175,33556,24830,24788
3,KGYX20190809_094729_V06,9.388,0.307,293.914,385.846,24.164,-70.295,43.505,12081.937,43030.766,20190809_054729,479168,32871,25165,24334
1,KGYX20190809_091504_V06,-23.029,0.119,25.178,142.466,37.222,-71.987,44.587,18610.901,158385.760,20190809_051504,479179,21729,25418,14589
1,KGYX20190809_091925_V06,-18.679,0.099,25.862,142.543,43.218,-71.983,44.587,21609.210,158069.953,20190809_051925,479184,21589,23665,14506
2,KGYX20190809_092346_V06,-14.329,0.107,369.421,281.431,6.348,-69.824,43.974,3173.878,35930.655,20190809_052346,479174,22517,23086,15233
6,KGYX20190809_101737_V06,39.521,0.125,68.030,202.209,75.921,-71.711,44.322,37960.495,125870.235,20190809_061737,479183,25292,21297,18912
4,KGYX20190810_092540_V06,-13.550,0.324,370.194,279.137,5.961,-69.819,43.984,2980.675,36614.226,20190810_052540,479182,35419,33815,17539
4,KGYX20190810_093107_V06,-8.100,0.062,370.747,278.569,14.260,-69.816,43.987,7130.094,36960.758,20190810_053107,479175,40457,34586,22478
8,KGYX20190810_093634_V06,-2.650,0.636,288.116,378.090,16.679,-70.330,43.540,8339.350,39494.560,20190810_053634,479176,43127,35015,25099
12,KGYX20190810_100051_V06,21.633,0.321,230.099,563.394,20.258,-70.684,42.705,10129.084,136255.742,20190810_060051,479174,46837,34479,27877
1,KGYX20190811_084059_V06,-59.357,0.290,291.895,161.544,2.199,-70.308,44.514,1099.255,69346.633,20190811_044059,479174,55195,29997,45663
4,KGYX20190811_092911_V06,-11.157,0.062,205.808,268.681,5.215,-70.844,44.031,2607.622,49631.087,20190811_052911,479169,11018,12795,9216
5,KGYX20190812_095410_V06,12.701,0.051,469.182,77.197,70.476,-69.186,44.889,35238.079,139878.153,20190812_055410,479178,22487,17008,15115
2,KGYX20190813_093931_V06,-3.076,0.133,371.147,281.574,13.537,-69.814,43.973,6768.623,36747.260,20190813_053931,479185,58421,45976,26650
2,KGYX20190813_094352_V06,1.274,0.069,371.307,281.737,19.644,-69.813,43.973,9821.781,36804.220,20190813_054352,479191,59256,45601,28117
8,KGYX20190813_104339_V06,61.057,0.259,324.927,208.033,14.340,-70.101,44.305,7169.807,47642.900,20190813_064339,479185,50452,48426,20316
1,KGYX20190814_093040_V06,-13.054,0.065,203.645,498.706,8.039,-70.848,42.996,4019.320,110417.771,20190814_053040,479171,28596,18421,24877
1,KGYX20190814_093606_V06,-7.621,0.129,203.483,500.253,14.480,-70.849,42.989,7239.966,111149.663,20190814_053606,479176,52201,17249,47759
1,KGYX20190814_094134_V06,-2.154,0.328,201.176,506.319,15.419,-70.863,42.961,7709.398,114382.679,20190814_054134,479174,72294,17483,66879
1,KGYX20190814_094653_V06,3.162,0.088,197.868,508.900,17.447,-70.883,42.950,8723.666,116265.178,20190814_054653,479172,80515,18176,74373
2,KGYX20190814_093040_V06,-13.054,0.064,358.581,284.855,7.913,-69.892,43.959,3956.730,30253.426,20190814_053040,479171,28596,18421,24877
2,KGYX20190814_093606_V06,-7.621,0.076,358.376,284.493,14.405,-69.893,43.961,7202.436,30200.428,20190814_053606,479176,52201,17249,47759
3,KGYX20190814_093606_V06,-7.621,0.199,438.772,89.868,17.521,-69.379,44.834,8760.735,125909.839,20190814_053606,479176,52201,17249,47759
2,KGYX20190815_094715_V06,2.399,0.645,209.137,490.975,15.474,-70.814,43.031,7736.989,105744.642,20190815_054715,479172,52199,17432,46591
2,KGYX20190815_095241_V06,7.832,0.512,208.273,491.216,22.916,-70.820,43.029,11457.922,106039.463,20190815_055241,479174,55513,17579,49790
2,KGYX20190815_100353_V06,19.032,0.143,206.621,494.596,25.692,-70.830,43.014,12845.902,107920.505,20190815_060353,479171,60146,20965,52810
1,KGYX20190815_093045_V06,-14.101,0.089,282.147,139.389,2.056,-70.369,44.614,1027.912,80799.884,20190815_053045,479172,21265,17665,17318
8,KGYX20190816_093440_V06,-11.316,0.091,557.485,452.285,21.318,-68.673,43.195,10659.047,149573.664,20190816_053440,479175,171513,157640,26931
8,KGYX20190816_094135_V06,-4.399,0.880,557.057,456.125,28.586,-68.676,43.178,14293.216,150376.988,20190816_054135,479172,170111,156526,27037
8,KGYX20190816_094839_V06,2.668,0.665,556.618,456.983,32.551,-68.679,43.174,16275.544,150412.973,20190816_054839,479171,168238,154676,27410
2,KGYX20190816_091357_V06,-32.032,0.130,78.175,458.697,83.571,-71.621,43.169,41785.339,136373.856,20190816_051357,479174,180725,153054,36640
2,KGYX20190817_090510_V06,-41.947,0.158,237.234,327.191,20.839,-70.647,43.768,10419.630,34201.179,20190817_050510,479176,81943,65908,32729
1,KGYX20190821_085213_V06,-59.432,0.070,276.613,401.415,6.384,-70.401,43.435,3192.074,52038.448,20190821_045213,479175,111850,21863,100037
1,KGYX20190821_090324_V06,-48.249,0.101,301.070,408.941,14.952,-70.250,43.401,7475.823,54473.089,20190821_050324,479174,110839,24432,97667
2,KGYX20190821_085213_V06,-59.432,0.053,421.698,296.146,5.561,-69.499,43.906,2780.293,60879.622,20190821_045213,479175,111850,21863,100037
3,KGYX20190821_090324_V06,-48.249,0.064,347.887,493.854,18.231,-69.963,43.019,9115.556,99840.583,20190821_050324,479174,110839,24432,97667
4,KGYX20190821_090900_V06,-42.649,0.174,337.517,434.211,34.547,-70.026,43.287,17273.479,69678.217,20190821_050900,479175,103654,24805,90070
4,KGYX20190821_091435_V06,-37.065,-1.000,337.517,434.211,43.424,-70.026,43.287,21712.229,69678.217,20190821_051435,479173,88856,26220,75245
4,KGYX20190821_092010_V06,-31.482,0.060,319.464,424.126,19.315,-70.137,43.333,9657.402,62821.277,20190821_052010,479175,70274,26998,57332
5,KGYX20190821_092010_V06,-31.482,0.102,369.211,518.708,36.316,-69.833,42.906,18157.782,114698.729,20190821_052010,479175,70274,26998,57332
5,KGYX20190821_092546_V06,-25.882,0.133,354.820,510.796,32.463,-69.921,42.942,16231.253,108903.814,20190821_052546,479178,50818,26004,40233
8,KGYX20190821_103213_V06,40.568,0.112,249.854,505.633,11.852,-70.564,42.966,5926.226,105829.537,20190821_063213,479192,50353,26248,39543
5,KGYX20190823_104445_V06,50.832,0.057,292.899,376.227,67.796,-70.301,43.548,33898.026,38278.425,20190823_064445,479167,67251,39277,44224
1,KGYX20190825_095217_V06,-3.905,0.126,281.727,138.937,2.431,-70.372,44.616,1215.519,81047.906,20190825_055217,479174,21255,19432,17418
1,KGYX20190825_100258_V06,6.778,0.055,281.622,139.300,11.518,-70.373,44.614,5758.856,80873.579,20190825_060258,479178,23438,18970,18984
1,KGYX20190827_100026_V06,1.975,0.100,215.243,553.180,8.343,-70.775,42.751,4171.533,133494.976,20190827_060026,479178,29911,17290,24163
1,KGYX20190827_100602_V06,7.575,0.871,214.781,554.561,16.419,-70.777,42.745,8209.280,134223.464,20190827_060602,479172,31566,17866,25286
1,KGYX20190827_101139_V06,13.191,0.757,212.572,555.630,21.454,-70.791,42.740,10726.825,135083.826,20190827_061139,479176,33361,18434,26798
1,KGYX20190827_101715_V06,18.791,0.249,212.711,556.913,24.678,-70.790,42.734,12338.914,135668.237,20190827_061715,479171,35963,19555,28846
1,KGYX20190827_102253_V06,24.425,0.136,203.414,559.323,32.089,-70.847,42.723,16044.649,138362.909,20190827_062253,479177,36281,20158,29019
2,KGYX20190828_100255_V06,3.323,0.070,304.970,532.706,33.344,-70.227,42.844,16672.136,116379.718,20190828_060255,479175,33942,19767,27391
2,KGYX20190828_100832_V06,8.940,0.114,307.161,531.878,40.424,-70.213,42.848,20211.821,115994.400,20190828_060832,479167,35066,20681,28012
4,KGYX20190828_101407_V06,14.523,0.323,221.321,552.196,30.871,-70.737,42.755,15435.345,132091.985,20190828_061407,479172,36721,21615,29200
4,KGYX20190828_101943_V06,20.123,0.100,223.582,548.603,36.732,-70.724,42.772,18366.077,130041.657,20190828_061943,479176,35436,21983,27915
1,KGYX20190828_092919_V06,-30.277,0.064,36.004,433.697,43.695,-71.883,43.278,21847.509,147960.334,20190828_052919,479174,49492,21315,40423
3,KGYX20190828_100832_V06,8.940,0.058,131.336,137.865,12.550,-71.319,44.616,6274.874,116977.933,20190828_060832,479167,35066,20681,28012
5,KGYX20190828_111006_V06,70.506,0.057,309.720,541.098,28.397,-70.198,42.806,14198.257,120646.763,20190828_071006,479173,28874,19565,22416
2,KGYX20190829_092303_V06,-37.678,0.074,344.290,276.315,21.421,-69.981,43.998,10710.537,25112.691,20190829_052303,479176,170320,126528,60389
3,KGYX20190829_093502_V06,-25.695,0.078,308.031,280.345,14.538,-70.207,43.980,7268.753,10616.171,20190829_053502,479171,143601,123354,41523
1,KGYX20190830_095218_V06,-9.562,0.126,425.071,523.062,29.715,-69.491,42.885,14857.408,127866.672,20190830_055218,479174,69847,23563,60065
2,KGYX20190830_110456_V06,63.071,0.062,43.762,362.162,74.202,-71.844,43.601,37100.983,131834.965,20190830_070456,479172,67745,31731,54792
1,KGYX20190831_100947_V06,6.787,0.064,221.842,327.118,8.868,-70.742,43.768,4433.901,41364.350,20190831_060947,479176,65500,24098,56345
2,KGYX20190901_100500_V06,0.871,0.053,343.134,153.086,4.783,-69.986,44.552,2391.735,76557.508,20190901_060500,479176,58344,19732,50677
2,KGYX20190901_101029_V06,6.354,0.090,342.054,153.226,12.084,-69.992,44.552,6041.891,76339.759,20190901_061029,479179,65234,20603,56698
8,KGYX20190902_101321_V06,8.089,0.086,217.891,531.747,12.244,-70.759,42.847,6121.837,122931.315,20190902_061321,479176,185004,182073,28621
8,KGYX20190902_101926_V06,14.172,0.644,219.614,529.885,18.861,-70.749,42.856,9430.502,121767.107,20190902_061926,479177,184455,179332,29274
8,KGYX20190902_102531_V06,20.255,0.490,221.300,529.265,23.957,-70.738,42.859,11978.667,121198.603,20190902_062531,479174,183882,178200,29185
8,KGYX20190902_103120_V06,26.072,0.234,224.168,524.612,29.007,-70.721,42.880,14503.540,118533.863,20190902_063120,479176,185226,178394,29745
8,KGYX20190902_103711_V06,31.922,0.054,226.010,519.516,32.158,-70.710,42.903,16079.058,115825.036,20190902_063711,479170,186597,178732,30397
8,KGYX20190902_104306_V06,37.839,0.095,231.064,512.723,31.172,-70.679,42.933,15586.040,111806.924,20190902_064306,479177,186206,179480,30658
3,KGYX20190903_101159_V06,5.590,0.052,206.851,564.860,16.589,-70.825,42.698,8294.298,140381.299,20190903_061159,479170,16662,15243,12518
3,KGYX20190903_101713_V06,10.824,0.079,207.385,564.907,23.539,-70.822,42.698,11769.360,140315.093,20190903_061713,479175,17813,15250,13299
4,KGYX20190903_104830_V06,42.107,0.464,39.110,157.129,40.306,-71.898,44.523,20153.107,148724.370,20190903_064830,479175,20151,16038,15045
4,KGYX20190903_105339_V06,47.257,0.418,40.619,154.831,47.889,-71.889,44.533,23944.490,148620.610,20190903_065339,479179,20363,16726,15018
1,KGYX20190903_092009_V06,-46.243,0.099,286.735,69.084,9.384,-70.341,44.930,4692.234,115648.409,20190903_052009,479177,84773,20939,75533
1,KGYX20190904_090859_V06,-58.541,0.225,281.948,139.248,2.334,-70.371,44.615,1167.004,80881.360,20190904_050859,479168,24322,18853,18657
1,KGYX20190904_091408_V06,-53.391,0.063,282.353,139.196,8.425,-70.368,44.615,4212.697,80884.915,20190904_051408,479176,26677,19767,20319
2,KGYX20190905_111443_V06,66.062,0.051,282.632,139.094,2.243,-70.366,44.615,1121.628,80920.066,20190905_071443,479176,28654,22704,22861
1,KGYX20190907_092821_V06,-42.563,0.052,331.096,285.701,21.113,-70.063,43.956,10556.545,17112.965,20190907_052821,479172,274556,189615,97608
1,KGYX20190907_093458_V06,-35.946,0.337,326.261,284.176,18.394,-70.093,43.962,9196.899,15330.005,20190907_053458,479178,268375,188383,93241
5,KGYX20190908_101607_V06,4.075,0.398,230.293,565.495,14.189,-70.682,42.696,7094.736,137246.887,20190908_061607,479175,36756,36321,16374
5,KGYX20190908_102143_V06,9.675,0.117,230.554,565.514,21.305,-70.681,42.696,10652.381,137223.042,20190908_062143,479175,40297,37869,18201
2,KGYX20190908_093449_V06,-37.225,0.196,356.409,162.842,32.794,-69.902,44.508,16396.801,74152.522,20190908_053449,479169,83485,31794,63217
4,KGYX20190908_101031_V06,-1.525,0.117,339.120,134.036,8.332,-70.010,44.638,4166.008,85256.047,20190908_061031,479177,32833,34716,14161
10,KGYX20190908_104410_V06,32.125,0.052,357.058,133.730,27.402,-69.897,44.639,13700.951,87893.857,20190908_064410,479172,56459,41624,29168
1,KGYX20190909_091405_V06,-59.087,0.142,133.217,330.105,3.177,-71.292,43.751,1588.585,84739.093,20190909_051405,479172,137675,14810,127721
2,KGYX20190909_091405_V06,-59.087,0.096,175.449,327.439,2.210,-71.030,43.765,1105.032,63768.616,20190909_051405,479172,137675,14810,127721
1,KGYX20190910_091718_V06,-56.998,0.061,174.198,327.460,2.468,-71.038,43.765,1233.999,64382.198,20190910_051718,479175,171499,9501,164332
2,KGYX20190910_100740_V06,-6.631,0.105,205.000,268.224,6.402,-70.849,44.033,3201.019,50086.826,20190910_060740,479172,24096,17467,18592
8,KGYX20190911_100813_V06,-7.210,0.156,440.793,395.199,33.835,-69.387,43.460,16917.610,84978.605,20190911_060813,479174,79238,73599,16906
9,KGYX20190911_100813_V06,-7.210,0.064,328.702,219.048,35.742,-70.077,44.256,17870.777,42944.876,20190911_060813,479174,79238,73599,16906
19,KGYX20190911_110724_V06,51.974,0.160,194.824,485.509,30.437,-70.902,43.055,15218.255,106624.928,20190911_070724,479173,170970,153387,33189
1,KGYX20190912_102638_V06,10.078,0.087,396.775,215.434,111.921,-69.651,44.270,55960.438,64258.949,20190912_062638,479173,95099,14229,87449
2,KGYX20190912_102638_V06,10.078,0.064,22.523,275.141,36.493,-71.987,43.990,18246.660,139294.187,20190912_062638,479173,95099,14229,87449
3,KGYX20190912_103531_V06,18.962,0.094,25.812,200.908,37.777,-71.976,44.324,18888.721,145772.183,20190912_063531,479175,96537,18404,86042
4,KGYX20190912_110727_V06,50.895,0.050,51.790,244.735,54.551,-71.808,44.130,27275.501,127144.268,20190912_070727,479178,88000,29956,70154
1,KGYX20190914_092238_V06,-56.180,0.123,205.027,268.594,4.761,-70.849,44.031,2380.459,50015.769,20190914_052238,479167,18098,14287,13122
2,KGYX20190914_110624_V06,47.586,0.055,40.974,147.413,78.124,-71.887,44.566,39061.935,150313.867,20190914_070624,479177,35666,21321,24018
1,KGYX20190915_103528_V06,15.522,0.068,125.330,385.699,7.032,-71.337,43.501,3515.882,97280.574,20190915_063528,479173,64791,20416,54589
1,KGYX20190916_092640_V06,-54.409,0.240,292.107,161.205,2.038,-70.307,44.516,1019.165,69509.711,20190916_052640,479168,34250,13473,28439
1,KGYX20190916_093616_V06,-44.809,0.076,291.747,161.473,9.533,-70.309,44.515,4766.475,69386.142,20190916_053616,479174,34005,12865,28500
2,KGYX20190916_092640_V06,-54.409,0.131,283.148,139.218,2.183,-70.363,44.615,1091.606,80831.255,20190916_052640,479168,34250,13473,28439
3,KGYX20190916_103400_V06,12.924,0.058,282.435,138.702,2.195,-70.368,44.617,1097.710,81125.765,20190916_063400,479169,50753,11094,45755
2,KGYX20190917_103329_V06,11.274,0.059,292.106,161.675,1.789,-70.307,44.514,894.745,69275.161,20190917_063329,479177,42184,18645,34017
1,KGYX20190922_110015_V06,32.346,0.285,34.885,231.666,53.473,-71.915,44.187,26736.351,136889.847,20190922_070015,479171,82730,20109,73530
1,KGYX20190922_110553_V06,37.980,0.085,36.092,233.231,61.502,-71.907,44.180,30750.765,136111.844,20190922_070553,479177,78809,19563,70326
2,KGYX20190923_093240_V06,-56.383,0.068,282.200,139.671,1.930,-70.369,44.613,965.096,80657.040,20190923_053240,479169,32684,20614,22371
2,KGYX20190923_093748_V06,-51.250,0.084,282.144,139.602,8.014,-70.369,44.613,4006.820,80694.309,20190923_053748,479172,34438,22010,23005
1,KGYX20190923_093240_V06,-56.383,0.074,288.143,114.686,2.192,-70.332,44.725,1096.245,92846.544,20190923_053240,479169,32684,20614,22371
2,KGYX20190926_112707_V06,54.610,0.098,425.368,543.419,16.883,-69.491,42.793,8441.338,136903.079,20190926_072707,479174,73968,22807,61378
2,KGYX20190926_113243_V06,60.210,0.409,426.601,543.012,22.648,-69.483,42.795,11324.069,137005.790,20190926_073243,479178,73021,22965,60070
2,KGYX20190926_113821_V06,65.843,0.107,430.950,552.039,29.870,-69.457,42.754,14935.070,142013.636,20190926_073821,479176,70842,22526,58246
1,KGYX20190926_103103_V06,-1.457,0.100,205.912,269.042,5.238,-70.844,44.029,2618.797,49525.334,20190926_063103,479182,24390,15314,18742
1,KGYX20190927_102711_V06,-6.482,0.052,239.958,507.030,9.197,-70.625,42.959,4598.608,107780.655,20190927_062711,479176,16662,15494,12888
2,KGYX20191001_102723_V06,-10.950,0.052,243.315,146.943,22.278,-70.614,44.580,11138.948,81608.252,20191001_062723,479178,162192,165169,37592
2,KGYX20191001_103259_V06,-5.350,0.161,252.285,147.150,19.654,-70.557,44.579,9826.862,80062.199,20191001_063259,479181,143546,153881,34221
5,KGYX20191001_103259_V06,-5.350,0.051,315.360,151.969,40.900,-70.160,44.557,20450.130,74412.720,20191001_063259,479181,143546,153881,34221
11,KGYX20191002_103737_V06,-1.892,0.220,315.839,364.509,52.983,-70.159,43.601,26491.514,33212.598,20191002_063737,479172,23378,25669,12702
11,KGYX20191002_104330_V06,3.991,0.135,318.590,365.480,58.835,-70.142,43.597,29417.485,34033.798,20191002_064330,479174,23878,24797,13602
11,KGYX20191002_104924_V06,9.891,0.197,326.511,368.042,58.953,-70.093,43.585,29476.603,36512.242,20191002_064924,479174,27489,25855,16196
8,KGYX20191002_102126_V06,-18.076,0.357,234.526,353.354,16.975,-70.663,43.651,8487.541,42230.032,20191002_062126,479172,31641,31784,17108
8,KGYX20191002_102635_V06,-12.926,0.369,237.416,351.802,23.925,-70.645,43.658,11962.501,40621.013,20191002_062635,479178,25826,27534,13944
1,KGYX20191002_094206_V06,-57.409,0.166,30.025,312.925,32.464,-71.935,43.821,16231.924,135142.241,20191002_054206,479175,53028,34978,31788
2,KGYX20191002_094206_V06,-57.409,0.104,282.506,139.229,2.665,-70.367,44.615,1332.458,80859.883,20191002_054206,479175,53028,34978,31788
6,KGYX20191002_101108_V06,-28.376,0.223,35.036,348.087,33.432,-71.900,43.663,16715.847,134645.925,20191002_061108,479180,52085,35462,33241
7,KGYX20191002_101108_V06,-28.376,0.136,454.589,415.222,13.347,-69.303,43.369,6673.630,96402.607,20191002_061108,479180,52085,35462,33241
9,KGYX20191002_103144_V06,-7.776,0.094,183.644,370.210,21.950,-70.977,43.573,10975.008,67948.739,20191002_063144,479177,24172,27034,12615
10,KGYX20191002_103144_V06,-7.776,0.052,398.377,285.400,68.029,-69.644,43.955,34014.427,49727.035,20191002_063144,479177,24172,27034,12615
13,KGYX20191002_104330_V06,3.991,0.059,282.166,139.494,1.891,-70.369,44.614,945.747,80746.765,20191002_064330,479174,23878,24797,13602
7,KGYX20191004_115020_V06,68.461,0.059,399.884,177.112,22.654,-69.630,44.443,11326.954,79180.646,20191004_075020,479169,66886,105273,21661
7,KGYX20191004_115500_V06,73.128,0.157,401.841,177.455,28.944,-69.617,44.441,14471.868,79669.341,20191004_075500,479174,55298,97694,19960
8,KGYX20191004_115020_V06,68.461,0.054,409.847,103.491,28.412,-69.563,44.774,14205.929,112563.540,20191004_075020,479169,66886,105273,21661
1,KGYX20191006_102040_V06,-23.584,0.066,205.472,268.968,7.613,-70.847,44.030,3806.316,49745.519,20191006_062040,479176,13225,12517,10056
1,KGYX20191009_104018_V06,-7.549,0.072,292.751,161.539,2.237,-70.303,44.514,1118.519,69325.110,20191009_064018,479169,33896,29531,24842
2,KGYX20191009_110116_V06,13.418,0.734,278.951,393.808,24.126,-70.387,43.469,12063.034,48070.180,20191009_070116,479170,54097,24875,43521
2,KGYX20191010_110257_V06,13.892,0.054,257.069,410.945,16.685,-70.522,43.392,8342.367,59480.885,20191010_070257,479174,38174,30443,18458
2,KGYX20191010_110714_V06,18.176,0.151,254.668,411.292,23.363,-70.537,43.390,11681.531,60084.963,20191010_070714,479168,39867,31117,19725
1,KGYX20191011_095116_V06,-59.004,0.063,292.499,161.459,2.259,-70.304,44.515,1129.501,69371.751,20191011_055116,479170,79827,42501,57821
10,KGYX20191012_110940_V06,18.177,0.180,313.380,105.975,18.506,-70.172,44.764,9252.834,97242.998,20191012_070940,479171,66523,134541,13917
14,KGYX20191012_110940_V06,18.177,0.052,372.042,80.170,15.950,-69.801,44.880,7974.957,115666.981,20191012_070940,479171,66523,134541,13917
1,KGYX20191013_095250_V06,-59.879,0.080,292.083,161.460,2.039,-70.307,44.515,1019.424,69382.915,20191013_055250,479170,69987,30438,56740
1,KGYX20191014_102404_V06,-29.874,0.059,377.870,264.306,4.757,-69.771,44.051,2378.281,42830.262,20191014_062404,479176,20173,25381,13915
2,KGYX20191014_120142_V06,67.759,0.139,203.007,270.569,6.882,-70.862,44.022,3441.029,50679.792,20191014_080142,479177,16093,20626,11884
1,KGYX20191015_100238_V06,-52.541,0.084,292.563,162.260,2.246,-70.304,44.511,1122.890,68970.333,20191015_060238,479170,65821,31595,52315
2,KGYX20191015_112309_V06,27.976,0.084,205.245,268.954,5.359,-70.848,44.030,2679.363,49855.670,20191015_072309,479171,18349,15115,14447
3,KGYX20191015_120253_V06,67.709,0.080,205.798,268.872,5.180,-70.844,44.030,2589.890,49605.606,20191015_080253,479171,16301,17446,12743
1,KGYX20191016_100321_V06,-53.063,0.063,175.243,328.998,2.579,-71.032,43.758,1289.463,64041.324,20191016_060321,479174,103319,30339,86724
2,KGYX20191016_100321_V06,-53.063,0.051,210.922,335.695,7.148,-70.810,43.729,3574.045,47981.918,20191016_060321,479174,103319,30339,86724
1,KGYX20191019_114116_V06,41.104,0.084,205.670,269.005,5.592,-70.845,44.029,2796.230,49645.803,20191019_074116,479175,15053,8276,12736
1,KGYX20191020_112056_V06,19.510,0.115,205.477,268.720,5.107,-70.846,44.031,2553.566,49781.855,20191020_072056,479173,27862,10629,24342
1,KGYX20191022_111013_V06,6.255,0.074,204.987,268.708,5.675,-70.850,44.031,2837.265,50016.529,20191022_071013,479175,23808,14234,19367
3,KGYX20191023_101538_V06,-49.605,0.056,25.848,271.742,43.532,-71.966,44.006,21766.199,137802.372,20191023_061538,479177,287531,293455,23667
5,KGYX20191025_112740_V06,19.858,0.174,28.543,498.463,40.280,-71.921,42.986,20139.753,168134.235,20191025_072740,479170,29791,19443,20762
5,KGYX20191025_113241_V06,24.875,0.089,30.555,498.694,46.216,-71.909,42.985,23108.127,167391.699,20191025_073241,479177,31245,19491,22110
1,KGYX20191025_100938_V06,-58.175,0.074,175.755,328.869,2.339,-71.028,43.759,1169.670,63777.620,20191025_060938,479177,48863,28382,37373
2,KGYX20191025_104917_V06,-18.525,0.092,22.413,300.031,30.704,-71.984,43.878,15351.929,138793.337,20191025_064917,479169,33967,24159,25379
4,KGYX20191025_112209_V06,14.342,0.119,204.125,269.037,5.915,-70.855,44.029,2957.510,50375.140,20191025_072209,479172,26023,18463,18062
7,KGYX20191025_120317_V06,55.475,0.054,110.069,475.908,38.203,-71.423,43.094,19101.604,129438.674,20191025_080317,479171,29172,21025,18353
7,KGYX20191025_120902_V06,61.225,-1.000,110.069,475.908,47.346,-71.423,43.094,23672.854,129438.674,20191025_080902,479183,28389,20616,18168
7,KGYX20191025_121348_V06,65.992,0.085,80.551,463.699,27.672,-71.606,43.147,13836.206,136889.835,20191025_081348,479174,29385,21988,17785
12,KGYX20191026_120202_V06,52.933,0.401,318.774,364.794,16.423,-70.141,43.600,8211.370,33729.313,20191026_080202,479172,27559,22748,18152
12,KGYX20191026_120633_V06,57.449,0.117,319.161,364.304,23.511,-70.138,43.602,11755.558,33548.949,20191026_080633,479174,27381,22421,18072
2,KGYX20191026_102421_V06,-44.751,0.056,52.362,319.694,59.423,-71.795,43.792,29711.262,124210.131,20191026_062421,479171,138241,86566,85517
7,KGYX20191026_110656_V06,-2.167,0.118,34.386,409.071,33.970,-71.896,43.389,16985.189,143568.426,20191026_070656,479174,36557,39606,19131
1,KGYX20191028_101612_V06,-55.498,0.107,208.348,269.779,3.876,-70.829,44.026,1938.011,48252.880,20191028_061612,479170,13503,47535,10826
3,KGYX20191028_102309_V06,-48.548,0.136,281.630,139.759,2.072,-70.373,44.612,1035.812,80645.068,20191028_062309,479173,15238,44924,11945
5,KGYX20191028_111917_V06,7.585,0.057,282.088,139.222,2.003,-70.370,44.615,1001.278,80886.483,20191028_071917,479171,17986,33294,15315
6,KGYX20191028_113657_V06,25.252,0.063,282.290,138.770,2.481,-70.369,44.617,1240.704,81099.683,20191028_073657,479173,15017,33136,12461
7,KGYX20191028_121034_V06,58.868,0.055,291.868,161.390,1.973,-70.308,44.515,986.557,69424.396,20191028_081034,479172,14955,32647,11764
1,KGYX20191030_101813_V06,-56.095,0.057,274.555,125.475,17.454,-70.417,44.677,8727.234,88185.152,20191030_061813,479173,23294,20397,18447
5,KGYX20191101_102637_V06,-50.320,0.056,20.998,275.462,15.902,-71.996,43.989,7951.086,140039.514,20191101_062637,479177,242074,247291,31569
9,KGYX20191101_103850_V06,-38.104,0.078,101.086,248.812,33.312,-71.499,44.115,16655.836,102697.484,20191101_063850,479175,241332,241820,28992
1,KGYX20191102_114857_V06,30.697,0.104,420.782,140.809,23.616,-69.496,44.605,11807.972,99912.396,20191102_074857,479171,26315,14762,21644
1,KGYX20191105_102605_V06,-56.129,0.071,282.312,138.691,2.152,-70.368,44.617,1075.752,81137.723,20191105_052605,479170,74654,56056,33587
2,KGYX20191105_103044_V06,-51.479,0.121,46.643,400.898,50.671,-71.821,43.427,25335.278,136354.276,20191105_053044,479173,77475,57182,35216
7,KGYX20191105_120334_V06,41.354,0.105,346.319,261.801,12.651,-69.968,44.063,6325.527,30019.078,20191105_070334,479172,84643,75054,24155
2,KGYX20191106_112448_V06,1.266,0.053,299.740,301.014,10.140,-70.259,43.887,5070.061,523.383,20191106_062448,479172,24950,16094,19249
2,KGYX20191106_112927_V06,5.916,0.128,299.429,301.036,16.594,-70.260,43.887,8297.149,591.661,20191106_062927,479176,24514,16128,18624
1,KGYX20191106_102514_V06,-58.301,0.079,282.697,139.202,2.594,-70.366,44.615,1297.035,80862.920,20191106_052514,479173,52186,35014,36617
1,KGYX20191107_103105_V06,-53.773,0.089,282.919,139.038,2.264,-70.365,44.616,1131.859,80932.790,20191107_053105,479169,51947,47032,21537
2,KGYX20191107_114756_V06,23.077,0.152,39.544,138.031,49.631,-71.898,44.609,24815.319,153355.369,20191107_064756,479177,56679,47559,21138
3,KGYX20191107_115213_V06,27.361,0.053,282.626,139.065,2.396,-70.366,44.616,1197.777,80935.307,20191107_065213,479172,56248,46983,21236
2,KGYX20191108_122234_V06,56.389,0.067,392.647,198.555,26.303,-69.676,44.346,13151.573,68692.058,20191108_072234,479169,68432,70826,19247
1,KGYX20191110_103155_V06,-56.901,0.065,281.518,139.232,2.716,-70.373,44.615,1358.204,80913.613,20191110_053155,479173,17203,16478,12982
2,KGYX20191110_121204_V06,43.249,0.055,203.444,268.213,6.581,-70.859,44.033,3290.413,50827.003,20191110_071204,479178,13498,12797,10550
2,KGYX20191111_114204_V06,11.931,0.067,25.629,60.890,36.279,-71.995,44.954,18139.288,181970.519,20191111_064204,479176,32898,24699,21926
2,KGYX20191111_114637_V06,16.481,0.554,27.956,60.990,44.147,-71.981,44.954,22073.311,181061.782,20191111_064637,479182,32733,25276,20941
2,KGYX20191111_115103_V06,20.915,0.392,38.759,61.555,50.492,-71.912,44.952,25245.767,176849.301,20191111_065103,479180,32476,25689,20020
2,KGYX20191111_115526_V06,25.298,0.171,52.754,56.671,52.779,-71.824,44.976,26389.642,173449.873,20191111_065526,479171,31426,24906,19033
1,KGYX20191111_112821_V06,-1.785,0.156,43.509,128.158,57.667,-71.874,44.653,28833.332,154367.269,20191111_062821,479175,28705,22079,19708
1,KGYX20191111_113253_V06,2.748,0.104,45.188,128.621,63.963,-71.863,44.651,31981.582,153541.629,20191111_063253,479175,30807,22672,21503
1,KGYX20191113_104031_V06,-52.247,0.093,205.676,268.694,5.239,-70.845,44.031,2619.659,49692.024,20191113_054031,479171,11584,12480,8574
1,KGYX20191114_112958_V06,-4.106,0.122,24.560,472.120,35.102,-71.949,43.104,17550.850,162397.980,20191114_062958,479178,37623,16836,31068
1,KGYX20191114_113415_V06,0.178,0.149,23.670,470.295,40.450,-71.955,43.112,20225.099,162294.990,20191114_063415,479173,38375,17332,31287
1,KGYX20191114_113832_V06,4.461,0.053,19.746,449.366,31.681,-71.981,43.206,15840.652,158786.245,20191114_063832,479171,37620,17915,30175
2,KGYX20191114_113832_V06,4.461,0.070,21.303,267.774,32.089,-71.995,44.023,16044.598,140277.142,20191114_063832,479171,37620,17915,30175
4,KGYX20191114_115125_V06,17.344,0.114,205.341,268.767,5.134,-70.847,44.030,2566.845,49839.182,20191114_065125,479174,37519,19725,28004
5,KGYX20191114_123922_V06,65.294,0.064,205.989,268.970,5.533,-70.843,44.030,2766.617,49499.903,20191114_073922,479173,45070,30634,26027
1,KGYX20191115_115007_V06,14.740,0.058,205.278,268.595,5.554,-70.848,44.031,2776.859,49896.349,20191115_065007,479175,17899,13759,14404
1,KGYX20191117_104149_V06,-56.155,0.081,300.493,302.041,10.005,-70.254,43.882,5002.270,1049.663,20191117_054149,479172,57512,35651,43958
1,KGYX20191118_123411_V06,54.923,0.059,270.619,223.214,6.804,-70.441,44.237,3402.245,41107.684,20191118_073411,479177,21912,35721,14248
2,KGYX20191118_125127_V06,72.190,0.056,281.889,139.989,1.937,-70.371,44.611,968.445,80516.368,20191118_075127,479175,31510,64159,16337
2,KGYX20191119_121935_V06,39.041,0.113,360.331,86.426,21.867,-69.875,44.852,10933.475,110965.938,20191119_071935,479173,113307,117792,33058
1,KGYX20191120_104426_V06,-57.383,0.053,205.647,268.663,5.096,-70.845,44.031,2548.018,49710.213,20191120_054426,479174,26322,23225,16971
1,KGYX20191121_104412_V06,-58.881,0.052,209.953,270.214,2.944,-70.819,44.024,1471.964,47423.004,20191121_054412,479170,33161,27102,22263
2,KGYX20191121_124823_V06,65.302,0.076,298.354,302.096,12.571,-70.267,43.882,6285.679,1332.506,20191121_074823,479173,20353,13303,16157
1,KGYX20191123_104711_V06,-58.399,0.084,174.033,327.362,2.254,-71.039,43.766,1126.955,64452.223,20191123_054711,479174,20409,20018,14165
2,KGYX20191123_104711_V06,-58.399,0.079,281.436,139.398,2.597,-70.374,44.614,1298.729,80835.832,20191123_054711,479174,20409,20018,14165
1,KGYX20191125_104858_V06,-59.070,0.110,205.771,269.368,5.145,-70.845,44.028,2572.348,49541.447,20191125_054858,479179,15178,15310,10693
1,KGYX20191127_123258_V06,42.529,0.055,203.524,268.435,6.507,-70.859,44.032,3253.481,50754.125,20191127_073258,479173,20928,13685,16484
2,KGYX20191128_110607_V06,-45.498,0.055,55.133,281.590,55.540,-71.783,43.964,27770.145,122778.970,20191128_060607,479173,227527,220962,52111
2,KGYX20191128_111045_V06,-40.865,0.094,53.539,281.868,61.385,-71.792,43.963,30692.373,123563.627,20191128_061045,479175,226196,219067,51739
3,KGYX20191128_110607_V06,-45.498,0.054,133.857,262.749,58.125,-71.294,44.054,29062.523,85134.055,20191128_060607,479173,227527,220962,52111
3,KGYX20191128_111045_V06,-40.865,0.085,134.080,262.615,64.535,-71.292,44.055,32267.478,85039.758,20191128_061045,479175,226196,219067,51739
5,KGYX20191128_113356_V06,-17.682,0.072,51.984,308.039,63.769,-71.799,43.845,31884.617,124073.042,20191128_063356,479168,232308,223893,52493
5,KGYX20191128_113834_V06,-13.048,0.054,49.135,293.776,78.931,-71.819,43.909,39465.469,125471.281,20191128_063834,479173,236425,224114,54918
7,KGYX20191128_114312_V06,-8.415,0.091,527.977,282.454,26.149,-68.837,43.962,13074.711,114325.527,20191128_064312,479174,238879,225365,55792
9,KGYX20191128_114750_V06,-3.782,0.054,484.789,28.771,20.711,-69.083,45.106,10355.602,164097.537,20191128_064750,479175,242389,228309,56376
10,KGYX20191128_120144_V06,10.118,0.089,38.477,350.852,70.735,-71.878,43.651,35367.325,133210.326,20191128_070144,479177,245708,230894,54242
10,KGYX20191128_120637_V06,15.002,-1.000,38.477,350.852,78.499,-71.878,43.651,39249.575,133210.326,20191128_070637,479171,245354,234630,50283
10,KGYX20191128_121115_V06,19.635,0.089,29.290,409.201,53.015,-71.928,43.388,26507.355,145952.871,20191128_071115,479178,245763,239837,47286
14,KGYX20191128_122509_V06,33.535,0.050,29.725,429.785,37.086,-71.922,43.295,18542.986,149910.526,20191128_072509,479175,252350,251227,45338
14,KGYX20191128_122946_V06,38.152,0.078,26.277,443.134,32.480,-71.942,43.235,16239.964,154443.903,20191128_072946,479170,253397,254990,45187
2,KGYX20191129_123745_V06,44.975,0.071,205.045,268.989,5.507,-70.849,44.029,2753.595,49945.229,20191129_073745,479164,12710,9175,10168
1,KGYX20191130_110109_V06,-52.768,0.078,205.945,269.086,5.006,-70.844,44.029,2503.136,49502.665,20191130_060109,479175,16193,16037,11212
2,KGYX20191130_113657_V06,-16.968,0.061,202.715,268.414,7.331,-70.864,44.032,3665.609,51141.853,20191130_063657,479172,16148,10802,12933
3,KGYX20191130_120825_V06,14.499,0.072,205.189,268.969,5.305,-70.848,44.029,2652.733,49880.064,20191130_070825,479172,14670,11086,11378
1,KGYX20191201_105517_V06,-59.758,0.122,298.469,300.300,11.991,-70.266,43.890,5995.506,779.999,20191201_055517,479174,15656,16625,11178
2,KGYX20191201_105517_V06,-59.758,0.052,174.384,328.772,2.384,-71.037,43.759,1191.853,64434.684,20191201_055517,479174,15656,16625,11178
3,KGYX20191201_124041_V06,45.642,0.079,205.662,268.845,5.258,-70.845,44.030,2629.246,49674.792,20191201_074041,479174,17391,13738,13070
2,KGYX20191202_110332_V06,-52.611,0.053,205.974,268.772,5.270,-70.843,44.030,2634.962,49538.149,20191202_060332,479176,120914,123159,22122
2,KGYX20191202_110811_V06,-47.961,0.188,205.874,268.795,10.876,-70.844,44.030,5438.217,49582.049,20191202_060811,479171,124608,126780,21505
1,KGYX20191202_110332_V06,-52.611,0.191,270.917,224.010,5.407,-70.439,44.233,2703.499,40682.692,20191202_060332,479176,120914,123159,22122
3,KGYX20191202_110811_V06,-47.961,0.152,298.854,302.125,12.497,-70.264,43.882,6248.272,1207.327,20191202_060811,479171,124608,126780,21505
1,KGYX20191204_124702_V06,48.747,0.072,205.320,269.159,5.559,-70.847,44.029,2779.453,49788.400,20191204_074702,479169,26697,19107,17124
2,KGYX20191205_130205_V06,62.760,0.213,19.751,230.710,31.175,-72.010,44.190,15587.584,144344.053,20191205_080205,479173,30327,27586,14296
2,KGYX20191205_130644_V06,67.410,0.352,21.620,225.420,40.638,-71.999,44.214,20319.196,144098.670,20191205_080644,479176,31154,28910,13953
2,KGYX20191205_131124_V06,72.077,0.561,28.018,209.074,52.737,-71.961,44.288,26368.566,143388.894,20191205_081124,479174,31727,30094,13356
2,KGYX20191205_131602_V06,76.710,0.449,31.105,208.870,55.309,-71.942,44.289,27654.418,141958.601,20191205_081602,479169,32465,31234,13361
2,KGYX20191205_132040_V06,81.344,0.622,34.114,218.594,55.463,-71.921,44.246,27731.443,139034.625,20191205_082040,479168,32956,31002,14034
2,KGYX20191205_132518_V06,85.977,0.290,36.139,218.926,59.642,-71.909,44.244,29821.048,138017.626,20191205_082518,479172,32187,31279,13511
1,KGYX20191205_110128_V06,-57.856,0.104,281.839,139.391,2.521,-70.371,44.614,1260.323,80816.270,20191205_060128,479174,28090,27652,18540
1,KGYX20191206_110701_V06,-53.319,0.102,205.039,270.164,4.982,-70.849,44.024,2491.024,49768.731,20191206_060701,479174,23219,20905,16383
2,KGYX20191206_111350_V06,-46.502,0.051,282.325,139.003,2.001,-70.368,44.616,1000.481,80982.270,20191206_061350,479172,25004,21411,17935
3,KGYX20191206_114729_V06,-12.852,0.053,25.457,233.243,29.633,-71.974,44.179,14816.308,141271.253,20191206_064729,479176,22133,13611,17443
4,KGYX20191206_121445_V06,14.415,0.100,22.906,215.539,24.230,-71.992,44.258,12114.822,144840.186,20191206_071445,479169,17756,12892,13541
6,KGYX20191206_130505_V06,64.748,0.053,39.916,210.312,59.357,-71.886,44.283,29678.347,137557.079,20191206_080505,479170,14560,12884,10734
1,KGYX20191207_110832_V06,-52.789,0.493,300.422,302.339,11.791,-70.254,43.881,5895.466,1188.455,20191207_060832,479175,14572,17682,9775
2,KGYX20191207_123111_V06,29.861,0.060,203.905,269.257,7.101,-70.856,44.028,3550.598,50446.649,20191207_073111,479184,13949,12286,10733
1,KGYX20191208_110620_V06,-55.950,0.056,291.562,162.450,1.946,-70.310,44.510,973.129,68904.287,20191208_060620,479172,16469,17637,11302
3,KGYX20191209_120045_V06,-2.467,0.064,27.502,237.159,39.158,-71.960,44.162,19579.153,139825.205,20191209_070045,479173,78309,66212,21928
2,KGYX20191210_110554_V06,-58.222,0.052,174.585,330.192,2.433,-71.036,43.753,1216.532,64498.868,20191210_060554,479164,23637,21497,10672
3,KGYX20191210_112318_V06,-40.822,0.098,376.955,37.466,48.105,-69.768,45.072,24052.490,136790.319,20191210_062318,479172,19837,17718,11040
4,KGYX20191210_122424_V06,20.278,0.135,24.792,493.709,35.145,-71.945,43.007,17572.334,168272.783,20191210_072424,479169,15020,10972,11313
5,KGYX20191210_130352_V06,59.744,0.457,298.427,302.892,13.463,-70.267,43.878,6731.266,1646.245,20191210_080352,479172,13392,10500,10145
6,KGYX20191210_130352_V06,59.744,0.063,109.672,168.730,15.308,-71.453,44.476,7653.771,115603.287,20191210_080352,479172,13392,10500,10145
6,KGYX20191210_130814_V06,64.111,0.183,118.625,167.268,11.927,-71.397,44.483,5963.655,112377.667,20191210_080814,479169,13544,10839,10070
8,KGYX20191211_123524_V06,30.401,0.065,41.833,292.564,76.583,-71.864,43.914,38291.649,129136.796,20191211_073524,479173,150740,143443,22600
8,KGYX20191211_124111_V06,36.185,0.170,43.256,294.000,83.779,-71.855,43.907,41889.473,128407.282,20191211_074111,479176,153266,143635,24231
1,KGYX20191211_111535_V06,-49.415,0.083,298.411,301.576,10.042,-70.267,43.884,5020.927,1119.149,20191211_061535,479175,215583,205829,24466
3,KGYX20191211_113255_V06,-32.082,0.157,52.201,420.199,66.151,-71.785,43.340,33075.600,137706.387,20191211_063255,479171,199315,191081,22550
7,KGYX20191211_121803_V06,13.051,0.059,298.907,301.195,14.467,-70.264,43.886,7233.406,809.482,20191211_071803,479170,162453,158211,24039
9,KGYX20191211_131917_V06,74.285,0.085,297.433,300.617,12.597,-70.273,43.889,6298.489,1320.017,20191211_081917,479173,169152,165838,22778
1,KGYX20191213_111042_V06,-55.961,0.188,208.464,269.530,3.583,-70.828,44.027,1791.304,48237.072,20191213_061042,479172,30173,29914,11768
4,KGYX20191214_131030_V06,63.054,0.140,225.005,66.866,12.542,-70.732,44.939,6271.244,122449.613,20191214_081030,479176,477676,386273,91403
1,KGYX20191215_111037_V06,-57.581,0.288,298.049,302.363,12.798,-70.269,43.881,6398.937,1532.012,20191215_061037,479171,18612,19620,11293
1,KGYX20191215_111733_V06,-50.648,0.131,297.595,301.973,19.403,-70.272,43.883,9701.491,1555.227,20191215_061733,479172,19968,21114,11814
2,KGYX20191215_114455_V06,-23.281,0.077,299.979,303.220,11.627,-70.257,43.877,5813.480,1609.883,20191215_064455,479175,21975,21808,12645
3,KGYX20191215_122159_V06,13.785,0.160,298.147,302.428,12.629,-70.268,43.880,6314.556,1527.165,20191215_072159,479176,26857,26549,13828
4,KGYX20191215_130600_V06,57.802,0.077,298.724,302.259,11.343,-70.265,43.881,5671.276,1297.183,20191215_080600,479174,22895,24768,14065
5,KGYX20191215_132709_V06,78.952,0.210,298.968,301.190,13.314,-70.263,43.886,6656.902,787.627,20191215_082709,479172,23769,24059,13868
1,KGYX20191216_111510_V06,-53.750,0.322,205.576,268.295,4.904,-70.846,44.033,2451.872,49802.428,20191216_061510,479173,12746,12264,9448
1,KGYX20191216_112202_V06,-46.884,0.114,205.690,268.536,11.943,-70.845,44.031,5971.459,49710.182,20191216_062202,479177,12980,13656,9294
2,KGYX20191216_111510_V06,-53.750,0.060,248.359,185.615,2.596,-70.581,44.406,1297.916,62750.892,20191216_061510,479173,12746,12264,9448
1,KGYX20191217_111651_V06,-52.752,0.076,27.104,132.825,29.048,-71.977,44.631,14523.834,160015.204,20191217_061651,479175,123594,115324,21932
1,KGYX20191217_112153_V06,-47.719,0.187,30.198,134.313,37.976,-71.957,44.624,18988.229,158307.972,20191217_062153,479178,124252,115903,22173
2,KGYX20191217_120959_V06,0.381,0.088,34.007,416.507,40.570,-71.898,43.355,20285.059,145194.742,20191217_070959,479172,140779,130244,30776
3,KGYX20191217_120959_V06,0.381,0.059,205.450,269.129,5.222,-70.847,44.029,2610.888,49730.938,20191217_070959,479172,140779,130244,30776
1,KGYX20191219_111335_V06,-57.285,0.107,205.663,269.106,4.930,-70.845,44.029,2464.781,49633.313,20191219_061335,479180,10850,9931,7870
1,KGYX20191219_111753_V06,-52.985,0.068,205.812,269.117,10.451,-70.844,44.029,5225.410,49560.767,20191219_061753,479179,10710,10083,7835
2,KGYX20191220_121816_V06,6.819,0.066,203.868,268.961,5.611,-70.857,44.029,2805.351,50509.182,20191220_071816,479172,13393,10078,10674
2,KGYX20191220_122244_V06,11.286,0.081,204.255,268.938,11.085,-70.854,44.030,5542.341,50328.941,20191220_072244,479169,12123,9463,9615
3,KGYX20191220_130138_V06,50.186,0.089,205.651,268.799,5.153,-70.845,44.030,2576.395,49686.931,20191220_080138,479172,11174,7942,9307
3,KGYX20191221_111926_V06,-52.557,0.057,205.798,268.973,5.461,-70.844,44.030,2730.585,49590.130,20191221_061926,479175,13970,13011,10183
3,KGYX20191221_112359_V06,-48.007,0.145,205.488,268.950,11.225,-70.846,44.030,5612.264,49740.938,20191221_062359,479172,13284,12839,9654
3,KGYX20191221_112838_V06,-43.357,0.133,205.641,268.760,5.142,-70.845,44.030,2570.915,49697.738,20191221_062838,479175,14297,12879,10610
1,KGYX20191221_111447_V06,-57.207,0.068,174.423,327.253,2.012,-71.037,43.766,1006.203,64250.288,20191221_061447,479179,13577,13036,9800
2,KGYX20191221_111447_V06,-57.207,0.054,133.737,331.667,3.662,-71.289,43.744,1831.032,84625.979,20191221_061447,479179,13577,13036,9800
5,KGYX20191221_121914_V06,7.243,0.086,203.784,269.003,6.654,-70.857,44.029,3326.799,50542.684,20191221_071914,479177,18189,12888,14158
5,KGYX20191221_122352_V06,11.876,-1.000,203.784,269.003,14.021,-70.857,44.029,7010.299,50542.684,20191221_072352,479171,18000,13123,13775
5,KGYX20191221_122824_V06,16.410,0.104,205.477,268.770,5.644,-70.846,44.030,2821.814,49774.529,20191221_072824,479171,17626,13320,13421
2,KGYX20191222_111544_V06,-56.762,0.055,208.186,268.676,3.514,-70.830,44.031,1757.080,48505.377,20191222_061544,479171,20032,18572,9846
2,KGYX20191222_112003_V06,-52.445,0.103,207.654,268.742,9.281,-70.833,44.031,4640.524,48746.401,20191222_062003,479173,21296,19727,10020
1,KGYX20191223_120948_V06,-3.163,0.070,203.966,268.701,5.259,-70.856,44.031,2629.368,50502.866,20191223_070948,479172,18339,13120,14546
1,KGYX20191224_111438_V06,-58.758,0.053,208.353,269.707,3.344,-70.829,44.026,1672.039,48262.092,20191224_061438,479171,10595,9165,8174
2,KGYX20191224_131612_V06,62.809,0.053,203.797,269.252,7.044,-70.857,44.028,3522.240,50498.831,20191224_081612,479177,11574,9787,8977
1,KGYX20191226_111544_V06,-58.396,0.151,205.867,268.770,5.316,-70.844,44.030,2657.951,49589.030,20191226_061544,479177,11215,12166,8100
15,KGYX20191227_132056_V06,66.494,0.180,16.019,290.385,24.270,-72.025,43.921,12135.197,142071.752,20191227_082056,479175,167743,194407,28386
15,KGYX20191227_132543_V06,71.278,0.479,18.630,288.720,30.365,-72.009,43.929,15182.656,140797.856,20191227_082543,479173,170522,197835,28221
15,KGYX20191227_133105_V06,76.644,0.542,27.901,287.776,31.038,-71.951,43.934,15519.179,136186.595,20191227_083105,479176,168935,197796,28320
15,KGYX20191227_133642_V06,82.261,0.203,35.876,288.294,35.294,-71.902,43.932,17647.147,132191.817,20191227_083642,479175,172108,197632,29314
15,KGYX20191227_134249_V06,88.378,0.084,45.662,281.909,41.913,-71.842,43.962,20956.574,127490.542,20191227_084249,479175,175895,198001,29613
2,KGYX20191227_112104_V06,-53.372,0.081,205.280,269.981,5.529,-70.848,44.025,2764.633,49681.449,20191227_062104,479176,126852,158597,28865
5,KGYX20191227_114152_V06,-32.572,0.117,217.725,223.822,17.430,-70.772,44.233,8715.094,56063.041,20191227_064152,479170,115876,148729,27322
5,KGYX20191227_114646_V06,-27.672,-1.000,217.725,223.822,25.221,-70.772,44.233,12610.594,56063.041,20191227_064646,479175,114541,148012,27529
5,KGYX20191227_115154_V06,-22.539,0.172,243.913,220.639,26.784,-70.608,44.248,13392.031,48589.902,20191227_065154,479171,117036,147483,28671
6,KGYX20191227_114646_V06,-27.672,0.149,145.701,544.906,34.043,-71.200,42.785,17021.591,144730.036,20191227_064646,479175,114541,148012,27529
9,KGYX20191227_120209_V06,-12.289,0.075,184.876,554.268,30.280,-70.960,42.745,15139.762,139558.155,20191227_070209,479177,123406,146957,29062
4,KGYX20191228_125341_V06,38.976,0.067,298.562,302.543,12.972,-70.266,43.880,6485.836,1460.591,20191228_075341,479170,17256,17039,11156
4,KGYX20191228_130233_V06,47.843,0.056,298.363,302.292,20.368,-70.267,43.881,10183.797,1408.400,20191228_080233,479169,17377,17442,10946
4,KGYX20191228_130712_V06,52.493,-1.000,298.266,302.170,24.496,-70.268,43.882,12247.754,1388.942,20191228_080712,479174,16410,16676,10615
4,KGYX20191228_131144_V06,57.026,0.432,298.433,302.988,11.711,-70.267,43.878,5855.511,1687.078,20191228_081144,479172,15837,16020,10525
1,KGYX20191228_114002_V06,-34.674,0.054,298.201,301.279,12.388,-70.268,43.886,6194.035,1103.502,20191228_064002,479172,14686,12957,11629
2,KGYX20191228_122702_V06,12.326,0.057,298.500,300.687,11.561,-70.266,43.888,5780.388,825.039,20191228_072702,479168,19286,16790,13283
2,KGYX20191228_123128_V06,16.759,-1.000,298.500,300.687,18.610,-70.266,43.888,9304.888,825.039,20191228_073128,479178,18523,16340,12581
2,KGYX20191228_123554_V06,21.193,0.099,299.104,302.151,11.336,-70.263,43.882,5668.240,1164.898,20191228_073554,479174,18671,17492,12059
4,KGYX20191229_131550_V06,60.899,0.063,298.940,302.777,9.607,-70.264,43.879,4803.505,1486.036,20191229_081550,479173,11823,9367,9573
4,KGYX20191229_132243_V06,67.782,0.072,298.659,302.222,18.057,-70.265,43.881,9028.532,1297.722,20191229_082243,479172,12174,9635,9801
1,KGYX20191229_111529_V06,-59.451,0.533,300.472,301.923,11.151,-70.254,43.883,5575.603,990.168,20191229_061529,479169,10160,8969,8003
3,KGYX20191229_112217_V06,-52.651,0.072,205.890,269.892,5.298,-70.844,44.025,2649.057,49404.540,20191229_062217,479172,11125,9975,8542
