track_id,filename,from_sunrise,det_score,x,y,r,lon,lat,radius,geo_dist,local_time,n_radar_pixels,n_refAbove40_pixels,n_xcorrAbove0.95_pixels,n_xcorrBelow0.95_refAbove40_pixels
1,KCBW20150601_082029_V06,-23.592,0.063,20.572,239.296,26.916,-69.620,46.298,13457.783,142972.716,20150601_042029,479181,80357,78527,16662
2,KCBW20150601_083251_V06,-11.226,0.130,24.483,244.408,28.239,-69.594,46.275,14119.478,140534.852,20150601_043251,479178,81527,80193,15145
1,KCBW20150602_074723_V06,-56.120,0.054,296.300,190.182,5.183,-67.831,46.533,2591.740,54940.280,20150602_034723,479191,173164,177119,28130
10,KCBW20150602_092437_V06,41.113,0.067,296.673,190.247,5.583,-67.829,46.533,2791.359,54901.734,20150602_052437,479196,273996,261128,42198
1,KCBW20150603_074332_V06,-59.437,0.074,129.241,327.129,3.543,-68.907,45.912,1771.254,86450.324,20150603_034332,479183,19391,92504,6806
3,KCBW20150603_080258_V06,-40.003,0.084,55.866,224.359,60.633,-69.393,46.368,30316.391,127791.992,20150603_040258,479176,18904,87174,8662
1,KCBW20150605_081127_V06,-30.571,0.076,301.262,305.766,15.931,-67.799,46.013,7965.706,2951.324,20150605_041127,479181,25388,38012,12707
1,KCBW20150605_082111_V06,-20.838,0.288,300.957,304.579,23.762,-67.801,46.019,11881.176,2338.860,20150605_042111,479180,12551,25241,6710
2,KCBW20150605_085022_V06,8.345,0.094,307.441,303.474,24.010,-67.759,46.024,12004.772,4105.927,20150605_045022,479177,6957,14768,4802
9,KCBW20150606_092721_V06,45.743,0.066,367.297,579.924,21.146,-67.382,44.779,10573.148,143950.005,20150606_052721,479198,112187,124846,15727
3,KCBW20150608_100046_V06,79.868,0.060,16.565,347.126,23.101,-69.630,45.813,11550.359,143662.827,20150608_060046,479185,26132,40897,6843
7,KCBW20150609_091835_V06,37.978,0.058,40.454,438.626,54.425,-69.465,45.403,27212.368,147123.489,20150609_051835,479193,283304,266993,27510
1,KCBW20150610_074231_V06,-57.835,0.196,298.148,189.981,2.925,-67.819,46.534,1462.357,55017.284,20150610_034231,479191,49187,82500,15582
3,KCBW20150610_093042_V06,50.348,0.085,209.769,444.122,8.611,-68.383,45.389,4305.653,85018.899,20150610_053042,479188,43855,83618,9103
3,KCBW20150611_093021_V06,50.210,0.485,302.863,41.388,43.644,-67.788,47.202,21821.983,129313.679,20150611_053021,479193,211799,207469,22882
3,KCBW20150612_074334_V06,-56.402,0.080,129.566,330.401,5.343,-68.905,45.897,2671.743,86562.073,20150612_034334,479179,20968,34583,8333
3,KCBW20150612_075316_V06,-46.702,0.088,128.763,329.793,14.391,-68.910,45.900,7195.631,86904.728,20150612_035316,479177,20169,33101,7593
4,KCBW20150612_074334_V06,-56.402,0.059,299.332,191.755,2.033,-67.811,46.526,1016.609,54123.330,20150612_034334,479179,20968,34583,8333
5,KCBW20150612_083206_V06,-7.869,0.051,126.184,328.661,10.467,-68.927,45.905,5233.306,88081.670,20150612_043206,479173,15079,26726,4755
7,KCBW20150612_090111_V06,21.214,0.175,130.121,329.084,11.325,-68.902,45.903,5662.711,86175.545,20150612_050111,479178,15607,26928,4922
14,KCBW20150613_100530_V06,85.662,0.074,297.699,190.661,4.601,-67.822,46.531,2300.278,54681.843,20150613_060530,479190,21394,34971,7192
3,KCBW20150614_074658_V06,-52.782,0.081,128.932,329.699,8.512,-68.909,45.900,4255.997,86813.603,20150614_034658,479174,12169,28340,6781
5,KCBW20150614_093552_V06,56.118,0.065,297.101,299.221,21.324,-67.826,46.043,10661.766,1501.117,20150614_053552,479177,4848,9686,4002
3,KCBW20150616_074412_V06,-55.489,0.055,210.829,445.189,3.240,-68.376,45.385,1619.823,85193.117,20150616_034412,479176,25795,71083,9225
3,KCBW20150616_075355_V06,-45.772,0.051,209.660,446.412,12.711,-68.384,45.379,6355.693,86019.841,20150616_035355,479173,36911,82092,11993
3,KCBW20150617_073955_V06,-59.803,0.089,127.568,331.509,6.816,-68.918,45.892,3408.189,87643.697,20150617_033955,479179,8997,45731,6265
3,KCBW20150617_074937_V06,-50.103,0.242,127.410,330.328,15.410,-68.919,45.897,7705.050,87617.350,20150617_034937,479176,8620,43433,6250
3,KCBW20150617_075919_V06,-40.403,-1.000,127.261,329.219,24.413,-68.920,45.902,12206.604,87596.266,20150617_035919,479177,7180,41439,5318
3,KCBW20150617_080901_V06,-30.703,0.122,125.844,331.298,10.513,-68.929,45.893,5256.559,88473.149,20150617_040901,479175,6133,39011,4928
3,KCBW20150617_081844_V06,-20.986,0.061,126.548,331.050,18.011,-68.924,45.894,9005.501,88104.430,20150617_041844,479177,5662,34754,4864
3,KCBW20150617_082826_V06,-11.286,-1.000,127.210,330.817,25.970,-68.920,45.895,12985.170,87758.376,20150617_042826,479176,5674,33037,4934
3,KCBW20150617_083808_V06,-1.586,0.059,127.316,331.231,10.346,-68.919,45.893,5173.085,87742.564,20150617_043808,479176,6053,34520,5200
3,KCBW20150617_084956_V06,10.214,0.075,126.479,331.113,17.652,-68.925,45.894,8826.181,88144.086,20150617_044956,479182,5852,35161,5026
3,KCBW20150617_085940_V06,19.947,-1.000,125.817,331.019,24.069,-68.929,45.894,12034.651,88461.744,20150617_045940,479178,5744,34703,4996
3,KCBW20150617_090923_V06,29.664,0.067,127.476,330.605,8.569,-68.918,45.896,4284.383,87608.975,20150617_050923,479182,5582,33764,4744
3,KCBW20150617_091906_V06,39.381,0.160,127.578,330.022,16.519,-68.918,45.899,8259.722,87508.250,20150617_051906,479175,5607,32648,4855
3,KCBW20150617_092849_V06,49.097,0.157,126.589,330.049,12.021,-68.924,45.899,6010.406,87997.562,20150617_052849,479180,5466,32469,4684
3,KCBW20150617_093830_V06,58.781,0.221,128.456,329.219,10.668,-68.912,45.902,5333.984,87007.422,20150617_053830,479182,5885,32317,5081
12,KCBW20150617_093830_V06,58.781,0.071,299.711,192.173,2.392,-67.809,46.524,1196.156,53913.768,20150617_053830,479182,5885,32317,5081
12,KCBW20150617_094814_V06,68.514,0.058,299.593,192.061,9.814,-67.810,46.525,4906.764,53969.931,20150617_054814,479177,5548,32325,4776
2,KCBW20150617_073955_V06,-59.803,0.101,299.282,192.068,2.032,-67.812,46.525,1015.831,53967.443,20150617_033955,479179,8997,45731,6265
4,KCBW20150617_075919_V06,-40.403,0.130,126.988,329.710,12.135,-68.922,45.900,6067.722,87772.086,20150617_035919,479177,7180,41439,5318
6,KCBW20150617_082826_V06,-11.286,0.139,126.756,330.079,11.529,-68.923,45.898,5764.385,87917.683,20150617_042826,479176,5674,33037,4934
8,KCBW20150617_085940_V06,19.947,0.065,260.668,406.793,17.144,-68.059,45.558,8572.163,56903.055,20150617_045940,479178,5744,34703,4996
1,KCBW20150618_074403_V06,-55.739,0.062,299.377,191.640,2.158,-67.811,46.527,1079.239,54180.842,20150618_034403,479181,21412,39451,10491
2,KCBW20150618_080329_V06,-36.306,0.073,34.246,167.298,52.558,-69.542,46.623,26279.020,148522.009,20150618_040329,479178,15520,31981,7094
3,KCBW20150618_093313_V06,53.428,0.186,25.828,159.982,32.257,-69.598,46.655,16128.729,153928.237,20150618_053313,479180,8030,16441,5527
6,KCBW20150619_082104_V06,-18.832,0.063,208.931,506.273,31.703,-68.386,45.110,15851.661,112740.785,20150619_042104,479196,301001,282821,31652
6,KCBW20150619_082556_V06,-13.965,0.067,209.774,503.678,39.458,-68.380,45.121,19729.180,111383.982,20150619_042556,479191,304356,286551,31230
10,KCBW20150619_092638_V06,46.735,0.055,42.203,415.939,46.245,-69.456,45.506,23122.658,141333.873,20150619_052638,479190,358546,334728,30214
1,KCBW20150620_074223_V06,-57.663,0.121,128.407,327.504,8.465,-68.913,45.910,4232.259,86891.664,20150620_034223,479176,12064,20802,6639
4,KCBW20150620_083059_V06,-9.063,0.052,295.303,296.728,13.339,-67.837,46.054,6669.342,2862.361,20150620_043059,479177,5721,8705,4312
5,KCBW20150620_092922_V06,49.320,0.058,131.064,326.411,8.057,-68.896,45.915,4028.614,85494.037,20150620_052922,479174,5682,9002,4445
6,KCBW20150620_093906_V06,59.054,0.052,288.494,297.968,13.703,-67.881,46.048,6851.704,5842.267,20150620_053906,479182,5537,9430,4332
10,KCBW20150621_091441_V06,34.450,0.130,298.995,191.634,2.402,-67.813,46.527,1201.065,54185.495,20150621_051441,479174,57233,63195,9059
10,KCBW20150621_091838_V06,38.400,0.113,299.019,191.689,7.440,-67.813,46.526,3720.220,54157.578,20150621_051838,479173,60487,67614,7884
2,KCBW20150621_074026_V06,-59.800,0.128,260.255,406.559,17.662,-68.061,45.560,8831.131,56864.971,20150621_034026,479181,13090,30286,5157
4,KCBW20150621_074026_V06,-59.800,0.066,128.206,328.253,6.867,-68.914,45.907,3433.620,87050.727,20150621_034026,479181,13090,30286,5157
5,KCBW20150621_074414_V06,-56.000,0.069,273.164,391.654,2.490,-67.979,45.627,1244.822,47751.186,20150621_034414,479192,13953,30620,5434
8,KCBW20150621_084427_V06,4.217,0.112,298.428,192.043,2.419,-67.817,46.525,1209.286,53984.241,20150621_044427,479173,34669,46146,7393
10,KCBW20150622_083242_V06,-7.758,0.570,30.075,344.895,34.133,-69.544,45.824,17066.519,136816.672,20150622_043242,479180,19064,34722,5685
10,KCBW20150622_083627_V06,-4.008,-1.000,30.075,344.895,40.096,-69.544,45.824,20047.769,136816.672,20150622_043627,479189,18860,34360,5451
10,KCBW20150622_084012_V06,-0.258,0.775,36.213,344.310,40.887,-69.504,45.827,20443.350,133741.444,20150622_044012,479184,21110,35872,5964
10,KCBW20150622_084410_V06,3.709,0.081,43.656,341.138,48.519,-69.457,45.842,24259.658,129811.713,20150622_044410,479177,21986,35210,6404
5,KCBW20150622_080239_V06,-37.808,0.051,31.092,463.628,44.351,-69.521,45.290,22175.428,157389.210,20150622_040239,479192,13586,32481,5076
5,KCBW20150622_080624_V06,-34.058,-1.000,31.092,463.628,50.313,-69.521,45.290,25156.678,157389.210,20150622_040624,479185,13731,31561,5030
5,KCBW20150622_081011_V06,-30.274,0.157,34.914,464.912,52.464,-69.496,45.285,26232.032,156098.069,20150622_041011,479180,14376,32202,4929
7,KCBW20150622_081011_V06,-30.274,0.066,299.575,192.283,2.258,-67.810,46.524,1129.250,53858.910,20150622_041011,479180,14376,32202,4929
7,KCBW20150622_081357_V06,-26.508,0.056,299.515,192.184,7.211,-67.810,46.524,3605.290,53908.407,20150622_041357,479188,15325,32519,5168
1,KCBW20150622_074355_V06,-56.541,0.053,272.863,391.960,2.320,-67.981,45.625,1159.782,47940.076,20150622_034355,479178,11784,35521,4920
2,KCBW20150622_074740_V06,-52.791,0.169,297.394,190.434,4.427,-67.824,46.532,2213.562,54798.438,20150622_034740,479176,12232,34429,5144
4,KCBW20150622_074740_V06,-52.791,0.053,208.136,446.017,6.987,-68.393,45.381,3493.406,86255.551,20150622_034740,479176,12232,34429,5144
9,KCBW20150622_082858_V06,-11.491,0.077,28.117,335.087,41.348,-69.558,45.868,20674.095,137068.864,20150622_042858,479187,18355,33771,5861
11,KCBW20150622_084012_V06,-0.258,0.218,261.193,407.369,16.528,-68.055,45.556,8263.893,57083.508,20150622_044012,479184,21110,35872,5964
1,KCBW20150623_074554_V06,-54.820,0.134,127.894,328.964,8.325,-68.916,45.903,4162.558,87262.880,20150623_034554,479184,7204,22132,4658
2,KCBW20150623_074554_V06,-54.820,0.063,299.194,191.789,2.035,-67.812,46.526,1017.712,54106.971,20150623_034554,479184,7204,22132,4658
4,KCBW20150623_090337_V06,22.896,0.087,262.259,408.694,15.039,-68.049,45.550,7519.358,57529.838,20150623_050337,479175,4242,14866,3490
5,KCBW20150623_093245_V06,52.030,0.060,210.964,444.758,3.373,-68.375,45.387,1686.573,84973.636,20150623_053245,479176,4386,11825,3665
5,KCBW20150623_094229_V06,61.763,-1.000,210.964,444.758,18.849,-68.375,45.387,9424.573,84973.636,20150623_054229,479175,4060,11068,3436
5,KCBW20150623_095211_V06,71.463,0.055,210.228,443.924,10.756,-68.380,45.390,5377.962,84813.262,20150623_055211,479183,4338,11297,3688
1,KCBW20150624_074504_V06,-55.953,0.202,127.577,328.949,9.810,-68.918,45.904,4904.858,87418.097,20150624_034504,479175,8975,28818,5588
1,KCBW20150624_075447_V06,-46.237,0.178,127.221,328.727,18.022,-68.920,45.905,9010.847,87575.512,20150624_035447,479180,7176,25354,4603
1,KCBW20150624_080430_V06,-36.520,0.215,127.452,329.395,11.892,-68.919,45.902,5946.144,87517.162,20150624_040430,479178,5541,21242,4163
1,KCBW20150624_081413_V06,-26.803,0.178,127.693,329.328,18.739,-68.917,45.902,9369.279,87392.447,20150624_041413,479175,4424,18226,3439
1,KCBW20150624_082356_V06,-17.087,0.063,127.116,328.792,11.764,-68.921,45.904,5882.029,87632.584,20150624_042356,479177,4244,16464,3442
2,KCBW20150624_074504_V06,-55.953,0.146,299.172,191.795,2.147,-67.812,46.526,1073.490,54103.924,20150624_034504,479175,8975,28818,5588
2,KCBW20150624_075447_V06,-46.237,0.118,299.247,191.792,9.371,-67.812,46.526,4685.365,54105.349,20150624_035447,479180,7176,25354,4603
5,KCBW20150624_074504_V06,-55.953,0.054,212.341,445.141,3.071,-68.367,45.385,1535.311,84779.326,20150624_034504,479175,8975,28818,5588
5,KCBW20150624_075447_V06,-46.237,0.051,212.240,445.116,10.646,-68.367,45.385,5322.957,84794.634,20150624_035447,479180,7176,25354,4603
14,KCBW20150624_091231_V06,31.497,0.132,127.979,328.592,10.745,-68.915,45.905,5372.534,87190.486,20150624_051231,479176,4769,22437,4111
14,KCBW20150624_092214_V06,41.213,0.236,127.730,328.618,17.602,-68.917,45.905,8801.078,87315.223,20150624_052214,479181,4565,25267,3932
14,KCBW20150624_093158_V06,50.947,-1.000,127.496,328.642,24.985,-68.919,45.905,12492.654,87432.709,20150624_053158,479182,4489,27268,3884
14,KCBW20150624_094141_V06,60.663,0.206,127.489,328.762,9.979,-68.919,45.904,4989.456,87445.993,20150624_054141,479185,4839,27781,4234
20,KCBW20150624_100107_V06,80.097,0.075,125.882,329.067,11.742,-68.929,45.903,5871.067,88263.864,20150624_060107,479176,4803,30126,4242
20,KCBW20150624_101050_V06,89.813,0.060,126.251,329.263,19.793,-68.926,45.902,9896.666,88097.980,20150624_061050,479178,4987,32109,4424
4,KCBW20150624_074504_V06,-55.953,0.054,261.252,407.053,16.443,-68.055,45.557,8221.674,56924.647,20150624_034504,479175,8975,28818,5588
11,KCBW20150624_085306_V06,12.080,0.105,130.284,327.584,10.297,-68.901,45.910,5148.674,85971.714,20150624_045306,479179,4429,18139,3887
12,KCBW20150624_090248_V06,21.780,0.146,298.958,191.943,2.342,-67.814,46.525,1170.883,54030.982,20150624_050248,479177,4798,19993,4111
16,KCBW20150624_092214_V06,41.213,0.291,297.244,328.892,7.473,-67.825,45.909,3736.298,14511.622,20150624_052214,479181,4565,25267,3932
19,KCBW20150624_094141_V06,60.663,0.063,299.350,192.175,1.990,-67.811,46.524,995.010,53913.273,20150624_054141,479185,4839,27781,4234
1,KCBW20150625_074932_V06,-51.823,0.164,299.442,191.287,2.495,-67.811,46.528,1247.448,54357.221,20150625_034932,479172,11200,32501,6574
1,KCBW20150625_075916_V06,-42.090,0.073,299.666,191.364,9.859,-67.809,46.528,4929.604,54318.455,20150625_035916,479175,8556,27276,5193
3,KCBW20150625_074932_V06,-51.823,0.060,262.765,410.524,12.694,-68.045,45.542,6347.086,58313.706,20150625_034932,479172,11200,32501,6574
4,KCBW20150625_075916_V06,-42.090,0.081,210.906,445.095,3.697,-68.376,45.385,1848.696,85132.745,20150625_035916,479175,8556,27276,5193
6,KCBW20150625_082823_V06,-12.973,0.124,209.540,443.709,8.672,-68.385,45.391,4335.947,84904.755,20150625_042823,479182,4105,16548,3319
6,KCBW20150625_083806_V06,-3.256,-1.000,209.540,443.709,24.121,-68.385,45.391,12060.697,84904.755,20150625_043806,479181,4022,17647,3210
6,KCBW20150625_084750_V06,6.477,0.056,210.301,443.585,8.585,-68.380,45.392,4292.294,84649.895,20150625_044750,479175,4147,18524,3326
9,KCBW20150625_091701_V06,35.660,0.051,259.658,408.700,17.117,-68.065,45.550,8558.350,57972.480,20150625_051701,479174,4240,21104,3355
2,KCBW20150626_074441_V06,-57.046,0.135,268.848,417.091,8.405,-68.006,45.512,4202.579,60581.964,20150626_034441,479179,11611,20730,6774
2,KCBW20150626_075426_V06,-47.296,0.073,270.084,417.534,15.685,-67.998,45.510,7842.409,60640.903,20150626_035426,479174,10502,19295,5890
1,KCBW20150626_074441_V06,-57.046,0.158,129.620,328.456,7.925,-68.905,45.906,3962.252,86370.217,20150626_034441,479179,11611,20730,6774
1,KCBW20150627_074925_V06,-52.721,0.066,129.630,327.714,7.039,-68.905,45.909,3519.381,86304.629,20150627_034925,479174,9099,24596,5048
1,KCBW20150627_075908_V06,-43.004,0.102,128.687,328.825,15.019,-68.911,45.904,7509.682,86860.803,20150627_035908,479178,7531,21210,4195
5,KCBW20150627_092639_V06,44.513,0.210,268.861,396.633,6.155,-68.007,45.604,3077.488,50763.173,20150627_052639,479177,2969,11861,2310
5,KCBW20150627_093622_V06,54.229,0.095,270.114,395.571,13.760,-67.998,45.609,6879.807,50067.391,20150627_053622,479173,2892,11000,2350
5,KCBW20150627_094605_V06,63.946,-1.000,271.293,394.572,21.833,-67.991,45.614,10916.503,49416.704,20150627_054605,479183,3125,10814,2643
5,KCBW20150627_095549_V06,73.679,0.064,269.639,394.164,6.717,-68.002,45.615,3358.744,49468.977,20150627_055549,479183,2950,10195,2393
2,KCBW20150627_083801_V06,-4.121,0.071,285.688,309.516,15.600,-67.899,45.996,7800.030,8593.314,20150627_043801,479179,2869,12395,2201
2,KCBW20150627_084744_V06,5.596,-1.000,285.688,309.516,31.050,-67.899,45.996,15524.780,8593.314,20150627_044744,479182,3053,12502,2317
2,KCBW20150627_085728_V06,15.329,0.057,300.269,303.859,23.958,-67.805,46.022,11979.118,1934.079,20150627_045728,479173,3038,12477,2443
4,KCBW20150627_090711_V06,25.046,0.113,129.268,328.166,8.353,-68.907,45.907,4176.608,86520.062,20150627_050711,479182,3235,12689,2702
1,KCBW20150628_074349_V06,-58.764,0.172,128.484,329.965,8.427,-68.912,45.899,4213.327,87057.008,20150628_034349,479181,13968,24511,8240
2,KCBW20150628_074349_V06,-58.764,0.125,298.695,191.467,2.660,-67.815,46.527,1329.929,54270.554,20150628_034349,479181,13968,24511,8240
4,KCBW20150628_074349_V06,-58.764,0.056,299.570,188.612,2.587,-67.810,46.540,1293.556,55694.354,20150628_034349,479181,13968,24511,8240
5,KCBW20150628_081956_V06,-22.648,0.061,261.247,408.075,17.415,-68.055,45.553,8707.634,57406.502,20150628_041956,479184,12349,31254,6896
1,KCBW20150630_074437_V06,-58.954,0.063,259.404,409.211,17.445,-68.067,45.548,8722.631,58255.958,20150630_034437,479178,10980,21892,5523
2,KCBW20150630_074437_V06,-58.954,0.058,299.216,191.727,2.273,-67.812,46.526,1136.494,54138.168,20150630_034437,479178,10980,21892,5523
3,KCBW20150630_074437_V06,-58.954,0.055,127.841,328.033,7.719,-68.916,45.908,3859.615,87212.977,20150630_034437,479178,10980,21892,5523
4,KCBW20150630_080404_V06,-39.504,0.057,20.330,199.609,16.579,-69.628,46.476,8289.469,148571.353,20150630_040404,479183,16140,25979,9049
6,KCBW20150630_090225_V06,18.846,0.128,295.820,190.594,4.982,-67.834,46.531,2491.169,54742.989,20150630_050225,479173,8523,15033,4632
1,KCBW20150701_074738_V06,-56.483,0.191,299.009,191.569,2.273,-67.813,46.527,1136.677,54217.993,20150701_034738,479180,35194,48424,8638
3,KCBW20150702_074455_V06,-59.777,0.052,130.759,329.475,3.582,-68.897,45.901,1790.875,85894.181,20150702_034455,479186,7625,37259,4184
3,KCBW20150702_074840_V06,-56.027,0.062,130.696,329.498,8.520,-68.898,45.901,4259.751,85927.534,20150702_034840,479189,7876,37997,4280
4,KCBW20150702_074840_V06,-56.027,0.105,300.003,191.804,2.144,-67.807,46.526,1072.063,54097.885,20150702_034840,479189,7876,37997,4280
6,KCBW20150702_074840_V06,-56.027,0.094,209.409,446.862,8.235,-68.385,45.377,4117.613,86277.396,20150702_034840,479189,7876,37997,4280
9,KCBW20150702_081830_V06,-26.194,0.063,212.080,444.935,3.076,-68.368,45.386,1538.231,84758.641,20150702_041830,479189,12697,37646,7501
18,KCBW20150702_093313_V06,48.523,0.079,298.324,191.875,2.298,-67.818,46.526,1149.220,54068.934,20150702_053313,479180,8353,29769,4217
3,KCBW20150703_074632_V06,-58.770,0.061,129.758,326.098,6.881,-68.904,45.916,3440.326,86115.630,20150703_034632,479176,7195,17369,4901
3,KCBW20150703_075615_V06,-49.054,0.095,129.571,327.340,14.883,-68.905,45.911,7441.511,86304.161,20150703_035615,479175,8159,20403,5547
1,KCBW20150704_074943_V06,-56.228,0.089,299.165,191.993,2.444,-67.812,46.525,1221.886,54005.354,20150704_034943,479174,10812,24645,6591
2,KCBW20150704_074943_V06,-56.228,0.056,129.094,327.782,8.342,-68.908,45.909,4171.061,86574.934,20150704_034943,479174,10812,24645,6591
1,KCBW20150705_075518_V06,-51.317,0.138,262.247,410.720,14.393,-68.049,45.541,7196.398,58489.565,20150705_035518,479178,20678,35758,12481
2,KCBW20150705_075518_V06,-51.317,0.131,131.201,331.138,4.940,-68.894,45.894,2470.188,85823.256,20150705_035518,479178,20678,35758,12481
4,KCBW20150705_083407_V06,-12.500,0.188,405.690,513.259,12.313,-67.136,45.078,6156.390,119005.988,20150705_043407,479181,16312,30048,11129
1,KCBW20150707_075308_V06,-54.916,0.059,298.429,191.776,2.418,-67.817,46.526,1209.248,54117.730,20150707_035308,479173,12947,24437,8426
2,KCBW20150707_083156_V06,-16.116,0.176,269.652,416.839,8.224,-68.001,45.513,4111.883,60357.859,20150707_043156,479189,21178,24365,18169
3,KCBW20150708_085154_V06,3.091,0.095,210.094,446.420,8.295,-68.381,45.379,4147.486,85909.564,20150708_045154,479191,22687,65506,5821
1,KCBW20150709_075924_V06,-50.197,0.063,127.775,330.830,7.000,-68.917,45.895,3500.220,87481.444,20150709_035924,479181,18796,30537,12043
1,KCBW20150710_082904_V06,-21.344,0.084,267.614,408.673,17.724,-68.014,45.550,8861.900,56698.155,20150710_042904,479167,29457,26421,23451
2,KCBW20150710_091941_V06,29.273,0.128,298.763,191.942,2.457,-67.815,46.525,1228.638,54032.684,20150710_051941,479167,11761,17630,8509
2,KCBW20150710_092923_V06,38.973,-1.000,298.763,191.942,17.880,-67.815,46.525,8940.138,54032.684,20150710_052923,479171,12473,17956,8975
2,KCBW20150710_093906_V06,48.690,0.092,298.090,192.188,2.692,-67.819,46.524,1346.169,53914.584,20150710_053906,479175,12197,18200,8660
1,KCBW20150712_075533_V06,-56.565,0.315,264.449,410.648,12.693,-68.035,45.541,6346.560,58109.438,20150712_035533,479176,69869,86694,14530
3,KCBW20150712_095722_V06,65.252,0.086,298.059,191.907,2.418,-67.820,46.525,1209.122,54055.251,20150712_055722,479179,7714,25282,5249
1,KCBW20150716_080806_V06,-47.704,0.088,129.378,329.342,8.212,-68.906,45.902,4106.056,86563.474,20150716_040806,479181,14429,31943,8368
1,KCBW20150717_081252_V06,-43.912,0.131,298.012,191.669,2.618,-67.820,46.526,1308.838,54174.725,20150717_041252,479169,23534,39607,12902
1,KCBW20150717_082234_V06,-34.212,-1.000,298.012,191.669,18.041,-67.820,46.526,9020.338,54174.725,20150717_042234,479173,14204,30456,7679
1,KCBW20150717_083218_V06,-24.479,0.097,299.156,191.347,2.722,-67.812,46.528,1360.813,54328.178,20150717_043218,479177,8076,19646,4803
4,KCBW20150717_092307_V06,26.338,0.057,298.091,191.791,2.622,-67.819,46.526,1310.886,54112.685,20150717_052307,479173,10161,12006,7454
5,KCBW20150717_093249_V06,36.038,0.083,261.743,411.416,15.877,-68.052,45.538,7938.690,58900.611,20150717_053249,479173,10023,11601,7344
1,KCBW20150718_075908_V06,-58.640,0.147,299.150,191.992,2.255,-67.812,46.525,1127.289,54005.702,20150718_035908,479168,60720,69640,21681
4,KCBW20150718_093312_V06,35.427,0.102,298.796,191.633,2.207,-67.815,46.527,1103.722,54186.844,20150718_053312,479170,59720,65833,12804
3,KCBW20150719_082224_V06,-36.386,0.062,269.490,416.150,7.168,-68.002,45.516,3584.112,60045.338,20150719_042224,479172,24013,41039,5140
14,KCBW20150720_084722_V06,-12.449,0.093,56.872,431.496,65.037,-69.361,45.437,32518.280,138205.153,20150720_044722,479171,373206,343024,33358
17,KCBW20150720_085248_V06,-7.016,0.052,44.264,123.192,46.106,-69.483,46.822,23053.003,155452.493,20150720_045248,479170,371122,340425,34039
25,KCBW20150720_092417_V06,24.467,0.144,7.346,465.750,9.607,-69.672,45.278,4803.586,168166.032,20150720_052417,479173,349223,321559,31292
7,KCBW20150721_084003_V06,-20.812,0.151,260.008,177.652,34.063,-68.068,46.589,17031.296,64359.107,20150721_044003,479165,16626,49808,9009
3,KCBW20150722_085846_V06,-3.158,0.084,273.624,392.364,2.112,-67.976,45.624,1056.023,48028.177,20150722_045846,479170,37188,46584,7652
6,KCBW20150722_092340_V06,21.742,0.060,211.933,445.071,4.908,-68.369,45.385,2454.031,84854.939,20150722_052340,479173,32457,41308,8141
9,KCBW20150722_095812_V06,56.275,0.099,416.973,131.417,44.235,-67.041,46.795,22117.279,102594.936,20150722_055812,479178,30094,41567,8156
1,KCBW20150724_080654_V06,-57.193,0.076,268.698,414.509,7.281,-68.007,45.524,3640.484,59355.201,20150724_040654,479175,83240,57582,46924
1,KCBW20150725_081102_V06,-54.163,0.071,277.390,346.385,8.682,-67.952,45.830,4341.038,25800.981,20150725_041102,479173,79742,79061,30283
8,KCBW20150726_100112_V06,54.887,0.052,32.594,418.571,33.121,-69.518,45.493,16560.333,146257.398,20150726_060112,479175,10341,20752,5901
8,KCBW20150726_100456_V06,58.620,0.092,32.617,418.187,37.817,-69.517,45.495,18908.736,146169.421,20150726_060456,479166,10866,20636,6259
8,KCBW20150726_100841_V06,62.370,0.144,32.910,419.406,37.907,-69.515,45.489,18953.601,146283.091,20150726_060841,479172,10444,20773,5817
7,KCBW20150726_095029_V06,44.170,0.419,24.809,414.732,33.790,-69.568,45.509,16894.901,149075.110,20150726_055029,479176,10193,20397,5846
7,KCBW20150726_095341_V06,47.370,0.263,24.850,414.921,38.098,-69.568,45.509,19048.869,149092.498,20150726_055341,479176,10448,20691,6010
6,KCBW20150726_093105_V06,24.770,0.115,7.592,236.274,12.483,-69.705,46.310,6241.717,149635.722,20150726_053105,479167,10722,19746,6553
9,KCBW20150726_102342_V06,77.387,0.140,260.787,406.921,17.051,-68.058,45.558,8525.461,56942.423,20150726_062342,479185,11990,22114,6049
3,KCBW20150727_081618_V06,-51.142,0.081,127.915,328.998,6.016,-68.916,45.903,3007.759,87255.818,20150727_041618,479164,8806,39602,5810
4,KCBW20150727_082559_V06,-41.458,0.091,208.167,446.997,7.087,-68.393,45.376,3543.362,86662.382,20150727_042559,479171,7972,36305,5448
8,KCBW20150727_093351_V06,26.408,0.070,299.159,191.894,2.419,-67.812,46.525,1209.488,54054.843,20150727_053351,479163,3745,35103,3023
8,KCBW20150727_094334_V06,36.125,-1.000,299.159,191.894,17.868,-67.812,46.525,8934.238,54054.843,20150727_054334,479166,3811,36375,3179
8,KCBW20150727_095315_V06,45.808,0.050,299.404,192.120,1.926,-67.811,46.524,963.161,53940.764,20150727_055315,479171,3460,38805,2884
10,KCBW20150727_100256_V06,55.492,0.102,261.575,408.095,15.681,-68.053,45.553,7840.633,57360.877,20150727_060256,479170,3564,40311,2878
11,KCBW20150727_102221_V06,74.908,0.115,299.118,191.456,2.239,-67.813,46.527,1119.480,54274.026,20150727_062221,479170,3742,44342,2946
10,KCBW20150728_091327_V06,4.869,0.077,93.950,268.824,108.090,-69.141,46.172,54044.998,104197.823,20150728_051327,479175,177932,179628,22455
2,KCBW20150731_081516_V06,-56.791,0.129,297.581,191.926,2.520,-67.823,46.525,1259.933,54050.643,20150731_041516,479179,15189,33667,7719
2,KCBW20150803_101047_V06,55.171,0.069,297.813,191.585,2.742,-67.821,46.527,1371.159,54218.360,20150803_061047,479171,8744,16433,6514
2,KCBW20150803_102030_V06,64.888,0.061,297.589,190.979,11.229,-67.823,46.530,5614.403,54523.712,20150803_062030,479169,7953,16727,5830
1,KCBW20150803_083336_V06,-42.012,0.203,129.883,327.857,8.922,-68.903,45.909,4460.754,86191.425,20150803_043336,479171,20905,31923,11936
1,KCBW20150805_082742_V06,-50.318,0.053,28.778,197.722,40.676,-69.573,46.486,20338.226,144932.880,20150805_042742,479180,31025,47082,13303
4,KCBW20150808_084531_V06,-36.155,0.066,269.167,415.575,10.383,-68.004,45.519,5191.389,59808.580,20150808_044531,479188,116393,92774,60515
4,KCBW20150808_084916_V06,-32.405,-1.000,269.167,415.575,16.345,-68.004,45.519,8172.639,59808.580,20150808_044916,479180,100113,90466,49582
4,KCBW20150808_085300_V06,-28.671,0.052,268.760,416.359,8.899,-68.007,45.516,4449.631,60239.890,20150808_045300,479181,84278,86681,39569
10,KCBW20150808_093404_V06,12.395,0.119,268.284,415.959,8.685,-68.010,45.517,4342.319,60108.918,20150808_053404,479176,54077,61961,28149
33,KCBW20150808_104121_V06,79.679,0.076,268.335,414.335,8.526,-68.010,45.525,4262.917,59319.513,20150808_064121,479179,30453,47004,15191
1,KCBW20150810_093437_V06,10.486,0.349,298.178,301.795,11.170,-67.819,46.031,5584.831,1279.066,20150810_053437,479170,15687,26158,9976
2,KCBW20150811_083433_V06,-50.816,0.055,362.524,267.320,16.568,-67.402,46.185,8283.848,35274.893,20150811_043433,479190,70345,54418,39736
2,KCBW20150811_083816_V06,-47.099,0.076,362.818,266.715,21.437,-67.400,46.188,10718.645,35545.766,20150811_043816,479170,68553,54553,38080
7,KCBW20150811_104004_V06,74.701,0.085,27.339,436.526,34.708,-69.549,45.412,17354.218,152465.668,20150811_064004,479184,12385,21486,6443
7,KCBW20150811_104348_V06,78.434,0.061,27.469,435.938,39.952,-69.548,45.414,19975.955,152276.182,20150811_064348,479189,12174,21287,6782
16,KCBW20150812_102503_V06,58.446,0.082,329.071,328.545,29.047,-67.620,45.911,14523.748,20370.974,20150812_062503,479173,73386,99287,11024
1,KCBW20150813_083922_V06,-48.479,0.059,270.768,416.046,7.769,-67.994,45.517,3884.481,59835.506,20150813_043922,479169,58494,48313,40354
1,KCBW20150814_083425_V06,-54.672,0.054,130.914,331.213,3.379,-68.896,45.894,1689.281,85971.597,20150814_043425,479168,93044,35153,75185
1,KCBW20150815_083730_V06,-52.834,0.106,297.147,191.636,4.829,-67.826,46.527,2414.471,54200.895,20150815_043730,479173,134189,29266,115575
3,KCBW20150815_100454_V06,34.566,0.053,264.608,411.311,12.378,-68.034,45.538,6188.816,58400.970,20150815_060454,479171,23161,26768,16478
1,KCBW20150818_085052_V06,-43.211,0.062,131.174,332.063,5.329,-68.895,45.890,2664.360,85921.698,20150818_045052,479166,133105,41089,108467
2,KCBW20150823_100205_V06,21.757,0.320,297.182,193.781,4.865,-67.825,46.517,2432.365,53128.126,20150823_060205,479164,68013,37555,54455
1,KCBW20150828_091631_V06,-30.051,0.623,389.179,155.857,31.703,-67.224,46.686,15851.711,84749.737,20150828_051631,479174,37613,46663,25683
1,KCBW20150828_092613_V06,-20.351,0.125,392.632,162.212,40.156,-67.202,46.657,20078.248,83015.448,20150828_052613,479163,19788,29864,15228
2,KCBW20150828_094538_V06,-0.934,0.116,298.435,191.804,2.294,-67.817,46.526,1146.965,54103.806,20150828_054538,479174,20553,28757,15877
1,KCBW20150829_085206_V06,-55.714,0.083,128.902,330.524,8.265,-68.909,45.897,4132.716,86899.742,20150829_045206,479173,70004,35028,53910
4,KCBW20150830_090535_V06,-43.477,0.194,305.856,523.186,18.701,-67.770,45.035,9350.750,111631.208,20150830_050535,479176,135437,93019,68402
1,KCBW20150831_085946_V06,-50.539,0.132,129.065,327.244,6.851,-68.909,45.911,3425.266,86546.352,20150831_045946,479173,45347,33810,33380
1,KCBW20150831_090930_V06,-40.806,0.078,129.259,327.726,14.842,-68.907,45.909,7420.911,86488.987,20150831_050930,479171,36096,35481,24361
1,KCBW20150903_085751_V06,-56.192,0.074,127.259,330.948,7.625,-68.920,45.895,3812.677,87745.909,20150903_045751,479174,98632,38992,76437
1,KCBW20150906_090153_V06,-55.897,0.052,125.390,327.942,9.423,-68.932,45.908,4711.287,88415.855,20150906_050153,479179,130267,45775,102108
1,KCBW20150907_090334_V06,-55.460,0.222,129.737,328.584,8.581,-68.904,45.905,4290.317,86322.661,20150907_050334,479179,57259,38451,40164
1,KCBW20150907_091318_V06,-45.727,0.060,128.710,329.264,17.569,-68.911,45.902,8784.441,86886.170,20150907_051318,479168,54108,39580,37109
1,KCBW20150907_092301_V06,-36.010,0.053,131.120,328.938,9.483,-68.895,45.904,4741.451,85670.835,20150907_052301,479170,29551,39497,15609
1,KCBW20150907_093244_V06,-26.294,-1.000,131.120,328.938,24.932,-68.895,45.904,12466.201,85670.835,20150907_053244,479169,10326,24442,5779
1,KCBW20150907_094227_V06,-16.577,0.129,129.414,329.792,11.126,-68.906,45.900,5562.845,86583.797,20150907_054227,479173,5783,18272,4668
6,KCBW20150907_100153_V06,2.856,0.193,127.692,330.798,11.824,-68.917,45.895,5912.182,87519.373,20150907_060153,479172,9723,17085,7089
6,KCBW20150907_101136_V06,12.573,0.069,128.326,330.263,19.126,-68.913,45.898,9562.855,87160.618,20150907_061136,479173,15700,21076,10585
6,KCBW20150907_102119_V06,22.290,0.159,127.995,330.291,11.456,-68.915,45.898,5728.249,87326.158,20150907_062119,479173,21034,24161,13886
6,KCBW20150907_103102_V06,32.006,0.223,127.453,330.083,18.679,-68.919,45.898,9339.362,87574.755,20150907_063102,479172,22475,26377,14582
6,KCBW20150907_104045_V06,41.723,0.055,127.374,331.350,10.402,-68.919,45.893,5200.880,87724.583,20150907_064045,479170,22128,26292,14177
8,KCBW20150907_100153_V06,2.856,0.072,299.023,191.664,2.160,-67.813,46.526,1079.990,54170.262,20150907_060153,479172,9723,17085,7089
12,KCBW20150907_110954_V06,70.873,0.070,126.520,330.363,11.995,-68.925,45.897,5997.747,88058.787,20150907_070954,479171,17622,21686,11611
4,KCBW20150909_103345_V06,32.229,0.166,209.666,446.300,8.540,-68.384,45.380,4269.915,85970.738,20150909_063345,479180,49227,56831,7538
1,KCBW20150912_092133_V06,-43.717,0.102,124.681,327.405,8.481,-68.937,45.910,4240.655,88724.196,20150912_052133,479172,46176,38772,33361
2,KCBW20150912_092133_V06,-43.717,0.073,264.777,411.486,13.316,-68.032,45.537,6657.761,58459.027,20150912_052133,479172,46176,38772,33361
3,KCBW20150912_104132_V06,36.267,0.138,298.265,191.518,2.626,-67.818,46.527,1312.817,54247.992,20150912_064132,479165,7720,39337,5508
3,KCBW20150912_105114_V06,45.967,-1.000,298.265,191.518,18.049,-67.818,46.527,9024.317,54247.992,20150912_065114,479167,8423,41047,5528
3,KCBW20150912_110058_V06,55.700,0.103,298.088,191.735,2.558,-67.819,46.526,1278.805,54141.037,20150912_070058,479173,8048,43066,5623
5,KCBW20150913_112601_V06,79.500,0.061,38.067,402.072,51.914,-69.485,45.568,25957.094,140559.084,20150913_072601,479173,364007,328473,53258
1,KCBW20150915_105157_V06,42.932,0.120,299.047,192.075,2.505,-67.813,46.525,1252.316,53964.566,20150915_065157,479172,14096,26979,8599
1,KCBW20150917_091755_V06,-53.607,0.062,127.313,326.398,3.436,-68.920,45.915,1717.984,87346.252,20150917_051755,479174,93082,25951,80258
2,KCBW20150917_100626_V06,-5.091,0.269,299.136,191.634,2.257,-67.813,46.527,1128.723,54184.765,20150917_060626,479168,12810,20108,8991
1,KCBW20150918_092756_V06,-44.845,0.095,129.682,330.113,12.332,-68.904,45.898,6166.115,86479.583,20150918_052756,479166,133683,35738,112987
2,KCBW20150918_105512_V06,42.422,0.083,297.719,191.585,2.564,-67.822,46.527,1282.158,54219.390,20150918_065512,479169,23172,27752,15170
2,KCBW20150920_094233_V06,-32.742,0.079,58.936,418.270,64.856,-69.349,45.497,32428.219,134256.835,20150920_054233,479184,188662,169126,46851
1,KCBW20150921_095235_V06,-23.967,0.159,298.121,299.919,6.945,-67.819,46.040,3472.702,940.182,20150921_055235,479171,33248,45464,16592
1,KCBW20150925_100834_V06,-13.037,0.051,303.686,320.149,13.212,-67.783,45.949,6606.140,10241.862,20150925_060834,479185,5624,14220,3965
1,KCBW20150927_093150_V06,-52.312,0.115,129.453,331.467,5.616,-68.906,45.892,2807.821,86712.964,20150927_053150,479172,22958,30924,14132
3,KCBW20150927_093150_V06,-52.312,0.058,212.553,446.275,3.117,-68.365,45.380,1558.365,85210.343,20150927_053150,479172,22958,30924,14132
1,KCBW20150928_092728_V06,-57.954,0.051,131.772,334.289,4.998,-68.890,45.880,2499.028,85843.295,20150928_052728,479166,34901,44132,21914
2,KCBW20150928_100622_V06,-19.054,0.058,286.300,157.080,2.572,-67.896,46.682,1285.870,71787.578,20150928_060622,479170,6624,28909,5038
4,KCBW20150928_103530_V06,10.080,0.079,299.249,191.702,2.051,-67.812,46.526,1025.425,54150.091,20150928_063530,479171,14898,32522,10161
1,KCBW20150929_092821_V06,-58.349,0.064,273.227,390.425,2.384,-67.979,45.632,1192.051,47152.830,20150929_052821,479176,53157,74758,10343
8,KCBW20150929_105511_V06,28.484,0.087,496.212,429.999,26.028,-66.553,45.447,13014.141,117684.857,20150929_065511,479177,45202,64029,8873
8,KCBW20150929_105835_V06,31.884,0.058,506.799,428.450,20.556,-66.485,45.454,10277.903,121722.114,20150929_065835,479160,46064,62976,9541
1,KCBW20151002_093152_V06,-58.691,0.050,212.620,446.179,3.294,-68.365,45.380,1646.872,85152.047,20151002_053152,479171,58138,69150,25620
1,KCBW20151003_094025_V06,-51.435,0.066,129.243,330.953,5.683,-68.907,45.895,2841.409,86769.684,20151003_054025,479173,48675,51348,29352
1,KCBW20151003_095008_V06,-41.718,0.066,130.545,329.399,3.762,-68.899,45.902,1881.003,85993.043,20151003_055008,479168,43248,49159,25191
1,KCBW20151004_095634_V06,-36.584,0.062,28.011,429.156,38.910,-69.545,45.445,19454.897,150548.383,20151004_055634,479174,125581,67034,93645
2,KCBW20151004_100619_V06,-26.834,0.087,300.913,300.220,14.426,-67.801,46.038,7212.856,469.565,20151004_060619,479176,34706,39939,20658
3,KCBW20151004_100619_V06,-26.834,0.054,298.894,192.015,2.325,-67.814,46.525,1162.369,53995.460,20151004_060619,479176,34706,39939,20658
4,KCBW20151004_102545_V06,-7.401,0.142,258.605,408.066,19.142,-68.072,45.553,9571.236,57861.505,20151004_062545,479175,11844,15795,8537
1,KCBW20151007_105148_V06,14.723,0.051,19.936,208.878,27.748,-69.629,46.435,13873.787,147257.257,20151007_065148,479175,12934,18024,9303
1,KCBW20151007_110132_V06,24.457,0.063,23.317,208.981,40.212,-69.607,46.434,20106.143,145635.005,20151007_070132,479167,11419,16500,8426
1,KCBW20151007_111115_V06,34.173,-1.000,26.490,209.077,52.835,-69.586,46.434,26417.351,144113.424,20151007_071115,479176,9919,15727,7236
1,KCBW20151007_112059_V06,43.907,0.067,47.306,217.002,55.992,-69.450,46.401,27995.967,132987.657,20151007_072059,479173,9130,15714,6662
2,KCBW20151008_103424_V06,-3.995,0.053,298.474,191.800,2.462,-67.817,46.526,1231.060,54105.385,20151008_063424,479177,6802,23345,5145
2,KCBW20151008_104409_V06,5.755,0.219,298.751,191.975,9.187,-67.815,46.525,4593.563,54015.987,20151008_064409,479171,10888,26460,8216
1,KCBW20151008_095529_V06,-42.912,0.061,297.729,191.250,2.069,-67.822,46.528,1034.264,54386.636,20151008_055529,479176,21141,36522,14090
1,KCBW20151009_103102_V06,-8.685,0.052,268.894,415.660,7.605,-68.006,45.519,3802.498,59884.860,20151009_063102,479175,6467,7983,4407
2,KCBW20151009_111941_V06,39.965,0.065,27.337,180.876,57.165,-69.585,46.561,28582.628,148774.606,20151009_071941,479176,20896,19593,11205
2,KCBW20151010_094616_V06,-54.780,0.211,130.188,331.885,9.396,-68.901,45.890,4698.146,86389.737,20151010_054616,479169,15526,38214,10641
2,KCBW20151010_095558_V06,-45.080,0.076,129.681,332.128,18.289,-68.904,45.889,9144.743,86661.564,20151010_055558,479173,16514,32461,12292
1,KCBW20151010_094616_V06,-54.780,0.222,357.490,192.205,28.149,-67.432,46.523,14074.455,61083.478,20151010_054616,479169,15526,38214,10641
4,KCBW20151010_094616_V06,-54.780,0.072,209.614,447.418,6.958,-68.384,45.375,3478.909,86460.333,20151010_054616,479169,15526,38214,10641
2,KCBW20151011_100405_V06,-38.297,0.065,27.715,227.680,34.380,-69.576,46.351,17190.050,140862.838,20151011_060405,479174,162317,156885,36438
2,KCBW20151011_101350_V06,-28.547,0.116,35.809,230.040,46.328,-69.523,46.341,23163.777,136648.718,20151011_061350,479164,155073,157570,27287
3,KCBW20151011_101350_V06,-28.547,0.123,42.696,449.952,50.489,-69.449,45.353,25244.549,148905.306,20151011_061350,479164,155073,157570,27287
3,KCBW20151011_102334_V06,-18.814,0.052,49.388,454.721,63.201,-69.405,45.332,31600.547,147262.474,20151011_062334,479171,151576,151958,24170
5,KCBW20151011_105243_V06,10.336,0.103,68.487,415.428,74.407,-69.288,45.510,37203.346,129346.305,20151011_065243,479173,163203,160273,24900
6,KCBW20151011_105243_V06,10.336,0.082,25.577,296.154,30.968,-69.580,46.043,15484.213,137224.889,20151011_065243,479173,163203,160273,24900
9,KCBW20151011_112312_V06,40.819,0.121,10.771,384.930,15.256,-69.662,45.642,7627.753,150720.157,20151011_072312,479171,165661,156429,29996
10,KCBW20151011_112312_V06,40.819,0.093,208.539,278.435,23.946,-68.399,46.135,11973.181,46984.624,20151011_072312,479171,165661,156429,29996
14,KCBW20151011_120130_V06,79.119,0.230,57.103,360.610,73.081,-69.368,45.756,36540.604,125172.202,20151011_080130,479188,220271,196970,41977
14,KCBW20151011_120549_V06,83.436,0.056,60.686,396.150,64.492,-69.341,45.596,32246.033,128953.330,20151011_080549,479176,224656,202782,42438
1,KCBW20151012_100822_V06,-35.353,0.073,283.365,155.152,1.674,-67.916,46.691,836.800,72900.164,20151012_060822,479173,53232,39040,40625
1,KCBW20151013_095349_V06,-51.246,0.151,128.322,329.923,8.533,-68.913,45.899,4266.712,87133.171,20151013_055349,479161,17230,28511,11066
2,KCBW20151013_095349_V06,-51.246,0.141,299.022,191.867,2.612,-67.813,46.526,1305.939,54068.921,20151013_055349,479161,17230,28511,11066
5,KCBW20151013_104228_V06,-2.596,0.093,300.920,301.826,14.397,-67.801,46.031,7198.559,1022.408,20151013_064228,479170,3733,10401,3027
6,KCBW20151013_114046_V06,55.704,0.154,300.112,300.643,12.007,-67.806,46.036,6003.590,326.100,20151013_074046,479175,6617,10850,5163
1,KCBW20151014_095242_V06,-53.712,0.116,130.692,329.596,8.235,-68.898,45.901,4117.299,85937.500,20151014_055242,479174,56071,38629,42577
6,KCBW20151014_111012_V06,23.788,0.157,326.015,319.320,20.058,-67.639,45.952,10028.996,16202.087,20151014_071012,479167,11156,22348,8610
4,KCBW20151016_113231_V06,43.392,0.119,28.357,416.680,50.386,-69.545,45.501,25193.169,147821.167,20151016_073231,479176,188290,176244,34965
4,KCBW20151016_113635_V06,47.459,0.226,29.042,416.914,56.381,-69.540,45.500,28190.745,147552.599,20151016_073635,479167,190111,179877,35538
3,KCBW20151016_112827_V06,39.326,0.080,24.554,434.709,37.657,-69.567,45.420,18828.468,153311.151,20151016_072827,479175,191396,177352,35017
10,KCBW20151016_120629_V06,77.359,0.123,11.445,275.878,17.984,-69.674,46.132,8991.897,144780.529,20151016_080629,479173,202916,198388,37373
8,KCBW20151017_115215_V06,61.762,0.320,52.714,336.899,53.378,-69.399,45.862,26688.927,125011.747,20151017_075215,479179,129307,129604,17417
8,KCBW20151017_115607_V06,65.629,0.294,53.998,335.964,58.655,-69.391,45.866,29327.447,124308.633,20151017_075607,479171,132065,132054,17653
8,KCBW20151017_120013_V06,69.729,0.364,58.509,332.408,60.004,-69.363,45.883,30001.858,121828.119,20151017_080013,479181,135239,135373,17218
8,KCBW20151017_120432_V06,74.045,0.180,63.606,330.075,62.265,-69.330,45.894,31132.571,119149.890,20151017_080432,479186,139377,139685,16890
7,KCBW20151017_114104_V06,50.579,0.142,40.040,353.525,49.711,-69.479,45.786,24855.358,132706.439,20151017_074104,479181,122977,122214,18287
7,KCBW20151017_114443_V06,54.229,0.152,40.909,352.462,54.732,-69.473,45.791,27366.190,132174.535,20151017_074443,479171,124485,124529,17604
1,KCBW20151017_102034_V06,-29.921,0.149,270.357,420.609,2.978,-67.997,45.496,1489.109,62099.345,20151017_062034,479173,110869,96822,36567
3,KCBW20151017_103953_V06,-10.605,0.052,268.254,416.708,8.523,-68.010,45.514,4261.633,60474.348,20151017_063953,479182,81971,84187,12321
6,KCBW20151017_113429_V06,43.995,0.085,31.980,372.059,50.470,-69.528,45.702,25235.203,138769.122,20151017_073429,479165,118550,117910,18278
1,KCBW20151018_095612_V06,-55.656,0.082,265.935,415.052,8.823,-68.025,45.521,4411.606,59994.330,20151018_055612,479177,23069,33371,15924
2,KCBW20151018_095612_V06,-55.656,0.051,127.543,326.670,6.357,-68.918,45.914,3178.576,87253.608,20151018_055612,479177,23069,33371,15924
3,KCBW20151018_105434_V06,2.710,0.273,299.452,297.509,25.098,-67.810,46.050,12548.962,1275.080,20151018_065434,479170,13135,19279,10694
4,KCBW20151018_113332_V06,41.677,0.066,213.137,446.585,8.410,-68.361,45.378,4204.767,85194.573,20151018_073332,479165,10511,18858,8543
1,KCBW20151021_100148_V06,-54.189,0.056,129.207,328.270,8.232,-68.908,45.907,4115.994,86558.353,20151021_060148,479171,25707,33678,17085
1,KCBW20151022_100514_V06,-52.143,0.175,31.595,154.819,58.551,-69.561,46.679,29275.583,152577.013,20151022_060514,479172,204612,173777,65639
1,KCBW20151022_101350_V06,-43.543,0.084,37.262,153.330,68.261,-69.524,46.686,34130.522,150451.988,20151022_061350,479168,195132,172065,61882
1,KCBW20151022_101702_V06,-40.343,0.066,40.830,175.013,54.579,-69.498,46.589,27289.448,143867.006,20151022_061702,479172,191340,170224,60203
14,KCBW20151022_110202_V06,4.657,0.052,419.723,567.367,44.388,-67.050,44.834,22194.160,146473.911,20151022_070202,479174,122682,137994,24814
24,KCBW20151022_115151_V06,54.474,0.228,265.439,412.646,11.161,-68.028,45.532,5580.475,58914.446,20151022_075151,479183,122497,126742,23931
1,KCBW20151023_100329_V06,-55.283,0.113,128.257,328.912,8.064,-68.914,45.904,4031.996,87080.014,20151023_060329,479168,11968,19835,6187
3,KCBW20151023_100329_V06,-55.283,0.082,296.043,190.500,5.466,-67.833,46.532,2733.238,54785.872,20151023_060329,479168,11968,19835,6187
5,KCBW20151023_100329_V06,-55.283,0.052,209.456,446.771,8.182,-68.385,45.377,4090.981,86226.334,20151023_060329,479168,11968,19835,6187
6,KCBW20151023_105424_V06,-4.367,0.093,295.364,300.516,19.952,-67.837,46.037,9975.800,2332.313,20151023_065424,479171,9188,14102,7507
7,KCBW20151023_111351_V06,15.083,0.055,207.999,447.066,8.506,-68.394,45.376,4252.920,86736.277,20151023_071351,479172,10397,12874,8416
1,KCBW20151025_100458_V06,-56.594,0.108,298.597,191.694,2.723,-67.816,46.526,1361.332,54157.312,20151025_060458,479186,97475,100631,18427
1,KCBW20151026_101015_V06,-52.714,0.050,298.166,191.396,2.422,-67.819,46.528,1211.193,54309.727,20151026_061015,479170,12021,27789,7347
1,KCBW20151028_101416_V06,-51.514,0.091,270.487,416.067,6.555,-67.996,45.517,3277.737,59880.344,20151028_061416,479178,63247,49594,42635
2,KCBW20151028_110257_V06,-2.831,0.141,269.297,416.059,7.246,-68.003,45.517,3622.890,60025.828,20151028_070257,479172,88978,50394,59606
4,KCBW20151029_101802_V06,-49.162,0.146,71.154,411.488,60.187,-69.272,45.528,30093.687,127279.072,20151029_061802,479171,406595,381726,25504
8,KCBW20151029_103515_V06,-31.945,0.151,64.731,442.230,45.709,-69.309,45.389,22854.256,137460.018,20151029_063515,479177,405451,380726,25193
8,KCBW20151029_103932_V06,-27.662,-1.000,64.731,442.230,52.519,-69.309,45.389,26259.506,137460.018,20151029_063932,479183,404415,378405,26512
8,KCBW20151029_104351_V06,-23.345,0.059,100.783,417.513,40.345,-69.081,45.503,20172.480,115646.654,20151029_064351,479180,402587,376977,26144
4,KCBW20151030_104259_V06,-25.629,0.061,26.414,193.733,33.245,-69.589,46.503,16622.513,146749.664,20151030_064259,479178,53552,60330,16884
4,KCBW20151030_105242_V06,-15.912,-1.000,26.414,193.733,48.695,-69.589,46.503,24347.263,146749.664,20151030_065242,479173,54029,64160,16445
4,KCBW20151030_110226_V06,-6.179,0.312,41.218,159.164,63.526,-69.498,46.660,31762.994,147311.496,20151030_070226,479171,52097,66598,15983
1,KCBW20151030_101350_V06,-54.779,0.090,258.331,408.261,18.062,-68.074,45.552,9031.248,58001.523,20151030_061350,479174,55518,62254,18470
3,KCBW20151030_104259_V06,-25.629,0.072,385.620,133.533,33.014,-67.246,46.787,16506.798,93597.439,20151030_064259,479178,53552,60330,16884
5,KCBW20151030_104259_V06,-25.629,0.056,55.850,293.809,74.358,-69.385,46.056,37178.753,122114.334,20151030_064259,479178,53552,60330,16884
10,KCBW20151030_111208_V06,3.521,0.180,32.549,278.291,27.965,-69.537,46.124,13982.675,134165.119,20151030_071208,479167,49810,65955,17671
14,KCBW20151030_122011_V06,71.571,0.057,275.293,171.152,72.793,-67.968,46.619,36396.347,65597.826,20151030_082011,479172,26719,32585,14151
1,KCBW20151031_101029_V06,-59.550,0.078,127.801,325.001,3.444,-68.917,45.921,1722.015,87002.425,20151031_061029,479171,35312,42118,20469
1,KCBW20151101_104720_V06,-24.123,0.111,25.325,335.845,34.801,-69.576,45.864,17400.608,138501.962,20151101_054720,479174,87292,93692,11703
1,KCBW20151101_105059_V06,-20.473,0.089,25.742,335.337,39.796,-69.573,45.867,19898.039,138262.606,20151101_055059,479170,83930,87941,11270
4,KCBW20151101_123225_V06,80.960,0.075,30.052,389.117,31.785,-69.538,45.625,15892.498,142138.835,20151101_073225,479172,119742,112896,26350
1,KCBW20151102_101323_V06,-59.499,0.103,298.977,192.053,2.298,-67.814,46.525,1148.884,53975.983,20151102_051323,479167,16118,35989,6562
1,KCBW20151102_102306_V06,-49.783,0.102,298.539,191.793,9.691,-67.816,46.526,4845.411,54108.581,20151102_052306,479165,17837,36647,7286
6,KCBW20151102_120325_V06,50.534,0.052,22.459,394.755,25.269,-69.586,45.599,12634.583,146635.244,20151102_070325,479174,40772,43863,17368
9,KCBW20151103_114353_V06,29.573,0.130,22.432,292.135,28.418,-69.601,46.060,14208.891,138839.916,20151103_064353,479185,377465,302445,81098
13,KCBW20151103_123726_V06,83.123,0.124,43.026,204.777,60.005,-69.480,46.455,30002.747,137024.844,20151103_073726,479174,389005,312094,89079
2,KCBW20151106_102056_V06,-57.670,0.068,259.367,407.881,17.428,-68.067,45.554,8714.054,57639.780,20151106_052056,479167,3674,11281,2827
1,KCBW20151107_102046_V06,-59.269,0.118,297.703,191.509,2.469,-67.822,46.527,1234.737,54257.853,20151107_052046,479169,12956,25827,7662
1,KCBW20151107_103030_V06,-49.535,0.206,298.374,191.369,9.419,-67.818,46.528,4709.533,54321.794,20151107_053030,479171,14855,28573,8621
3,KCBW20151107_102046_V06,-59.269,0.051,130.185,329.514,5.004,-68.901,45.901,2502.035,86180.119,20151107_052046,479169,12956,25827,7662
10,KCBW20151108_121415_V06,52.783,0.128,288.224,306.137,21.535,-67.883,46.012,10767.544,6639.676,20151108_071415,479170,17635,21675,12130
10,KCBW20151108_122358_V06,62.500,0.148,288.970,305.250,30.125,-67.878,46.016,15062.678,6107.661,20151108_072358,479168,16113,20476,11323
1,KCBW20151108_102714_V06,-54.233,0.113,268.774,414.301,8.594,-68.007,45.525,4296.844,59244.988,20151108_052714,479170,57393,69159,25115
2,KCBW20151108_102714_V06,-54.233,0.058,128.797,329.564,5.038,-68.910,45.901,2518.754,86868.180,20151108_052714,479170,57393,69159,25115
3,KCBW20151108_102714_V06,-54.233,0.051,209.648,447.574,6.950,-68.384,45.374,3475.115,86517.893,20151108_052714,479170,57393,69159,25115
1,KCBW20151109_102354_V06,-58.997,0.142,299.600,301.939,9.888,-67.810,46.030,4943.890,990.160,20151109_052354,479174,19678,30241,9932
2,KCBW20151109_102354_V06,-58.997,0.064,127.550,329.588,8.156,-68.918,45.901,4078.199,87484.855,20151109_052354,479174,19678,30241,9932
3,KCBW20151109_102354_V06,-58.997,0.055,210.414,444.860,5.564,-68.379,45.386,2781.887,85161.951,20151109_052354,479174,19678,30241,9932
4,KCBW20151109_110248_V06,-20.097,0.082,299.831,300.420,9.420,-67.808,46.037,4709.957,226.490,20151109_060248,479173,16551,22844,10096
5,KCBW20151109_123025_V06,67.520,0.071,128.003,332.520,8.237,-68.915,45.888,4118.355,87521.913,20151109_073025,479175,17869,15230,13032
1,KCBW20151110_122647_V06,62.458,0.060,129.328,328.212,8.196,-68.907,45.907,4098.106,86493.902,20151110_072647,479168,20679,17908,14867
1,KCBW20151111_104306_V06,-42.651,0.066,127.992,328.952,7.935,-68.915,45.904,3967.699,87213.558,20151111_054306,479173,17574,25751,9871
1,KCBW20151112_103533_V06,-51.624,0.108,128.830,327.261,3.636,-68.910,45.911,1817.944,86663.701,20151112_053533,479168,21364,29668,11595
3,KCBW20151112_103533_V06,-51.624,0.083,297.821,191.627,2.330,-67.821,46.527,1164.883,54197.476,20151112_053533,479168,21364,29668,11595
6,KCBW20151113_112839_V06,0.057,0.058,17.447,271.469,18.363,-69.636,46.153,9181.439,141994.939,20151113_062839,479175,207100,198234,35012
6,KCBW20151113_113251_V06,4.257,0.168,17.452,272.125,25.201,-69.636,46.150,12600.705,141959.978,20151113_063251,479189,202749,194987,34508
6,KCBW20151113_113648_V06,8.207,0.192,18.704,272.634,28.633,-69.628,46.148,14316.386,141311.904,20151113_063648,479174,201709,190901,35914
6,KCBW20151113_114045_V06,12.157,0.060,20.796,271.225,30.619,-69.614,46.154,15309.382,140341.611,20151113_064045,479177,198208,186260,36217
5,KCBW20151114_110523_V06,-24.624,0.059,313.228,370.957,25.153,-67.722,45.720,12576.523,36089.825,20151114_060523,479173,196501,187340,49731
7,KCBW20151114_113423_V06,4.376,0.060,132.770,515.268,47.825,-68.869,45.066,23912.651,136295.552,20151114_063423,479171,155372,155668,41960
7,KCBW20151114_114405_V06,14.076,0.146,162.048,533.259,35.410,-68.682,44.986,17704.865,135499.584,20151114_064405,479171,144197,147965,39809
1,KCBW20151115_103225_V06,-58.999,0.177,130.683,329.292,5.408,-68.898,45.902,2703.900,85916.060,20151115_053225,479175,6508,8196,4206
1,KCBW20151115_104210_V06,-49.249,0.103,130.767,328.835,14.359,-68.897,45.904,7179.422,85836.157,20151115_054210,479170,7243,9730,4199
3,KCBW20151115_103225_V06,-58.999,0.082,295.998,190.461,5.351,-67.833,46.532,2675.678,54806.019,20151115_053225,479175,6508,8196,4206
5,KCBW20151115_104210_V06,-49.249,0.074,267.695,413.701,8.713,-68.014,45.527,4356.339,59100.424,20151115_054210,479170,7243,9730,4199
5,KCBW20151115_105154_V06,-39.515,-1.000,267.695,413.701,24.189,-68.014,45.527,12094.339,59100.424,20151115_055154,479172,8066,10796,4780
5,KCBW20151115_110139_V06,-29.765,0.053,265.653,412.850,10.856,-68.027,45.531,5427.984,58980.627,20151115_060139,479170,8050,10112,4578
2,KCBW20151116_103932_V06,-53.284,0.075,208.224,447.492,7.350,-68.393,45.374,3674.915,86857.175,20151116_053932,479177,13532,21565,7201
2,KCBW20151116_104916_V06,-43.550,0.072,208.193,446.970,15.432,-68.393,45.376,7715.986,86643.749,20151116_054916,479174,15648,25033,8113
1,KCBW20151116_103932_V06,-53.284,0.089,127.849,330.303,10.480,-68.916,45.897,5240.023,87398.944,20151116_053932,479177,13532,21565,7201
1,KCBW20151116_104916_V06,-43.550,0.052,126.919,333.567,8.890,-68.922,45.883,4445.056,88152.918,20151116_054916,479174,15648,25033,8113
3,KCBW20151116_103932_V06,-53.284,0.075,298.082,191.640,2.507,-67.819,46.527,1253.254,54188.587,20151116_053932,479177,13532,21565,7201
1,KCBW20151117_104510_V06,-49.044,0.078,129.151,328.637,8.145,-68.908,45.905,4072.674,86616.228,20151117_054510,479172,6358,9558,4120
2,KCBW20151117_104510_V06,-49.044,0.074,295.490,188.879,6.776,-67.836,46.539,3387.825,55606.223,20151117_054510,479172,6358,9558,4120
1,KCBW20151119_103807_V06,-58.857,0.153,260.088,406.046,17.139,-68.063,45.562,8569.687,56653.828,20151119_053807,479168,6818,12841,3827
2,KCBW20151119_103807_V06,-58.857,0.147,129.328,327.106,7.816,-68.907,45.912,3908.077,86405.584,20151119_053807,479168,6818,12841,3827
1,KCBW20151122_104458_V06,-56.071,0.215,128.381,328.132,10.719,-68.913,45.907,5359.699,86954.586,20151122_054458,479176,21158,98339,6631
3,KCBW20151122_114313_V06,2.179,0.072,67.858,82.682,72.523,-69.333,47.007,36261.372,158994.716,20151122_064313,479163,24006,77086,8933
4,KCBW20151122_121435_V06,33.546,0.054,44.308,161.299,87.766,-69.477,46.651,43883.183,145444.439,20151122_071435,479161,31528,76396,10369
5,KCBW20151122_122418_V06,43.262,0.075,300.743,370.622,25.339,-67.802,45.721,12669.415,35312.717,20151122_072418,479169,35261,73833,11473
6,KCBW20151122_122418_V06,43.262,0.056,27.936,485.066,49.533,-69.538,45.193,24766.726,164520.919,20151122_072418,479169,35261,73833,11473
7,KCBW20151122_130624_V06,85.362,0.075,51.779,186.526,97.978,-69.425,46.538,48989.059,136464.380,20151122_080624,479186,48331,56524,16125
5,KCBW20151123_124823_V06,66.016,0.055,285.258,423.154,28.414,-67.901,45.485,14206.957,62016.758,20151123_074823,479166,197990,214032,25555
3,KCBW20151124_104957_V06,-53.733,0.053,212.250,445.334,3.370,-68.367,45.384,1685.141,84885.145,20151124_054957,479174,27003,63576,9339
3,KCBW20151124_105941_V06,-44.000,0.056,212.397,445.760,10.904,-68.366,45.382,5451.912,85029.772,20151124_055941,479173,28417,59202,9951
1,KCBW20151124_104957_V06,-53.733,0.080,129.075,327.900,5.297,-68.908,45.908,2648.348,86593.519,20151124_054957,479174,27003,63576,9339
1,KCBW20151124_105941_V06,-44.000,0.064,129.144,329.369,4.727,-68.908,45.902,2363.625,86680.867,20151124_055941,479173,28417,59202,9951
3,KCBW20151125_104734_V06,-57.417,0.099,268.086,415.939,7.657,-68.011,45.517,3828.671,60125.781,20151125_054734,479162,16841,24726,10044
3,KCBW20151125_105718_V06,-47.684,0.091,267.279,414.995,15.294,-68.016,45.522,7646.931,59779.942,20151125_055718,479177,19226,27111,11695
1,KCBW20151125_104734_V06,-57.417,0.146,295.938,190.639,5.525,-67.833,46.531,2762.348,54718.008,20151125_054734,479162,16841,24726,10044
2,KCBW20151125_104734_V06,-57.417,0.123,129.355,328.486,7.842,-68.907,45.906,3921.211,86503.117,20151125_054734,479162,16841,24726,10044
9,KCBW20151126_114337_V06,-2.652,0.063,300.492,302.173,14.767,-67.804,46.029,7383.274,1113.787,20151126_064337,479179,15764,18029,10660
9,KCBW20151126_115322_V06,7.098,0.060,300.245,301.962,21.899,-67.805,46.030,10949.591,988.856,20151126_065322,479174,13986,16035,9686
2,KCBW20151126_105457_V06,-51.319,0.098,298.086,191.064,3.126,-67.819,46.529,1562.897,54476.299,20151126_055457,479172,8975,18559,4026
3,KCBW20151126_105457_V06,-51.319,0.093,210.316,446.460,8.537,-68.379,45.379,4268.305,85868.669,20151126_055457,479172,8975,18559,4026
6,KCBW20151126_110440_V06,-41.602,0.277,127.376,329.217,11.003,-68.919,45.902,5501.457,87539.293,20151126_060440,479172,9908,19702,4757
2,KCBW20151127_104757_V06,-59.587,0.113,128.037,327.648,8.277,-68.915,45.909,4138.320,87085.506,20151127_054757,479171,4146,3908,3083
2,KCBW20151127_105740_V06,-49.871,0.091,128.536,327.982,15.752,-68.912,45.908,7876.095,86866.172,20151127_055740,479174,4729,4966,3081
1,KCBW20151127_104757_V06,-59.587,0.146,295.694,190.108,5.332,-67.835,46.533,2666.199,54987.972,20151127_054757,479171,4146,3908,3083
1,KCBW20151128_104929_V06,-59.305,0.057,299.095,191.598,2.761,-67.813,46.527,1380.306,54203.046,20151128_054929,479165,41303,45397,7259
2,KCBW20151128_105910_V06,-49.621,0.051,297.979,299.656,6.815,-67.820,46.041,3407.368,1024.801,20151128_055910,479171,34246,38485,6137
1,KCBW20151129_105527_V06,-54.570,0.082,129.423,328.988,6.052,-68.906,45.903,3025.988,86511.132,20151129_055527,479172,6338,14935,3765
3,KCBW20151129_121319_V06,23.297,0.110,209.870,444.733,8.725,-68.382,45.387,4362.677,85251.385,20151129_071319,479167,16047,36377,9701
2,KCBW20151130_105301_V06,-58.215,0.062,258.576,408.232,18.435,-68.072,45.552,9217.749,57944.082,20151130_055301,479169,3604,6422,2646
2,KCBW20151130_110245_V06,-48.481,0.056,258.794,407.685,25.782,-68.071,45.554,12891.218,57649.913,20151130_060245,479164,4481,7086,3182
3,KCBW20151130_105301_V06,-58.215,0.060,129.430,327.553,7.008,-68.906,45.910,3503.921,86390.472,20151130_055301,479169,3604,6422,2646
3,KCBW20151130_110245_V06,-48.481,0.060,129.380,327.140,14.567,-68.907,45.912,7283.306,86382.589,20151130_060245,479164,4481,7086,3182
1,KCBW20151130_105301_V06,-58.215,0.076,299.134,191.471,2.944,-67.813,46.527,1471.893,54265.994,20151130_055301,479169,3604,6422,2646
1,KCBW20151201_110046_V06,-51.656,0.210,129.237,327.077,7.649,-68.907,45.912,3824.348,86448.122,20151201_060046,479170,5791,8673,3557
2,KCBW20151201_110046_V06,-51.656,0.145,296.220,190.358,5.387,-67.832,46.532,2693.558,54853.725,20151201_060046,479170,5791,8673,3557
1,KCBW20151202_110300_V06,-50.591,0.051,39.465,236.622,59.950,-69.498,46.312,29975.151,134066.257,20151202_060300,479162,103892,140785,19083
1,KCBW20151204_110411_V06,-51.675,0.104,127.619,328.875,8.358,-68.918,45.904,4179.228,87391.066,20151204_060411,479173,5202,9996,3463
2,KCBW20151204_110411_V06,-51.675,0.064,298.380,191.419,2.727,-67.817,46.528,1363.365,54296.401,20151204_060411,479173,5202,9996,3463
1,KCBW20151205_110112_V06,-55.754,0.090,298.018,191.929,2.644,-67.820,46.525,1321.934,54044.379,20151205_060112,479171,5615,19771,3739
3,KCBW20151205_110112_V06,-55.754,0.070,127.773,328.474,8.101,-68.917,45.906,4050.344,87282.295,20151205_060112,479171,5615,19771,3739
3,KCBW20151205_111057_V06,-46.004,-1.000,127.773,328.474,23.603,-68.917,45.906,11801.594,87282.295,20151205_061057,479176,7331,22115,4448
3,KCBW20151205_112040_V06,-36.288,0.053,126.995,328.492,8.065,-68.922,45.906,4032.485,87667.919,20151205_062040,479174,17100,28941,10184
4,KCBW20151205_110112_V06,-55.754,0.053,261.457,409.310,16.190,-68.054,45.547,8095.102,57953.044,20151205_060112,479171,5615,19771,3739
5,KCBW20151205_111057_V06,-46.004,0.054,208.086,446.688,8.524,-68.394,45.378,4262.203,86552.828,20151205_061057,479176,7331,22115,4448
7,KCBW20151205_122846_V06,31.812,0.059,244.412,286.629,26.483,-68.166,46.099,13241.463,28586.669,20151205_072846,479164,9086,15309,6716
1,KCBW20151206_105811_V06,-59.841,0.085,298.380,191.680,2.510,-67.817,46.526,1255.066,54165.818,20151206_055811,479169,23872,23730,14928
3,KCBW20151206_131430_V06,76.476,0.052,258.501,406.611,18.507,-68.073,45.559,9253.693,57201.400,20151206_081430,479176,14694,17079,10531
1,KCBW20151207_110510_V06,-53.899,0.104,130.464,328.283,5.790,-68.899,45.907,2894.800,85939.547,20151207_060510,479174,35103,37114,21192
2,KCBW20151207_125213_V06,53.151,0.064,297.754,191.328,2.942,-67.822,46.528,1470.947,54347.538,20151207_075213,479170,13138,13468,9372
1,KCBW20151208_110454_V06,-55.179,0.154,128.640,328.537,8.224,-68.911,45.905,4111.854,86860.111,20151208_060454,479176,17104,26910,8674
3,KCBW20151208_110454_V06,-55.179,0.066,305.330,295.846,7.879,-67.772,46.058,3939.678,3379.072,20151208_060454,479176,17104,26910,8674
4,KCBW20151208_111439_V06,-45.429,0.058,201.401,370.391,2.355,-68.440,45.721,1177.746,60573.500,20151208_061439,479169,46926,39985,29657
5,KCBW20151208_113406_V06,-25.979,0.069,246.631,233.219,18.754,-68.154,46.339,9376.751,42743.231,20151208_063406,479175,102640,59125,66418
3,KCBW20151210_121208_V06,10.118,0.080,101.208,374.196,22.427,-69.083,45.698,11213.495,106093.654,20151210_071208,479170,79602,135070,4
1,KCBW20151211_110257_V06,-59.985,0.293,298.915,191.682,2.737,-67.814,46.526,1368.305,54161.531,20151211_060257,479166,2790,24349,2253
1,KCBW20151211_111242_V06,-50.235,0.170,298.401,191.620,9.696,-67.817,46.527,4847.934,54195.657,20151211_061242,479173,2997,24887,2443
4,KCBW20151211_110257_V06,-59.985,0.074,128.101,329.153,8.081,-68.915,45.903,4040.281,87176.569,20151211_060257,479166,2790,24349,2253
4,KCBW20151211_111242_V06,-50.235,0.079,129.225,328.999,15.708,-68.907,45.903,7854.024,86609.934,20151211_061242,479173,2997,24887,2443
15,KCBW20151211_130928_V06,66.531,0.105,298.990,191.585,2.238,-67.814,46.527,1118.961,54209.691,20151211_080928,479170,6822,22524,4064
15,KCBW20151211_131913_V06,76.281,0.066,296.324,190.955,12.113,-67.831,46.530,6056.623,54553.348,20151211_081913,479170,9035,25197,4488
3,KCBW20151211_110257_V06,-59.985,0.141,256.567,404.118,21.315,-68.085,45.570,10657.654,56406.726,20151211_060257,479166,2790,24349,2253
12,KCBW20151211_122048_V06,17.865,0.153,260.506,407.484,17.251,-68.060,45.555,8625.479,57255.241,20151211_072048,479175,5001,23425,3696
13,KCBW20151211_122048_V06,17.865,0.113,318.015,330.183,27.580,-67.691,45.903,13790.047,17575.213,20151211_072048,479175,5001,23425,3696
17,KCBW20151211_131913_V06,76.281,0.141,413.045,115.244,10.736,-67.066,46.868,5367.825,108298.156,20151211_081913,479170,9035,25197,4488
4,KCBW20151212_112754_V06,-35.923,0.149,130.873,326.437,21.146,-68.897,45.915,10573.109,85590.197,20151212_062754,479167,9503,16338,6572
4,KCBW20151212_113738_V06,-26.189,0.126,133.771,331.204,31.917,-68.878,45.894,15958.682,84566.332,20151212_063738,479178,12898,18749,8729
7,KCBW20151212_131456_V06,71.111,0.579,282.678,306.678,29.161,-67.919,46.009,14580.585,9282.207,20151212_081456,479173,8523,17566,6693
7,KCBW20151212_132439_V06,80.827,0.286,284.924,305.758,38.157,-67.904,46.013,19078.460,8069.155,20151212_082439,479176,8417,17948,6890
2,KCBW20151212_110828_V06,-55.356,0.094,298.086,191.711,3.015,-67.819,46.526,1507.267,54153.172,20151212_060828,479173,7650,15639,4781
6,KCBW20151212_112754_V06,-35.923,0.078,258.796,218.944,7.253,-68.075,46.403,3626.621,45464.017,20151212_062754,479167,9503,16338,6572
4,KCBW20151215_123246_V06,26.491,0.065,206.754,491.535,22.841,-68.400,45.176,11420.448,106513.571,20151215_073246,479190,407510,364023,58587
1,KCBW20151216_111602_V06,-50.986,0.057,129.937,328.992,3.186,-68.903,45.903,1593.094,86258.320,20151216_061602,479171,3881,9817,2614
1,KCBW20151216_112547_V06,-41.236,0.066,128.276,328.821,13.047,-68.913,45.904,6523.586,87063.044,20151216_062547,479166,4671,10126,3184
2,KCBW20151216_115501_V06,-12.003,0.185,260.495,406.790,16.832,-68.060,45.558,8415.798,56931.234,20151216_065501,479168,11103,11997,8541
2,KCBW20151216_120444_V06,-2.286,-1.000,260.495,406.790,32.281,-68.060,45.558,16140.548,56931.234,20151216_070444,479163,7142,9348,5573
2,KCBW20151216_121427_V06,7.430,0.138,260.664,407.182,16.875,-68.059,45.557,8437.654,57086.034,20151216_071427,479176,5876,7133,4662
4,KCBW20151216_124337_V06,36.597,0.070,210.311,444.370,10.811,-68.380,45.388,5405.531,84980.470,20151216_074337,479171,5801,6084,4689
1,KCBW20151217_110853_V06,-58.843,0.324,263.624,410.786,13.341,-68.040,45.541,6670.412,58302.498,20151217_060853,479166,3113,44280,2248
2,KCBW20151217_110853_V06,-58.843,0.114,130.202,329.711,3.565,-68.901,45.900,1782.724,86189.041,20151217_060853,479166,3113,44280,2248
5,KCBW20151217_130544_V06,58.007,0.086,258.674,407.801,18.125,-68.072,45.554,9062.578,57725.313,20151217_080544,479173,9801,21754,4451
1,KCBW20151218_111308_V06,-55.260,0.065,130.273,328.819,3.398,-68.901,45.904,1698.824,86078.320,20151218_061308,479170,60548,103033,11638
2,KCBW20151218_111308_V06,-55.260,0.052,128.502,325.854,2.962,-68.912,45.918,1481.075,86717.688,20151218_061308,479170,60548,103033,11638
5,KCBW20151218_112250_V06,-45.560,0.071,268.527,414.885,7.289,-68.008,45.522,3644.333,59558.916,20151218_062250,479170,50868,97580,8786
6,KCBW20151218_123048_V06,22.407,0.068,301.407,290.422,8.623,-67.798,46.082,4311.462,4840.186,20151218_073048,479174,12563,28230,4085
8,KCBW20151219_131352_V06,64.846,0.091,21.118,207.644,31.943,-69.622,46.440,15971.558,146888.237,20151219_081352,479172,19286,24157,7702
8,KCBW20151219_132336_V06,74.579,0.248,24.018,204.393,40.472,-69.603,46.455,20236.051,146036.764,20151219_082336,479170,20662,27177,7154
1,KCBW20151219_111706_V06,-51.921,0.150,299.079,191.514,2.864,-67.813,46.527,1432.117,54244.752,20151219_061706,479168,6640,19404,4150
2,KCBW20151219_111706_V06,-51.921,0.110,298.253,300.036,15.075,-67.818,46.039,7537.361,873.584,20151219_061706,479168,6640,19404,4150
2,KCBW20151219_112650_V06,-42.187,0.162,299.955,301.811,10.618,-67.807,46.031,5308.945,905.778,20151219_062650,479175,9736,20493,6022
4,KCBW20151219_111706_V06,-51.921,0.080,129.312,329.233,8.187,-68.907,45.902,4093.400,86586.689,20151219_061706,479168,6640,19404,4150
1,KCBW20151220_111519_V06,-54.291,0.362,207.518,445.348,8.652,-68.397,45.384,4325.897,86137.708,20151220_061519,479181,3706,8998,3406
2,KCBW20151222_131523_V06,64.726,0.118,288.047,300.021,16.495,-67.884,46.039,8247.486,5976.572,20151222_081523,479166,22680,55284,7264
3,KCBW20151223_111226_V06,-58.686,0.100,271.466,391.479,2.793,-67.990,45.628,1396.498,47913.098,20151223_061226,479170,2245,14119,1976
4,KCBW20151223_111226_V06,-58.686,0.089,130.456,329.644,5.218,-68.899,45.901,2608.981,86058.025,20151223_061226,479170,2245,14119,1976
8,KCBW20151223_123425_V06,23.297,0.055,269.374,415.180,7.092,-68.003,45.521,3546.114,59591.039,20151223_073425,479167,3941,8575,3366
2,KCBW20151225_111251_V06,-59.065,0.117,129.979,327.971,8.050,-68.903,45.908,4024.935,86153.161,20151225_061251,479165,5331,11306,4184
2,KCBW20151225_112235_V06,-49.332,0.361,130.527,328.489,14.413,-68.899,45.906,7206.319,85925.341,20151225_062235,479162,6926,12771,5189
1,KCBW20151226_111634_V06,-55.681,0.120,297.791,191.477,3.146,-67.821,46.527,1573.006,54272.894,20151226_061634,479169,6848,12966,4436
2,KCBW20151226_111634_V06,-55.681,0.108,258.501,407.566,18.149,-68.073,45.555,9074.720,57647.054,20151226_061634,479169,6848,12966,4436
2,KCBW20151229_114105_V06,-31.898,0.098,252.646,296.470,12.124,-68.113,46.055,6061.760,23742.584,20151229_064105,479168,243770,244630,19828
1,KCBW20151230_111416_V06,-58.870,0.247,130.844,329.359,9.571,-68.897,45.902,4785.325,85842.520,20151230_061416,479168,4079,3796,3757
1,KCBW20151230_112400_V06,-49.137,0.141,130.641,330.636,16.725,-68.898,45.896,8362.326,86053.974,20151230_062400,479171,4228,4463,3603
3,KCBW20151230_111416_V06,-58.870,0.072,297.745,191.575,2.972,-67.822,46.527,1485.931,54224.160,20151230_061416,479168,4079,3796,3757
3,KCBW20151230_112400_V06,-49.137,0.074,297.527,190.995,11.379,-67.823,46.529,5689.417,54516.710,20151230_062400,479171,4228,4463,3603
2,KCBW20151231_111459_V06,-58.265,0.072,130.302,329.724,3.268,-68.900,45.900,1633.862,86140.539,20151231_061459,479172,161210,194811,28359
2,KCBW20151231_112443_V06,-48.531,0.059,130.091,329.608,11.069,-68.902,45.901,5534.440,86234.734,20151231_062443,479172,155536,187127,27813
1,KCBW20151231_111459_V06,-58.265,0.072,247.011,292.761,6.929,-68.149,46.071,3464.642,26740.651,20151231_061459,479172,161210,194811,28359
5,KCBW20151231_120342_V06,-9.548,0.433,254.141,285.709,22.357,-68.103,46.103,11178.280,24017.168,20151231_070342,479175,117883,166192,19576
7,KCBW20151231_125222_V06,39.119,0.051,129.310,328.178,8.313,-68.907,45.907,4156.595,86500.187,20151231_075222,479173,84266,132609,14139
