track_id,filename,from_sunrise,det_score,x,y,r,lon,lat,radius,geo_dist,local_time,n_radar_pixels,n_refAbove40_pixels,n_xcorrAbove0.95_pixels,n_xcorrBelow0.95_refAbove40_pixels
1,KAPX20130605_092517_V06,-28.533,0.091,276.039,153.690,20.049,-84.873,45.565,10024.416,74129.574,20130605_052517,479170,233475,202573,59301
1,KAPX20130605_093111_V06,-22.633,0.516,276.091,156.146,30.774,-84.873,45.554,15387.057,72913.737,20130605_053111,479177,234173,207127,54887
1,KAPX20130605_093708_V06,-16.683,0.367,278.655,154.418,33.108,-84.856,45.562,16553.992,73569.418,20130605_053708,479167,235738,213902,51045
1,KAPX20130605_094302_V06,-10.783,0.196,285.295,152.749,31.187,-84.814,45.570,15593.573,73991.603,20130605_054302,479171,238086,219786,47740
1,KAPX20130605_094859_V06,-4.833,-1.000,290.763,151.236,30.788,-84.779,45.576,15394.019,74525.311,20130605_054859,479177,241191,225810,45595
1,KAPX20130605_095456_V06,1.117,0.154,297.082,158.467,28.314,-84.738,45.544,14157.007,70781.471,20130605_055456,479168,245865,231844,44747
1,KAPX20130605_100051_V06,7.034,0.097,283.929,148.946,29.359,-84.823,45.587,14679.413,75953.086,20130605_060051,479170,247420,235091,43126
1,KAPX20130605_100648_V06,12.984,-1.000,276.385,143.069,29.670,-84.871,45.613,14834.950,79349.020,20130605_060648,479166,247423,237233,40392
1,KAPX20130605_101243_V06,18.901,-1.000,268.882,137.224,29.979,-84.919,45.639,14989.615,82861.663,20130605_061243,479172,250287,238798,40227
1,KAPX20130605_101840_V06,24.851,-1.000,261.338,131.347,30.290,-84.968,45.666,15145.152,86513.907,20130605_061840,479179,249897,238815,40379
1,KAPX20130605_102436_V06,30.784,-1.000,253.815,125.486,30.601,-85.016,45.692,15300.254,90261.082,20130605_062436,479175,247882,237148,40671
1,KAPX20130605_103031_V06,36.701,-1.000,246.313,119.641,30.910,-85.064,45.718,15454.919,94089.810,20130605_063031,479173,244880,232328,42136
1,KAPX20130605_103626_V06,42.617,-1.000,238.811,113.797,31.219,-85.113,45.744,15609.585,97999.701,20130605_063626,479174,241066,230053,42453
1,KAPX20130605_104221_V06,48.534,-1.000,231.309,107.952,31.529,-85.161,45.770,15764.250,101981.421,20130605_064221,479166,237329,225885,42890
1,KAPX20130605_104818_V06,54.484,-1.000,223.765,102.075,31.840,-85.210,45.797,15919.787,106049.835,20130605_064818,479179,232787,220006,42734
1,KAPX20130605_105414_V06,60.417,-1.000,216.241,96.214,32.150,-85.259,45.823,16074.888,110163.936,20130605_065414,479165,223880,212797,41744
1,KAPX20130605_110011_V06,66.367,0.117,221.407,121.239,45.590,-85.224,45.710,22794.934,97637.571,20130605_070011,479172,215401,208572,40245
1,KAPX20130605_110607_V06,72.301,0.069,226.067,124.829,50.280,-85.194,45.694,25139.756,95067.106,20130605_070607,479179,209161,209356,38284
2,KAPX20130605_092517_V06,-28.533,0.054,257.358,137.441,8.671,-84.993,45.638,4335.541,84029.304,20130605_052517,479170,233475,202573,59301
4,KAPX20130605_093708_V06,-16.683,0.066,25.727,441.051,32.438,-86.437,44.260,16219.242,154208.453,20130605_053708,479167,235738,213902,51045
6,KAPX20130606_110247_V06,69.331,0.075,410.305,253.219,19.177,-84.019,45.116,9588.608,59907.388,20130606_070247,479177,15629,45488,5420
1,KAPX20130608_094715_V06,-5.591,0.151,302.877,302.012,13.176,-84.702,44.898,6587.852,1755.224,20130608_054715,479173,3138,12358,2116
1,KAPX20130608_095657_V06,4.109,0.435,305.754,301.156,19.458,-84.683,44.902,9729.056,2934.384,20130608_055657,479175,4666,11302,3618
2,KAPX20130610_090919_V06,-43.067,0.305,328.193,382.150,31.135,-84.542,44.537,15567.560,43426.626,20130610_050919,479173,92637,106617,12576
2,KAPX20130610_091516_V06,-37.117,0.242,327.222,381.530,37.346,-84.548,44.540,18673.221,42977.467,20130610_051516,479172,94429,108736,12010
1,KAPX20130613_092110_V06,-30.821,0.229,277.553,425.492,5.643,-84.860,44.342,2821.463,63741.757,20130613_052110,479175,8227,20328,2570
1,KAPX20130613_093052_V06,-21.121,0.219,274.601,425.179,15.978,-84.879,44.344,7989.236,63865.033,20130613_053052,479172,7036,21599,2405
2,KAPX20130621_104422_V06,51.773,0.522,28.028,246.673,38.649,-86.449,45.134,19324.554,138575.231,20130621_064422,479170,36168,54566,16346
2,KAPX20130621_104922_V06,56.773,0.306,28.383,246.116,45.738,-86.446,45.137,22868.962,138454.995,20130621_064922,479174,36280,55528,16544
2,KAPX20130621_105422_V06,61.773,0.104,30.997,240.729,51.585,-86.430,45.161,25792.709,137727.533,20130621_065422,479176,36021,56928,15273
2,KAPX20130621_105922_V06,66.773,0.133,34.433,236.327,54.864,-86.409,45.181,27432.165,136547.005,20130621_065922,479170,35848,58813,14445
2,KAPX20130621_110423_V06,71.790,0.127,37.850,236.740,54.991,-86.387,45.180,27495.408,134837.267,20130621_070423,479184,35858,61053,13407
2,KAPX20130621_110924_V06,76.806,0.065,43.755,231.372,52.331,-86.351,45.204,26165.607,132638.033,20130621_070924,479174,36342,63117,12246
4,KAPX20130621_111426_V06,81.840,0.152,207.446,118.963,19.267,-85.314,45.720,9633.406,101661.972,20130621_071426,479173,36344,64540,11327
4,KAPX20130621_111926_V06,86.840,0.056,209.255,119.200,25.268,-85.302,45.719,12634.106,101147.319,20130621_071926,479172,36480,66057,10019
1,KAPX20130621_090151_V06,-50.744,0.081,7.255,217.621,12.962,-86.585,45.263,6481.012,152057.519,20130621_050151,479172,16021,29227,5340
1,KAPX20130624_091909_V06,-34.275,0.081,345.162,401.576,32.866,-84.436,44.450,16432.922,55581.620,20130624_051909,479177,1395,19840,984
1,KAPX20130624_093100_V06,-22.425,0.083,338.957,414.885,43.296,-84.475,44.390,21648.067,60655.305,20130624_053100,479174,2405,16189,2072
2,KAPX20130624_091909_V06,-34.275,0.079,326.385,366.706,5.760,-84.554,44.607,2880.087,35867.401,20130624_051909,479177,1395,19840,984
12,KAPX20130625_111512_V06,81.427,0.144,202.403,244.778,19.161,-85.340,45.154,9580.648,56068.458,20130625_071512,479178,132563,160483,14195
1,KAPX20130626_092127_V06,-32.705,0.088,305.816,426.167,16.391,-84.683,44.340,8195.272,63150.375,20130626_052127,479171,11195,39881,8498
2,KAPX20130626_095249_V06,-1.338,0.133,218.058,55.439,8.093,-85.249,46.006,4046.661,128961.627,20130626_055249,479169,34095,46320,26081
3,KAPX20130626_103135_V06,37.428,0.220,236.035,368.562,5.860,-85.123,44.598,2929.995,46883.593,20130626_063135,479169,22973,32934,17679
3,KAPX20130627_085807_V06,-56.455,0.050,127.821,109.839,12.832,-85.826,45.757,6415.814,128264.528,20130627_045807,479194,55136,70767,16441
11,KAPX20130628_090926_V06,-45.588,0.115,29.713,431.485,40.837,-86.413,44.303,20418.541,150286.112,20130628_050926,479177,35576,68042,4978
11,KAPX20130628_091346_V06,-41.254,0.209,29.331,432.863,45.439,-86.416,44.297,22719.374,150759.804,20130628_051346,479184,35117,66921,4491
11,KAPX20130628_091807_V06,-36.904,0.163,32.283,429.900,49.413,-86.398,44.310,24706.415,148783.583,20130628_051807,479178,36056,66929,4389
11,KAPX20130628_092228_V06,-32.554,0.089,31.604,429.379,49.263,-86.402,44.313,24631.313,148975.958,20130628_052228,479184,37477,66094,4511
11,KAPX20130628_092648_V06,-28.221,-1.000,31.953,428.325,50.688,-86.400,44.317,25343.940,148590.685,20130628_052648,479180,38201,66372,4548
11,KAPX20130628_093108_V06,-23.888,-1.000,32.301,427.271,52.113,-86.398,44.322,26056.567,148206.490,20130628_053108,479176,39801,68643,4662
11,KAPX20130628_093530_V06,-19.521,0.169,28.870,439.067,48.261,-86.418,44.269,24130.643,152357.394,20130628_053530,479178,41872,71999,5083
11,KAPX20130628_093951_V06,-15.171,0.218,32.013,447.999,47.468,-86.397,44.229,23734.088,153069.187,20130628_053951,479170,43554,73887,5635
11,KAPX20130628_094411_V06,-10.838,0.120,32.897,450.357,49.445,-86.391,44.218,24722.508,153257.181,20130628_054411,479167,45012,75713,5934
11,KAPX20130628_094832_V06,-6.488,0.355,34.849,455.713,50.551,-86.378,44.194,25275.536,153746.338,20130628_054832,479191,46544,77117,6080
11,KAPX20130628_095254_V06,-2.121,0.234,36.573,459.040,52.314,-86.367,44.180,26157.097,153856.843,20130628_055254,479181,47231,77981,6286
11,KAPX20130628_095715_V06,2.229,0.073,38.229,463.914,53.731,-86.356,44.158,26865.530,154427.636,20130628_055715,479176,48286,77748,7212
18,KAPX20130628_093108_V06,-23.888,0.141,29.350,435.817,45.189,-86.415,44.283,22594.654,151408.257,20130628_053108,479176,39801,68643,4662
20,KAPX20130628_093530_V06,-19.521,0.099,286.027,420.696,3.681,-84.807,44.364,1840.336,60750.974,20130628_053530,479178,41872,71999,5083
1,KAPX20130701_094147_V06,-14.783,0.269,269.066,424.016,7.812,-84.914,44.349,3906.195,63907.602,20130701_054147,479168,4892,16582,3869
1,KAPX20130701_095128_V06,-5.100,-1.000,269.066,424.016,23.209,-84.914,44.349,11604.445,63907.602,20130701_055128,479176,7138,15646,5851
1,KAPX20130701_100111_V06,4.617,0.061,277.368,420.969,30.132,-84.862,44.363,15066.104,61533.920,20130701_060111,479168,7751,14895,6344
1,KAPX20130704_092609_V06,-32.241,0.051,296.893,408.445,8.302,-84.739,44.419,4150.938,54244.948,20130704_052609,479177,1665,14382,1240
1,KAPX20130705_093924_V06,-19.657,0.374,318.945,382.191,41.156,-84.601,44.537,20577.902,42172.825,20130705_053924,479170,4065,14442,2448
2,KAPX20130705_093924_V06,-19.657,0.194,434.489,409.249,6.975,-83.875,44.413,3487.495,86635.329,20130705_053924,479170,4065,14442,2448
5,KAPX20130705_094906_V06,-9.957,0.056,294.014,416.663,11.235,-84.757,44.382,5617.331,58408.265,20130705_054906,479167,4195,15049,2658
7,KAPX20130707_094010_V06,-20.305,0.223,296.062,416.568,8.072,-84.744,44.383,4035.887,58317.239,20130707_054010,479170,8717,20511,5813
7,KAPX20130707_094953_V06,-10.589,0.402,293.988,417.713,14.129,-84.757,44.378,7064.562,58933.148,20130707_054953,479176,15917,32678,10465
7,KAPX20130707_095548_V06,-4.672,0.230,292.717,420.599,15.554,-84.765,44.365,7776.905,60409.553,20130707_055548,479177,20573,35452,13791
1,KAPX20130707_090126_V06,-59.039,0.054,182.319,95.605,12.917,-85.477,45.824,6458.582,117925.964,20130707_050126,479173,9135,18973,6540
1,KAPX20130707_091106_V06,-49.372,0.172,180.987,96.591,20.062,-85.485,45.820,10031.231,117833.989,20130707_051106,479163,7389,19737,4802
4,KAPX20130707_093028_V06,-30.005,0.326,80.945,272.836,6.578,-86.109,45.021,3288.848,110366.321,20130707_053028,479169,5321,18665,2829
4,KAPX20130707_094010_V06,-20.305,0.325,80.786,272.688,13.102,-86.110,45.022,6551.042,110454.414,20130707_054010,479170,8717,20511,5813
14,KAPX20130707_110639_V06,66.178,0.068,332.562,146.195,5.767,-84.511,45.599,2883.621,78607.291,20130707_070639,479176,17499,34700,8291
14,KAPX20130707_111234_V06,72.095,-1.000,332.562,146.195,15.175,-84.511,45.599,7587.371,78607.291,20130707_071234,479173,16245,33912,7230
14,KAPX20130707_111829_V06,78.011,0.090,335.542,147.005,29.019,-84.492,45.595,14509.687,78534.349,20130707_071829,479168,14761,33500,6167
8,KAPX20130707_094010_V06,-20.305,0.173,196.886,51.208,14.657,-85.386,46.025,7328.701,134656.845,20130707_054010,479170,8717,20511,5813
1,KAPX20130712_100214_V06,-2.217,0.879,275.306,407.426,11.203,-84.875,44.424,5601.561,55114.039,20130712_060214,479174,8516,17798,6521
1,KAPX20130712_101155_V06,7.466,0.816,272.449,407.777,18.832,-84.893,44.422,9415.872,55621.425,20130712_061155,479180,10753,16836,8766
1,KAPX20130712_102139_V06,17.200,0.206,272.011,407.247,21.857,-84.895,44.425,10928.296,55419.688,20130712_062139,479165,10164,15845,8130
3,KAPX20130712_100214_V06,-2.217,0.121,180.312,408.354,6.566,-85.471,44.417,3282.957,80724.287,20130712_060214,479174,8516,17798,6521
1,KAPX20130713_094536_V06,-19.714,0.288,274.296,404.471,12.574,-84.881,44.437,6287.102,53793.470,20130713_054536,479164,3196,15202,2384
1,KAPX20130713_095518_V06,-10.014,0.050,274.389,406.793,22.907,-84.881,44.427,11453.671,54910.746,20130713_055518,479166,4310,17663,3165
2,KAPX20130713_094536_V06,-19.714,0.193,320.888,413.145,6.454,-84.589,44.398,3226.986,57528.246,20130713_054536,479164,3196,15202,2384
2,KAPX20130713_095518_V06,-10.014,0.055,321.134,414.368,17.487,-84.587,44.393,8743.543,58152.222,20130713_055518,479166,4310,17663,3165
1,KAPX20130714_093700_V06,-29.199,0.064,323.925,418.556,2.615,-84.570,44.374,1307.312,60473.137,20130714_053700,479175,2853,15111,2018
1,KAPX20130714_094642_V06,-19.499,0.087,314.823,420.851,19.871,-84.627,44.363,9935.482,60878.474,20130714_054642,479172,4197,17176,3267
2,KAPX20130714_094642_V06,-19.499,0.216,289.468,414.779,8.897,-84.786,44.391,4448.427,57630.814,20130714_054642,479172,4197,17176,3267
2,KAPX20130714_095624_V06,-9.799,0.077,308.433,417.084,18.655,-84.667,44.380,9327.358,58693.572,20130714_055624,479170,8575,20785,6822
4,KAPX20130714_100605_V06,-0.116,0.068,366.903,308.434,32.844,-84.296,44.868,16421.982,33716.349,20130714_060605,479168,9971,24217,8276
1,KAPX20130715_094556_V06,-21.170,0.295,324.998,421.271,5.950,-84.563,44.361,2975.079,61910.363,20130715_054556,479176,5337,23979,4360
1,KAPX20130715_095536_V06,-11.504,0.058,306.005,418.566,14.588,-84.682,44.374,7293.845,59358.860,20130715_055536,479172,12235,27854,10425
4,KAPX20130715_100518_V06,-1.804,0.066,374.973,313.943,13.942,-84.246,44.844,6970.959,38129.196,20130715_060518,479175,16878,33151,14262
1,KAPX20130716_092644_V06,-41.294,0.086,375.085,65.563,2.389,-84.235,45.961,1194.260,123083.706,20130716_052644,479172,16003,30065,11463
2,KAPX20130716_102454_V06,16.873,0.105,210.841,361.622,18.658,-85.282,44.629,9328.949,54191.064,20130716_062454,479172,31600,41581,27087
2,KAPX20130717_100111_V06,-7.786,0.051,340.541,145.236,2.729,-84.460,45.603,1364.262,79993.068,20130717_060111,479175,4857,19000,4123
6,KAPX20130718_094738_V06,-22.295,0.062,325.566,182.706,1.794,-84.556,45.435,896.900,60023.704,20130718_054738,479170,33288,48350,5840
1,KAPX20130720_095504_V06,-16.829,0.267,282.289,428.266,15.505,-84.831,44.330,7752.541,64741.731,20130720_055504,479164,4022,15381,2817
1,KAPX20130720_100445_V06,-7.146,0.089,281.300,430.339,26.768,-84.837,44.321,13383.778,65836.731,20130720_060445,479179,5796,18818,4128
1,KAPX20130721_100255_V06,-9.986,0.131,279.179,414.855,4.487,-84.850,44.390,2243.303,58363.605,20130721_060255,479176,2402,25372,1627
3,KAPX20130721_100255_V06,-9.986,0.093,19.971,439.467,10.319,-86.473,44.266,5159.599,156418.833,20130721_060255,479176,2402,25372,1627
1,KAPX20130722_102055_V06,6.993,0.061,445.044,273.569,9.254,-83.800,45.022,4626.846,73716.283,20130722_062055,479185,16838,27865,7502
1,KAPX20130725_093552_V06,-41.200,0.055,308.715,165.383,2.024,-84.664,45.513,1012.039,67449.639,20130725_053552,479175,7624,22725,4480
2,KAPX20130725_101654_V06,-0.166,0.353,479.243,66.022,13.490,-83.564,45.954,6744.862,147371.491,20130725_061654,479169,9214,13765,7454
7,KAPX20130729_100022_V06,-21.053,0.332,358.375,22.611,25.023,-84.342,46.155,12511.623,141732.297,20130729_060022,479173,17844,43909,1995
7,KAPX20130729_100618_V06,-15.120,0.199,358.274,24.188,32.079,-84.343,46.147,16039.446,140950.215,20130729_060618,479173,18064,42571,1818
7,KAPX20130729_101213_V06,-9.203,0.051,361.527,28.003,31.795,-84.322,46.130,15897.324,139434.642,20130729_061213,479166,18816,42373,1955
4,KAPX20130729_094830_V06,-32.920,0.222,352.781,14.295,21.476,-84.378,46.192,10738.140,145269.583,20130729_054830,479174,23582,54971,5017
4,KAPX20130729_095425_V06,-27.003,0.345,354.002,15.344,28.063,-84.370,46.187,14031.381,144866.524,20130729_055425,479172,19487,47800,2890
6,KAPX20130729_094830_V06,-32.920,0.100,290.577,290.713,8.252,-84.779,44.949,4126.099,6614.897,20130729_054830,479174,23582,54971,5017
1,KAPX20130731_093235_V06,-51.072,0.091,187.299,33.841,9.956,-85.448,46.102,4977.928,144518.203,20130731_053235,479176,90960,80381,32605
1,KAPX20130731_093829_V06,-45.172,0.147,187.697,39.944,17.796,-85.446,46.075,8897.982,141634.061,20130731_053829,479164,94019,79708,34934
2,KAPX20130731_095616_V06,-27.389,0.105,244.804,67.915,15.177,-85.076,45.951,7588.490,119279.007,20130731_055616,479167,70088,82501,14274
1,KAPX20130804_102917_V06,1.067,0.071,452.225,473.353,7.868,-83.769,44.123,3933.874,115351.107,20130804_062917,479181,2823,20597,2462
1,KAPX20130808_105010_V06,17.300,0.054,247.162,431.643,2.559,-85.051,44.314,1279.310,70925.622,20130808_065010,479168,9433,20483,6814
2,KAPX20130809_103502_V06,0.994,0.379,501.648,550.248,29.957,-83.467,43.774,14978.735,160690.424,20130809_063502,479170,23234,31825,7862
2,KAPX20130809_104058_V06,6.927,0.320,502.020,549.775,38.357,-83.465,43.776,19178.269,160623.430,20130809_064058,479176,23736,33274,8175
1,KAPX20130809_093546_V06,-58.273,0.069,374.471,150.598,3.136,-84.243,45.578,1567.905,83467.047,20130809_053546,479171,60830,42530,36666
6,KAPX20130812_114600_V06,68.427,0.052,321.395,512.463,33.671,-84.586,43.951,16835.268,106768.753,20130812_074600,479176,4854,26513,815
3,KAPX20130815_105533_V06,14.428,0.213,506.722,524.783,21.318,-83.433,43.888,10658.861,152693.685,20130815_065533,479181,2921,12592,2252
3,KAPX20130815_110518_V06,24.178,0.309,508.384,523.256,32.489,-83.423,43.895,16244.548,152698.257,20130815_070518,479170,3435,11875,2738
3,KAPX20130815_111502_V06,33.911,0.126,512.634,520.369,38.878,-83.396,43.908,19439.034,153113.958,20130815_071502,479166,2508,13423,1861
2,KAPX20130815_095708_V06,-43.989,0.157,308.902,296.129,12.444,-84.663,44.925,6221.756,4853.503,20130815_055708,479176,10601,20750,6292
4,KAPX20130815_105533_V06,14.428,0.063,303.427,300.851,22.645,-84.698,44.903,11322.445,1765.687,20130815_065533,479181,2921,12592,2252
1,KAPX20130816_110144_V06,19.426,0.093,152.623,385.784,15.399,-85.647,44.517,7699.656,85262.809,20130816_070144,479168,22884,20612,17961
2,KAPX20130816_114044_V06,58.426,0.061,68.742,69.688,12.452,-86.211,45.934,6225.776,163189.911,20130816_074044,479165,25054,21934,19585
2,KAPX20130817_104744_V06,4.241,0.077,302.994,423.419,19.147,-84.701,44.352,9573.490,61727.596,20130817_064744,479170,30167,23567,23741
2,KAPX20130817_105728_V06,13.974,0.220,302.383,420.016,28.689,-84.705,44.367,14344.252,60019.693,20130817_065728,479169,36970,24124,30463
1,KAPX20130817_095906_V06,-44.393,0.133,77.229,71.102,6.427,-86.156,45.928,3213.510,159703.783,20130817_055906,479170,102788,30348,87861
1,KAPX20130818_103201_V06,-12.662,0.131,372.891,312.333,10.484,-84.259,44.851,5242.111,36963.269,20130818_063201,479179,8187,28438,5377
1,KAPX20130818_104144_V06,-2.945,0.130,374.012,313.628,19.416,-84.252,44.845,9708.161,37628.112,20130818_064144,479169,13705,31204,9796
1,KAPX20130818_105129_V06,6.805,0.110,405.779,299.438,19.270,-84.050,44.908,9635.158,52890.216,20130818_065129,479175,17144,31929,12791
4,KAPX20130818_105129_V06,6.805,0.086,504.978,540.375,31.160,-83.446,43.818,15580.213,157952.504,20130818_065129,479175,17144,31929,12791
4,KAPX20130818_110112_V06,16.521,0.146,501.829,537.564,40.435,-83.465,43.831,20217.672,155861.800,20130818_070112,479178,20004,29513,15520
2,KAPX20130818_104144_V06,-2.945,0.055,400.495,298.341,19.624,-84.083,44.913,9811.989,50254.554,20130818_064144,479169,13705,31204,9796
3,KAPX20130818_105129_V06,6.805,0.112,378.643,314.259,16.978,-84.222,44.842,8489.166,39962.459,20130818_065129,479175,17144,31929,12791
5,KAPX20130818_111055_V06,26.238,0.054,245.216,411.947,2.871,-85.064,44.403,1435.364,62316.732,20130818_071055,479172,18907,27828,14075
3,KAPX20130819_103551_V06,-10.015,0.054,398.435,513.239,12.563,-84.107,43.946,6281.396,117430.943,20130819_063551,479171,8321,21767,5523
3,KAPX20130819_104531_V06,-0.348,0.075,398.108,511.629,21.136,-84.109,43.953,10568.186,116632.106,20130819_064531,479173,11191,24179,8099
1,KAPX20130819_095658_V06,-48.898,0.307,422.892,139.785,17.492,-83.932,45.625,8746.021,100959.278,20130819_055658,479173,34237,27680,25679
4,KAPX20130822_121156_V06,82.509,0.359,22.286,238.065,31.457,-86.486,45.172,15728.546,142268.187,20130822_081156,479168,14958,28471,9143
4,KAPX20130822_121749_V06,88.392,0.820,27.196,249.748,33.907,-86.453,45.120,16953.268,138696.755,20130822_081749,479168,14863,29288,9237
3,KAPX20130822_105502_V06,5.609,0.063,394.117,523.002,16.240,-84.134,43.902,8119.980,121024.535,20130822_065502,479166,27208,34561,19775
2,KAPX20130823_105116_V06,0.655,0.212,415.943,560.004,9.421,-84.000,43.735,4710.653,142342.008,20130823_065116,479170,12732,27394,9681
2,KAPX20130823_110101_V06,10.405,0.311,416.074,562.960,19.321,-84.000,43.722,9660.583,143719.587,20130823_070101,479178,14509,25919,10932
2,KAPX20130823_111046_V06,20.155,0.096,415.141,566.295,16.688,-84.005,43.707,8343.969,145060.879,20130823_071046,479172,14473,25109,10791
3,KAPX20130824_102235_V06,-29.215,0.153,453.699,528.240,33.859,-83.764,43.876,16929.695,137583.585,20130824_062235,479171,15912,42417,11358
3,KAPX20130824_103218_V06,-19.498,0.108,454.206,528.531,42.892,-83.760,43.875,21445.921,137845.946,20130824_063218,479174,12900,37136,10560
1,KAPX20130824_095325_V06,-58.382,0.274,344.816,115.824,6.893,-84.432,45.735,3446.686,94775.306,20130824_055325,479177,56688,44112,44425
4,KAPX20130824_103218_V06,-19.498,0.083,500.481,551.681,11.372,-83.475,43.768,5686.020,160884.960,20130824_063218,479174,12900,37136,10560
5,KAPX20130824_104203_V06,-9.748,0.371,274.563,360.389,11.887,-84.880,44.635,5943.472,32763.840,20130824_064203,479173,19064,40318,15938
6,KAPX20130824_110131_V06,9.718,0.077,392.507,352.761,2.526,-84.136,44.668,1262.888,53247.537,20130824_070131,479170,30105,42672,25942
8,KAPX20130824_111116_V06,19.468,0.076,202.779,416.743,9.120,-85.330,44.380,4559.853,75961.892,20130824_071116,479172,33424,40866,28615
9,KAPX20130824_112101_V06,29.218,0.103,453.348,516.793,42.316,-83.765,43.928,21157.867,132773.032,20130824_072101,479168,27817,41827,22714
1,KAPX20130825_100635_V06,-46.402,0.056,338.874,181.559,11.486,-84.471,45.440,5743.187,62328.473,20130825_060635,479169,11417,26796,5311
29,KAPX20130826_114724_V06,53.228,0.519,381.289,509.358,12.254,-84.213,43.964,6126.788,112292.905,20130826_074724,479182,131799,143906,17232
29,KAPX20130826_115150_V06,57.661,0.068,382.274,508.731,18.177,-84.207,43.967,9088.662,112180.422,20130826_075150,479185,133878,145262,17070
7,KAPX20130826_102632_V06,-27.639,0.188,245.697,330.741,17.473,-85.063,44.768,8736.570,31200.026,20130826_062632,479181,108610,123577,11424
22,KAPX20130826_111815_V06,24.078,0.100,330.341,169.436,13.381,-84.526,45.494,6690.250,67021.434,20130826_071815,479186,122899,136448,18663
32,KAPX20130826_115150_V06,57.661,0.061,283.053,396.063,17.354,-84.826,44.475,8676.863,48773.253,20130826_075150,479185,133878,145262,17070
34,KAPX20130826_115603_V06,61.878,0.063,246.267,293.313,12.166,-85.060,44.937,6082.760,27073.886,20130826_075603,479183,138403,149421,17241
36,KAPX20130826_120045_V06,66.578,0.109,238.089,401.517,23.788,-85.109,44.450,11894.232,59452.963,20130826_080045,479192,142835,152408,17547
7,KAPX20130827_113422_V06,39.007,0.072,29.273,413.116,33.643,-86.419,44.386,16821.257,146704.221,20130827_073422,479177,136290,121822,54001
7,KAPX20130827_114019_V06,44.957,-1.000,29.273,413.116,43.103,-86.419,44.386,21551.507,146704.221,20130827_074019,479168,132289,122748,48336
7,KAPX20130827_114615_V06,50.891,0.152,39.547,421.983,46.613,-86.353,44.347,23306.443,143801.563,20130827_074615,479171,125961,120951,43239
7,KAPX20130827_115211_V06,56.824,0.129,45.271,429.561,48.494,-86.316,44.313,24246.998,142892.283,20130827_075211,479171,124193,119796,41288
7,KAPX20130827_115806_V06,62.741,0.349,64.701,439.365,40.320,-86.193,44.271,20159.903,136737.118,20130827_075806,479174,124132,121290,38781
7,KAPX20130827_120405_V06,68.724,0.383,74.515,451.942,35.476,-86.131,44.215,17738.083,135950.476,20130827_080405,479171,120286,124386,32624
7,KAPX20130827_120959_V06,74.624,0.362,86.545,466.372,30.618,-86.054,44.151,15309.140,135316.860,20130827_080959,479174,118352,126370,28231
5,KAPX20130827_112229_V06,27.124,0.055,496.912,94.013,11.786,-83.453,45.827,5892.899,142482.714,20130827_072229,479168,142067,121455,60289
20,KAPX20130827_120959_V06,74.624,0.075,217.579,231.810,31.505,-85.244,45.213,15752.701,53486.324,20130827_080959,479174,118352,126370,28231
1,KAPX20130828_112142_V06,25.154,0.319,59.413,280.646,28.815,-86.245,44.984,14407.426,120682.298,20130828_072142,479169,49926,58875,31127
1,KAPX20130829_104922_V06,-8.366,0.099,485.330,566.533,30.920,-83.570,43.702,15459.887,162316.876,20130829_064922,479169,28391,46871,20055
5,KAPX20130830_101947_V06,-39.137,0.071,386.949,126.518,23.418,-84.162,45.686,11708.866,97025.947,20130830_061947,479175,182430,190319,19497
2,KAPX20130901_111310_V06,11.874,0.074,449.185,299.154,30.057,-83.775,44.907,15028.381,74593.820,20130901_071310,479177,11372,47430,6929
2,KAPX20130901_112253_V06,21.590,0.070,452.961,298.562,41.275,-83.751,44.910,20637.660,76484.059,20130901_072253,479171,12713,47827,7203
2,KAPX20130901_113234_V06,31.274,0.052,452.175,298.664,33.834,-83.756,44.909,16916.965,76090.489,20130901_073234,479168,13845,50066,7401
1,KAPX20130905_111015_V06,4.213,0.255,489.273,562.742,23.137,-83.545,43.719,11568.466,161908.654,20130905_071015,479176,5764,19932,4509
1,KAPX20130905_111958_V06,13.929,0.179,489.760,560.798,18.436,-83.542,43.728,9217.864,161264.254,20130905_071958,479180,6788,21072,4688
2,KAPX20130906_111434_V06,7.344,0.228,506.695,527.034,23.322,-83.434,43.878,11660.854,153514.714,20130906_071434,479167,15090,31546,11394
2,KAPX20130906_112418_V06,17.077,0.060,507.367,526.912,34.354,-83.430,43.879,17177.072,153696.327,20130906_072418,479169,16143,32415,11196
1,KAPX20130906_102556_V06,-41.290,0.050,296.128,96.871,6.422,-84.745,45.821,3211.136,101583.137,20130906_062556,479174,22691,41189,13833
6,KAPX20130907_105516_V06,-13.142,0.052,202.112,303.446,13.194,-85.339,44.890,6597.227,48974.470,20130907_065516,479172,120255,134342,7871
6,KAPX20130907_105936_V06,-8.809,-1.000,202.112,303.446,20.084,-85.339,44.890,10042.227,48974.470,20130907_065936,479181,125066,139515,7853
6,KAPX20130907_110357_V06,-4.459,0.085,210.794,300.205,23.629,-85.284,44.905,11814.592,44603.307,20130907_070357,479178,125630,139056,8306
1,KAPX20130908_105107_V06,-18.477,0.341,471.478,564.052,20.306,-83.656,43.714,10152.765,157423.210,20130908_065107,479166,9133,26959,7475
1,KAPX20130908_110048_V06,-8.794,0.203,470.419,562.872,28.417,-83.662,43.719,14208.717,156639.990,20130908_070048,479169,19592,27232,17115
1,KAPX20130908_111031_V06,0.923,0.586,468.565,565.390,30.807,-83.674,43.708,15403.699,157199.020,20130908_071031,479170,34540,27096,30260
1,KAPX20130908_112012_V06,10.606,0.166,472.740,561.124,30.069,-83.648,43.727,15034.482,156544.517,20130908_072012,479172,37213,26105,32168
2,KAPX20130908_111031_V06,0.923,0.057,400.955,557.477,4.681,-84.093,43.747,2340.489,138280.958,20130908_071031,479170,34540,27096,30260
10,KAPX20130909_105130_V06,-19.279,0.156,316.237,424.599,23.237,-84.618,44.347,11618.748,62826.041,20130909_065130,479175,61903,88864,7325
10,KAPX20130909_105657_V06,-13.829,0.107,318.125,425.045,30.144,-84.606,44.345,15072.147,63175.717,20130909_065657,479175,55651,84203,6135
10,KAPX20130909_110226_V06,-8.346,0.075,327.709,427.554,31.385,-84.546,44.333,15692.327,65264.275,20130909_070226,479175,49127,79252,5357
13,KAPX20130909_105657_V06,-13.829,0.063,244.022,221.855,27.225,-85.076,45.258,13612.408,48062.866,20130909_065657,479175,55651,84203,6135
13,KAPX20130909_110226_V06,-8.346,-1.000,244.022,221.855,35.943,-85.076,45.258,17971.658,48062.866,20130909_070226,479175,49127,79252,5357
13,KAPX20130909_110754_V06,-2.879,0.063,247.159,212.268,47.759,-85.057,45.301,23879.664,51208.336,20130909_070754,479173,43060,77249,5413
15,KAPX20130909_110226_V06,-8.346,0.072,30.361,113.551,27.346,-86.452,45.733,13672.997,163911.930,20130909_070226,479175,49127,79252,5357
15,KAPX20130909_110754_V06,-2.879,0.067,31.246,114.322,34.959,-86.446,45.730,17479.748,163328.789,20130909_070754,479173,43060,77249,5413
3,KAPX20130909_102738_V06,-43.146,0.051,308.786,428.533,25.286,-84.665,44.329,12643.019,64416.716,20130909_062738,479170,106838,94824,39419
8,KAPX20130909_104532_V06,-25.246,0.068,210.350,416.339,35.176,-85.282,44.382,17587.990,73436.631,20130909_064532,479168,67323,90629,10047
11,KAPX20130909_105130_V06,-19.279,0.082,380.683,392.209,23.376,-84.213,44.491,11687.933,61262.463,20130909_065130,479175,61903,88864,7325
17,KAPX20130909_112916_V06,18.487,0.070,356.165,284.883,23.658,-84.364,44.975,11829.163,29081.907,20130909_072916,479170,40114,59687,11209
19,KAPX20130909_113415_V06,23.471,0.085,143.967,503.300,19.453,-85.692,43.988,9726.480,128137.920,20130909_073415,479174,41899,57750,12541
19,KAPX20130909_113917_V06,28.504,-1.000,143.967,503.300,27.456,-85.692,43.988,13727.980,128137.920,20130909_073917,479178,43241,57760,13747
19,KAPX20130909_114417_V06,33.504,0.191,161.071,514.126,21.884,-85.585,43.940,10941.872,127623.537,20130909_074417,479168,44587,57477,14622
19,KAPX20130909_114917_V06,38.504,-1.000,161.071,514.126,29.834,-85.585,43.940,14916.872,127623.537,20130909_074917,479174,43151,56930,13457
19,KAPX20130909_115419_V06,43.537,0.058,177.098,523.605,23.920,-85.485,43.898,11960.085,127577.625,20130909_075419,479176,41970,56819,12149
21,KAPX20130909_113917_V06,28.504,0.056,196.910,60.569,40.706,-85.385,45.982,20352.774,130340.765,20130909_073917,479178,43241,57760,13747
5,KAPX20130911_110753_V06,-5.267,0.053,18.886,271.275,27.002,-86.503,45.023,13500.807,141288.946,20130911_070753,479175,46723,68615,20273
7,KAPX20130911_113741_V06,24.533,0.067,27.123,484.441,30.185,-86.423,44.064,15092.716,164681.772,20130911_073741,479179,60655,73993,25856
6,KAPX20130915_114505_V06,27.189,0.089,13.610,332.410,19.201,-86.528,44.747,9600.618,144109.153,20130915_074505,479176,285716,292940,41485
6,KAPX20130915_115100_V06,33.106,0.259,17.048,331.689,27.676,-86.506,44.751,13837.988,142360.262,20130915_075100,479176,272862,285987,42736
6,KAPX20130915_115654_V06,39.006,0.659,29.560,329.379,35.873,-86.428,44.762,17936.725,136015.697,20130915_075654,479176,269005,276486,44964
6,KAPX20130915_120249_V06,44.922,0.116,40.031,325.962,41.966,-86.362,44.779,20982.812,130631.259,20130915_080249,479167,261471,272909,45000
6,KAPX20130915_120845_V06,50.856,0.063,50.230,314.521,45.979,-86.299,44.831,22989.702,125096.113,20130915_080845,479179,253912,262840,44342
5,KAPX20130915_114505_V06,27.189,0.780,94.241,421.956,25.383,-86.010,44.351,12691.749,119592.958,20130915_074505,479176,285716,292940,41485
5,KAPX20130915_115100_V06,33.106,0.864,99.954,423.166,30.778,-85.974,44.346,15388.768,117460.870,20130915_075100,479176,272862,285987,42736
5,KAPX20130915_115654_V06,39.006,0.512,111.157,423.940,31.953,-85.904,44.343,15976.433,112941.168,20130915_075654,479176,269005,276486,44964
1,KAPX20130918_121912_V06,57.740,0.168,232.085,410.086,12.500,-85.146,44.411,6250.164,64674.963,20130918_081912,479171,30229,41172,7956
11,KAPX20130919_110222_V06,-20.285,0.169,64.529,79.083,33.177,-86.237,45.891,16588.287,161439.542,20130919_070222,479174,234627,239806,13937
2,KAPX20130920_103705_V06,-46.762,0.158,28.197,415.499,48.140,-86.425,44.375,24070.126,147662.398,20130920_063705,479174,12466,34750,4369
2,KAPX20130920_104210_V06,-41.678,0.118,29.013,415.241,56.371,-86.420,44.376,28185.643,147236.849,20130920_064210,479173,11566,33673,3924
2,KAPX20130920_104713_V06,-36.628,0.082,32.103,406.727,59.989,-86.402,44.415,29994.475,144187.140,20130920_064713,479176,11521,32329,4224
3,KAPX20130920_111738_V06,-6.212,0.085,23.389,436.122,37.215,-86.452,44.282,18607.384,154145.167,20130920_071738,479172,5552,28802,1492
6,KAPX20130921_113420_V06,9.293,0.584,28.129,232.056,29.606,-86.450,45.200,14802.752,140116.452,20130921_073420,479173,47898,49548,21021
6,KAPX20130921_114405_V06,19.043,0.630,29.710,234.562,36.483,-86.440,45.189,18241.420,139049.251,20130921_074405,479168,55225,51727,26270
6,KAPX20130921_115346_V06,28.726,0.792,33.611,240.869,36.748,-86.414,45.161,18374.107,136436.194,20130921_075346,479169,57999,54729,26311
6,KAPX20130921_120331_V06,38.476,0.480,39.901,229.634,50.250,-86.375,45.212,25124.824,134724.525,20130921_080331,479170,58866,56726,26238
6,KAPX20130921_121314_V06,48.193,0.654,44.187,243.582,50.644,-86.346,45.150,25321.765,130980.017,20130921_081314,479175,61967,58960,27455
6,KAPX20130921_122257_V06,57.910,0.409,51.015,252.365,49.927,-86.302,45.111,24963.603,126750.525,20130921_082257,479173,62796,65162,25479
4,KAPX20130921_112437_V06,-0.424,0.069,131.401,160.738,15.984,-85.799,45.529,7992.241,109338.378,20130921_072437,479173,37834,47983,14032
4,KAPX20130921_113420_V06,9.293,0.150,135.148,164.487,23.542,-85.775,45.512,11770.793,106700.412,20130921_073420,479173,47898,49548,21021
4,KAPX20130921_114405_V06,19.043,0.067,147.229,175.946,15.774,-85.696,45.461,7886.929,98397.543,20130921_074405,479168,55225,51727,26270
2,KAPX20130921_105525_V06,-29.624,0.094,303.741,411.044,31.010,-84.696,44.408,15504.822,55553.685,20130921_065525,479172,130649,38556,104859
5,KAPX20130921_112437_V06,-0.424,0.063,248.391,158.741,30.166,-85.050,45.542,15083.006,75195.577,20130921_072437,479173,37834,47983,14032
12,KAPX20130921_120331_V06,38.476,0.161,251.567,201.989,34.841,-85.029,45.348,17420.448,54662.300,20130921_080331,479170,58866,56726,26238
14,KAPX20130921_122257_V06,57.910,0.173,305.310,412.834,27.787,-84.686,44.400,13893.534,56479.315,20130921_082257,479173,62796,65162,25479
3,KAPX20130928_121924_V06,45.912,0.082,212.017,298.851,5.658,-85.277,44.911,2829.140,43995.261,20130928_081924,479174,1907,42990,1239
3,KAPX20130929_114020_V06,5.625,0.072,430.694,68.050,56.698,-83.877,45.948,28349.030,133118.342,20130929_074020,479170,150822,166268,18119
1,KAPX20130930_113834_V06,2.634,0.154,241.891,238.479,6.345,-85.089,45.183,3172.436,42312.826,20130930_073834,479180,52563,36047,44075
1,KAPX20131001_114446_V06,7.606,0.067,302.173,300.805,23.929,-84.706,44.904,11964.550,1158.434,20131001_074446,479175,4639,11621,3272
1,KAPX20131002_113033_V06,-7.843,0.136,301.183,349.032,8.562,-84.712,44.687,4281.076,24523.375,20131002_073033,479173,42127,45446,32631
3,KAPX20131006_110907_V06,-34.250,0.054,50.493,507.719,39.593,-86.274,43.962,19796.709,162327.452,20131006_070907,479176,31443,55516,4958
3,KAPX20131006_111411_V06,-29.183,0.063,50.842,507.266,46.154,-86.272,43.964,23076.918,162048.570,20131006_071411,479173,29952,52511,4475
20,KAPX20131007_124907_V06,64.496,0.091,144.833,290.327,23.654,-85.703,44.947,11826.832,77733.861,20131007_084907,479178,215842,195777,43303
20,KAPX20131007_125434_V06,69.946,0.112,146.593,291.780,31.026,-85.692,44.940,15513.197,76813.536,20131007_085434,479169,216642,197904,43647
7,KAPX20131007_111421_V06,-30.271,0.090,250.559,528.512,26.165,-85.027,43.879,13082.356,116899.482,20131007_071421,479177,180358,173864,31956
12,KAPX20131007_120146_V06,17.146,0.055,38.355,146.757,82.507,-86.396,45.584,41253.372,151609.218,20131007_080146,479174,201199,199983,29684
19,KAPX20131007_124311_V06,58.562,0.124,304.675,374.693,18.374,-84.690,44.571,9186.914,37419.391,20131007_084311,479173,212877,194622,41652
1,KAPX20131008_130223_V06,76.503,0.071,205.017,461.732,2.810,-85.314,44.178,1405.006,93780.234,20131008_090223,479172,5013,23342,4031
1,KAPX20131009_104935_V06,-57.560,0.141,206.241,467.087,6.342,-85.306,44.154,3171.216,95797.762,20131009_064935,479167,14628,29912,10021
1,KAPX20131009_105919_V06,-47.827,0.103,207.107,466.762,13.848,-85.300,44.155,6923.908,95444.460,20131009_065919,479173,18054,28934,13274
1,KAPX20131011_124225_V06,52.733,0.052,260.456,166.297,16.286,-84.973,45.508,8142.984,69714.061,20131011_084225,479173,35540,27155,30245
1,KAPX20131012_111734_V06,-33.394,0.283,493.400,558.533,8.862,-83.519,43.738,4430.766,161433.251,20131012_071734,479177,11431,22057,5669
1,KAPX20131014_121128_V06,17.938,0.088,205.391,466.113,6.452,-85.311,44.158,3225.965,95583.122,20131014_081128,479175,33103,12263,27628
2,KAPX20131015_112751_V06,-26.970,0.056,460.957,334.747,33.488,-83.703,44.746,16743.950,82332.338,20131015_072751,479183,5308,9943,2607
2,KAPX20131017_114426_V06,-12.983,0.132,54.910,507.722,57.212,-86.247,43.962,28605.888,160637.434,20131017_074426,479165,11721,26199,4916
5,KAPX20131017_131155_V06,74.500,0.068,400.460,521.396,18.009,-84.094,43.909,9004.478,121561.132,20131017_091155,479170,43126,53308,12074
2,KAPX20131018_110411_V06,-54.539,0.107,28.611,197.711,47.094,-86.452,45.354,23546.986,145012.980,20131018_070411,479172,12767,22714,2424
3,KAPX20131018_110411_V06,-54.539,0.065,354.161,182.512,23.925,-84.374,45.435,11962.555,64685.386,20131018_070411,479172,12767,22714,2424
13,KAPX20131019_130511_V06,65.150,0.146,33.153,405.308,50.832,-86.395,44.421,25415.951,143437.273,20131019_090511,479171,182197,154244,53600
13,KAPX20131019_131109_V06,71.117,0.537,34.725,407.135,56.829,-86.385,44.413,28414.709,143046.199,20131019_091109,479179,184831,154847,53561
13,KAPX20131019_131704_V06,77.033,0.490,37.871,409.653,56.124,-86.365,44.402,28062.084,142070.041,20131019_091704,479173,188881,155638,53402
13,KAPX20131019_132301_V06,82.983,0.125,39.988,410.182,53.139,-86.352,44.400,26569.332,141197.057,20131019_092301,479175,191829,156962,51737
5,KAPX20131019_115935_V06,-0.450,0.053,372.536,330.625,25.313,-84.262,44.769,12656.733,39367.852,20131019_075935,479171,143095,129161,42723
3,KAPX20131021_113029_V06,-32.187,0.074,439.190,224.286,24.971,-83.833,45.244,12485.466,79225.307,20131021_073029,479174,70139,89046,19583
9,KAPX20131023_121257_V06,7.622,0.167,27.240,483.866,33.427,-86.422,44.067,16713.722,164472.699,20131023_081257,479171,50944,64606,13713
9,KAPX20131023_122240_V06,17.339,0.062,28.546,487.326,41.533,-86.413,44.052,20766.388,164907.618,20131023_082240,479175,47144,63027,12122
6,KAPX20131023_120314_V06,-2.095,0.074,121.510,518.593,26.024,-85.831,43.918,13011.957,141104.006,20131023_080314,479174,50028,65141,11777
17,KAPX20131023_124203_V06,36.722,0.155,246.654,215.806,50.679,-85.060,45.286,25339.401,49835.808,20131023_084203,479172,43070,63121,9485
18,KAPX20131023_125146_V06,46.439,0.133,205.846,184.372,19.223,-85.321,45.426,9611.597,74556.638,20131023_085146,479169,39380,61576,7643
21,KAPX20131023_130131_V06,56.189,0.120,193.405,459.340,22.576,-85.386,44.188,11288.199,95853.926,20131023_090131,479173,38335,63655,7007
12,KAPX20131025_122338_V06,15.629,0.066,467.032,487.430,40.064,-83.677,44.059,20031.879,125528.429,20131025_082338,479173,31556,52281,4642
17,KAPX20131025_124303_V06,35.045,0.054,272.547,202.719,17.993,-84.895,45.345,8996.452,50540.310,20131025_084303,479175,28432,46133,3560
19,KAPX20131025_125248_V06,44.795,0.084,524.602,472.902,57.695,-83.317,44.121,28847.389,141722.849,20131025_085248,479176,28074,46182,3077
23,KAPX20131025_131215_V06,64.245,0.116,254.363,398.000,20.840,-85.006,44.466,10419.868,54052.682,20131025_091215,479168,31854,52730,3455
25,KAPX20131025_132156_V06,73.929,0.199,328.078,245.670,22.139,-84.541,45.152,11069.698,30578.176,20131025_092156,479171,34515,57099,4023
3,KAPX20131026_124451_V06,35.500,0.053,30.795,241.332,31.735,-86.432,45.158,15867.466,137761.628,20131026_084451,479171,102426,105938,20460
3,KAPX20131026_125049_V06,41.466,-1.000,30.795,241.332,41.222,-86.432,45.158,20610.966,137761.628,20131026_085049,479166,99817,104821,20213
3,KAPX20131026_125647_V06,47.433,0.063,37.145,243.410,43.254,-86.391,45.150,21627.042,134438.683,20131026_085647,479163,96737,104239,19030
3,KAPX20131026_130245_V06,53.400,0.070,46.950,240.402,49.425,-86.329,45.164,24712.400,129986.860,20131026_090245,479167,93663,104049,18223
1,KAPX20131026_114517_V06,-24.067,0.080,13.365,421.834,16.428,-86.517,44.345,8213.790,155726.406,20131026_074517,479172,90052,88293,18456
4,KAPX20131026_125049_V06,41.466,0.051,34.692,238.827,52.540,-86.407,45.170,26269.840,136134.423,20131026_085049,479166,99817,104821,20213
13,KAPX20131027_130722_V06,56.667,0.108,20.968,261.873,19.196,-86.491,45.065,9597.776,140812.567,20131027_090722,479162,10952,38220,3251
7,KAPX20131028_115546_V06,-16.287,0.064,297.786,300.684,12.168,-84.734,44.904,6084.164,1158.506,20131028_075546,479183,5078,16264,3059
2,KAPX20131030_120551_V06,-8.923,0.069,32.792,237.968,58.763,-86.419,45.174,29381.695,137157.069,20131030_080551,479180,8646,21801,2223
13,KAPX20131031_125250_V06,36.696,0.121,265.567,195.723,13.554,-84.940,45.376,6777.143,54907.367,20131031_085250,479176,263332,293962,30515
13,KAPX20131031_125815_V06,42.112,0.448,267.787,193.337,18.557,-84.925,45.387,9278.562,55710.432,20131031_085815,479181,266027,288932,32155
13,KAPX20131031_130411_V06,48.046,0.771,271.803,188.323,13.057,-84.900,45.410,6528.648,57591.103,20131031_090411,479184,269505,289418,32042
19,KAPX20131031_133251_V06,76.712,0.069,32.179,524.246,38.746,-86.386,43.886,19373.089,174652.790,20131031_093251,479178,334789,334103,35440
2,KAPX20131101_120713_V06,-10.289,0.060,384.579,37.398,40.654,-84.173,46.087,20327.049,137943.357,20131101_080713,479175,310235,258600,56798
3,KAPX20131102_113200_V06,-46.875,0.585,319.493,380.801,11.338,-84.597,44.544,5669.209,41559.755,20131102_073200,479178,96937,88390,46829
3,KAPX20131102_114143_V06,-37.158,0.488,318.466,381.606,20.370,-84.604,44.540,10184.987,41834.385,20131102_074143,479180,96694,80845,51048
3,KAPX20131102_115126_V06,-27.442,0.168,314.552,379.954,25.617,-84.628,44.547,12808.445,40633.648,20131102_075126,479182,88131,81324,45059
6,KAPX20131102_120107_V06,-17.758,0.120,203.691,301.573,16.996,-85.329,44.899,8497.833,48160.918,20131102_080107,479179,82144,78851,41433
7,KAPX20131102_120107_V06,-17.758,0.099,457.015,206.500,26.538,-83.718,45.324,13268.902,91372.647,20131102_080107,479179,82144,78851,41433
8,KAPX20131102_120107_V06,-17.758,0.056,366.107,258.235,27.138,-84.300,45.094,13568.943,39097.592,20131102_080107,479179,82144,78851,41433
14,KAPX20131102_124943_V06,30.842,0.055,365.804,371.656,39.764,-84.305,44.584,19882.137,48643.669,20131102_084943,479182,69196,68878,32085
2,KAPX20131104_125405_V06,32.463,0.063,23.352,430.119,32.916,-86.453,44.309,16458.023,152860.020,20131104_075405,479180,4193,6303,2727
2,KAPX20131104_130351_V06,42.230,0.401,24.256,433.716,43.136,-86.447,44.292,21567.877,153227.596,20131104_080351,479180,5274,7505,2686
2,KAPX20131104_131334_V06,51.947,0.679,33.421,436.811,53.173,-86.389,44.279,26586.592,149818.079,20131104_081334,479176,5191,7369,2825
1,KAPX20131104_122456_V06,3.313,0.058,18.473,557.258,29.867,-86.467,43.736,14933.495,190682.421,20131104_072456,479181,5634,5581,4376
3,KAPX20131104_132318_V06,61.680,0.054,26.300,321.042,34.609,-86.449,44.799,17304.255,137253.576,20131104_082318,479179,5599,7002,2923
2,KAPX20131107_121023_V06,-15.359,0.200,296.297,120.368,41.392,-84.744,45.715,20696.247,89834.958,20131107_071023,479180,33412,118797,3947
8,KAPX20131108_120133_V06,-25.565,0.138,173.294,248.311,16.723,-85.525,45.137,8361.656,68421.477,20131108_070133,479181,54485,107237,8124
3,KAPX20131111_121601_V06,-15.205,0.116,53.706,220.715,66.846,-86.289,45.253,33422.886,129370.227,20131111_071601,479176,393435,385329,18634
5,KAPX20131111_125724_V06,26.178,0.189,260.745,43.948,19.247,-84.973,46.059,9623.718,129521.980,20131111_075724,479180,383609,375991,20113
4,KAPX20131117_125127_V06,12.127,0.104,24.876,293.882,28.474,-86.462,44.921,14236.843,137596.229,20131117_075127,479177,13676,53271,2159
5,KAPX20131117_130109_V06,21.827,0.056,34.642,217.718,36.107,-86.410,45.265,18053.314,138910.932,20131117_080109,479179,17979,57930,2307
6,KAPX20131117_133818_V06,58.977,0.076,27.032,297.184,30.210,-86.448,44.907,15104.855,136491.347,20131117_083818,479178,47939,93286,4650
1,KAPX20131121_121008_V06,-34.446,0.079,314.049,336.106,20.972,-84.631,44.745,10485.884,19371.428,20131121_071008,479170,105400,90676,57603
2,KAPX20131121_121008_V06,-34.446,0.079,233.377,307.118,25.790,-85.141,44.874,12894.754,33500.928,20131121_071008,479170,105400,90676,57603
3,KAPX20131122_123525_V06,-10.451,0.167,45.219,420.704,77.352,-86.318,44.353,38675.880,140963.425,20131122_073525,479171,257209,285319,22482
3,KAPX20131122_124510_V06,-0.701,0.161,52.527,417.354,87.291,-86.272,44.369,43645.379,136944.256,20131122_074510,479180,258752,292564,23123
3,KAPX20131122_125452_V06,8.999,0.111,74.541,404.501,91.494,-86.135,44.428,45746.825,124250.132,20131122_075452,479175,270108,300447,24419
3,KAPX20131122_130432_V06,18.666,0.065,84.079,401.703,90.355,-86.076,44.442,45177.556,119337.074,20131122_080432,479180,270752,307349,23427
6,KAPX20131126_133135_V06,40.690,0.058,108.629,502.815,36.074,-85.912,43.988,18036.991,139424.672,20131126_083135,479183,169720,270808,8822
6,KAPX20131126_133633_V06,45.657,-1.000,108.629,502.815,43.971,-85.912,43.988,21985.491,139424.672,20131126_083633,479186,182612,280873,9729
6,KAPX20131126_134133_V06,50.657,0.174,108.911,500.277,45.897,-85.911,44.000,22948.558,138406.879,20131126_084133,479176,193964,286607,10585
1,KAPX20131204_121755_V06,-42.194,0.328,401.529,220.079,3.205,-84.073,45.265,1602.440,64605.586,20131204_071755,479180,61893,144666,17075
1,KAPX20131205_122041_V06,-40.479,0.063,34.848,460.660,62.646,-86.378,44.172,31323.025,155013.668,20131205_072041,479170,26956,31242,1886
5,KAPX20131208_141810_V06,74.007,0.064,30.734,421.362,50.076,-86.408,44.349,25037.853,147676.283,20131208_091810,479177,65053,146884,5441
5,KAPX20131208_142753_V06,83.724,0.052,30.899,420.975,60.079,-86.407,44.350,30039.682,147521.644,20131208_092753,479173,69055,149152,5189
3,KAPX20131208_130018_V06,-3.859,0.086,45.387,287.649,55.975,-86.333,44.951,27987.585,127456.438,20131208_080018,479176,24457,69212,3178
7,KAPX20131213_134408_V06,35.578,0.129,20.149,440.273,26.099,-86.472,44.263,13049.667,156519.112,20131213_084408,479176,45573,162527,5659
7,KAPX20131213_135354_V06,45.345,0.051,25.812,446.745,39.336,-86.436,44.234,19667.902,155493.653,20131213_085354,479174,46878,166687,5575
5,KAPX20131213_131455_V06,6.362,0.087,48.115,234.382,71.074,-86.322,45.191,35537.037,130145.918,20131213_081455,479176,55089,162196,7596
1,KAPX20131217_122557_V06,-45.517,0.283,26.546,424.033,45.737,-86.434,44.336,22868.429,150134.178,20131217_072557,479178,13375,50180,923
1,KAPX20131222_134059_V06,26.713,0.073,25.450,493.628,26.830,-86.432,44.023,13414.779,167979.993,20131222_084059,479180,442296,429264,15581
