track_id,filename,from_sunrise,det_score,x,y,r,lon,lat,radius,geo_dist,local_time,n_radar_pixels,n_refAbove40_pixels,n_xcorrAbove0.95_pixels,n_xcorrBelow0.95_refAbove40_pixels
1,KGYX20230602_085231_V06,-8.718,0.119,280.326,140.970,7.506,-70.381,44.607,3752.762,80121.312,20230602_045231,479172,21327,33625,16244
3,KGYX20230602_094133_V06,40.315,0.066,282.981,139.263,2.301,-70.364,44.615,1150.414,80817.781,20230602_054133,479178,20684,25422,17342
3,KGYX20230603_080724_V06,-53.365,0.167,440.640,153.117,14.065,-69.372,44.549,7032.314,101678.551,20230603_040724,479175,78431,118364,14130
3,KGYX20230603_081318_V06,-47.465,-1.000,440.640,153.117,23.446,-69.372,44.549,11722.814,101678.551,20230603_041318,479173,82133,120737,13992
3,KGYX20230603_081917_V06,-41.482,0.162,447.821,163.459,12.847,-69.328,44.502,6423.264,100616.367,20230603_041917,479182,84816,123500,13588
6,KGYX20230603_081318_V06,-47.465,0.056,280.408,412.101,32.654,-70.378,43.387,16326.866,56899.912,20230603_041318,479173,82133,120737,13992
12,KGYX20230603_083714_V06,-23.532,0.106,385.664,178.425,50.547,-69.719,44.437,25273.449,74361.973,20230603_043714,479177,87453,125692,11611
12,KGYX20230603_084314_V06,-17.532,0.456,382.413,190.370,44.717,-69.740,44.384,22358.574,68575.805,20230603_044314,479172,86901,126686,10834
19,KGYX20230603_090112_V06,0.435,0.558,463.530,129.111,21.207,-69.226,44.656,10603.477,118263.685,20230603_050112,479178,83331,121348,9991
19,KGYX20230603_090712_V06,6.435,0.312,467.581,134.482,18.615,-69.201,44.631,9307.354,117770.541,20230603_050712,479170,83139,120631,10279
34,KGYX20230603_093129_V06,30.718,0.400,402.967,223.781,50.152,-69.613,44.233,25076.046,64053.450,20230603_053129,479185,87102,121219,11634
5,KGYX20230604_082744_V06,-32.599,0.061,39.064,152.711,59.400,-71.899,44.542,29699.913,149818.165,20230604_042744,479180,110581,149527,32021
10,KGYX20230604_083653_V06,-23.449,0.172,272.725,96.658,36.124,-70.429,44.806,18061.893,102581.679,20230604_043653,479179,106767,149917,31247
10,KGYX20230604_084120_V06,-18.999,0.463,258.644,102.642,25.748,-70.518,44.779,12874.176,100822.033,20230604_044120,479177,105040,149467,30830
14,KGYX20230604_084120_V06,-18.999,0.196,467.707,419.088,16.483,-69.223,43.351,8241.482,102843.773,20230604_044120,479177,105040,149467,30830
21,KGYX20230604_085509_V06,-5.182,0.660,408.696,91.328,29.470,-69.570,44.828,14734.917,117642.404,20230604_045509,479182,105082,148157,32625
25,KGYX20230604_090413_V06,3.884,0.096,204.341,246.789,48.316,-70.855,44.129,24158.125,54731.244,20230604_050413,479173,107142,148928,33891
25,KGYX20230604_090846_V06,8.434,0.063,191.257,221.938,27.585,-70.938,44.241,13792.330,66930.526,20230604_050846,479179,107508,148542,35217
31,KGYX20230604_092736_V06,27.268,0.063,52.677,291.922,57.245,-71.797,43.917,28622.631,123727.490,20230604_052736,479179,103177,145340,36752
23,KGYX20230607_100854_V06,69.646,0.201,149.018,19.345,24.472,-71.217,45.150,12236.095,159344.593,20230607_060854,479178,51382,75070,15038
23,KGYX20230607_101334_V06,74.313,0.171,148.565,20.637,30.667,-71.220,45.144,15333.576,158883.906,20230607_061334,479184,53207,74955,15635
12,KGYX20230607_090829_V06,9.229,0.072,276.468,364.777,23.386,-70.403,43.600,11692.926,34459.543,20230607_050829,479176,46747,93577,12343
22,KGYX20230607_100415_V06,64.996,0.086,201.277,418.545,15.691,-70.866,43.356,7845.705,77134.659,20230607_060415,479182,50210,74005,15119
2,KGYX20230608_101405_V06,75.115,0.053,24.649,352.899,27.785,-71.963,43.641,13892.632,140192.999,20230608_061405,479176,69930,98316,16106
12,KGYX20230609_101823_V06,79.663,0.052,323.242,422.858,16.977,-70.114,43.338,8488.369,62518.417,20230609_061823,479181,24772,39010,10734
14,KGYX20230609_102255_V06,84.196,0.053,498.567,455.965,11.523,-69.036,43.183,5761.665,126247.794,20230609_062255,479177,24386,38100,10886
7,KGYX20230613_084527_V06,-12.654,0.086,281.696,139.309,2.384,-70.372,44.614,1191.963,80864.986,20230613_044527,479179,74212,105564,9469
7,KGYX20230613_085005_V06,-8.021,0.073,281.921,139.281,8.166,-70.371,44.615,4083.022,80866.208,20230613_045005,479175,75262,107982,9134
1,KGYX20230613_080509_V06,-52.954,0.117,281.634,139.587,2.384,-70.373,44.613,1191.872,80730.257,20230613_040509,479172,72656,93638,10244
2,KGYX20230613_080509_V06,-52.954,0.098,291.378,161.464,2.179,-70.311,44.515,1089.695,69401.778,20230613_040509,479172,72656,93638,10244
8,KGYX20230613_084527_V06,-12.654,0.070,184.807,110.743,7.007,-70.984,44.741,3503.332,110778.770,20230613_044527,479179,74212,105564,9469
1,KGYX20230616_080150_V06,-56.200,0.424,282.051,139.314,2.661,-70.370,44.614,1330.402,80842.527,20230616_040150,479172,17457,28090,13274
2,KGYX20230618_081508_V06,-43.036,0.069,291.511,428.415,45.901,-70.309,43.313,22950.451,64347.565,20230618_041508,479179,177316,241532,20149
8,KGYX20230618_091604_V06,17.897,0.135,59.876,356.043,25.711,-71.745,43.629,12855.496,123288.718,20230618_051604,479179,101718,168645,14866
17,KGYX20230618_101128_V06,73.297,0.121,88.748,336.711,19.804,-71.568,43.719,9901.971,107209.149,20230618_061128,479179,70500,115033,12813
5,KGYX20230620_082826_V06,-30.017,0.247,350.088,370.372,21.381,-69.947,43.574,10690.567,43188.533,20230620_042826,479183,49688,80257,8899
19,KGYX20230620_094640_V06,48.217,0.153,302.881,148.974,41.477,-70.239,44.571,20738.472,75526.711,20230620_054640,479172,42821,73209,6815
19,KGYX20230620_095112_V06,52.750,0.077,312.264,152.872,36.855,-70.180,44.553,18427.620,73819.372,20230620_055112,479178,43484,73584,6957
1,KGYX20230622_080013_V06,-58.654,0.055,205.389,268.904,5.246,-70.847,44.030,2622.887,49794.972,20230622_040013,479181,14546,23928,10704
2,KGYX20230622_085511_V06,-3.688,0.099,427.614,478.853,23.516,-69.473,43.084,11757.988,109856.364,20230622_045511,479170,14410,19792,10792
1,KGYX20230624_091255_V06,13.488,0.091,281.668,138.981,2.311,-70.372,44.616,1155.502,81029.633,20230624_051255,479179,8864,25572,4909
2,KGYX20230625_081330_V06,-46.258,0.053,208.163,269.798,7.275,-70.830,44.026,3637.585,48337.900,20230625_041330,479173,9229,25180,7247
9,KGYX20230627_082203_V06,-38.465,0.431,218.107,94.338,24.283,-70.775,44.816,12141.741,110683.671,20230627_042203,479187,136609,158714,17100
9,KGYX20230627_082639_V06,-33.865,0.086,218.364,85.515,21.596,-70.773,44.855,10797.871,114747.931,20230627_042639,479186,137222,160477,16562
9,KGYX20230627_083115_V06,-29.265,0.067,219.363,78.078,19.271,-70.767,44.889,9635.468,118058.963,20230627_043115,479192,138650,163890,15250
12,KGYX20230627_082203_V06,-38.465,0.084,223.134,272.470,14.630,-70.736,44.014,7315.218,40823.713,20230627_042203,479187,136609,158714,17100
13,KGYX20230627_082639_V06,-33.865,0.121,425.900,210.706,20.831,-69.468,44.290,10415.310,77175.497,20230627_042639,479186,137222,160477,16562
27,KGYX20230627_100022_V06,59.852,0.060,535.341,481.160,14.233,-68.812,43.067,7116.317,148496.211,20230627_060022,479178,165717,180755,13084
3,KGYX20230701_090258_V06,0.565,0.065,282.953,138.848,2.076,-70.364,44.616,1038.250,81025.333,20230701_050258,479180,7915,17089,5356
4,KGYX20230701_100656_V06,64.531,0.094,282.588,139.123,2.962,-70.367,44.615,1481.148,80908.067,20230701_060656,479177,9353,16592,5803
1,KGYX20230702_081108_V06,-51.815,0.059,206.056,269.076,5.560,-70.843,44.029,2780.125,49451.345,20230702_041108,479173,21338,40349,7260
2,KGYX20230702_082011_V06,-42.765,0.058,136.637,23.526,24.266,-71.295,45.131,12133.219,160565.889,20230702_042011,479177,21625,39899,7150
8,KGYX20230704_085207_V06,-12.009,0.072,250.843,212.358,22.088,-70.565,44.285,11043.800,50243.065,20230704_045207,479181,143500,167529,19530
8,KGYX20230704_090403_V06,-0.076,0.055,254.426,211.965,31.263,-70.542,44.287,15631.569,49565.782,20230704_050403,479170,148648,171489,19931
2,KGYX20230705_080706_V06,-57.656,0.064,282.423,138.846,1.858,-70.368,44.616,929.134,81055.004,20230705_040706,479174,15673,35041,12198
2,KGYX20230705_081241_V06,-52.072,0.106,282.667,138.734,8.285,-70.366,44.617,4142.699,81097.356,20230705_041241,479177,16455,34985,12969
1,KGYX20230708_080922_V06,-57.437,0.105,257.086,108.603,2.563,-70.528,44.752,1281.435,98074.620,20230708_040922,479175,9062,19116,7359
6,KGYX20230710_091444_V06,6.441,0.057,395.912,206.551,35.673,-69.656,44.310,17836.720,66954.984,20230710_051444,479184,148967,189371,15313
1,KGYX20230712_081415_V06,-55.625,0.191,282.116,139.235,2.613,-70.370,44.615,1306.587,80878.324,20230712_041415,479170,20181,25482,16413
1,KGYX20230712_082104_V06,-48.808,0.273,282.126,139.279,8.921,-70.370,44.615,4460.688,80856.056,20230712_042104,479169,19826,25900,15946
5,KGYX20230712_090246_V06,-7.108,0.153,338.428,391.278,20.376,-70.019,43.480,10188.143,49518.769,20230712_050246,479172,26221,33939,21447
6,KGYX20230712_093449_V06,24.942,0.066,447.579,331.732,8.831,-69.341,43.745,4415.588,75475.850,20230712_053449,479172,25061,32207,20824
1,KGYX20230713_081149_V06,-58.882,0.092,283.065,137.942,2.011,-70.364,44.621,1005.314,81470.398,20230713_041149,479169,13572,28680,10714
1,KGYX20230713_081841_V06,-52.015,0.105,282.877,138.289,8.954,-70.365,44.619,4476.949,81307.439,20230713_041841,479181,12700,28749,9865
2,KGYX20230713_081149_V06,-58.882,0.072,287.789,115.588,2.061,-70.334,44.721,1030.312,92407.863,20230713_041149,479169,13572,28680,10714
3,KGYX20230713_081149_V06,-58.882,0.054,291.475,161.651,2.351,-70.311,44.514,1175.739,69305.704,20230713_041149,479169,13572,28680,10714
1,KGYX20230714_100049_V06,49.274,0.059,332.332,428.795,14.408,-70.058,43.312,7204.035,66395.624,20230714_060049,479179,19085,41098,11911
1,KGYX20230715_081249_V06,-59.590,0.096,205.151,268.835,5.220,-70.849,44.030,2609.770,49918.723,20230715_041249,479199,63972,80062,9223
1,KGYX20230716_081550_V06,-57.456,0.067,207.980,268.810,4.882,-70.831,44.030,2441.031,48580.958,20230716_041550,479181,20029,39886,6959
3,KGYX20230717_082032_V06,-53.657,0.069,292.867,66.193,8.731,-70.302,44.943,4365.738,116958.023,20230717_042032,479178,17110,43744,11289
3,KGYX20230717_082510_V06,-49.023,0.071,292.596,65.736,15.705,-70.304,44.945,7852.298,117190.465,20230717_042510,479174,16948,42619,11723
1,KGYX20230723_082152_V06,-58.059,0.050,281.779,139.555,2.521,-70.372,44.613,1260.429,80738.248,20230723_042152,479173,23375,33146,18218
4,KGYX20230724_090335_V06,-17.346,0.385,408.413,515.457,14.479,-69.593,42.920,7239.559,120597.489,20230724_050335,479177,32288,25776,27862
4,KGYX20230724_091210_V06,-8.763,0.410,410.076,514.799,21.982,-69.583,42.923,10991.069,120680.984,20230724_051210,479174,37775,28071,32457
2,KGYX20230724_083006_V06,-50.829,0.073,316.275,405.449,6.668,-70.156,43.417,3334.188,53349.049,20230724_043006,479180,32111,33287,23699
5,KGYX20230724_092936_V06,8.671,0.380,329.372,406.813,15.396,-70.076,43.411,7698.029,55388.702,20230724_052936,479174,35229,27863,30190
7,KGYX20230725_091406_V06,-7.844,0.495,324.268,539.886,17.111,-70.109,42.812,8555.315,120555.435,20230725_051406,479183,16535,31954,10662
7,KGYX20230725_091803_V06,-3.894,0.165,324.531,539.206,22.557,-70.107,42.815,11278.556,120230.354,20230725_051803,479189,17202,31457,11234
6,KGYX20230725_090154_V06,-20.044,0.131,201.041,270.682,9.446,-70.874,44.022,4722.931,51605.189,20230725_050154,479184,19731,34720,12519
8,KGYX20230725_091406_V06,-7.844,0.075,201.431,269.596,11.275,-70.872,44.027,5637.495,51575.656,20230725_051406,479183,16535,31954,10662
9,KGYX20230725_092213_V06,0.272,0.052,292.261,161.526,1.831,-70.306,44.514,915.295,69344.902,20230725_052213,479197,17658,31133,11743
1,KGYX20230726_082510_V06,-57.804,0.062,282.072,139.471,2.367,-70.370,44.614,1183.346,80763.628,20230726_042510,479178,47805,52897,30696
1,KGYX20230726_082948_V06,-53.170,0.079,281.964,139.494,8.145,-70.371,44.614,4072.382,80758.233,20230726_042948,479172,45494,51357,29190
3,KGYX20230726_082510_V06,-57.804,0.056,406.512,246.042,8.149,-69.591,44.132,4074.356,59699.788,20230726_042510,479178,47805,52897,30696
3,KGYX20230726_082948_V06,-53.170,0.215,407.458,245.826,14.327,-69.586,44.133,7163.604,60170.880,20230726_042948,479172,45494,51357,29190
2,KGYX20230726_082510_V06,-57.804,0.061,248.927,187.117,2.298,-70.577,44.399,1149.067,61949.779,20230726_042510,479178,47805,52897,30696
11,KGYX20230726_100723_V06,44.413,0.135,282.705,139.188,2.495,-70.366,44.615,1247.414,80869.596,20230726_060723,479176,36043,45441,22543
1,KGYX20230727_091058_V06,-13.039,0.078,201.583,269.532,10.168,-70.871,44.027,5084.038,51512.361,20230727_051058,479175,21765,38425,11630
1,KGYX20230728_082535_V06,-59.468,0.103,291.857,161.597,2.441,-70.308,44.514,1220.497,69321.230,20230728_042535,479173,73034,41535,61613
2,KGYX20230728_090056_V06,-24.118,0.136,282.378,139.389,2.078,-70.368,44.614,1039.150,80787.623,20230728_050056,479173,19772,36826,16286
1,KGYX20230730_093100_V06,3.833,0.195,282.068,138.338,2.687,-70.370,44.619,1343.277,81326.801,20230730_053100,479169,12093,31934,10288
1,KGYX20230731_082939_V06,-58.587,0.056,281.981,139.614,2.048,-70.370,44.613,1024.090,80697.554,20230731_042939,479179,27907,42379,20098
1,KGYX20230731_083459_V06,-53.254,0.310,282.370,139.653,8.007,-70.368,44.613,4003.345,80656.652,20230731_043459,479180,29752,42575,21395
6,KGYX20230731_091244_V06,-15.504,0.055,245.731,181.091,6.989,-70.598,44.426,3494.545,65354.067,20230731_051244,479173,11129,23835,8420
7,KGYX20230731_092323_V06,-4.854,0.193,281.782,138.779,2.795,-70.372,44.617,1397.251,81123.542,20230731_052323,479179,10311,22752,7722
1,KGYX20230801_083213_V06,-57.097,0.091,281.169,139.490,8.210,-70.376,44.614,4105.057,80805.278,20230801_043213,479171,54956,43441,42625
4,KGYX20230801_091437_V06,-14.697,0.053,281.987,139.389,2.085,-70.370,44.614,1042.450,80808.701,20230801_051437,479170,10816,22906,8655
1,KGYX20230803_093403_V06,2.563,0.339,219.568,550.862,12.569,-70.748,42.761,6284.483,131720.245,20230803_053403,479172,18045,21694,14431
1,KGYX20230803_094107_V06,9.629,0.433,219.565,552.083,23.482,-70.748,42.756,11740.918,132302.156,20230803_054107,479169,18731,20801,15142
1,KGYX20230805_095307_V06,19.433,0.082,282.018,139.499,2.361,-70.370,44.614,1180.523,80752.642,20230805_055307,479180,9168,18102,7433
1,KGYX20230806_093943_V06,4.927,0.113,282.771,139.528,3.036,-70.365,44.613,1517.944,80696.985,20230806_053943,479170,14198,23448,12273
9,KGYX20230809_093135_V06,-6.552,0.604,197.513,359.147,16.923,-70.892,43.623,8461.626,59164.779,20230809_053135,479175,33815,67912,8533
9,KGYX20230809_093739_V06,-0.485,0.354,200.320,360.556,22.282,-70.874,43.617,11140.822,58316.227,20230809_053739,479178,32648,65966,8818
21,KGYX20230809_102827_V06,50.315,0.069,295.250,407.675,12.731,-70.286,43.407,6365.368,53889.694,20230809_062827,479178,21652,47626,9173
1,KGYX20230811_084036_V06,-59.783,0.081,130.883,227.939,12.560,-71.315,44.211,6279.900,91915.145,20230811_044036,479175,58262,44868,39918
1,KGYX20230811_084508_V06,-55.250,0.061,129.755,228.783,19.006,-71.322,44.207,9502.967,92270.385,20230811_044508,479164,56385,43956,38764
7,KGYX20230811_110459_V06,84.600,0.050,282.934,138.848,2.277,-70.364,44.616,1138.618,81026.460,20230811_070459,479176,9668,30681,8057
7,KGYX20230811_110937_V06,89.234,0.052,282.958,138.962,8.115,-70.364,44.616,4057.628,80968.748,20230811_070937,479173,9615,30952,7916
2,KGYX20230811_084036_V06,-59.783,0.055,292.641,163.113,2.093,-70.303,44.507,1046.295,68542.515,20230811_044036,479175,58262,44868,39918
3,KGYX20230811_092731_V06,-12.866,0.057,282.116,138.569,2.248,-70.370,44.618,1124.035,81209.115,20230811_052731,479171,10750,31454,8759
4,KGYX20230811_100911_V06,28.800,0.052,291.318,161.046,2.191,-70.312,44.517,1095.463,69612.633,20230811_060911,479175,18926,35608,14518
5,KGYX20230811_104629_V06,66.100,0.077,292.308,161.487,1.968,-70.305,44.515,983.868,69363.419,20230811_064629,479174,11989,30723,9685
6,KGYX20230811_104629_V06,66.100,0.058,281.576,139.573,2.296,-70.373,44.613,1147.968,80740.901,20230811_064629,479174,11989,30723,9685
1,KGYX20230812_090142_V06,-39.811,0.055,292.189,66.771,8.475,-70.306,44.941,4237.347,116679.701,20230812_050142,479173,44239,30220,36741
9,KGYX20230813_094820_V06,5.692,0.077,97.687,301.208,22.347,-71.516,43.879,11173.263,101158.488,20230813_054820,479173,20710,37402,6211
3,KGYX20230814_093849_V06,-4.957,0.062,282.765,138.465,1.950,-70.366,44.618,975.010,81225.813,20230814_053849,479174,18793,29632,15846
3,KGYX20230814_094644_V06,2.960,0.088,282.579,138.631,9.262,-70.367,44.617,4630.938,81153.193,20230814_054644,479172,22498,31198,18932
1,KGYX20230814_084452_V06,-58.907,0.118,280.435,139.902,8.311,-70.380,44.612,4155.479,80644.376,20230814_044452,479168,67406,25325,60133
1,KGYX20230815_084538_V06,-59.274,0.058,281.480,140.943,2.942,-70.374,44.607,1471.020,80065.816,20230815_044538,479171,181587,99001,106462
2,KGYX20230815_110309_V06,78.242,0.052,256.351,107.454,2.440,-70.533,44.757,1220.005,98715.802,20230815_070309,479177,264391,261064,44465
1,KGYX20230817_084804_V06,-59.112,0.097,282.916,140.562,3.458,-70.365,44.609,1728.859,80175.540,20230817_044804,479173,54592,34099,46014
3,KGYX20230817_093015_V06,-16.928,0.135,283.383,139.446,2.149,-70.362,44.614,1074.291,80705.712,20230817_053015,479172,19634,46061,9353
3,KGYX20230820_092820_V06,-22.255,0.141,281.652,139.190,2.472,-70.373,44.615,1235.806,80926.419,20230820_052820,479174,21625,42484,7740
1,KGYX20230822_093204_V06,-20.794,0.502,433.558,118.436,4.968,-69.414,44.705,2484.138,112697.884,20230822_053204,479172,44683,43435,35790
1,KGYX20230822_093641_V06,-16.178,0.804,432.879,120.710,9.572,-69.419,44.695,4785.789,111581.522,20230822_053641,479176,26899,42240,21320
1,KGYX20230822_094120_V06,-11.528,0.920,429.717,127.569,12.185,-69.439,44.664,6092.529,107887.648,20230822_054120,479172,26768,30804,23368
1,KGYX20230822_094817_V06,-4.578,0.085,428.949,130.363,12.986,-69.444,44.652,6492.806,106541.619,20230822_054817,479176,30343,29716,27230
1,KGYX20230822_100225_V06,9.556,0.100,439.567,135.649,35.022,-69.378,44.628,17510.832,107807.915,20230822_060225,479178,42437,30235,38243
1,KGYX20230826_090020_V06,-57.066,0.277,282.819,139.204,2.635,-70.365,44.615,1317.268,80855.675,20230826_050020,479176,33754,47263,18734
1,KGYX20230826_090451_V06,-52.550,0.085,282.578,139.233,8.231,-70.367,44.615,4115.456,80854.291,20230826_050451,479181,36571,45651,21290
2,KGYX20230827_095111_V06,-7.349,0.785,423.130,123.978,9.117,-69.480,44.681,4558.643,107406.714,20230827_055111,479175,46404,55498,23827
2,KGYX20230827_100027_V06,1.918,0.377,420.810,126.135,19.588,-69.495,44.671,9793.912,105858.601,20230827_060027,479175,61062,54734,36865
2,KGYX20230827_100505_V06,6.551,0.135,396.336,129.854,36.218,-69.650,44.655,18109.238,97762.944,20230827_060505,479176,62947,56195,37638
4,KGYX20230830_093004_V06,-31.858,0.080,26.416,105.384,50.222,-71.985,44.754,25111.122,167871.715,20230830_053004,479182,66138,80156,18679
4,KGYX20230830_093441_V06,-27.242,0.058,27.490,105.222,57.128,-71.978,44.755,28563.757,167481.716,20230830_053441,479186,63437,77484,16060
14,KGYX20230830_112545_V06,83.825,0.068,281.732,122.444,30.658,-70.372,44.690,15329.206,89246.572,20230830_072545,479176,91958,121783,11704
14,KGYX20230830_113150_V06,89.908,0.196,279.450,116.087,40.271,-70.387,44.719,20135.356,92528.933,20230830_073150,479178,97198,126315,12047
6,KGYX20230830_101410_V06,12.242,0.062,248.923,185.837,3.007,-70.578,44.405,1503.469,62534.094,20230830_061410,479185,57828,75327,8385
11,KGYX20230830_111954_V06,77.975,0.100,218.707,173.840,34.216,-70.768,44.458,17108.002,75041.441,20230830_071954,479172,87359,116761,12313
3,KGYX20230903_101347_V06,7.343,0.053,281.940,139.435,1.993,-70.371,44.614,996.609,80788.493,20230903_061347,479176,21951,32993,15811
1,KGYX20230904_110206_V06,54.531,0.091,31.993,409.791,39.800,-71.911,43.385,19899.765,144811.680,20230904_070206,479172,55923,34225,49806
3,KGYX20230908_103827_V06,26.365,0.065,24.023,509.168,34.430,-71.948,42.937,17215.246,173143.689,20230908_063827,479188,41360,42041,26158
3,KGYX20230908_104402_V06,31.949,0.545,25.678,508.486,41.031,-71.937,42.941,20515.278,172277.853,20230908_064402,479188,42993,41888,27742
3,KGYX20230908_104937_V06,37.532,0.651,31.464,501.790,41.496,-71.903,42.971,20748.221,167951.400,20230908_064937,479181,45321,41869,29805
3,KGYX20230908_105512_V06,43.115,0.229,38.886,494.880,46.772,-71.858,43.003,23385.751,162909.961,20230908_065512,479177,43430,42234,28122
3,KGYX20230908_110046_V06,48.682,0.352,44.227,490.609,44.721,-71.826,43.023,22360.354,159492.880,20230908_070046,479172,44333,42118,28531
3,KGYX20230908_110621_V06,54.265,0.220,47.606,485.056,44.395,-71.806,43.048,22197.520,156483.569,20230908_070621,479182,42673,42574,26993
1,KGYX20230909_100643_V06,-6.498,0.054,282.732,138.176,2.021,-70.366,44.620,1010.696,81371.204,20230909_060643,479176,10509,24976,8312
9,KGYX20230911_101514_V06,-0.243,0.099,191.496,229.287,23.477,-70.936,44.208,11738.337,64756.088,20230911_061514,479175,69566,81579,11187
20,KGYX20230911_113046_V06,75.291,0.089,178.216,378.444,13.818,-71.010,43.536,6909.229,72430.460,20230911_073046,479193,63810,70933,16655
4,KGYX20230914_113344_V06,74.859,0.238,253.310,430.162,6.948,-70.545,43.305,3473.816,69141.618,20230914_073344,479190,75618,59795,44245
4,KGYX20230914_113815_V06,79.376,-1.000,253.310,430.162,14.129,-70.545,43.305,7064.566,69141.618,20230914_073815,479179,75392,58870,44797
4,KGYX20230914_114247_V06,83.909,0.197,257.038,434.461,16.376,-70.522,43.286,8187.939,70578.916,20230914_074247,479173,74077,58737,44254
1,KGYX20230914_101652_V06,-2.007,0.348,251.789,431.096,6.097,-70.554,43.301,3048.573,69840.081,20230914_061652,479184,68747,65496,33869
2,KGYX20230914_105302_V06,34.159,0.122,245.452,430.362,6.057,-70.593,43.304,3028.460,70657.248,20230914_065302,479179,104266,63022,65120
2,KGYX20230914_110204_V06,43.193,-1.000,245.452,430.362,20.420,-70.593,43.304,10209.960,70657.248,20230914_070204,479186,96096,63332,58789
2,KGYX20230914_110636_V06,47.726,0.088,244.372,428.968,8.404,-70.600,43.310,4202.240,70226.570,20230914_070636,479187,92110,63417,55099
1,KGYX20230915_100418_V06,-15.708,0.065,282.927,139.584,2.143,-70.364,44.613,1071.747,80661.022,20230915_060418,479177,28901,42782,22890
3,KGYX20230917_110455_V06,42.636,0.081,517.135,482.060,41.994,-68.924,43.064,20996.801,141680.594,20230917_070455,479177,31473,29609,27816
3,KGYX20230917_111149_V06,49.536,0.454,517.369,483.164,48.440,-68.923,43.059,24220.121,142125.362,20230917_071149,479180,29994,28682,26494
5,KGYX20230917_113238_V06,70.353,0.225,510.017,477.931,36.644,-68.967,43.083,18322.052,137628.858,20230917_073238,479172,25866,28529,22890
5,KGYX20230917_113942_V06,77.420,0.280,511.472,476.788,45.746,-68.958,43.088,22873.030,137816.993,20230917_073942,479177,24342,29002,21575
1,KGYX20230917_100157_V06,-20.330,0.058,451.079,503.779,23.313,-69.331,42.971,11656.433,126837.380,20230917_060157,479177,9000,37635,7711
2,KGYX20230917_103658_V06,14.686,0.086,518.467,501.116,31.118,-68.918,42.978,15559.065,148471.751,20230917_063658,479179,26036,32374,22950
6,KGYX20230918_103933_V06,16.132,0.078,296.960,64.944,24.875,-70.276,44.949,12437.531,117537.720,20230918_063933,479178,150045,163415,38873
1,KGYX20230920_111551_V06,50.152,0.052,300.773,301.833,8.614,-70.252,43.883,4307.148,994.971,20230920_071551,479170,24017,21613,20583
2,KGYX20230920_114319_V06,77.619,0.156,281.923,139.111,2.344,-70.371,44.615,1171.844,80950.726,20230920_074319,479179,19579,20642,16723
1,KGYX20230921_100901_V06,-17.824,0.237,282.031,139.906,1.785,-70.370,44.612,892.284,80549.443,20230921_060901,479182,16100,40040,13119
3,KGYX20230921_102741_V06,0.843,0.135,282.730,139.262,2.399,-70.366,44.615,1199.741,80831.291,20230921_062741,479172,24457,28306,21546
1,KGYX20230922_102506_V06,-2.884,0.317,251.784,423.037,7.227,-70.554,43.337,3613.649,66073.522,20230922_062506,479177,22807,28661,19484
1,KGYX20230923_104512_V06,16.070,0.452,265.994,418.877,7.954,-70.467,43.356,3977.081,61822.791,20230923_064512,479171,16481,21793,13184
1,KGYX20230925_095205_V06,-39.344,0.504,27.102,369.290,34.882,-71.946,43.567,17440.847,140778.760,20230925_055205,479176,173774,57057,137696
1,KGYX20230925_100614_V06,-25.194,0.109,47.092,398.642,59.856,-71.819,43.437,29928.011,135731.959,20230925_060614,479175,142496,60213,106301
1,KGYX20230927_100323_V06,-30.352,0.323,508.893,470.497,21.646,-68.974,43.117,10822.935,134819.655,20230927_060323,479175,110732,31879,99152
3,KGYX20230927_101732_V06,-16.202,0.115,282.385,138.823,2.348,-70.368,44.617,1173.775,81068.535,20230927_061732,479169,16282,31382,12253
5,KGYX20230927_103141_V06,-2.052,0.051,513.300,473.369,24.320,-68.947,43.104,12159.887,137435.288,20230927_063141,479171,16688,23954,13532
1,KGYX20230930_094336_V06,-53.618,0.675,454.547,498.025,16.968,-69.309,42.996,8484.077,125597.123,20230930_054336,479175,113048,48808,89659
1,KGYX20230930_094815_V06,-48.968,0.081,454.398,498.634,22.467,-69.310,42.993,11233.627,125791.925,20230930_054815,479176,109754,48584,87423
1,KGYX20230930_095254_V06,-44.318,-1.000,454.282,499.111,28.378,-69.311,42.991,14188.922,125944.748,20230930_055254,479175,104205,47646,83009
1,KGYX20230930_100210_V06,-35.052,0.105,457.836,507.699,22.238,-69.290,42.953,11119.038,130432.974,20230930_060210,479171,96472,46723,76431
3,KGYX20230930_104840_V06,11.448,0.051,285.688,163.807,8.133,-70.347,44.504,4066.650,68471.447,20230930_064840,479173,17980,33436,12501
4,KGYX20230930_110236_V06,25.382,0.095,303.593,373.373,8.687,-70.235,43.561,4343.489,36730.504,20230930_070236,479174,19793,32118,14295
1,KGYX20231001_103006_V06,-8.287,0.191,534.513,507.697,6.644,-68.820,42.948,3321.857,156631.985,20231001_063006,479173,14131,33558,10215
2,KGYX20231001_110706_V06,28.713,0.098,292.074,161.367,2.165,-70.307,44.515,1082.325,69429.458,20231001_070706,479172,23529,34140,17566
1,KGYX20231002_102325_V06,-16.143,0.110,282.973,139.069,2.598,-70.364,44.615,1298.882,80914.499,20231002_062325,479174,18261,37202,14540
1,KGYX20231003_100434_V06,-36.170,0.131,471.509,515.296,20.035,-69.207,42.918,10017.580,137629.817,20231003_060434,479176,44716,40942,35149
2,KGYX20231003_110859_V06,28.247,0.107,262.638,424.382,31.284,-70.487,43.331,15642.155,64936.174,20231003_070859,479174,34159,30590,28115
1,KGYX20231005_094643_V06,-56.387,0.237,282.193,139.083,2.094,-70.369,44.615,1046.833,80949.496,20231005_054643,479176,20289,35708,14127
1,KGYX20231005_095110_V06,-51.937,0.224,282.113,139.152,7.424,-70.370,44.615,3712.016,80919.619,20231005_055110,479179,19034,34924,12969
3,KGYX20231005_094643_V06,-56.387,0.060,292.453,162.924,2.171,-70.304,44.508,1085.552,68641.740,20231005_054643,479176,20289,35708,14127
4,KGYX20231005_104149_V06,-1.287,0.052,281.823,139.170,2.572,-70.371,44.615,1286.041,80926.755,20231005_064149,479177,5825,21848,4426
5,KGYX20231005_111811_V06,35.080,0.054,281.433,139.496,2.688,-70.374,44.614,1344.006,80787.044,20231005_071811,479174,7133,24735,5527
1,KGYX20231006_094623_V06,-57.911,0.173,283.264,138.928,2.311,-70.362,44.616,1155.415,80969.555,20231006_054623,479170,13278,25223,9664
1,KGYX20231006_095101_V06,-53.278,0.134,282.901,139.014,7.955,-70.365,44.616,3977.729,80945.843,20231006_055101,479174,13796,25144,10180
2,KGYX20231006_103205_V06,-12.211,0.090,282.992,139.225,2.511,-70.364,44.615,1255.714,80835.998,20231006_063205,479177,5899,24239,4807
3,KGYX20231006_104531_V06,1.222,0.059,283.353,139.209,2.516,-70.362,44.615,1257.801,80825.454,20231006_064531,479174,6541,28817,5322
3,KGYX20231006_105009_V06,5.856,-1.000,283.353,139.209,9.883,-70.362,44.615,4941.301,80825.454,20231006_065009,479170,7161,28796,5974
3,KGYX20231006_105442_V06,10.406,0.086,282.973,139.184,2.359,-70.364,44.615,1179.665,80857.322,20231006_065442,479172,6855,29570,5684
21,KGYX20231007_120813_V06,82.726,0.052,457.294,543.643,58.133,-69.296,42.791,29066.277,145002.764,20231007_080813,479176,68179,99494,11435
1,KGYX20231010_110808_V06,19.025,0.070,344.735,152.601,3.090,-69.975,44.554,1544.769,77018.883,20231010_070808,479178,30561,28613,23670
3,KGYX20231011_102617_V06,-24.042,0.056,95.458,535.492,19.003,-71.508,42.825,9501.736,155959.802,20231011_062617,479171,82938,76361,43063
4,KGYX20231011_110118_V06,10.975,0.277,284.731,380.167,12.817,-70.351,43.531,6408.676,40803.921,20231011_070118,479171,74892,74943,27271
24,KGYX20231016_111421_V06,17.864,0.189,390.010,393.272,17.402,-69.701,43.470,8701.040,64810.333,20231016_071421,479173,152062,132273,62667
24,KGYX20231016_111900_V06,22.514,0.396,391.226,392.327,24.743,-69.693,43.475,12371.523,64896.937,20231016_071900,479172,151493,133673,61613
24,KGYX20231016_112339_V06,27.164,0.072,401.153,383.187,36.023,-69.631,43.515,18011.302,65482.649,20231016_072339,479173,149015,133424,60199
5,KGYX20231016_101437_V06,-41.869,0.165,245.050,408.167,20.063,-70.596,43.404,10031.563,60662.160,20231016_061437,479183,220277,116773,130106
5,KGYX20231016_101916_V06,-37.219,0.100,245.242,409.355,25.298,-70.595,43.399,12649.183,61149.161,20231016_061916,479175,219805,116429,129926
5,KGYX20231016_102355_V06,-32.569,0.209,245.042,416.574,18.772,-70.596,43.366,9385.771,64439.519,20231016_062355,479176,201754,119940,111356
5,KGYX20231016_102834_V06,-27.919,0.201,245.186,416.456,25.066,-70.595,43.367,12533.063,64355.661,20231016_062834,479171,166512,128288,76627
8,KGYX20231016_101916_V06,-37.219,0.051,34.350,389.123,46.623,-71.899,43.478,23311.630,140100.885,20231016_061916,479175,219805,116429,129926
8,KGYX20231016_102355_V06,-32.569,0.056,34.858,391.392,52.292,-71.895,43.468,26145.767,140225.459,20231016_062355,479176,201754,119940,111356
14,KGYX20231016_103744_V06,-18.753,0.165,367.753,155.868,11.064,-69.831,44.539,5531.876,79631.243,20231016_063744,479179,127104,140220,40209
14,KGYX20231016_104216_V06,-14.219,0.062,366.564,156.262,17.304,-69.838,44.537,8651.964,79201.264,20231016_064216,479178,122615,138873,36124
4,KGYX20231016_100958_V06,-46.519,0.099,32.026,354.970,53.174,-71.917,43.632,26587.116,136776.873,20231016_060958,479175,218746,116809,128927
12,KGYX20231016_103312_V06,-23.286,0.121,93.567,383.685,30.656,-71.533,43.508,15328.250,111375.165,20231016_063312,479178,138838,136994,51779
12,KGYX20231016_103744_V06,-18.753,-1.000,93.567,383.685,37.864,-71.533,43.508,18932.250,111375.165,20231016_063744,479179,127104,140220,40209
12,KGYX20231016_104216_V06,-14.219,0.051,97.915,400.654,24.152,-71.505,43.432,12075.875,112882.350,20231016_064216,479178,122615,138873,36124
20,KGYX20231016_104648_V06,-9.686,0.191,312.634,421.955,8.062,-70.179,43.343,4031.055,61303.818,20231016_064648,479169,120311,137545,33674
36,KGYX20231016_121922_V06,82.881,0.346,218.311,326.063,14.807,-70.764,43.773,7403.334,42873.219,20231016_081922,479180,122669,131892,44500
1,KGYX20231020_100456_V06,-56.574,0.068,282.017,139.139,2.391,-70.370,44.615,1195.473,80931.357,20231020_060456,479176,15069,25786,11515
2,KGYX20231020_101146_V06,-49.740,0.126,247.577,181.624,4.858,-70.586,44.424,2428.843,64732.184,20231020_061146,479172,17873,26340,13641
4,KGYX20231021_105018_V06,-12.474,0.066,529.931,42.566,42.206,-68.798,45.041,21103.081,172583.714,20231021_065018,479172,34858,52631,9760
4,KGYX20231021_105445_V06,-8.024,0.098,530.903,41.931,47.221,-68.792,45.043,23610.344,173144.079,20231021_065445,479173,34073,51839,9388
1,KGYX20231023_111214_V06,6.911,0.107,36.932,68.458,48.021,-71.923,44.921,24010.675,175225.879,20231023_071214,479174,37620,26482,34140
2,KGYX20231030_102308_V06,-51.237,0.059,275.330,525.638,28.672,-70.408,42.876,14335.974,113491.292,20231030_062308,479184,387002,383191,29457
1,KGYX20231031_101616_V06,-59.411,0.260,281.518,139.223,2.785,-70.373,44.615,1392.517,80917.693,20231031_061616,479173,19317,27041,15931
1,KGYX20231031_102307_V06,-52.561,0.157,281.691,139.238,9.489,-70.372,44.615,4744.461,80900.785,20231031_062307,479175,18815,27387,15340
1,KGYX20231102_102306_V06,-55.202,0.349,282.988,139.416,2.655,-70.364,44.614,1327.682,80741.195,20231102_062306,479172,29896,27010,25152
1,KGYX20231102_102957_V06,-48.352,0.176,282.545,139.782,9.460,-70.367,44.612,4729.841,80583.215,20231102_062957,479174,25608,28930,20835
1,KGYX20231103_103153_V06,-47.736,0.059,282.441,139.580,2.785,-70.368,44.613,1392.483,80688.850,20231103_063153,479173,23849,40125,10966
1,KGYX20231104_102425_V06,-56.521,0.381,27.637,252.565,49.892,-71.958,44.092,24945.894,138231.544,20231104_062425,479173,15060,31163,7673
1,KGYX20231104_103111_V06,-49.755,0.136,27.694,251.925,57.044,-71.957,44.095,28522.154,138258.458,20231104_063111,479171,16820,32297,8190
2,KGYX20231104_102425_V06,-56.521,0.184,281.760,139.471,2.187,-70.372,44.614,1093.460,80781.149,20231104_062425,479173,15060,31163,7673
6,KGYX20231104_104225_V06,-38.521,0.090,31.571,169.504,44.182,-71.944,44.466,22090.813,149234.297,20231104_064225,479176,17001,32366,7336
15,KGYX20231105_113203_V06,9.791,0.053,23.424,283.620,34.635,-71.980,43.952,17317.318,138530.237,20231105_063203,479171,24752,28787,17463
15,KGYX20231105_113636_V06,14.341,0.477,24.492,282.647,40.118,-71.973,43.957,20059.175,138027.016,20231105_063636,479171,24422,28875,17236
15,KGYX20231105_114110_V06,18.908,0.502,29.248,267.950,47.400,-71.946,44.023,23699.969,136321.044,20231105_064110,479174,25694,27789,18931
15,KGYX20231105_114808_V06,25.875,0.417,39.619,251.543,58.461,-71.883,44.098,29230.515,132425.596,20231105_064808,479172,24942,28964,17280
15,KGYX20231105_120218_V06,40.041,0.290,54.570,267.077,58.192,-71.788,44.029,29096.187,123813.975,20231105_070218,479174,23934,30633,15705
15,KGYX20231105_120924_V06,47.141,0.087,70.840,289.669,43.673,-71.684,43.929,21836.618,114696.506,20231105_070924,479174,22743,30355,14693
17,KGYX20231105_114110_V06,18.908,0.149,179.812,307.925,21.881,-71.004,43.853,10940.632,60224.668,20231105_064110,479174,25694,27789,18931
17,KGYX20231105_114808_V06,25.875,0.411,181.644,309.434,30.245,-70.993,43.847,15122.264,59365.614,20231105_064808,479172,24942,28964,17280
1,KGYX20231105_102338_V06,-58.625,0.200,281.594,139.254,2.400,-70.373,44.615,1199.783,80898.338,20231105_052338,479177,28851,43958,17122
6,KGYX20231105_104132_V06,-40.725,0.065,29.259,229.346,40.950,-71.950,44.197,20475.063,139904.036,20231105_054132,479170,29741,43060,17974
11,KGYX20231105_111309_V06,-9.109,0.070,28.704,280.710,36.841,-71.947,43.966,18420.551,135990.594,20231105_061309,479177,18506,26861,12286
14,KGYX20231105_113203_V06,9.791,0.077,205.479,108.492,17.513,-70.854,44.752,8756.632,106781.843,20231105_063203,479171,24752,28787,17463
19,KGYX20231105_122327_V06,61.191,0.170,270.806,300.129,20.748,-70.439,43.891,10374.205,14597.264,20231105_072327,479170,21610,30883,14042
7,KGYX20231107_121727_V06,52.546,0.050,321.412,556.504,32.521,-70.126,42.737,16260.691,128698.309,20231107_071727,479169,45033,80705,16637
1,KGYX20231110_103537_V06,-53.257,0.285,279.999,139.806,7.520,-70.383,44.612,3760.101,80719.121,20231110_053537,479172,8057,18118,6551
1,KGYX20231110_104232_V06,-46.340,0.060,281.830,139.425,2.835,-70.371,44.614,1417.595,80799.911,20231110_054232,479172,8702,18894,7128
3,KGYX20231110_104232_V06,-46.340,0.097,280.324,298.639,9.338,-70.379,43.897,4669.041,9861.750,20231110_054232,479172,8702,18894,7128
6,KGYX20231110_113117_V06,2.410,0.067,282.138,139.275,2.574,-70.369,44.615,1287.182,80857.419,20231110_063117,479171,15999,19430,14024
1,KGYX20231111_103420_V06,-55.861,0.159,282.144,139.229,2.347,-70.369,44.615,1173.264,80879.859,20231111_053420,479168,23791,22883,19253
2,KGYX20231111_123248_V06,62.605,0.144,298.469,301.593,12.966,-70.266,43.884,6483.051,1104.739,20231111_073248,479171,9397,12307,8223
1,KGYX20231112_103647_V06,-54.730,0.149,281.404,139.018,2.873,-70.374,44.616,1436.417,81026.418,20231112_053647,479172,44201,29878,37117
1,KGYX20231113_104206_V06,-50.730,0.111,280.359,140.252,4.622,-70.381,44.610,2310.776,80475.492,20231113_054206,479171,44856,28037,38136
6,KGYX20231114_110343_V06,-30.426,0.132,441.447,361.170,10.883,-69.381,43.613,5441.254,77053.716,20231114_060343,479170,44564,60017,26312
11,KGYX20231114_113908_V06,4.991,0.154,24.582,343.955,29.728,-71.965,43.681,14864.160,139451.716,20231114_063908,479172,39935,56560,26068
12,KGYX20231114_113908_V06,4.991,0.062,284.590,53.826,18.016,-70.355,44.999,9007.999,123327.951,20231114_063908,479172,39935,56560,26068
18,KGYX20231114_124259_V06,68.841,0.069,38.057,216.699,59.742,-71.897,44.255,29870.846,137434.697,20231114_074259,479169,35350,70096,15487
1,KGYX20231115_103548_V06,-59.651,0.248,281.630,139.484,2.933,-70.373,44.614,1466.400,80781.862,20231115_053548,479175,28611,27563,23241
1,KGYX20231115_104243_V06,-52.734,0.163,281.550,139.366,9.719,-70.373,44.614,4859.624,80844.856,20231115_054243,479172,29969,28532,24133
1,KGYX20231117_123329_V06,55.432,0.080,430.686,516.868,36.317,-69.457,42.913,18158.495,126600.254,20231117_073329,479172,13855,30154,10631
1,KGYX20231118_113929_V06,0.142,0.130,47.201,161.868,70.709,-71.846,44.502,35354.614,144038.191,20231118_063929,479172,328937,320332,32981
4,KGYX20231119_120354_V06,23.277,0.069,25.284,231.198,33.618,-71.975,44.188,16809.040,141600.182,20231119_070354,479174,19300,27911,11961
4,KGYX20231119_120829_V06,27.860,0.164,27.826,231.589,40.362,-71.959,44.187,20180.902,140320.023,20231119_070829,479171,19032,27688,11254
1,KGYX20231119_104148_V06,-58.823,0.143,282.866,138.949,2.458,-70.365,44.616,1228.764,80979.957,20231119_054148,479174,28941,36736,19475
1,KGYX20231121_104350_V06,-59.327,0.105,281.865,139.407,2.728,-70.371,44.614,1364.029,80806.844,20231121_054350,479174,26284,29769,21009
1,KGYX20231123_105023_V06,-55.272,0.114,281.657,139.312,2.324,-70.372,44.614,1162.186,80865.875,20231123_055023,479171,9318,18382,7548
1,KGYX20231123_110402_V06,-41.622,0.067,281.644,139.399,9.646,-70.373,44.614,4823.213,80823.051,20231123_060402,479173,10344,19129,8410
1,KGYX20231124_104806_V06,-58.785,0.401,281.283,139.599,2.949,-70.375,44.613,1474.510,80744.721,20231124_054806,479174,16915,28230,12712
3,KGYX20231124_104806_V06,-58.785,0.067,249.118,183.739,2.405,-70.576,44.414,1202.440,63453.986,20231124_054806,479174,16915,28230,12712
1,KGYX20231125_105106_V06,-57.002,0.108,281.749,138.096,2.816,-70.372,44.620,1408.062,81464.461,20231125_055106,479166,9288,18382,7439
1,KGYX20231125_110458_V06,-43.135,0.095,281.824,138.612,2.530,-70.371,44.618,1264.843,81204.193,20231125_060458,479174,11725,20492,9151
1,KGYX20231126_123720_V06,48.029,0.052,18.024,288.357,30.740,-72.013,43.930,15369.853,141108.183,20231126_073720,479168,10780,15722,7688
1,KGYX20231126_124427_V06,55.146,0.168,19.495,285.704,39.325,-72.004,43.942,19662.631,140434.584,20231126_074427,479168,10194,14898,7625
2,KGYX20231128_105330_V06,-58.165,0.070,248.937,185.487,2.445,-70.577,44.406,1222.475,62691.064,20231128_055330,479178,57482,93581,9176
4,KGYX20231128_105330_V06,-58.165,0.053,280.350,140.009,5.184,-70.381,44.611,2592.087,80596.459,20231128_055330,479178,57482,93581,9176
19,KGYX20231128_125510_V06,63.502,0.114,158.372,324.188,25.686,-71.137,43.779,12842.934,71839.116,20231128_075510,479177,45526,73074,9519
19,KGYX20231128_130432_V06,72.869,-1.000,158.372,324.188,40.579,-71.137,43.779,20289.434,71839.116,20231128_080432,479172,42869,69929,9375
19,KGYX20231128_130912_V06,77.535,0.057,176.847,335.299,51.428,-71.021,43.730,25713.989,64055.893,20231128_080912,479171,41753,68134,8974
20,KGYX20231128_125510_V06,63.502,0.061,264.773,119.603,13.001,-70.479,44.703,6500.402,91901.907,20231128_075510,479177,45526,73074,9519
1,KGYX20231130_113035_V06,-23.375,0.202,19.494,278.854,26.175,-72.005,43.973,13087.530,140651.044,20231130_063035,479173,11291,19715,7050
1,KGYX20231130_113735_V06,-16.375,0.424,23.727,278.565,34.880,-71.979,43.975,17439.760,138551.434,20231130_063735,479171,11977,19287,8501
2,KGYX20231202_131654_V06,80.721,0.053,27.961,102.212,39.078,-71.975,44.769,19539.043,168170.482,20231202_081654,479173,7197,11307,5903
2,KGYX20231203_120808_V06,10.875,0.096,24.452,515.128,33.177,-71.944,42.911,16588.367,174790.323,20231203_070808,479175,26878,36016,9981
2,KGYX20231203_121503_V06,17.792,0.147,26.402,513.609,40.779,-71.932,42.918,20389.668,173554.514,20231203_071503,479171,27905,37626,10061
2,KGYX20231203_122157_V06,24.692,0.050,34.693,505.621,41.561,-71.883,42.954,20780.723,167830.392,20231203_072157,479172,28747,38033,9725
1,KGYX20231203_112704_V06,-30.192,0.064,25.464,306.892,38.350,-71.964,43.848,19174.820,137311.319,20231203_062704,479172,16965,28154,7739
1,KGYX20231206_110240_V06,-57.698,0.055,248.954,184.735,3.121,-70.577,44.410,1560.442,63031.408,20231206_060240,479171,6983,17292,5738
2,KGYX20231206_130014_V06,59.869,0.110,267.648,307.626,8.469,-70.458,43.857,4234.676,16619.526,20231206_080014,479170,11850,34876,6783
1,KGYX20231208_110510_V06,-57.148,0.173,281.508,139.157,3.339,-70.373,44.615,1669.464,80951.368,20231208_060510,479173,6968,13611,5907
1,KGYX20231209_110540_V06,-57.583,0.079,282.049,139.606,2.452,-70.370,44.613,1225.998,80697.655,20231209_060540,479171,9039,15054,5897
1,KGYX20231212_110718_V06,-58.585,0.141,281.753,139.231,2.995,-70.372,44.615,1497.368,80900.592,20231212_060718,479175,8894,15284,7386
4,KGYX20231213_121934_V06,12.863,0.054,266.356,128.668,35.782,-70.469,44.662,17891.039,87302.213,20231213_071934,479170,22471,32952,9526
1,KGYX20231214_110918_V06,-58.190,0.260,280.209,140.612,8.145,-70.382,44.609,4072.701,80305.992,20231214_060918,479172,7805,12317,6668
1,KGYX20231214_111611_V06,-51.307,0.075,282.931,139.153,2.934,-70.364,44.615,1466.812,80875.022,20231214_061611,479171,8357,13249,7059
1,KGYX20231216_111055_V06,-58.048,0.097,280.044,138.469,4.534,-70.383,44.618,2266.998,81379.342,20231216_061055,479177,6541,13736,5722
2,KGYX20231216_111746_V06,-51.198,0.059,298.183,300.168,15.428,-70.268,43.891,7713.932,912.445,20231216_061746,479173,6934,13782,6084
1,KGYX20231220_111454_V06,-56.591,0.057,282.310,137.877,2.436,-70.368,44.621,1217.987,81542.798,20231220_061454,479173,7780,16975,6571
3,KGYX20231221_111735_V06,-54.447,0.070,281.818,139.774,2.830,-70.371,44.612,1414.879,80626.945,20231221_061735,479173,7647,12831,6208
1,KGYX20231222_112529_V06,-47.048,0.098,204.183,268.592,6.445,-70.855,44.031,3222.555,50416.811,20231222_062529,479173,8229,14929,7099
1,KGYX20231223_111644_V06,-56.261,0.114,247.216,182.399,6.393,-70.588,44.420,3196.316,64451.897,20231223_061644,479171,8663,15628,7552
3,KGYX20231223_130103_V06,48.056,0.396,25.993,178.751,33.363,-71.977,44.424,16681.641,149817.684,20231223_080103,479175,11409,16401,9791
3,KGYX20231224_112836_V06,-44.818,0.054,27.257,239.545,45.901,-71.962,44.151,22950.634,139681.632,20231224_062836,479173,8166,12997,6262
3,KGYX20231224_113523_V06,-38.035,0.054,25.051,207.850,28.895,-71.980,44.293,14447.342,144990.317,20231224_063523,479172,9677,14418,7181
6,KGYX20231224_132337_V06,70.199,0.056,282.515,137.673,2.756,-70.367,44.622,1377.998,81632.946,20231224_082337,479178,14478,20194,7835
4,KGYX20231227_114417_V06,-30.167,0.056,338.352,333.271,24.857,-70.019,43.741,12428.326,25386.477,20231227_064417,479182,147476,184749,23093
4,KGYX20231227_114940_V06,-24.783,0.058,330.350,356.282,22.839,-70.069,43.638,11419.296,31971.654,20231227_064940,479171,141197,179980,22409
7,KGYX20231228_132211_V06,67.470,0.056,25.382,408.438,31.779,-71.952,43.391,15889.360,147626.169,20231228_082211,479180,252767,235776,37103
7,KGYX20231228_132818_V06,73.587,-1.000,25.382,408.438,41.504,-71.952,43.391,20752.110,147626.169,20231228_082818,479179,254691,234616,37376
7,KGYX20231228_133425_V06,79.703,-1.000,25.382,408.438,51.230,-71.952,43.391,25614.860,147626.169,20231228_083425,479174,257212,234833,37258
7,KGYX20231228_134032_V06,85.820,0.088,40.303,389.854,58.019,-71.862,43.476,29009.717,137400.968,20231228_084032,479174,259655,234585,39039
2,KGYX20231228_111600_V06,-58.713,0.134,281.691,139.110,3.162,-70.372,44.615,1581.120,80964.232,20231228_061600,479178,99896,104215,16937
4,KGYX20231228_112058_V06,-53.747,0.522,205.369,269.158,6.133,-70.847,44.029,3066.475,49765.072,20231228_062058,479174,105286,111395,16798
