track_id,filename,from_sunrise,det_score,x,y,r,lon,lat,radius,geo_dist,local_time,n_radar_pixels,n_refAbove40_pixels,n_xcorrAbove0.95_pixels,n_xcorrBelow0.95_refAbove40_pixels
5,KBYX20150603_105800_V06,20.390,0.058,331.996,40.799,19.125,-81.544,25.767,9562.637,130583.934,20150603_065800,479192,86215,99390,8738
5,KBYX20150603_110318_V06,25.690,0.169,334.974,41.948,16.317,-81.529,25.762,8158.329,130205.427,20150603_070318,479205,84142,97074,8642
9,KBYX20150605_111958_V06,42.538,0.090,514.254,493.423,15.700,-80.653,23.720,7850.197,144323.471,20150605_071958,479182,37178,63806,4996
3,KBYX20150614_103504_V06,-2.511,0.142,280.471,377.687,23.452,-81.799,24.246,11726.147,40051.763,20150614_063504,479194,34721,57416,6672
3,KBYX20150614_104015_V06,2.673,0.052,281.361,379.478,32.390,-81.795,24.238,16195.177,40817.056,20150614_064015,479202,33669,55491,6742
3,KBYX20150614_104535_V06,8.006,-1.000,282.110,380.984,41.456,-81.791,24.231,20728.116,41468.483,20150614_064535,479187,31903,53169,6717
3,KBYX20150614_105046_V06,13.189,0.125,257.531,368.398,18.860,-81.912,24.288,9429.754,40254.983,20150614_065046,479174,30541,51151,6556
4,KBYX20150622_093908_V06,-59.782,0.111,154.260,329.063,10.573,-82.422,24.464,5286.421,74304.805,20150622_053908,479191,18643,46179,3648
15,KBYX20150622_114206_V06,63.185,0.064,158.302,284.278,24.136,-82.403,24.666,12068.184,71283.684,20150622_074206,479200,12623,39815,2910
4,KBYX20150630_113832_V06,57.358,0.535,444.684,517.599,31.721,-80.995,23.613,15860.593,130654.888,20150630_073832,479184,7774,51559,5890
4,KBYX20150630_114816_V06,67.091,0.218,444.814,515.825,42.146,-80.994,23.621,21073.243,129953.325,20150630_074816,479178,10961,56653,7114
1,KBYX20150630_104958_V06,8.791,0.134,405.419,503.379,33.581,-81.187,23.678,16790.565,114538.156,20150630_064958,479188,7481,41198,5899
2,KBYX20150630_104958_V06,8.791,0.067,374.107,484.630,8.739,-81.340,23.763,4369.338,99473.597,20150630_064958,479188,7481,41198,5899
5,KBYX20150630_114816_V06,67.091,0.084,360.883,521.562,37.881,-81.405,23.596,18940.659,114887.669,20150630_074816,479178,10961,56653,7114
6,KBYX20150702_103401_V06,-7.842,0.188,280.063,230.227,12.159,-81.802,24.912,6079.411,36282.572,20150702_063401,479183,9962,46753,3699
3,KBYX20150707_094538_V06,-58.107,0.187,276.517,192.894,5.716,-81.820,25.080,2857.941,54824.885,20150707_054538,479194,6736,40263,2607
3,KBYX20150707_095034_V06,-53.174,0.073,276.817,192.605,11.572,-81.818,25.082,5785.840,54934.152,20150707_055034,479202,7024,39537,2930
19,KBYX20150709_114840_V06,64.113,0.071,249.246,283.268,6.030,-81.954,24.672,3015.247,26720.273,20150709_074840,479194,14050,42661,4259
3,KBYX20150710_094620_V06,-58.637,0.266,378.341,357.425,11.967,-81.317,24.337,5983.286,48566.908,20150710_054620,479192,8430,42273,2175
2,KBYX20150715_095153_V06,-55.266,0.320,165.903,410.885,10.532,-82.363,24.095,5265.772,87002.189,20150715_055153,479199,13175,44876,4359
1,KBYX20150717_095133_V06,-56.503,0.171,426.720,377.642,6.105,-81.079,24.245,3052.490,74307.013,20150717_055133,479187,7221,26092,3491
10,KBYX20150719_114118_V06,52.330,0.105,279.106,263.489,18.746,-81.807,24.762,9373.119,21033.171,20150719_074118,479196,20221,41699,5064
9,KBYX20150721_112933_V06,39.655,0.492,169.664,298.796,12.628,-82.347,24.601,6313.797,65170.611,20150721_072933,479193,12204,33797,4675
4,KBYX20150723_095439_V06,-56.176,0.054,312.379,114.927,8.024,-81.642,25.432,4011.795,92743.138,20150723_055439,479184,15607,32400,5264
10,KBYX20150802_121923_V06,83.916,0.090,329.019,20.279,8.037,-81.559,25.859,4018.639,140610.955,20150802_081923,479187,10026,40269,3426
2,KBYX20150807_105140_V06,-6.067,0.075,192.501,414.665,35.530,-82.232,24.078,17765.068,78587.549,20150807_065140,479183,18599,49668,13327
2,KBYX20150807_110124_V06,3.666,0.285,191.424,412.934,44.183,-82.237,24.086,22091.297,78330.963,20150807_070124,479180,19086,49977,13443
2,KBYX20150807_111108_V06,13.399,0.092,183.179,408.725,37.736,-82.278,24.105,18868.120,79793.748,20150807_071108,479180,18103,50107,12935
40,KBYX20150812_122458_V06,85.028,0.088,528.245,456.282,17.127,-80.583,23.887,8563.533,138311.271,20150812_082458,479176,20950,36403,9431
40,KBYX20150812_122849_V06,88.878,0.539,528.085,456.295,21.841,-80.584,23.887,10920.605,138248.650,20150812_082849,479176,23233,37644,10429
20,KBYX20150813_120710_V06,66.796,0.056,180.276,106.104,18.931,-82.299,25.471,9465.664,113940.067,20150813_080710,479190,31624,53432,12016
1,KBYX20150817_100427_V06,-57.613,0.145,341.583,177.445,12.733,-81.497,25.150,6366.562,64708.902,20150817_060427,479181,12766,46002,3962
1,KBYX20150819_100347_V06,-59.104,0.333,527.024,303.600,14.009,-80.583,24.577,7004.478,113526.474,20150819_060347,479185,12471,45428,5351
4,KBYX20150819_100347_V06,-59.104,0.060,465.798,174.797,9.195,-80.881,25.160,4597.523,103880.754,20150819_060347,479185,12471,45428,5351
7,KBYX20150819_100347_V06,-59.104,0.052,224.455,118.641,8.411,-82.079,25.415,4205.433,98232.070,20150819_060347,479185,12471,45428,5351
5,KBYX20150821_100752_V06,-55.830,0.113,205.553,383.821,8.530,-82.168,24.218,4264.818,63139.396,20150821_060752,479197,47321,59981,19031
10,KBYX20150821_103436_V06,-29.097,0.055,277.677,402.406,13.275,-81.813,24.135,6637.287,52405.549,20150821_063436,479195,40675,52097,19116
15,KBYX20150821_122426_V06,80.737,0.059,276.735,316.746,6.234,-81.818,24.521,3116.756,14332.657,20150821_082426,479197,28670,49757,12669
7,KBYX20150822_102630_V06,-37.595,0.373,211.351,345.259,17.890,-82.140,24.392,8944.881,49766.904,20150822_062630,479195,77447,61911,44143
10,KBYX20150822_103726_V06,-26.662,0.067,199.821,342.657,14.981,-82.197,24.404,7490.608,54441.192,20150822_063726,479189,65850,59751,37788
1,KBYX20150824_100652_V06,-58.015,0.356,184.695,238.420,11.162,-82.274,24.874,5581.108,65359.479,20150824_060652,479193,31408,45956,15801
11,KBYX20150827_110707_V06,1.082,0.078,25.269,212.894,28.409,-83.064,24.984,14204.720,144104.396,20150827_070707,479197,124261,132589,18049
14,KBYX20150827_112135_V06,15.549,0.126,315.574,377.485,16.992,-81.627,24.247,8496.231,39517.147,20150827_072135,479189,138741,141281,19532
2,KBYX20150828_100746_V06,-58.645,0.341,288.233,368.033,9.914,-81.761,24.290,4957.108,34521.647,20150828_060746,479196,31837,54629,5778
4,KBYX20150828_100746_V06,-58.645,0.079,25.388,328.465,11.109,-83.058,24.462,5554.750,138041.732,20150828_060746,479196,31837,54629,5778
2,KBYX20150829_112325_V06,16.630,0.071,376.754,431.184,14.638,-81.326,24.004,7319.164,75994.410,20150829_072325,479186,31990,48643,16674
8,KBYX20150903_111755_V06,9.296,0.095,335.300,407.914,12.408,-81.530,24.110,6204.163,56770.542,20150903_071755,479198,152815,103716,81550
13,KBYX20150903_120329_V06,54.863,0.213,299.719,301.862,19.369,-81.705,24.589,9684.711,941.686,20150903_080329,479194,116720,98045,51665
3,KBYX20150904_104007_V06,-28.865,0.069,86.125,269.461,7.118,-82.760,24.731,3559.008,108022.350,20150904_064007,479190,181958,83983,116566
6,KBYX20150904_120643_V06,57.735,0.062,437.481,423.378,11.133,-81.028,24.038,5566.696,92362.290,20150904_080643,479187,161367,102211,84477
2,KBYX20150905_110612_V06,-3.141,0.198,439.963,314.374,19.964,-81.013,24.530,9981.926,70349.473,20150905_070612,479195,129600,89376,75994
2,KBYX20150905_110937_V06,0.276,0.186,440.448,314.497,24.562,-81.010,24.530,12281.210,70596.961,20150905_070937,479194,119326,87102,69177
2,KBYX20150905_111303_V06,3.709,0.092,440.966,312.136,26.487,-81.008,24.541,13243.310,70743.826,20150905_071303,479207,118375,88213,67048
2,KBYX20150910_101245_V06,-58.370,0.180,261.609,61.966,13.376,-81.895,25.671,6687.830,120554.953,20150910_061245,479174,49140,65972,18170
2,KBYX20150912_101450_V06,-56.994,0.088,271.913,507.179,10.503,-81.841,23.662,5251.492,104537.176,20150912_061450,479200,54031,67709,23118
2,KBYX20150912_101911_V06,-52.644,0.087,272.493,506.983,15.941,-81.838,23.663,7970.477,104401.241,20150912_061911,479196,51938,66955,21812
5,KBYX20150912_105820_V06,-13.494,0.321,352.485,66.398,17.093,-81.442,25.651,8546.600,119712.898,20150912_065820,479184,70456,73797,35210
5,KBYX20150912_110240_V06,-9.160,0.653,353.767,63.815,20.710,-81.436,25.663,10355.232,121114.115,20150912_070240,479195,75926,76200,38603
5,KBYX20150912_110701_V06,-4.810,0.654,356.713,57.828,17.476,-81.421,25.690,8737.877,124361.831,20150912_070701,479194,79768,77472,41592
5,KBYX20150912_111122_V06,-0.460,0.235,357.053,57.760,23.283,-81.419,25.690,11641.317,124433.844,20150912_071122,479194,85356,77939,45492
9,KBYX20150912_111122_V06,-0.460,0.417,366.014,334.967,15.274,-81.378,24.439,7636.934,37351.453,20150912_071122,479194,85356,77939,45492
2,KBYX20150915_101515_V06,-57.635,0.055,70.121,296.179,17.882,-82.838,24.610,8940.990,114955.337,20150915_061515,479198,163070,81322,91741
3,KBYX20150915_103410_V06,-38.719,0.097,350.601,275.337,10.705,-81.453,24.708,5352.665,28145.874,20150915_063410,479207,157465,82497,86534
3,KBYX20150915_103857_V06,-33.935,-1.000,350.601,275.337,18.311,-81.453,24.708,9155.415,28145.874,20150915_063857,479189,159797,83919,87737
3,KBYX20150915_104344_V06,-29.152,0.053,348.304,275.461,13.182,-81.465,24.708,6590.965,27089.751,20150915_064344,479178,166214,85476,92369
6,KBYX20150915_104833_V06,-24.335,0.100,384.318,183.137,42.327,-81.285,25.124,21163.380,72052.871,20150915_064833,479193,173360,86885,97738
7,KBYX20150916_111624_V06,3.162,0.061,267.711,348.464,29.402,-81.862,24.378,14701.115,29117.530,20150916_071624,479193,212070,215967,20094
8,KBYX20150916_114958_V06,36.729,0.051,21.431,195.395,22.696,-83.084,25.063,11348.003,148780.679,20150916_074958,479193,253922,245430,24750
2,KBYX20150917_101509_V06,-58.441,0.054,103.795,440.783,13.146,-82.667,23.958,6573.105,120744.070,20150917_061509,479186,143951,143234,13203
2,KBYX20150918_103746_V06,-36.179,0.062,375.594,44.446,46.581,-81.327,25.750,23290.264,133250.290,20150918_063746,479189,41835,70576,4788
4,KBYX20150919_102002_V06,-54.267,0.276,288.505,385.057,8.180,-81.760,24.213,4090.122,42915.075,20150919_062002,479191,127196,67594,77059
10,KBYX20150919_105027_V06,-23.850,0.148,292.487,400.780,2.578,-81.740,24.142,1289.103,50530.018,20150919_065027,479192,146187,67071,98802
12,KBYX20150919_115540_V06,41.367,0.511,387.602,306.056,13.122,-81.271,24.569,6561.169,43905.429,20150919_075540,479191,98515,85170,53469
4,KBYX20150921_112305_V06,8.071,0.068,362.543,509.348,3.124,-81.397,23.652,1561.861,109245.323,20150921_072305,479203,113987,90987,59408
3,KBYX20150923_111433_V06,-1.181,0.050,112.895,382.440,43.421,-82.624,24.222,21710.560,102230.810,20150923_071433,479194,117692,100729,46896
5,KBYX20150928_123115_V06,73.686,0.064,45.521,187.438,51.291,-82.965,25.100,25645.607,139131.069,20150928_083115,479192,19470,33348,4597
5,KBYX20150928_123547_V06,78.220,0.064,45.289,186.861,57.081,-82.966,25.102,28540.560,139353.817,20150928_083547,479211,19150,33456,4255
5,KBYX20150928_124019_V06,82.753,0.068,46.995,185.705,57.419,-82.958,25.108,28709.469,138811.767,20150928_084019,479197,19100,33083,4324
4,KBYX20150928_115926_V06,41.870,0.106,35.090,155.032,60.201,-83.018,25.246,30100.319,150990.789,20150928_075926,479189,19014,34082,4889
4,KBYX20150928_120358_V06,46.403,0.115,35.203,154.004,65.302,-83.018,25.250,32650.809,151188.859,20150928_080358,479194,20402,34885,5408
6,KBYX20150930_114646_V06,28.448,0.070,412.242,241.567,32.871,-81.148,24.860,16435.688,63270.601,20150930_074646,479190,20796,44856,7380
4,KBYX20151001_120232_V06,43.831,0.054,146.578,345.060,17.927,-82.460,24.392,8963.444,79950.954,20151001_080232,479182,112161,81773,68539
4,KBYX20151002_113753_V06,18.793,0.111,321.417,245.958,17.346,-81.597,24.841,8672.886,29065.627,20151002_073753,479194,203031,89827,140749
20,KBYX20151005_122416_V06,63.983,0.206,231.499,294.087,16.904,-82.042,24.623,8451.817,34377.791,20151005_082416,479176,63011,71461,27927
20,KBYX20151005_122838_V06,68.350,0.249,233.345,293.362,22.239,-82.032,24.627,11119.530,33492.250,20151005_082838,479185,60553,70957,26287
12,KBYX20151005_111853_V06,-1.400,0.083,76.701,326.927,20.926,-82.805,24.471,10463.095,112458.372,20151005_071853,479186,73196,72640,37157
14,KBYX20151005_113157_V06,11.666,0.056,253.007,273.872,22.023,-81.936,24.715,11011.646,26884.282,20151005_073157,479193,67635,72069,32334
18,KBYX20151005_121532_V06,55.250,0.215,191.883,46.025,18.441,-82.242,25.742,9220.545,138014.885,20151005_081532,479192,63622,71809,28317
2,KBYX20151006_102102_V06,-59.658,0.238,280.790,510.733,13.877,-81.797,23.646,6938.649,105803.556,20151006_062102,479187,69953,69359,34614
9,KBYX20151006_103830_V06,-42.192,0.050,223.108,270.355,17.767,-82.083,24.730,8883.307,41204.512,20151006_063830,479197,78060,69542,41556
5,KBYX20151007_110244_V06,-18.372,0.072,203.932,344.466,11.628,-82.177,24.395,5813.812,52929.657,20151007_070244,479189,79414,75979,40763
13,KBYX20151008_123629_V06,74.958,0.357,501.846,451.969,20.356,-80.712,23.908,10178.100,126329.440,20151008_083629,479193,135152,96867,74660
13,KBYX20151008_124050_V06,79.308,0.509,501.353,451.838,25.052,-80.715,23.908,12525.803,126092.937,20151008_084050,479197,132142,95506,73046
13,KBYX20151008_124512_V06,83.675,0.123,505.057,451.806,28.012,-80.696,23.908,14006.134,127567.033,20151008_084512,479179,126657,93696,69956
13,KBYX20151008_124932_V06,88.008,0.280,505.411,451.627,27.778,-80.695,23.909,13889.078,127656.284,20151008_084932,479180,123103,91725,67728
8,KBYX20151008_104749_V06,-33.708,0.073,344.875,196.336,5.269,-81.481,25.065,2634.480,56480.115,20151008_064749,479200,206834,64055,156248
8,KBYX20151008_105210_V06,-29.358,0.160,344.902,195.897,10.569,-81.481,25.067,5284.454,56686.705,20151008_065210,479183,211049,63433,160412
5,KBYX20151008_102143_V06,-59.808,0.066,359.342,255.657,6.888,-81.410,24.797,3443.928,37039.883,20151008_062143,479188,188915,74013,133220
7,KBYX20151008_103447_V06,-46.742,0.080,527.422,491.093,15.613,-80.588,23.730,7806.339,148523.864,20151008_063447,479194,194048,72660,138823
2,KBYX20151009_105830_V06,-23.450,0.119,383.794,228.669,5.341,-81.289,24.918,2670.471,55021.889,20151009_065830,479178,100582,63191,69474
11,KBYX20151010_111811_V06,-4.198,0.122,468.676,413.723,12.836,-80.874,24.081,6418.062,101715.933,20151010_071811,479199,75751,55609,47052
2,KBYX20151012_102629_V06,-56.779,0.378,296.430,106.145,10.433,-81.721,25.472,5216.591,96943.938,20151012_062629,479192,222902,54351,175899
4,KBYX20151012_113605_V06,12.821,0.060,179.782,61.750,6.992,-82.302,25.671,3496.202,133431.278,20151012_073605,479194,241358,97634,168410
2,KBYX20151013_102438_V06,-59.080,0.120,101.046,435.175,6.213,-82.681,23.984,3106.563,120265.551,20151013_062438,479197,189808,55190,143777
4,KBYX20151015_115606_V06,31.467,0.094,338.863,66.418,17.744,-81.510,25.651,8871.994,118396.410,20151015_075606,479191,253131,112032,166651
8,KBYX20151016_113648_V06,11.697,0.093,21.543,146.743,22.935,-83.086,25.282,11467.354,158922.963,20151016_073648,479200,282110,235968,58857
8,KBYX20151016_114109_V06,16.047,0.254,22.266,145.338,29.916,-83.082,25.289,14958.052,158946.918,20151016_074109,479190,282173,236128,58773
15,KBYX20151016_115412_V06,29.097,0.059,381.772,109.081,12.589,-81.297,25.458,6294.373,103846.785,20151016_075412,479191,283917,237360,60181
16,KBYX20151016_115831_V06,33.413,0.142,246.134,550.297,19.368,-81.967,23.467,9683.935,128013.824,20151016_075831,479191,283961,238578,60361
19,KBYX20151017_122444_V06,59.153,0.060,94.071,240.426,25.656,-82.722,24.862,12827.814,107186.782,20151017_082444,479188,60759,83412,11284
19,KBYX20151017_122916_V06,63.687,0.101,94.324,239.395,32.408,-82.721,24.867,16203.986,107209.804,20151017_082916,479193,63345,84827,11399
3,KBYX20151017_103250_V06,-52.747,0.341,332.599,349.008,13.294,-81.543,24.376,6647.005,29430.041,20151017_063250,479192,58086,68754,17420
18,KBYX20151017_122444_V06,59.153,0.063,121.693,452.333,23.088,-82.579,23.907,11543.762,117259.249,20151017_082444,479188,60759,83412,11284
1,KBYX20151018_115313_V06,27.153,0.078,26.536,494.424,36.340,-83.044,23.713,18169.971,167767.198,20151018_075313,479191,128551,90823,61627
17,KBYX20151019_121453_V06,48.329,0.103,243.360,260.071,12.730,-81.983,24.777,6364.788,34649.587,20151019_081453,479194,38642,46210,10270
17,KBYX20151019_121926_V06,52.879,-1.000,243.360,260.071,19.964,-81.983,24.777,9982.038,34649.587,20151019_081926,479197,40336,46562,11279
17,KBYX20151019_122400_V06,57.445,0.091,239.991,263.371,22.510,-82.000,24.762,11255.238,35152.368,20151019_082400,479191,38894,46498,10035
17,KBYX20151019_122833_V06,61.995,0.079,237.645,267.265,22.927,-82.012,24.744,11463.734,35212.922,20151019_082833,479204,39753,45672,10957
17,KBYX20151019_123305_V06,66.529,0.087,232.016,267.462,23.700,-82.039,24.743,11849.891,37684.766,20151019_083305,479187,39241,45445,10548
17,KBYX20151019_123739_V06,71.095,0.169,227.271,267.877,26.386,-82.063,24.742,13193.172,39753.551,20151019_083739,479186,39373,45079,11071
17,KBYX20151019_124213_V06,75.662,0.304,224.801,265.016,30.038,-82.075,24.754,15019.238,41469.204,20151019_084213,479200,38400,44719,10708
17,KBYX20151019_124647_V06,80.229,0.165,219.148,264.532,32.433,-82.103,24.757,16216.526,44144.940,20151019_084647,479189,38251,44013,10615
17,KBYX20151019_125121_V06,84.795,0.103,215.457,261.791,34.951,-82.121,24.769,17475.471,46388.240,20151019_085121,479193,36829,43193,9757
17,KBYX20151019_125554_V06,89.345,0.117,207.295,259.176,36.362,-82.162,24.781,18180.764,50647.897,20151019_085554,479185,37086,42424,10880
16,KBYX20151019_120546_V06,39.212,0.067,322.128,367.639,34.301,-81.594,24.292,17150.658,35583.453,20151019_080546,479183,38605,49086,9141
19,KBYX20151019_121453_V06,48.329,0.054,184.991,285.491,15.749,-82.271,24.661,7874.479,57960.313,20151019_081453,479194,38642,46210,10270
22,KBYX20151019_124647_V06,80.229,0.453,313.677,361.278,21.543,-81.636,24.320,10771.702,31393.064,20151019_084647,479189,38251,44013,10615
6,KBYX20151020_121614_V06,49.181,0.393,378.353,381.679,24.438,-81.318,24.228,12219.070,56592.063,20151020_081614,479194,81518,90028,16601
7,KBYX20151020_122456_V06,57.881,0.087,450.179,346.978,23.536,-80.963,24.383,11768.045,78677.489,20151020_082456,479189,80793,89712,16521
9,KBYX20151020_124221_V06,75.298,0.058,324.132,394.521,26.233,-81.585,24.170,13116.480,48776.505,20151020_084221,479177,78669,86706,17766
2,KBYX20151025_103213_V06,-57.433,0.121,162.075,295.049,8.611,-82.384,24.618,4305.490,69006.690,20151025_063213,479185,9925,33138,2967
4,KBYX20151026_104916_V06,-40.925,0.079,345.716,386.819,15.331,-81.478,24.205,7665.409,49059.935,20151026_064916,479194,19427,40429,7469
2,KBYX20151104_103557_V06,-59.472,0.173,394.174,269.044,10.669,-81.238,24.736,5334.717,49565.650,20151104_053557,479190,8786,34520,2158
4,KBYX20151107_103931_V06,-57.789,0.087,261.464,171.525,8.665,-81.894,25.177,4332.342,67064.871,20151107_053931,479194,11067,34191,2233
10,KBYX20151110_125807_V06,78.863,0.225,24.946,424.677,26.671,-83.055,24.028,13335.699,150995.818,20151110_075807,479191,10957,22416,2530
10,KBYX20151110_130228_V06,83.213,0.147,24.641,424.571,32.431,-83.057,24.029,16215.459,151113.051,20151110_080228,479184,10826,22880,2269
10,KBYX20151110_130649_V06,87.563,0.246,25.892,423.714,32.651,-83.051,24.032,16325.314,150366.631,20151110_080649,479189,10844,23196,2357
3,KBYX20151114_104206_V06,-59.836,0.073,152.370,258.298,10.306,-82.433,24.783,5152.866,76703.325,20151114_054206,479193,43729,73808,8183
10,KBYX20151116_112533_V06,-17.758,0.412,145.420,364.505,17.136,-82.465,24.304,8567.959,83749.552,20151116_062533,479203,203905,225148,9079
10,KBYX20151117_123513_V06,51.216,0.088,333.167,385.936,22.017,-81.540,24.209,11008.675,46056.955,20151117_073513,479190,12502,36568,4757
11,KBYX20151117_125239_V06,68.650,0.142,346.872,390.641,18.197,-81.473,24.188,9098.516,51021.596,20151117_075239,479196,13936,38239,4862
5,KBYX20151126_131543_V06,85.375,0.071,368.009,311.557,23.096,-81.368,24.544,11548.237,34492.044,20151126_081543,479191,45278,71633,4695
8,KBYX20151203_123128_V06,36.193,0.067,391.272,308.862,16.054,-81.253,24.556,8026.852,45850.507,20151203_073128,479202,172139,188715,19794
8,KBYX20151203_123549_V06,40.543,0.068,390.854,308.768,21.949,-81.255,24.557,10974.676,45638.067,20151203_073549,479181,174475,189911,18909
2,KBYX20151205_110337_V06,-53.038,0.072,370.946,296.950,4.930,-81.353,24.610,2465.057,35505.726,20151205_060337,479179,72496,94560,3335
7,KBYX20151207_115947_V06,1.770,0.309,25.076,177.531,27.105,-83.067,25.144,13552.361,150484.061,20151207_065947,479195,303268,298178,18734
7,KBYX20151207_120420_V06,6.320,0.109,25.055,177.117,33.149,-83.067,25.145,16574.422,150578.274,20151207_070420,479194,303011,298862,18941
7,KBYX20151207_120855_V06,10.903,0.469,26.369,172.868,35.240,-83.060,25.165,17619.937,150861.247,20151207_070855,479191,303881,299942,19131
3,KBYX20151208_115500_V06,-3.683,0.071,296.559,336.967,11.278,-81.720,24.430,5638.977,18563.540,20151208_065500,479188,74196,87224,7263
1,KBYX20151210_114435_V06,-15.416,0.068,427.293,272.639,8.490,-81.074,24.719,4244.877,65100.217,20151210_064435,479190,27397,52015,3356
12,KBYX20151213_130352_V06,61.962,0.057,282.610,217.517,33.846,-81.789,24.969,16922.882,42148.094,20151213_080352,479188,23168,46310,2636
12,KBYX20151213_130703_V06,65.145,-1.000,282.610,217.517,38.907,-81.789,24.969,19453.632,42148.094,20151213_080703,479189,23883,46361,2609
12,KBYX20151213_131015_V06,68.345,0.064,280.230,214.772,41.031,-81.801,24.982,20515.632,43745.611,20151213_081015,479195,24713,47023,2786
3,KBYX20151218_110541_V06,-59.163,0.113,449.464,259.728,8.498,-80.964,24.777,4248.966,77396.970,20151218_060541,479194,5760,17819,2466
3,KBYX20151218_110853_V06,-55.963,0.051,449.595,259.344,12.956,-80.964,24.779,6478.119,77510.341,20151218_060853,479204,5387,17614,2401
19,KBYX20151219_124607_V06,40.723,0.075,167.739,442.905,8.281,-82.353,23.950,4140.310,97358.323,20151219_074607,479194,26132,35241,11459
2,KBYX20151220_125410_V06,48.242,0.089,356.898,385.106,15.719,-81.423,24.213,7859.446,51187.155,20151220_075410,479179,23247,23010,13605
3,KBYX20151223_124229_V06,35.061,0.230,261.439,291.409,23.218,-81.894,24.636,11609.150,19753.319,20151223_074229,479179,3894,19211,2846
1,KBYX20151225_125155_V06,43.583,0.074,327.952,360.977,12.379,-81.566,24.322,6189.634,33539.433,20151225_075155,479193,18698,32972,3061
