track_id,filename,from_sunrise,det_score,x,y,r,lon,lat,radius,geo_dist,local_time,n_radar_pixels,n_refAbove40_pixels,n_xcorrAbove0.95_pixels,n_xcorrBelow0.95_refAbove40_pixels
6,KTYX20210603_102925_V06,66.714,0.052,531.209,487.272,39.018,-74.264,42.904,19508.842,148768.792,20210603_062925,479181,372272,365977,44252
19,KTYX20210606_103510_V06,73.585,0.059,334.812,165.528,25.924,-75.462,44.361,12962.097,69452.727,20210606_063510,479189,16374,33569,10090
1,KTYX20210610_090654_V06,-13.706,0.068,285.490,308.936,52.471,-75.770,43.716,26235.313,8520.730,20210610_050654,479176,42371,27993,37105
11,KTYX20210611_092556_V06,5.479,0.121,301.437,267.628,17.231,-75.671,43.902,8615.414,16202.005,20210611_052556,479176,131953,116445,47053
11,KTYX20210611_093102_V06,10.579,0.153,303.308,268.680,22.860,-75.659,43.897,11429.914,15747.140,20210611_053102,479183,132098,113211,49591
22,KTYX20210611_094552_V06,25.412,0.127,272.962,272.203,15.007,-75.848,43.881,7503.456,19388.662,20210611_054552,479176,125123,113237,44164
22,KTYX20210611_095058_V06,30.512,0.170,274.510,274.288,21.689,-75.839,43.871,10844.454,18102.858,20210611_055058,479172,123035,114705,41168
33,KTYX20210611_100731_V06,47.062,0.052,313.113,293.231,14.861,-75.599,43.786,7430.443,7378.377,20210611_060731,479174,112768,115600,31693
33,KTYX20210611_101240_V06,52.212,0.116,313.869,293.521,22.274,-75.594,43.785,11137.226,7653.856,20210611_061240,479179,109147,116895,29093
37,KTYX20210611_102234_V06,62.112,0.106,335.683,260.273,17.872,-75.458,43.934,8936.005,26699.929,20210611_062234,479181,103627,117749,25076
37,KTYX20210611_102748_V06,67.346,0.122,337.937,261.199,23.949,-75.444,43.930,11974.609,27132.678,20210611_062748,479180,98424,116385,22047
38,KTYX20210611_102748_V06,67.346,0.088,111.684,156.942,17.981,-76.862,44.394,8990.265,118245.920,20210611_062748,479180,98424,116385,22047
38,KTYX20210611_103253_V06,72.429,-1.000,111.684,156.942,26.063,-76.862,44.394,13031.515,118245.920,20210611_063253,479177,98220,116454,21612
38,KTYX20210611_103822_V06,77.912,0.051,115.778,146.333,36.164,-76.837,44.441,18081.827,119949.445,20210611_063822,479179,98978,118192,20030
26,KTYX20210611_095058_V06,30.512,0.072,363.622,245.480,16.794,-75.283,44.000,8396.759,41893.030,20210611_055058,479172,123035,114705,41168
29,KTYX20210611_100216_V06,41.812,0.064,132.424,60.874,12.735,-76.739,44.827,6367.331,145998.859,20210611_060216,479176,115553,114124,34929
2,KTYX20210612_084642_V06,-33.640,0.080,364.906,296.468,21.790,-75.277,43.771,10894.863,32501.112,20210612_044642,479175,63415,89163,14769
1,KTYX20210613_090909_V06,-11.112,0.053,261.727,107.905,33.971,-75.921,44.620,16985.392,97935.339,20210613_050909,479172,13273,41372,8344
1,KTYX20210613_091611_V06,-4.079,-1.000,261.727,107.905,45.154,-75.921,44.620,22576.892,97935.339,20210613_051611,479175,14467,41432,9382
1,KTYX20210613_092258_V06,2.704,0.056,272.795,92.884,29.419,-75.852,44.688,14709.600,104447.746,20210613_052258,479176,15931,42032,10113
6,KTYX20210619_093844_V06,18.176,0.201,25.801,447.161,33.506,-77.364,43.081,16752.781,155596.867,20210619_053844,479177,43395,73923,15025
6,KTYX20210619_094330_V06,22.943,0.129,25.975,447.062,39.743,-77.363,43.082,19871.480,155496.606,20210619_054330,479179,42139,74567,14764
3,KTYX20210619_084517_V06,-35.274,0.062,53.557,209.645,53.314,-77.220,44.152,26657.028,131242.465,20210619_044517,479175,49515,72382,11852
4,KTYX20210619_091416_V06,-6.290,0.118,227.793,113.294,5.766,-76.135,44.595,2883.205,100091.341,20210619_051416,479184,49533,78715,13422
7,KTYX20210619_104405_V06,83.526,0.058,177.626,215.809,13.949,-76.445,44.132,6974.522,74269.113,20210619_064405,479176,38643,75458,19260
4,KTYX20210621_083012_V06,-50.738,0.073,85.072,230.866,18.064,-77.021,44.059,9032.114,112886.890,20210621_043012,479188,42815,62426,7314
7,KTYX20210622_093626_V06,15.253,0.108,49.912,340.463,54.901,-77.228,43.563,27450.710,126669.982,20210622_053626,479185,94572,118736,16867
7,KTYX20210622_094101_V06,19.836,0.206,52.607,336.691,62.989,-77.212,43.580,31494.253,125049.671,20210622_054101,479189,95437,121067,16487
7,KTYX20210622_094537_V06,24.436,0.107,61.984,325.646,66.111,-77.155,43.631,33055.342,119696.663,20210622_054537,479192,98800,124999,16093
7,KTYX20210622_095020_V06,29.153,-1.000,69.897,316.216,70.439,-77.107,43.674,35219.643,115336.757,20210622_055020,479180,102453,130495,15982
7,KTYX20210622_095502_V06,33.853,0.065,36.425,377.158,62.122,-77.307,43.397,31060.797,137317.967,20210622_055502,479190,106695,138048,16624
3,KTYX20210622_084502_V06,-36.147,0.091,23.799,324.789,43.023,-77.391,43.631,21511.347,138655.385,20210622_044502,479198,71708,83957,14455
3,KTYX20210622_084827_V06,-32.730,-1.000,23.799,324.789,48.455,-77.391,43.631,24227.597,138655.385,20210622_044827,479196,73027,84957,14702
3,KTYX20210622_085243_V06,-28.464,0.224,26.369,321.568,49.249,-77.376,43.646,24624.386,137240.001,20210622_045243,479206,73152,87104,13720
4,KTYX20210622_084827_V06,-32.730,0.105,24.641,324.508,35.909,-77.386,43.633,17954.411,138223.607,20210622_044827,479196,73027,84957,14702
6,KTYX20210622_093150_V06,10.653,0.060,432.448,85.604,76.598,-74.844,44.718,38298.855,126004.270,20210622_053150,479190,94472,116383,17565
10,KTYX20210622_103033_V06,69.370,0.060,407.726,559.751,16.792,-75.024,42.585,8395.891,140601.947,20210622_063033,479190,103593,146598,14301
1,KTYX20210624_100600_V06,44.234,0.056,376.602,443.031,10.206,-75.209,43.111,5102.877,81126.078,20210624_060600,479175,15552,23163,11615
2,KTYX20210626_083028_V06,-52.017,0.259,266.240,438.011,19.880,-75.887,43.135,9939.899,71040.152,20210626_043028,479183,152941,164530,18167
2,KTYX20210626_083526_V06,-47.050,0.120,266.067,438.422,27.471,-75.889,43.133,13735.277,71260.027,20210626_043526,479177,154334,165171,18480
4,KTYX20210626_083526_V06,-47.050,0.716,388.353,273.013,40.924,-75.130,43.876,20461.960,46191.316,20210626_043526,479177,154334,165171,18480
4,KTYX20210626_084025_V06,-42.067,0.651,390.242,276.486,44.325,-75.119,43.860,22162.711,46627.519,20210626_044025,479183,153791,166373,17817
14,KTYX20210626_100605_V06,43.600,0.061,33.209,497.504,39.077,-77.312,42.855,19538.652,165970.768,20210626_060605,479172,184535,205539,15888
14,KTYX20210626_101203_V06,49.566,0.156,33.557,501.753,45.075,-77.310,42.836,22537.308,167104.747,20210626_061203,479177,192317,212708,15910
2,KTYX20210628_082700_V06,-56.329,0.113,418.243,397.133,6.283,-74.951,43.316,3141.651,76512.013,20210628_042700,479178,40776,62288,10024
7,KTYX20210628_090258_V06,-20.363,0.056,182.024,373.881,27.854,-76.408,43.421,13926.844,69600.047,20210628_050258,479176,46150,66486,13729
10,KTYX20210628_093151_V06,8.521,0.060,236.133,372.679,12.210,-76.074,43.428,6104.994,48376.743,20210628_053151,479185,56052,71654,21056
14,KTYX20210628_102338_V06,60.304,0.237,319.234,394.199,33.449,-75.561,43.332,16724.714,48071.274,20210628_062338,479176,36264,62645,11993
28,KTYX20210630_100710_V06,42.867,0.052,327.534,386.842,19.348,-75.510,43.365,9674.101,45551.203,20210630_060710,479189,44419,67981,10510
28,KTYX20210630_101140_V06,47.367,0.191,328.499,386.273,24.764,-75.504,43.367,12382.025,45429.051,20210630_061140,479197,41947,65843,10058
28,KTYX20210630_101609_V06,51.850,0.053,334.316,384.131,27.004,-75.468,43.377,13501.950,45430.145,20210630_061609,479189,40018,64411,9728
2,KTYX20210630_082541_V06,-58.616,0.451,531.945,509.351,25.507,-74.262,42.805,12753.387,156226.013,20210630_042541,479196,30910,63741,5828
5,KTYX20210630_082957_V06,-54.350,0.189,242.937,60.697,22.236,-76.041,44.832,11118.042,123006.306,20210630_042957,479194,32616,64475,6047
15,KTYX20210630_091725_V06,-6.883,0.084,309.660,182.289,46.392,-75.619,44.286,23196.110,59053.221,20210630_051725,479191,47826,65575,13875
17,KTYX20210630_092542_V06,1.400,0.206,243.255,175.509,18.498,-76.036,44.315,9248.945,68406.951,20210630_052542,479194,46569,68652,12572
33,KTYX20210630_103257_V06,68.650,0.056,37.945,76.386,51.742,-77.335,44.750,25871.208,172247.031,20210630_063257,479186,35839,58098,9715
34,KTYX20210630_104424_V06,80.100,0.063,112.750,34.610,49.713,-76.866,44.944,24856.371,162399.376,20210630_064424,479192,37572,59268,10025
1,KTYX20210701_101759_V06,53.153,0.102,264.137,217.103,6.369,-75.904,44.129,3184.727,45161.284,20210701_061759,479179,18965,39643,7639
1,KTYX20210701_102228_V06,57.637,0.389,263.849,217.562,12.584,-75.906,44.127,6292.188,45008.126,20210701_062228,479188,19929,40990,7820
3,KTYX20210702_083639_V06,-48.739,0.053,432.088,304.268,4.901,-74.860,43.734,2450.520,66078.471,20210702_043639,479168,89426,91440,31947
1,KTYX20210705_091857_V06,-8.286,0.178,260.826,220.362,10.498,-75.925,44.114,5249.193,44375.893,20210705_051857,479175,14825,27560,10565
1,KTYX20210705_092543_V06,-1.520,0.657,261.604,220.642,18.631,-75.920,44.113,9315.490,44079.366,20210705_052543,479178,15093,28523,11011
1,KTYX20210705_093229_V06,5.247,0.407,264.082,221.303,25.023,-75.904,44.110,12511.579,43253.132,20210705_053229,479177,14910,28499,11111
1,KTYX20210705_093919_V06,12.080,0.134,268.482,219.206,26.627,-75.877,44.119,13313.660,43362.132,20210705_053919,479174,18121,29705,13429
3,KTYX20210705_095248_V06,25.564,0.059,25.580,441.248,29.951,-77.366,43.108,14975.271,154318.778,20210705_055248,479173,18201,30747,13390
26,KTYX20210706_101258_V06,45.061,0.444,349.660,299.996,18.589,-75.372,43.755,9294.525,24829.895,20210706_061258,479173,55171,79330,10982
26,KTYX20210706_101838_V06,50.728,0.926,354.836,296.191,24.579,-75.339,43.772,12289.385,27484.157,20210706_061838,479174,51869,75545,11355
26,KTYX20210706_102417_V06,56.378,0.923,364.438,300.586,24.700,-75.280,43.752,12349.974,32220.206,20210706_062417,479175,47476,72082,11153
26,KTYX20210706_102957_V06,62.044,0.602,371.828,304.971,28.095,-75.234,43.733,14047.372,35999.726,20210706_062957,479176,43901,69676,10685
26,KTYX20210706_103537_V06,67.711,0.655,379.300,302.838,34.813,-75.188,43.742,17406.576,39675.371,20210706_063537,479174,42018,66957,11256
26,KTYX20210706_104117_V06,73.378,0.246,391.612,302.513,39.234,-75.111,43.743,19616.842,45823.438,20210706_064117,479181,38808,63897,10485
7,KTYX20210706_083919_V06,-48.589,0.089,402.856,196.612,64.950,-75.036,44.219,32475.113,72918.364,20210706_043919,479181,162550,160841,28917
7,KTYX20210706_084613_V06,-41.689,-1.000,402.856,196.612,75.921,-75.036,44.219,37960.613,72918.364,20210706_044613,479182,158729,149498,36473
7,KTYX20210706_085300_V06,-34.906,0.084,394.361,192.408,94.899,-75.089,44.238,47449.346,71554.010,20210706_045300,479177,148173,139788,36410
7,KTYX20210706_090535_V06,-22.322,-1.000,382.480,186.529,126.362,-75.164,44.265,63181.203,70140.286,20210706_050535,479178,114967,128083,19859
7,KTYX20210706_091138_V06,-16.272,0.128,323.909,170.190,66.571,-75.530,44.340,33285.736,65996.972,20210706_051138,479180,108540,123285,19082
7,KTYX20210706_091741_V06,-10.222,-1.000,323.909,170.190,76.191,-75.530,44.340,38095.486,65996.972,20210706_051741,479179,97574,116971,14761
7,KTYX20210706_092335_V06,-4.322,0.055,359.264,165.604,2.142,-75.308,44.360,1071.243,73441.259,20210706_052335,479179,90065,112188,13066
24,KTYX20210706_094845_V06,20.844,0.143,295.306,278.998,17.356,-75.709,43.850,8678.234,10760.015,20210706_054845,479182,70800,99843,10990
24,KTYX20210706_100041_V06,32.778,0.098,308.157,280.733,31.103,-75.629,43.843,15551.602,10461.054,20210706_060041,479185,61518,88492,10658
25,KTYX20210706_100041_V06,32.778,0.073,240.231,64.312,33.982,-76.058,44.816,16990.955,121574.316,20210706_060041,479185,61518,88492,10658
25,KTYX20210706_100704_V06,39.161,0.328,246.013,64.610,39.492,-76.021,44.815,19745.977,120750.923,20210706_060704,479177,57758,84473,10212
28,KTYX20210706_101838_V06,50.728,0.082,341.400,161.303,20.114,-75.420,44.380,10057.129,72372.149,20210706_061838,479174,51869,75545,11355
30,KTYX20210706_102957_V06,62.044,0.110,350.087,352.609,22.386,-75.370,43.519,11192.970,36319.531,20210706_062957,479176,43901,69676,10685
2,KTYX20210707_092109_V06,-7.451,0.146,245.342,236.429,15.527,-76.021,44.041,7763.741,41918.788,20210707_052109,479176,48981,61119,16395
2,KTYX20210707_092539_V06,-2.951,0.093,246.210,235.571,21.132,-76.016,44.045,10565.750,41965.787,20210707_052539,479185,51131,61873,17241
5,KTYX20210707_093909_V06,10.549,0.054,259.428,221.062,13.322,-75.933,44.111,6661.102,44377.083,20210707_053909,479180,55145,67626,17174
5,KTYX20210707_094337_V06,15.016,0.055,259.762,219.170,11.919,-75.931,44.119,5959.293,45145.960,20210707_054337,479184,56130,69025,16540
14,KTYX20210708_095405_V06,24.763,0.086,258.334,217.495,9.455,-75.940,44.127,4727.608,46214.385,20210708_055405,479181,83207,97268,12076
14,KTYX20210708_100255_V06,33.597,0.398,257.342,218.684,19.182,-75.946,44.121,9590.780,45912.875,20210708_060255,479176,83633,95682,12412
1,KTYX20210708_083318_V06,-56.020,0.206,230.394,341.940,2.631,-76.111,43.566,1315.319,40632.577,20210708_043318,479184,95543,114290,20513
2,KTYX20210709_090134_V06,-28.497,0.069,348.124,293.020,18.252,-75.381,43.787,9126.026,24313.567,20210709_050134,479192,31464,50541,7399
2,KTYX20210711_094904_V06,17.448,0.174,125.931,459.820,17.002,-76.748,43.032,8501.146,118154.854,20210711_054904,479170,17114,31866,12494
2,KTYX20210711_100307_V06,31.498,0.208,124.028,457.413,34.693,-76.760,43.042,17346.511,118051.638,20210711_060307,479177,18047,32133,13111
3,KTYX20210711_101711_V06,45.565,0.212,20.126,567.425,25.670,-77.383,42.539,12835.226,193549.375,20210711_061711,479170,20287,32986,13857
3,KTYX20210711_102406_V06,52.482,0.275,22.156,565.964,33.604,-77.371,42.546,16801.838,192311.102,20210711_062406,479170,21354,32098,14366
4,KTYX20210711_103102_V06,59.415,0.052,360.172,298.452,16.572,-75.306,43.762,8286.213,30095.802,20210711_063102,479173,21236,33261,14023
11,KTYX20210713_090356_V06,-29.325,0.063,277.954,526.483,28.279,-75.815,42.736,14139.524,113776.933,20210713_050356,479181,60854,89508,7853
11,KTYX20210713_090848_V06,-24.459,0.151,280.949,526.731,33.507,-75.796,42.735,16753.577,113764.905,20210713_050848,479183,58858,85255,7931
2,KTYX20210713_083802_V06,-55.225,0.188,135.128,110.385,13.390,-76.718,44.604,6694.850,125635.029,20210713_043802,479174,79506,111457,12805
9,KTYX20210713_085346_V06,-39.492,0.061,325.779,295.242,16.970,-75.520,43.777,8485.226,13107.386,20210713_045346,479182,71592,98825,12525
1,KTYX20210714_083719_V06,-56.792,0.116,300.024,317.037,7.200,-75.680,43.679,3599.987,8518.685,20210714_043719,479194,54223,68087,16745
3,KTYX20210717_094718_V06,10.533,0.079,323.740,129.601,9.974,-75.531,44.523,4987.137,86022.409,20210717_054718,479175,250149,277182,20904
4,KTYX20210719_091800_V06,-20.621,0.119,318.727,308.161,18.211,-75.564,43.719,9105.301,10214.108,20210719_051800,479183,43285,81853,11722
4,KTYX20210719_092350_V06,-14.788,0.059,320.364,306.874,26.304,-75.554,43.725,13151.890,10746.410,20210719_052350,479180,39659,81455,10141
2,KTYX20210719_091212_V06,-26.421,0.341,323.460,301.341,22.256,-75.534,43.750,11128.235,11748.968,20210719_051212,479183,49639,87382,14075
10,KTYX20210719_100244_V06,24.112,0.064,347.806,428.533,8.378,-75.386,43.177,4189.005,68567.823,20210719_060244,479178,35854,84222,9210
17,KTYX20210719_102854_V06,50.279,0.517,360.187,315.385,11.835,-75.307,43.686,5917.267,31061.187,20210719_062854,479177,32910,78473,8722
2,KTYX20210720_085046_V06,-48.804,0.080,253.211,44.192,20.224,-75.976,44.907,10111.847,130025.758,20210720_045046,479171,26614,44888,14380
1,KTYX20210722_092902_V06,-12.478,0.148,331.730,129.701,5.393,-75.480,44.522,2696.411,86614.817,20210722_052902,479175,17269,29055,11216
1,KTYX20210722_093603_V06,-5.462,0.965,331.266,135.930,11.837,-75.483,44.494,5918.703,83511.518,20210722_053603,479174,17766,29359,11897
1,KTYX20210722_094305_V06,1.572,0.983,335.322,139.114,16.589,-75.458,44.480,8294.304,82358.931,20210722_054305,479170,20165,29087,14128
1,KTYX20210722_095006_V06,8.588,0.982,339.372,143.486,24.619,-75.433,44.460,12309.554,80695.195,20210722_055006,479174,21698,28340,15479
1,KTYX20210722_100408_V06,22.622,0.899,344.876,148.189,40.704,-75.398,44.439,20352.159,79152.656,20210722_060408,479172,23305,27922,16746
1,KTYX20210722_101103_V06,29.538,0.653,350.009,147.224,48.135,-75.366,44.443,24067.563,80376.565,20210722_061103,479179,21920,27453,15622
1,KTYX20210722_101758_V06,36.455,0.131,348.872,151.581,50.014,-75.373,44.423,25006.857,78129.233,20210722_061758,479176,21415,29011,14871
3,KTYX20210722_093603_V06,-5.462,0.579,251.009,236.710,9.381,-75.986,44.040,4690.554,40017.984,20210722_053603,479174,17766,29359,11897
3,KTYX20210722_094305_V06,1.572,0.753,251.634,237.393,16.297,-75.982,44.037,8148.494,39556.664,20210722_054305,479170,20165,29087,14128
3,KTYX20210722_095006_V06,8.588,0.787,253.323,237.833,18.155,-75.971,44.035,9077.486,38869.688,20210722_055006,479174,21698,28340,15479
3,KTYX20210722_100408_V06,22.622,0.790,254.394,243.478,31.309,-75.964,44.010,15654.716,36313.274,20210722_060408,479172,23305,27922,16746
3,KTYX20210722_101103_V06,29.538,0.398,258.291,241.531,32.578,-75.940,44.019,16288.793,35910.286,20210722_061103,479179,21920,27453,15622
8,KTYX20210723_094111_V06,-1.318,0.050,31.028,434.781,31.371,-77.333,43.137,15685.308,150425.963,20210723_054111,479177,18169,33724,7956
11,KTYX20210723_100412_V06,21.699,0.054,29.510,434.925,29.459,-77.342,43.136,14729.397,151136.809,20210723_060412,479178,20454,33895,8665
15,KTYX20210723_105256_V06,70.432,0.052,388.680,511.363,35.787,-75.138,42.803,17893.360,114606.456,20210723_065256,479177,28390,44108,8019
2,KTYX20210726_093558_V06,-9.573,0.053,333.217,126.424,2.743,-75.471,44.537,1371.574,88362.942,20210726_053558,479177,22664,33298,16416
2,KTYX20210726_094259_V06,-2.556,0.050,333.596,126.189,11.278,-75.469,44.538,5638.838,88514.144,20210726_054259,479176,22839,37768,16521
1,KTYX20210726_090055_V06,-44.623,0.058,179.111,214.306,10.185,-76.435,44.139,5092.672,74090.620,20210726_050055,479174,35231,39840,24045
1,KTYX20210727_093712_V06,-9.373,0.838,327.922,128.288,5.011,-75.504,44.528,2505.669,86983.843,20210727_053712,479177,19034,43110,11079
1,KTYX20210727_094142_V06,-4.873,0.931,327.605,129.671,8.902,-75.506,44.522,4450.869,86275.840,20210727_054142,479176,27071,45246,16969
1,KTYX20210727_094612_V06,-0.373,0.903,326.554,132.039,10.345,-75.513,44.512,5172.665,85023.551,20210727_054612,479169,31659,48439,20515
1,KTYX20210727_095049_V06,4.243,0.344,327.981,131.950,15.869,-75.504,44.512,7934.684,85181.664,20210727_055049,479181,32147,50760,20753
4,KTYX20210727_094612_V06,-0.373,0.141,127.394,472.391,10.122,-76.738,42.975,5061.179,121975.048,20210727_054612,479169,31659,48439,20515
4,KTYX20210727_095049_V06,4.243,0.119,127.999,472.884,16.801,-76.734,42.973,8400.253,121935.589,20210727_055049,479181,32147,50760,20753
1,KTYX20210729_105416_V06,65.597,0.114,149.554,255.186,17.928,-76.617,43.954,8963.917,78489.379,20210729_065416,479174,33079,45579,14020
10,KTYX20210730_094718_V06,-2.431,0.129,359.399,316.606,10.793,-75.312,43.681,5396.698,30838.307,20210730_054718,479177,45378,80450,11575
11,KTYX20210730_094718_V06,-2.431,0.076,409.982,192.554,12.523,-74.992,44.237,6261.726,76877.638,20210730_054718,479177,45378,80450,11575
11,KTYX20210730_095148_V06,2.069,0.128,425.405,216.375,30.034,-74.897,44.129,15017.040,75364.904,20210730_055148,479175,45541,80541,11442
13,KTYX20210730_095148_V06,2.069,0.094,413.651,268.528,18.108,-74.973,43.895,9053.959,58964.064,20210730_055148,479175,45541,80541,11442
1,KTYX20210731_094838_V06,-2.167,0.178,120.037,466.211,10.794,-76.784,43.002,5396.854,122487.339,20210731_054838,479176,15185,18446,11232
1,KTYX20210731_100241_V06,11.883,0.072,125.201,468.819,28.226,-76.752,42.991,14113.228,121505.495,20210731_060241,479173,16701,18938,12408
16,KTYX20210801_110644_V06,74.857,0.067,343.181,301.691,28.646,-75.412,43.748,14322.819,21606.999,20210801_070644,479180,126282,135032,12863
4,KTYX20210802_085447_V06,-58.177,0.057,520.058,468.885,3.222,-74.331,42.988,1610.916,138697.341,20210802_045447,479174,46024,63133,26238
1,KTYX20210803_100437_V06,10.567,0.082,131.611,460.511,34.579,-76.713,43.029,17289.253,116317.385,20210803_060437,479180,14242,24271,11505
1,KTYX20210803_101132_V06,17.484,0.124,131.588,458.020,43.493,-76.713,43.040,21746.728,115469.659,20210803_061132,479173,14140,23938,11459
1,KTYX20210803_101834_V06,24.517,-1.000,131.567,455.769,52.795,-76.714,43.050,26397.386,114709.945,20210803_061834,479176,14837,23935,11934
1,KTYX20210803_102529_V06,31.434,0.134,128.751,436.506,43.479,-76.732,43.137,21739.567,109499.074,20210803_062529,479178,14660,23347,11895
1,KTYX20210803_103230_V06,38.450,-1.000,128.751,436.506,54.636,-76.732,43.137,27317.817,109499.074,20210803_063230,479180,14349,22812,11642
1,KTYX20210803_103926_V06,45.384,0.057,121.200,419.050,47.427,-76.780,43.215,23713.566,107403.526,20210803_063926,479175,13963,22328,11272
1,KTYX20210804_100022_V06,5.222,0.072,105.783,439.988,9.350,-76.873,43.120,4674.808,119704.895,20210804_060022,479177,14070,27704,10664
1,KTYX20210805_094607_V06,-10.129,0.264,340.459,137.311,7.307,-75.426,44.488,3653.629,83822.061,20210805_054607,479176,28947,50489,18520
1,KTYX20210805_095258_V06,-3.279,0.622,340.729,139.818,14.240,-75.424,44.476,7119.934,82639.564,20210805_055258,479176,55923,48153,42509
1,KTYX20210805_100653_V06,10.638,0.906,340.710,147.676,23.186,-75.424,44.441,11592.834,78835.100,20210805_060653,479173,71665,51950,56608
1,KTYX20210805_101354_V06,17.654,0.824,341.882,157.004,29.258,-75.417,44.399,14629.210,74501.603,20210805_061354,479177,69956,55875,53298
1,KTYX20210805_102055_V06,24.671,0.671,338.353,155.142,36.802,-75.439,44.407,18400.971,74924.466,20210805_062055,479176,68976,58219,51255
1,KTYX20210805_102756_V06,31.688,0.720,336.002,149.436,47.971,-75.454,44.433,23985.445,77404.173,20210805_062756,479177,67700,58810,49809
1,KTYX20210805_103457_V06,38.704,0.805,337.882,155.037,53.775,-75.442,44.408,26887.379,74915.444,20210805_063457,479173,64429,60440,46337
1,KTYX20210805_104151_V06,45.604,0.437,342.263,160.326,56.254,-75.415,44.384,28127.117,72963.783,20210805_064151,479177,62095,61079,44301
2,KTYX20210805_094607_V06,-10.129,0.057,121.939,467.998,7.834,-76.772,42.995,3917.078,122402.150,20210805_054607,479176,28947,50489,18520
2,KTYX20210805_095258_V06,-3.279,0.396,121.631,468.054,14.469,-76.774,42.994,7234.485,122533.024,20210805_055258,479176,55923,48153,42509
1,KTYX20210807_090445_V06,-53.710,0.122,177.553,213.760,8.304,-76.445,44.141,4152.134,74884.426,20210807_050445,479174,35664,29331,25318
2,KTYX20210807_100325_V06,4.956,0.057,131.624,468.192,16.543,-76.712,42.994,8271.310,118994.433,20210807_060325,479176,23209,42624,17769
1,KTYX20210808_094645_V06,-12.824,0.065,373.529,323.646,15.030,-75.224,43.649,7515.034,38618.994,20210808_054645,479175,17595,45288,12221
21,KTYX20210809_100358_V06,3.277,0.055,128.924,464.281,14.876,-76.729,43.012,7438.002,118591.125,20210809_060358,479175,83469,116336,11106
21,KTYX20210809_100955_V06,9.227,0.137,126.746,463.299,25.507,-76.743,43.016,12753.575,119041.324,20210809_060955,479186,83789,117890,11709
21,KTYX20210809_101508_V06,14.444,0.334,127.097,462.383,33.782,-76.741,43.020,16891.185,118599.857,20210809_061508,479180,83148,118355,12567
21,KTYX20210809_102027_V06,19.760,0.089,130.107,460.829,39.713,-76.722,43.027,19856.264,116971.576,20210809_062027,479182,79926,117336,12252
2,KTYX20210809_091140_V06,-49.023,0.070,160.497,180.176,36.108,-76.554,44.292,18053.932,91949.469,20210809_051140,479181,93144,114155,17750
3,KTYX20210809_091654_V06,-43.790,0.268,233.275,434.297,19.346,-76.090,43.151,9672.831,74980.161,20210809_051654,479172,95135,112873,19289
5,KTYX20210809_091654_V06,-43.790,0.138,87.684,439.570,21.379,-76.984,43.120,10689.420,127041.315,20210809_051654,479172,95135,112873,19289
9,KTYX20210809_092810_V06,-32.523,0.080,184.144,241.742,31.139,-76.402,44.016,15569.571,64839.588,20210809_052810,479174,91206,112331,14919
17,KTYX20210809_095203_V06,-8.640,0.542,273.937,378.076,9.708,-75.841,43.404,4853.937,41155.429,20210809_055203,479183,83619,114084,10557
20,KTYX20210809_100358_V06,3.277,0.074,218.596,225.725,16.937,-76.188,44.089,8468.666,55098.656,20210809_060358,479175,83469,116336,11106
1,KTYX20210810_094621_V06,-15.459,0.079,344.818,111.244,7.951,-75.398,44.605,3975.662,97002.071,20210810_054621,479171,15133,32540,11536
2,KTYX20210810_102025_V06,18.608,0.055,152.791,433.479,34.572,-76.585,43.152,17286.007,99356.698,20210810_062025,479179,23658,49669,16828
1,KTYX20210813_101717_V06,12.105,0.655,145.286,480.854,32.214,-76.628,42.938,16107.006,119000.735,20210813_061717,479173,38603,58191,30038
1,KTYX20210813_102419_V06,19.139,0.724,149.502,479.141,43.122,-76.602,42.946,21561.117,116984.322,20210813_062419,479173,39183,59814,29567
1,KTYX20210813_103119_V06,26.139,0.158,154.429,481.053,53.921,-76.572,42.937,26960.326,116158.637,20210813_063119,479178,35736,58565,25883
2,KTYX20210813_101717_V06,12.105,0.055,218.923,218.149,34.878,-76.186,44.123,17439.106,57604.380,20210813_061717,479173,38603,58191,30038
8,KTYX20210814_100237_V06,-3.687,0.177,195.000,249.233,8.632,-76.334,43.982,4315.901,58314.514,20210814_060237,479196,116038,136564,27255
8,KTYX20210814_100723_V06,1.079,0.723,196.548,251.668,15.235,-76.325,43.972,7617.392,57092.794,20210814_060723,479178,126794,131650,39404
8,KTYX20210814_101222_V06,6.063,0.434,200.459,256.230,21.256,-76.300,43.951,10627.870,54369.506,20210814_061222,479184,135066,126986,50068
8,KTYX20210814_101746_V06,11.463,0.195,200.468,260.285,24.188,-76.300,43.933,12094.136,53581.620,20210814_061746,479178,144335,124821,59858
13,KTYX20210814_101746_V06,11.463,0.538,259.505,242.302,11.136,-75.933,44.015,5567.869,35245.186,20210814_061746,479178,144335,124821,59858
13,KTYX20210814_102258_V06,16.663,0.608,260.185,243.387,16.148,-75.928,44.010,8073.775,34605.709,20210814_062258,479190,148224,125612,62230
13,KTYX20210814_102743_V06,21.413,0.180,261.759,246.615,16.704,-75.918,43.996,8352.221,32834.233,20210814_062743,479183,152323,125239,65471
3,KTYX20210814_092545_V06,-40.554,0.061,282.937,551.406,35.361,-75.784,42.624,17680.542,125992.283,20210814_052545,479194,207564,116972,112208
11,KTYX20210814_101222_V06,6.063,0.206,123.817,479.557,19.301,-76.759,42.943,9650.521,125778.832,20210814_061222,479184,135066,126986,50068
12,KTYX20210814_101222_V06,6.063,0.068,343.387,203.619,78.974,-75.409,44.189,39487.152,52848.203,20210814_061222,479184,135066,126986,50068
2,KTYX20210815_100229_V06,-4.947,0.431,117.586,469.894,13.122,-76.798,42.986,6561.056,124638.480,20210815_060229,479177,20846,40208,14598
2,KTYX20210815_100929_V06,2.053,0.879,119.416,472.024,22.247,-76.787,42.976,11123.648,124702.314,20210815_060929,479176,25725,39638,19022
2,KTYX20210815_101630_V06,9.070,0.732,121.273,477.611,32.467,-76.775,42.951,16233.722,125985.288,20210815_061630,479174,30315,39431,23106
2,KTYX20210815_102331_V06,16.086,0.622,125.120,481.669,40.504,-76.751,42.933,20252.140,126081.947,20210815_062331,479178,31166,39132,23882
2,KTYX20210815_103032_V06,23.103,0.567,125.739,477.027,46.982,-76.748,42.954,23491.163,124203.117,20210815_063032,479172,32135,39839,24388
2,KTYX20210815_103733_V06,30.120,0.317,125.275,473.026,49.976,-76.751,42.972,24988.012,122949.841,20210815_063733,479171,31884,40346,23976
2,KTYX20210815_104433_V06,37.120,0.076,122.992,467.771,54.256,-76.765,42.996,27127.894,121941.378,20210815_064433,479172,33957,41525,25324
1,KTYX20210815_100229_V06,-4.947,0.617,187.153,245.418,15.039,-76.383,43.999,7519.600,62676.917,20210815_060229,479177,20846,40208,14598
1,KTYX20210815_100929_V06,2.053,0.739,186.446,247.714,24.176,-76.388,43.989,12087.863,62506.636,20210815_060929,479176,25725,39638,19022
1,KTYX20210815_101630_V06,9.070,0.697,187.100,249.236,28.076,-76.384,43.982,14037.837,61893.854,20210815_061630,479174,30315,39431,23106
1,KTYX20210815_102331_V06,16.086,0.441,189.026,250.719,34.938,-76.372,43.976,17468.826,60712.251,20210815_062331,479178,31166,39132,23882
3,KTYX20210815_100929_V06,2.053,0.530,328.771,136.999,15.351,-75.499,44.489,7675.400,82760.482,20210815_060929,479176,25725,39638,19022
3,KTYX20210815_101630_V06,9.070,0.261,323.898,136.262,28.912,-75.530,44.493,14455.990,82736.471,20210815_061630,479174,30315,39431,23106
3,KTYX20210815_102331_V06,16.086,0.306,320.934,137.395,36.832,-75.548,44.487,18416.074,81973.488,20210815_062331,479178,31166,39132,23882
5,KTYX20210815_100929_V06,2.053,0.137,251.149,236.326,13.639,-75.985,44.042,6819.601,40127.197,20210815_060929,479176,25725,39638,19022
5,KTYX20210815_101630_V06,9.070,0.074,251.359,237.007,21.735,-75.983,44.039,10867.419,39793.465,20210815_061630,479174,30315,39431,23106
4,KTYX20210815_100929_V06,2.053,0.514,292.545,194.586,10.463,-75.727,44.230,5231.316,52838.696,20210815_060929,479176,25725,39638,19022
1,KTYX20210816_100143_V06,-6.841,0.105,118.659,465.340,13.214,-76.792,43.006,6607.227,122700.778,20210816_060143,479177,17727,32424,12144
1,KTYX20210816_100838_V06,0.076,0.693,120.940,463.460,22.291,-76.778,43.015,11145.697,121224.760,20210816_060838,479172,19524,31779,13705
1,KTYX20210816_101539_V06,7.092,0.794,124.724,461.834,30.226,-76.755,43.022,15113.242,119280.901,20210816_061539,479171,22267,31866,16137
1,KTYX20210816_102240_V06,14.109,0.789,128.513,460.713,36.027,-76.732,43.028,18013.541,117512.171,20210816_062240,479177,21226,31040,15358
1,KTYX20210816_102940_V06,21.109,0.687,128.515,458.454,49.179,-76.732,43.038,24589.525,116742.089,20210816_062940,479175,20960,30920,15259
1,KTYX20210816_103641_V06,28.126,0.594,125.300,456.147,54.110,-76.752,43.048,27055.250,117156.046,20210816_063641,479175,21554,31802,15445
1,KTYX20210816_104342_V06,35.142,0.079,126.685,438.898,54.650,-76.745,43.126,27325.028,111052.456,20210816_064342,479174,20410,32443,14504
2,KTYX20210816_100838_V06,0.076,0.965,198.824,231.410,23.509,-76.311,44.063,11754.419,61117.002,20210816_060838,479172,19524,31779,13705
2,KTYX20210816_101539_V06,7.092,0.848,198.169,232.539,30.740,-76.315,44.058,15370.016,61074.626,20210816_061539,479171,22267,31866,16137
2,KTYX20210816_102240_V06,14.109,0.612,199.090,227.411,39.917,-76.310,44.081,19958.427,62153.104,20210816_062240,479177,21226,31040,15358
3,KTYX20210818_102520_V06,14.521,0.742,196.298,247.803,14.505,-76.326,43.989,7252.693,58048.867,20210818_062520,479196,153786,171230,10868
3,KTYX20210818_102949_V06,19.004,0.825,197.639,247.085,21.474,-76.318,43.992,10737.134,57614.388,20210818_062949,479180,155849,173291,11533
3,KTYX20210818_103410_V06,23.354,0.772,198.757,245.788,26.483,-76.311,43.998,13241.308,57421.962,20210818_063410,479189,158203,175080,12055
3,KTYX20210818_103831_V06,27.704,0.257,201.194,244.019,31.824,-76.296,44.006,15911.946,56781.318,20210818_063831,479182,160627,177354,11722
11,KTYX20210818_112758_V06,77.154,0.319,30.849,347.212,36.414,-77.345,43.531,18207.005,136629.955,20210818_072758,479184,191724,206166,10973
11,KTYX20210818_113240_V06,81.854,0.205,31.527,347.208,42.415,-77.341,43.531,21207.687,136295.818,20210818_073240,479184,200465,212643,10950
11,KTYX20210818_113716_V06,86.454,0.069,35.855,345.083,43.218,-77.314,43.541,21608.886,133982.386,20210818_073716,479181,208460,218503,11523
4,KTYX20210818_102520_V06,14.521,0.319,65.317,267.966,11.980,-77.140,43.891,5990.027,118429.622,20210818_062520,479196,153786,171230,10868
1,KTYX20210820_101749_V06,4.749,0.124,119.900,468.745,17.554,-76.784,42.991,8777.019,123400.548,20210820_061749,479184,61903,64920,40399
1,KTYX20210820_102242_V06,9.632,0.076,120.065,470.291,25.376,-76.783,42.984,12688.104,123870.506,20210820_062242,479180,69675,64302,46968
1,KTYX20210820_102747_V06,14.716,0.152,115.644,461.377,19.127,-76.811,43.024,9563.306,122504.792,20210820_062747,479177,73812,63108,50979
1,KTYX20210820_103252_V06,19.799,0.246,115.885,462.288,26.977,-76.809,43.020,13488.734,122715.115,20210820_063252,479181,80521,64586,55761
3,KTYX20210820_103252_V06,19.799,0.090,206.761,228.269,21.701,-76.262,44.077,10850.645,58819.185,20210820_063252,479181,80521,64586,55761
4,KTYX20210822_093050_V06,-44.488,0.133,227.183,193.259,8.043,-76.136,44.235,4021.656,64606.570,20210822_053050,479179,70482,33855,57330
7,KTYX20210822_103256_V06,17.612,0.078,216.129,226.885,24.661,-76.204,44.084,12330.408,55633.029,20210822_063256,479179,52727,51087,40748
2,KTYX20210823_101336_V06,-2.848,0.416,341.726,140.492,13.605,-75.418,44.473,6802.670,82437.531,20210823_061336,479174,29247,59766,16702
2,KTYX20210823_101806_V06,1.652,0.083,341.851,139.778,19.151,-75.417,44.477,9575.697,82798.739,20210823_061806,479179,30453,60138,17338
2,KTYX20210823_102235_V06,6.135,0.264,346.594,129.206,11.626,-75.387,44.524,5812.973,88517.678,20210823_062235,479172,31402,60853,17564
2,KTYX20210823_102704_V06,10.618,0.144,346.202,129.881,18.231,-75.389,44.521,9115.746,88140.502,20210823_062704,479178,33181,62475,18000
2,KTYX20210823_103134_V06,15.118,0.095,349.462,128.421,16.326,-75.369,44.527,8163.204,89282.974,20210823_063134,479175,31989,63208,16986
8,KTYX20210824_103042_V06,13.125,0.144,184.378,246.387,27.480,-76.401,43.995,13739.958,63723.688,20210824_063042,479176,22120,62333,13849
8,KTYX20210824_103518_V06,17.725,0.057,185.007,246.832,34.009,-76.397,43.993,17004.367,63344.719,20210824_063518,479179,23654,65078,14809
9,KTYX20210824_103042_V06,13.125,0.106,423.371,372.095,6.857,-74.918,43.429,3428.272,71445.799,20210824_063042,479176,22120,62333,13849
9,KTYX20210824_103518_V06,17.725,0.092,423.569,372.165,13.327,-74.917,43.429,6663.491,71549.065,20210824_063518,479179,23654,65078,14809
12,KTYX20210824_103947_V06,22.209,0.054,252.460,226.700,14.481,-75.977,44.085,7240.572,43683.480,20210824_063947,479176,24270,65041,15324
12,KTYX20210824_104422_V06,26.792,0.153,252.819,226.018,19.914,-75.975,44.088,9957.074,43873.106,20210824_064422,479170,25927,65169,16533
12,KTYX20210824_104852_V06,31.292,-1.000,253.092,225.498,25.653,-75.973,44.091,12826.442,44019.638,20210824_064852,479184,25040,64984,15833
12,KTYX20210824_105322_V06,35.792,0.087,250.177,218.382,14.927,-75.991,44.123,7463.547,47811.518,20210824_065322,479175,25921,64305,16509
12,KTYX20210824_110221_V06,44.775,0.640,250.899,221.708,21.177,-75.987,44.108,10588.525,46207.737,20210824_070221,479181,26043,64833,16715
11,KTYX20210824_103947_V06,22.209,0.150,353.320,151.470,12.582,-75.345,44.424,6291.130,78905.125,20210824_063947,479176,24270,65041,15324
2,KTYX20210825_102657_V06,8.249,0.051,128.919,439.704,17.375,-76.731,43.122,8687.339,110437.820,20210825_062657,479178,24328,52137,18191
2,KTYX20210825_103352_V06,15.166,0.407,131.739,441.871,30.066,-76.714,43.113,15032.962,110044.492,20210825_063352,479179,29522,55995,21449
2,KTYX20210825_104046_V06,22.066,0.120,137.502,444.699,39.226,-76.678,43.100,19612.798,108792.511,20210825_064046,479175,29871,55651,21125
1,KTYX20210825_102007_V06,1.416,0.050,207.351,226.245,24.461,-76.258,44.086,12230.389,59210.528,20210825_062007,479172,21927,48142,16375
3,KTYX20210825_111550_V06,57.133,0.074,23.009,231.550,29.420,-77.408,44.051,14710.051,142661.545,20210825_071550,479175,24048,46375,17195
1,KTYX20210826_101208_V06,-7.693,0.357,206.652,241.715,15.213,-76.262,44.017,7606.741,55025.111,20210826_061208,479174,23662,35939,18722
1,KTYX20210826_101909_V06,-0.677,0.760,210.084,242.241,22.630,-76.241,44.014,11315.210,53434.429,20210826_061909,479174,38399,35128,32258
1,KTYX20210826_102610_V06,6.340,0.801,215.792,244.012,29.877,-76.205,44.007,14938.530,50560.920,20210826_062610,479178,47593,36573,40495
2,KTYX20210827_102135_V06,0.631,0.273,236.392,241.644,10.914,-76.077,44.018,5457.016,43160.735,20210827_062135,479175,57190,35370,51755
2,KTYX20210827_103014_V06,9.281,0.467,232.171,243.992,16.511,-76.103,44.007,8255.315,43982.106,20210827_063014,479176,60471,37639,54896
2,KTYX20210827_103852_V06,17.914,0.241,227.641,246.517,10.123,-76.131,43.996,5061.323,44989.795,20210827_063852,479172,69035,38320,62344
2,KTYX20210828_102515_V06,3.172,0.105,120.261,452.291,22.517,-76.783,43.065,11258.699,117790.705,20210828_062515,479169,27225,48296,12025
2,KTYX20210828_102950_V06,7.756,0.211,120.252,450.985,28.575,-76.783,43.071,14287.306,117373.181,20210828_062950,479177,27833,47980,12446
2,KTYX20210828_103426_V06,12.356,0.205,121.310,445.966,32.233,-76.777,43.094,16116.579,115365.045,20210828_063426,479181,29267,47486,13461
2,KTYX20210828_103902_V06,16.956,0.200,121.989,439.863,31.902,-76.774,43.121,15950.802,113192.012,20210828_063902,479179,31436,47822,15223
2,KTYX20210828_104339_V06,21.572,0.130,122.184,434.696,33.566,-76.773,43.144,16783.236,111536.349,20210828_064339,479177,29728,46285,14355
2,KTYX20210828_104815_V06,26.172,0.060,119.550,431.239,38.701,-76.789,43.160,19350.671,111563.720,20210828_064815,479172,30256,45865,15208
3,KTYX20210828_103902_V06,16.956,0.054,262.574,221.883,20.808,-75.914,44.107,10403.893,43309.736,20210828_063902,479179,31436,47822,15223
4,KTYX20210829_102154_V06,-1.303,0.175,131.232,459.828,24.587,-76.715,43.032,12293.390,116219.403,20210829_062154,479182,8453,26970,5396
4,KTYX20210829_102610_V06,2.964,0.565,131.645,459.560,30.690,-76.713,43.033,15345.007,115977.403,20210829_062610,479180,8122,26295,5383
4,KTYX20210829_103026_V06,7.230,0.771,137.419,459.663,33.443,-76.677,43.033,16721.294,113935.115,20210829_063026,479180,8359,26166,5680
4,KTYX20210829_103442_V06,11.497,0.653,140.798,458.389,39.735,-76.657,43.039,19867.342,112285.828,20210829_063442,479177,8522,25829,5835
4,KTYX20210829_103858_V06,15.764,0.613,142.672,458.298,45.881,-76.645,43.039,22940.314,111591.146,20210829_063858,479178,8992,26600,5985
4,KTYX20210829_104314_V06,20.030,0.354,143.332,457.380,51.229,-76.641,43.043,25614.497,111033.143,20210829_064314,479181,8641,26273,5953
10,KTYX20210830_103133_V06,7.222,0.217,28.586,331.584,36.741,-77.361,43.601,18370.293,136622.991,20210830_063133,479190,64621,110090,10124
12,KTYX20210830_103133_V06,7.222,0.054,391.179,204.652,51.381,-75.110,44.183,25690.670,65963.456,20210830_063133,479190,64621,110090,10124
14,KTYX20210830_104037_V06,16.288,0.074,195.578,291.918,27.970,-76.329,43.790,13984.781,52367.068,20210830_064037,479181,56513,101079,9919
18,KTYX20210830_112449_V06,60.488,0.064,213.495,352.751,15.973,-76.215,43.517,7986.702,50659.881,20210830_072449,479181,38386,68013,9324
19,KTYX20210830_112911_V06,64.855,0.079,328.823,69.042,25.068,-75.498,44.795,12534.073,116374.680,20210830_072911,479182,37608,65957,9181
1,KTYX20210831_101619_V06,-9.137,0.846,356.229,143.256,5.146,-75.327,44.461,2573.097,83262.196,20210831_061619,479177,16506,32452,13622
1,KTYX20210831_102314_V06,-2.220,0.123,356.638,142.930,11.846,-75.324,44.462,5923.242,83484.694,20210831_062314,479175,27432,32471,23565
1,KTYX20210831_103015_V06,4.797,0.891,360.827,149.248,13.662,-75.298,44.434,6831.245,81280.765,20210831_063015,479176,34713,32491,30418
3,KTYX20210831_101619_V06,-9.137,0.083,264.432,227.173,2.480,-75.902,44.083,1240.005,40524.216,20210831_061619,479177,16506,32452,13622
3,KTYX20210831_102314_V06,-2.220,0.497,265.370,228.938,11.334,-75.896,44.075,5666.787,39525.386,20210831_062314,479175,27432,32471,23565
7,KTYX20210831_102314_V06,-2.220,0.054,137.570,477.610,25.545,-76.675,42.952,12772.662,120341.931,20210831_062314,479175,27432,32471,23565
7,KTYX20210831_103015_V06,4.797,0.086,137.788,477.291,34.157,-76.674,42.954,17078.573,120150.814,20210831_063015,479176,34713,32491,30418
7,KTYX20210831_103920_V06,13.880,0.360,139.739,469.077,28.890,-76.663,42.991,14445.125,116480.236,20210831_063920,479171,38854,33304,33667
7,KTYX20210831_104622_V06,20.913,0.216,141.175,466.704,34.941,-76.654,43.001,17470.269,115125.618,20210831_064622,479172,38636,35124,33006
2,KTYX20210831_101619_V06,-9.137,0.557,201.379,251.404,16.532,-76.295,43.973,8266.241,54971.748,20210831_061619,479177,16506,32452,13622
1,KTYX20210901_102153_V06,-4.695,0.649,343.337,146.296,6.575,-75.408,44.447,3287.342,79848.506,20210901_062153,479178,19330,41914,12659
1,KTYX20210901_102630_V06,-0.078,0.840,343.435,147.692,10.428,-75.407,44.441,5213.937,79190.216,20210901_062630,479182,22035,42256,15002
1,KTYX20210901_103106_V06,4.522,0.085,340.426,152.588,15.709,-75.426,44.419,7854.495,76427.264,20210901_063106,479173,24318,40949,16892
1,KTYX20210901_103543_V06,9.138,0.943,344.941,153.760,14.701,-75.398,44.414,7350.717,76495.128,20210901_063543,479179,26356,40731,18432
1,KTYX20210901_104020_V06,13.755,0.948,343.084,155.597,17.965,-75.410,44.405,8982.381,75346.446,20210901_064020,479183,26761,40327,18928
1,KTYX20210901_104456_V06,18.355,0.972,343.318,157.629,21.648,-75.408,44.396,10824.054,74407.618,20210901_064456,479178,26926,39926,18998
1,KTYX20210901_105136_V06,25.022,0.984,341.988,161.273,29.222,-75.417,44.380,14611.199,72470.875,20210901_065136,479189,28734,40342,20080
1,KTYX20210901_110049_V06,34.238,0.956,343.623,161.531,34.604,-75.406,44.379,17302.072,72589.005,20210901_070049,479176,31130,41286,21914
1,KTYX20210901_110526_V06,38.855,0.809,342.874,163.229,39.343,-75.411,44.371,19671.594,71666.614,20210901_070526,479174,32142,41462,22920
1,KTYX20210901_111002_V06,43.455,0.742,347.772,163.148,42.636,-75.380,44.371,21318.054,72475.106,20210901_071002,479174,30105,40866,21154
1,KTYX20210901_111439_V06,48.072,0.262,347.137,166.661,46.254,-75.384,44.355,23127.062,70712.987,20210901_071439,479179,28917,40902,20156
1,KTYX20210901_111916_V06,52.688,0.116,350.340,168.343,47.679,-75.364,44.348,23839.268,70476.220,20210901_071916,479174,29335,42374,20275
6,KTYX20210901_103543_V06,9.138,0.205,102.589,465.525,22.018,-76.891,43.004,11009.072,128811.322,20210901_063543,479179,26356,40731,18432
6,KTYX20210901_104020_V06,13.755,0.068,102.871,466.538,30.039,-76.889,43.000,15019.369,129029.669,20210901_064020,479183,26761,40327,18928
6,KTYX20210901_104456_V06,18.355,0.153,99.594,468.396,33.409,-76.909,42.991,16704.580,130881.341,20210901_064456,479178,26926,39926,18998
6,KTYX20210901_105136_V06,25.022,0.243,97.486,462.890,37.663,-76.922,43.016,18831.402,129947.250,20210901_065136,479189,28734,40342,20080
6,KTYX20210901_110049_V06,34.238,0.120,95.076,457.661,42.475,-76.937,43.039,21237.277,129277.693,20210901_070049,479176,31130,41286,21914
6,KTYX20210901_110526_V06,38.855,0.127,91.686,454.709,42.602,-76.958,43.052,21300.922,129739.837,20210901_070526,479174,32142,41462,22920
6,KTYX20210901_111002_V06,43.455,0.052,86.540,446.021,41.752,-76.991,43.091,20876.030,129312.924,20210901_071002,479174,30105,40866,21154
6,KTYX20210901_111439_V06,48.072,-1.000,82.312,439.396,41.608,-77.017,43.121,20803.897,129247.017,20210901_071439,479179,28917,40902,20156
6,KTYX20210901_111916_V06,52.688,0.067,83.597,445.722,48.626,-77.009,43.092,24312.999,130446.407,20210901_071916,479174,29335,42374,20275
6,KTYX20210901_112352_V06,57.288,0.154,82.524,438.386,41.555,-77.016,43.125,20777.634,128885.903,20210901_072352,479175,28074,42674,18843
6,KTYX20210901_112829_V06,61.905,0.220,82.745,438.361,47.066,-77.015,43.125,23533.001,128786.089,20210901_072829,479180,29504,43371,19674
6,KTYX20210901_113305_V06,66.505,-1.000,82.917,438.342,52.957,-77.014,43.125,26478.668,128708.494,20210901_073305,479183,28794,44630,18852
6,KTYX20210901_113742_V06,71.122,0.265,76.517,432.255,35.031,-77.054,43.152,17515.562,129842.288,20210901_073742,479180,30357,46545,19902
6,KTYX20210901_114218_V06,75.722,0.160,77.439,431.807,41.616,-77.048,43.154,20808.110,129331.491,20210901_074218,479171,30581,46607,20051
6,KTYX20210901_114655_V06,80.338,0.142,77.769,425.784,32.922,-77.047,43.182,16460.854,127679.789,20210901_074655,479174,30103,47359,19492
8,KTYX20210901_113305_V06,66.505,0.315,81.348,434.146,40.036,-77.024,43.144,20017.906,128261.205,20210901_073305,479183,28794,44630,18852
1,KTYX20210902_102456_V06,-2.770,0.952,349.329,156.568,9.157,-75.370,44.401,4578.560,75838.666,20210902_062456,479176,15262,28802,11727
1,KTYX20210902_103152_V06,4.164,0.937,349.569,163.768,14.857,-75.369,44.368,7428.251,72484.872,20210902_063152,479172,19707,29953,15561
1,KTYX20210902_103843_V06,11.014,0.950,349.306,170.047,20.502,-75.371,44.340,10251.196,69496.017,20210902_063843,479173,22568,29957,18280
1,KTYX20210902_104538_V06,17.930,0.938,350.317,177.548,28.076,-75.365,44.306,14038.204,66193.404,20210902_064538,479173,23292,29008,19000
1,KTYX20210902_105239_V06,24.947,0.920,355.616,186.329,29.809,-75.332,44.267,14904.324,63273.857,20210902_065239,479172,22083,27568,18262
1,KTYX20210902_110841_V06,40.980,0.232,349.392,182.853,45.556,-75.371,44.283,22777.910,63567.026,20210902_070841,479176,19727,25782,16157
1,KTYX20210902_111537_V06,47.914,-1.000,346.874,181.579,52.258,-75.386,44.288,26129.162,63680.492,20210902_071537,479175,19074,24906,15421
1,KTYX20210902_112238_V06,54.930,-1.000,344.326,180.289,59.041,-75.402,44.294,29520.693,63826.880,20210902_072238,479178,18571,25874,14965
1,KTYX20210902_112939_V06,61.947,0.223,348.145,206.110,59.641,-75.379,44.178,29820.511,52757.335,20210902_072939,479174,18736,26167,15125
1,KTYX20210902_113639_V06,68.947,0.206,351.733,213.986,60.984,-75.357,44.142,30492.104,50186.312,20210902_073639,479170,19442,27435,15628
3,KTYX20210902_102456_V06,-2.770,0.441,113.515,487.400,17.271,-76.822,42.907,8635.564,132188.681,20210902_062456,479176,15262,28802,11727
3,KTYX20210902_103152_V06,4.164,0.851,111.768,491.996,27.010,-76.832,42.886,13504.863,134437.320,20210902_063152,479172,19707,29953,15561
3,KTYX20210902_103843_V06,11.014,0.646,113.044,497.131,34.767,-76.824,42.863,17383.697,135842.897,20210902_063843,479173,22568,29957,18280
3,KTYX20210902_104538_V06,17.930,0.591,112.092,511.187,36.677,-76.828,42.800,18338.711,141341.367,20210902_064538,479173,23292,29008,19000
3,KTYX20210902_105239_V06,24.947,0.333,116.483,513.289,48.377,-76.801,42.790,24188.414,140686.360,20210902_065239,479172,22083,27568,18262
2,KTYX20210902_102456_V06,-2.770,0.551,252.126,237.681,7.879,-75.979,44.036,3939.308,39292.407,20210902_062456,479176,15262,28802,11727
2,KTYX20210902_103152_V06,4.164,0.848,252.947,243.446,13.629,-75.973,44.010,6814.716,36784.428,20210902_063152,479172,19707,29953,15561
2,KTYX20210902_103843_V06,11.014,0.724,253.746,248.558,15.319,-75.968,43.987,7659.652,34589.564,20210902_063843,479173,22568,29957,18280
2,KTYX20210902_104538_V06,17.930,0.283,256.178,252.379,16.849,-75.953,43.970,8424.665,32357.834,20210902_064538,479173,23292,29008,19000
12,KTYX20210902_112939_V06,61.947,0.101,291.757,376.198,45.129,-75.731,43.413,22564.316,38321.538,20210902_072939,479174,18736,26167,15125
12,KTYX20210902_113639_V06,68.947,0.063,292.031,380.181,51.363,-75.729,43.395,25681.341,40288.079,20210902_073639,479170,19442,27435,15628
12,KTYX20210902_114341_V06,75.980,0.080,299.811,398.722,43.381,-75.681,43.312,21690.300,49361.144,20210902_074341,479175,18555,26567,15099
10,KTYX20210902_111537_V06,47.914,0.100,240.079,353.233,68.822,-76.051,43.516,34410.767,40075.912,20210902_071537,479175,19074,24906,15421
11,KTYX20210902_112238_V06,54.930,0.140,354.919,206.162,45.768,-75.337,44.178,22884.212,54363.922,20210902_072238,479178,18571,25874,14965
1,KTYX20210904_103411_V06,4.231,0.668,356.310,154.969,7.525,-75.327,44.408,3762.638,77789.487,20210904_063411,479174,18484,24399,13659
1,KTYX20210904_104106_V06,11.148,0.775,358.770,155.298,16.688,-75.311,44.406,8343.764,78090.632,20210904_064106,479178,20273,24340,15043
1,KTYX20210904_104802_V06,18.081,0.413,364.041,158.479,20.542,-75.278,44.392,10270.986,77668.236,20210904_064802,479177,19986,23544,14966
3,KTYX20210904_104802_V06,18.081,0.090,127.941,449.659,22.421,-76.736,43.077,11210.720,114020.078,20210904_064802,479177,19986,23544,14966
3,KTYX20210904_110204_V06,32.114,0.143,131.522,445.807,35.226,-76.715,43.095,17613.066,111405.511,20210904_070204,479178,21254,23098,15929
3,KTYX20210904_110905_V06,39.131,0.056,136.975,440.524,39.017,-76.682,43.119,19508.364,107615.418,20210904_070905,479175,21176,22229,15700
11,KTYX20210906_111436_V06,42.399,0.085,24.626,213.455,46.329,-77.401,44.132,23164.598,144326.691,20210906_071436,479196,36126,51817,10653
11,KTYX20210906_111856_V06,46.732,0.264,25.042,212.566,50.521,-77.398,44.136,25260.382,144262.490,20210906_071856,479183,34373,50952,9812
11,KTYX20210906_112328_V06,51.265,0.365,28.652,218.901,52.655,-77.375,44.108,26327.742,141604.034,20210906_072328,479188,34433,49959,9777
11,KTYX20210906_112747_V06,55.582,-1.000,31.395,223.444,55.309,-77.357,44.088,27654.577,139650.917,20210906_072747,479194,35158,51083,9534
11,KTYX20210906_113207_V06,59.915,-1.000,34.149,228.004,57.973,-77.339,44.068,28986.534,137713.813,20210906_073207,479190,34834,52407,8987
11,KTYX20210906_113639_V06,64.449,-1.000,37.030,232.774,60.760,-77.321,44.047,30379.967,135713.659,20210906_073639,479198,35395,52641,8837
11,KTYX20210906_114116_V06,69.065,0.648,40.338,235.144,59.769,-77.300,44.036,29884.394,133819.510,20210906_074116,479189,36496,53776,9103
11,KTYX20210906_114549_V06,73.615,0.623,41.075,229.039,63.864,-77.296,44.064,31931.962,134236.388,20210906_074549,479199,36291,53483,9225
11,KTYX20210906_115034_V06,78.365,0.694,47.734,218.417,70.581,-77.256,44.112,35290.356,132564.907,20210906_075034,479197,36328,54050,9075
11,KTYX20210906_120035_V06,88.382,0.264,59.395,216.157,80.967,-77.183,44.123,40483.707,127397.373,20210906_080035,479194,39701,57338,9165
6,KTYX20210906_103306_V06,0.899,0.301,127.338,451.628,11.009,-76.740,43.068,5504.667,114894.876,20210906_063306,479195,48382,71890,13299
6,KTYX20210906_103804_V06,5.865,0.150,128.526,451.853,18.343,-76.733,43.068,9171.612,114523.775,20210906_063804,479185,48494,72025,12500
6,KTYX20210906_104330_V06,11.299,0.251,135.508,452.245,23.181,-76.690,43.066,11590.715,112067.083,20210906_064330,479197,52652,73577,12631
6,KTYX20210906_104829_V06,16.282,0.344,142.164,448.387,26.566,-76.649,43.084,13283.089,108317.843,20210906_064829,479185,55447,75715,12638
6,KTYX20210906_105315_V06,21.049,0.179,148.269,444.923,30.979,-76.612,43.100,15489.635,104910.407,20210906_065315,479191,56157,76545,13084
6,KTYX20210906_110148_V06,29.599,0.190,150.725,436.889,34.618,-76.597,43.136,17309.223,101268.972,20210906_070148,479192,47640,66003,12985
17,KTYX20210906_113207_V06,59.915,0.266,25.862,258.960,41.354,-77.387,43.928,20677.090,138596.519,20210906_073207,479190,34834,52407,8987
17,KTYX20210906_113639_V06,64.449,0.554,27.057,256.459,47.543,-77.380,43.939,23771.443,138197.231,20210906_073639,479198,35395,52641,8837
3,KTYX20210906_094039_V06,-51.551,0.142,235.415,407.867,16.921,-76.078,43.270,8460.480,62862.199,20210906_054039,479187,84192,83164,29790
7,KTYX20210906_103804_V06,5.865,0.074,241.472,344.831,33.093,-76.042,43.554,16546.318,36862.701,20210906_063804,479185,48494,72025,12500
8,KTYX20210906_104330_V06,11.299,0.301,348.739,264.773,14.608,-75.377,43.914,7303.783,30068.448,20210906_064330,479197,52652,73577,12631
16,KTYX20210906_112747_V06,55.582,0.073,37.059,218.918,66.989,-77.322,44.109,33494.537,137579.099,20210906_072747,479194,35158,51083,9534
5,KTYX20210907_102635_V06,-6.743,0.065,124.935,456.220,6.865,-76.754,43.048,3432.522,117316.508,20210907_062635,479174,11198,27089,9001
5,KTYX20210907_103515_V06,1.924,0.263,127.583,454.867,17.033,-76.738,43.054,8516.723,115878.431,20210907_063515,479178,12788,29084,9932
5,KTYX20210907_104355_V06,10.591,0.385,136.157,449.958,23.156,-76.686,43.076,11577.882,111053.952,20210907_064355,479176,15189,30760,11357
5,KTYX20210907_110115_V06,27.924,0.082,140.100,441.234,33.660,-76.662,43.116,16829.967,106671.391,20210907_070115,479174,16807,33744,12262
6,KTYX20210907_102635_V06,-6.743,0.058,103.693,176.633,24.273,-76.910,44.304,12136.486,115926.846,20210907_062635,479174,11198,27089,9001
6,KTYX20210907_103515_V06,1.924,0.079,105.664,180.001,34.699,-76.897,44.289,17349.545,114199.430,20210907_063515,479178,12788,29084,9932
6,KTYX20210907_104355_V06,10.591,0.108,114.812,186.517,29.835,-76.840,44.261,14917.451,108596.863,20210907_064355,479176,15189,30760,11357
12,KTYX20210907_111826_V06,45.107,0.064,322.027,364.380,11.935,-75.544,43.466,5967.361,34021.821,20210907_071826,479174,16867,33237,12262
2,KTYX20210908_094325_V06,-51.034,0.053,34.681,366.826,44.454,-77.319,43.443,22226.795,136802.818,20210908_054325,479193,65429,70930,19909
2,KTYX20210908_094655_V06,-47.534,0.133,35.590,365.277,49.456,-77.313,43.450,24727.976,136174.281,20210908_054655,479185,64157,70839,19462
9,KTYX20210908_103947_V06,5.333,0.052,159.358,315.741,33.848,-76.552,43.682,16923.943,70760.315,20210908_063947,479192,65612,83931,18279
9,KTYX20210908_104317_V06,8.833,0.053,160.115,314.587,38.944,-76.547,43.687,19472.134,70321.642,20210908_064317,479196,66895,83991,19167
9,KTYX20210908_104646_V06,12.316,0.085,181.982,292.190,28.123,-76.413,43.789,14061.321,59138.035,20210908_064646,479196,68480,85403,18805
11,KTYX20210908_104646_V06,12.316,0.123,163.702,425.837,28.705,-76.518,43.186,14352.531,92752.406,20210908_064646,479196,68480,85403,18805
11,KTYX20210908_105016_V06,15.816,0.062,164.779,425.510,33.933,-76.512,43.188,16966.416,92245.945,20210908_065016,479185,70338,85788,19748
13,KTYX20210908_104646_V06,12.316,0.050,254.108,158.620,22.049,-75.968,44.392,11024.416,74321.081,20210908_064646,479196,68480,85403,18805
13,KTYX20210908_105016_V06,15.816,0.052,255.759,156.843,26.676,-75.958,44.400,13337.875,74918.474,20210908_065016,479185,70338,85788,19748
13,KTYX20210908_105346_V06,19.316,0.188,244.191,174.952,30.263,-76.030,44.318,15131.718,68468.284,20210908_065346,479186,71579,88075,18605
19,KTYX20210908_110741_V06,33.233,0.066,42.995,86.196,58.179,-77.302,44.707,29089.670,167155.232,20210908_070741,479190,80875,94212,20074
19,KTYX20210908_111105_V06,36.633,0.073,43.491,85.682,62.824,-77.298,44.709,31412.136,167129.458,20210908_071105,479189,83133,95575,20493
22,KTYX20210908_113142_V06,57.250,0.077,83.497,62.543,62.240,-77.049,44.816,31120.159,160669.992,20210908_073142,479188,96106,103164,21235
22,KTYX20210908_113506_V06,60.650,0.055,84.627,61.974,66.640,-77.041,44.819,33320.127,160500.945,20210908_073506,479183,99281,106581,20905
22,KTYX20210908_113836_V06,64.150,0.052,100.078,57.282,60.214,-76.944,44.841,30106.930,157226.461,20210908_073836,479187,102530,109044,21558
5,KTYX20210908_103617_V06,1.833,0.111,121.642,227.463,24.058,-76.793,44.077,12028.961,96272.098,20210908_063617,479198,64825,83187,18743
6,KTYX20210908_103617_V06,1.833,0.055,159.920,308.392,16.720,-76.549,43.715,8359.957,70165.390,20210908_063617,479198,64825,83187,18743
25,KTYX20210908_113506_V06,60.650,0.137,99.689,445.322,30.340,-76.910,43.095,15170.081,123736.627,20210908_073506,479183,99281,106581,20905
25,KTYX20210908_113836_V06,64.150,0.128,110.704,432.070,29.119,-76.844,43.156,14559.716,115407.318,20210908_073836,479187,102530,109044,21558
31,KTYX20210908_115601_V06,81.566,0.107,196.026,344.647,28.114,-76.323,43.553,14056.953,56577.116,20210908_075601,479194,113599,120718,20645
2,KTYX20210909_104416_V06,8.692,0.055,124.991,452.063,21.253,-76.754,43.066,10626.636,115921.461,20210909_064416,479170,16896,31626,9415
2,KTYX20210909_104846_V06,13.192,0.134,125.838,451.550,27.555,-76.749,43.069,13777.619,115433.735,20210909_064846,479179,16762,31292,8811
2,KTYX20210909_105315_V06,17.675,0.370,130.412,449.969,33.913,-76.721,43.076,16956.560,113193.248,20210909_065315,479174,16991,30935,8825
2,KTYX20210909_110215_V06,26.675,0.421,131.247,443.014,37.031,-76.717,43.107,18515.475,110601.107,20210909_070215,479182,17320,29553,8924
2,KTYX20210909_110645_V06,31.175,0.086,132.019,437.781,42.095,-76.712,43.131,21047.611,108628.971,20210909_070645,479182,17651,29248,9435
4,KTYX20210909_112439_V06,49.075,0.106,119.048,405.326,35.322,-76.795,43.276,17660.805,104686.438,20210909_072439,479176,19655,28945,10519
4,KTYX20210909_112909_V06,53.575,0.050,119.720,404.736,42.390,-76.791,43.279,21194.923,104247.982,20210909_072909,479178,19428,29314,10304
4,KTYX20210909_113334_V06,57.992,0.086,122.946,401.407,47.351,-76.771,43.294,23675.506,102019.182,20210909_073334,479183,18854,29247,9934
3,KTYX20210909_112015_V06,44.675,0.060,123.420,415.959,41.021,-76.767,43.229,20510.479,105625.585,20210909_072015,479177,18793,28382,9719
1,KTYX20210910_103640_V06,-0.033,0.461,120.164,475.287,10.745,-76.782,42.962,5372.566,125565.286,20210910_063640,479177,29834,27125,26276
1,KTYX20210910_104326_V06,6.734,0.478,122.942,479.859,20.319,-76.765,42.941,10159.629,126193.184,20210910_064326,479177,34066,27791,30320
1,KTYX20210910_105013_V06,13.517,0.572,131.219,492.494,28.700,-76.713,42.885,14350.219,128004.881,20210910_065013,479177,38660,28405,33963
1,KTYX20210910_110402_V06,27.334,0.485,135.646,503.490,35.553,-76.685,42.836,17776.699,130786.704,20210910_070402,479175,42568,32629,34702
1,KTYX20210910_111057_V06,34.250,0.100,137.001,505.968,43.918,-76.677,42.824,21958.869,131331.129,20210910_071057,479173,43631,35000,34409
2,KTYX20210910_105013_V06,13.517,0.080,331.875,135.444,4.881,-75.480,44.496,2440.414,83807.578,20210910_065013,479177,38660,28405,33963
2,KTYX20210910_110402_V06,27.334,0.271,335.412,137.659,15.038,-75.457,44.486,7519.218,83079.199,20210910_070402,479175,42568,32629,34702
3,KTYX20210910_110402_V06,27.334,0.082,356.594,122.158,7.892,-75.324,44.556,3946.156,93314.937,20210910_070402,479175,42568,32629,34702
3,KTYX20210910_111057_V06,34.250,0.230,348.049,130.191,16.394,-75.378,44.520,8197.132,88238.053,20210910_071057,479173,43631,35000,34409
1,KTYX20210911_102923_V06,-8.441,0.296,130.689,468.231,16.256,-76.718,42.994,8127.967,119339.672,20210911_062923,479179,11166,25391,8921
1,KTYX20210911_103623_V06,-1.441,0.114,131.048,466.371,24.898,-76.716,43.002,12449.111,118558.206,20210911_063623,479173,12061,25831,9675
1,KTYX20210911_104324_V06,5.576,-1.000,131.368,464.710,33.833,-76.714,43.010,16916.560,117862.386,20210911_064324,479177,12686,26781,10325
1,KTYX20210911_105025_V06,12.592,0.057,136.519,459.392,37.638,-76.683,43.034,18819.052,114161.820,20210911_065025,479173,13278,28332,10984
1,KTYX20210911_110428_V06,26.642,0.092,137.955,447.859,40.651,-76.675,43.086,20325.634,109682.337,20210911_070428,479172,12640,28978,10484
2,KTYX20210913_110321_V06,23.276,0.212,97.045,451.240,41.386,-76.926,43.068,20692.787,126554.604,20210913_070321,479176,59084,45807,46750
2,KTYX20210913_111022_V06,30.293,0.122,100.197,449.330,48.947,-76.907,43.077,24473.492,124720.684,20210913_071022,479178,62601,48024,48699
1,KTYX20210913_101415_V06,-25.824,0.064,35.677,519.501,39.869,-77.294,42.756,19934.490,171790.227,20210913_061415,479181,50406,55777,35661
25,KTYX20210915_113751_V06,55.525,0.053,323.241,154.474,29.581,-75.534,44.411,14790.298,73685.003,20210915_073751,479188,52968,79083,11647
25,KTYX20210915_114214_V06,59.908,-1.000,323.241,154.474,36.550,-75.534,44.411,18275.048,73685.003,20210915_074214,479190,51454,79005,11486
25,KTYX20210915_114637_V06,64.291,0.061,325.867,144.934,44.172,-75.518,44.453,22086.093,78604.421,20210915_074637,479193,51776,78728,11399
31,KTYX20210915_120748_V06,85.475,0.069,368.588,172.476,24.542,-75.250,44.329,12271.187,72399.569,20210915_080748,479193,47119,78176,10464
31,KTYX20210915_121158_V06,89.641,0.714,371.558,168.770,32.643,-75.231,44.345,16321.397,74736.185,20210915_081158,479199,46369,77699,10414
6,KTYX20210915_095415_V06,-48.075,0.089,477.070,222.926,29.164,-74.574,44.097,14582.024,96558.635,20210915_055415,479198,107555,113715,30710
16,KTYX20210915_110952_V06,27.541,0.399,33.566,285.732,53.848,-77.336,43.808,26923.811,133408.087,20210915_070952,479198,59817,88260,12011
2,KTYX20210916_111650_V06,33.381,0.051,348.897,110.583,34.648,-75.372,44.608,17324.028,97813.432,20210916_071650,479176,44198,58146,28591
1,KTYX20210918_101552_V06,-29.842,0.098,441.647,339.962,15.432,-74.803,43.573,7715.881,73588.080,20210918_061552,479173,71776,69787,37114
2,KTYX20210919_103822_V06,-8.472,0.053,356.072,102.498,6.712,-75.327,44.644,3355.919,102653.745,20210919_063822,479177,27937,39559,21223
2,KTYX20210919_104522_V06,-1.472,0.922,357.991,105.420,12.216,-75.315,44.631,6108.086,101518.989,20210919_064522,479177,27526,36841,20850
2,KTYX20210919_105223_V06,5.545,0.942,357.292,107.944,16.926,-75.319,44.619,8463.163,100209.831,20210919_065223,479173,31199,34370,23809
2,KTYX20210919_110625_V06,19.578,0.852,355.001,110.580,18.741,-75.334,44.608,9370.617,98621.761,20210919_070625,479175,25568,29461,19389
2,KTYX20210919_111326_V06,26.595,0.266,355.568,111.277,18.248,-75.330,44.605,9123.793,98366.843,20210919_071326,479179,23465,27358,17573
2,KTYX20210919_112028_V06,33.628,0.246,359.271,111.321,13.769,-75.307,44.604,6884.422,98884.777,20210919_072028,479175,22177,25392,16852
2,KTYX20210919_112729_V06,40.645,0.077,358.670,111.293,20.591,-75.310,44.604,10295.670,98808.571,20210919_072729,479177,20463,24416,15523
2,KTYX20210919_113419_V06,47.478,0.081,360.129,108.506,9.037,-75.301,44.617,4518.318,100356.431,20210919_073419,479176,19497,23733,14744
4,KTYX20210919_105223_V06,5.545,0.817,89.117,483.192,13.463,-76.972,42.924,6731.512,139669.972,20210919_065223,479173,31199,34370,23809
4,KTYX20210919_110625_V06,19.578,0.374,92.220,482.906,21.720,-76.953,42.926,10859.898,138407.947,20210919_070625,479175,25568,29461,19389
5,KTYX20210919_105223_V06,5.545,0.079,246.974,255.858,6.477,-76.010,43.954,3238.453,34497.277,20210919_065223,479173,31199,34370,23809
7,KTYX20210922_111118_V06,21.060,0.058,246.619,115.749,34.144,-76.016,44.584,17071.877,95914.164,20210922_071118,479178,180347,225366,12908
1,KTYX20210924_111304_V06,20.547,0.149,17.265,247.572,18.475,-77.442,43.978,9237.391,143777.253,20210924_071304,479183,6528,18801,4085
1,KTYX20210924_111835_V06,26.064,0.182,17.519,246.494,25.465,-77.441,43.983,12732.303,143751.717,20210924_071835,479186,5998,18505,3799
1,KTYX20210925_100737_V06,-46.047,0.110,258.328,45.079,13.947,-75.944,44.903,6973.623,129152.356,20210925_060737,479172,63989,47376,49979
1,KTYX20210928_100132_V06,-55.582,0.059,295.625,297.824,30.056,-75.707,43.766,15028.225,2443.125,20210928_060132,479181,119326,38514,103970
1,KTYX20210929_111158_V06,13.693,0.160,374.198,175.315,12.351,-75.215,44.316,6175.453,72546.136,20210929_071158,479177,20092,25590,14403
1,KTYX20210929_111900_V06,20.726,-1.000,374.198,175.315,23.534,-75.215,44.316,11766.953,72546.136,20210929_071900,479177,20479,25170,14674
1,KTYX20210929_112602_V06,27.760,0.193,391.766,171.027,41.200,-75.105,44.335,20599.909,79144.166,20210929_072602,479177,20822,24448,14969
1,KTYX20210929_113303_V06,34.776,0.130,396.863,175.917,47.287,-75.073,44.313,23643.319,78706.617,20210929_073303,479176,19113,22953,13846
2,KTYX20210929_111900_V06,20.726,0.190,391.627,164.423,34.961,-75.105,44.364,17480.556,81818.042,20210929_071900,479177,20479,25170,14674
19,KTYX20211002_120729_V06,65.711,0.071,19.872,139.982,21.718,-77.440,44.462,10858.965,161305.228,20211002_080729,479183,98685,105146,20819
19,KTYX20211002_121159_V06,70.211,0.323,21.596,141.536,28.430,-77.429,44.456,14214.858,160171.637,20211002_081159,479171,98716,105021,21046
19,KTYX20211002_121636_V06,74.827,0.265,29.690,145.563,33.719,-77.378,44.438,16859.672,155658.547,20211002_081636,479175,98384,104507,20498
19,KTYX20211002_122113_V06,79.444,0.175,41.276,153.575,33.232,-77.304,44.403,16616.200,148642.549,20211002_082113,479180,98022,104029,20765
19,KTYX20211002_122550_V06,84.061,0.099,44.599,157.981,43.700,-77.283,44.384,21850.219,146115.686,20211002_082550,479176,97585,104546,20216
19,KTYX20211002_123020_V06,88.561,0.067,48.076,164.976,50.888,-77.260,44.353,25443.783,142913.613,20211002_083020,479177,98182,105727,20187
2,KTYX20211002_102836_V06,-33.173,0.115,26.068,129.192,29.454,-77.403,44.512,14726.928,161411.166,20211002_062836,479179,70963,84691,20403
7,KTYX20211002_111807_V06,16.344,0.057,20.355,169.351,23.103,-77.433,44.330,11551.544,154329.431,20211002_071807,479181,84082,87477,22376
6,KTYX20211003_113135_V06,28.636,0.054,144.173,93.386,17.095,-76.663,44.681,8547.275,129394.337,20211003_073135,479178,269891,276491,29455
2,KTYX20211004_101602_V06,-48.094,0.523,355.640,274.982,14.532,-75.334,43.868,7266.106,30502.930,20211004_061602,479180,56150,75130,18920
5,KTYX20211004_102607_V06,-38.010,0.053,21.386,89.503,28.851,-77.437,44.690,14425.350,174595.646,20211004_062607,479176,54171,69415,19087
20,KTYX20211004_115458_V06,50.840,0.055,78.944,307.643,17.029,-77.052,43.713,8514.571,110594.076,20211004_075458,479179,46242,71911,10686
13,KTYX20211015_115007_V06,32.711,0.069,316.699,325.249,23.170,-75.577,43.642,11585.100,15135.832,20211015_075007,479175,64655,88995,9635
7,KTYX20211016_112510_V06,6.526,0.173,25.947,532.389,33.670,-77.352,42.698,16835.117,179659.175,20211016_072510,479175,184187,202900,12560
4,KTYX20211017_114026_V06,20.552,0.255,164.373,227.364,18.399,-76.527,44.080,9199.627,76926.401,20211017_074026,479177,48375,69003,19803
4,KTYX20211017_114634_V06,26.686,0.160,164.544,228.652,27.774,-76.525,44.074,13886.950,76548.731,20211017_074634,479175,48652,69799,19217
15,KTYX20211017_124318_V06,83.419,0.071,19.196,193.180,20.902,-77.437,44.223,10450.901,150217.758,20211017_084318,479177,63655,84707,20284
15,KTYX20211017_124926_V06,89.552,0.062,19.715,190.884,30.199,-77.434,44.233,15099.317,150387.738,20211017_084926,479174,67168,86777,19969
1,KTYX20211019_103155_V06,-50.459,0.059,177.150,212.787,7.283,-76.448,44.146,3641.666,75329.975,20211019_063155,479172,30667,43099,21910
3,KTYX20211022_114231_V06,16.360,0.082,426.102,286.513,62.081,-74.896,43.814,31040.573,63410.610,20211022_074231,479176,46596,89807,12332
1,KTYX20211028_120344_V06,29.884,0.611,266.901,425.809,8.158,-75.884,43.189,4078.993,65045.269,20211028_080344,479177,16471,29771,11864
1,KTYX20211028_121035_V06,36.734,0.626,265.887,427.675,16.520,-75.890,43.181,8260.059,66076.942,20211028_081035,479170,17447,30023,12556
1,KTYX20211029_112528_V06,-9.680,0.073,386.779,313.361,17.904,-75.142,43.694,8952.065,43900.955,20211029_072528,479179,13701,37718,11068
7,KTYX20211030_121617_V06,39.835,0.057,304.857,554.072,26.601,-75.650,42.612,13300.348,127058.973,20211030_081617,479173,205281,235574,16614
1,KTYX20211103_110105_V06,-40.604,0.068,25.744,386.677,26.758,-77.372,43.353,13379.244,143813.376,20211103_070105,479176,105131,123719,11501
4,KTYX20211103_115319_V06,11.629,0.224,122.154,340.772,35.695,-76.781,43.567,17847.336,91229.910,20211103_075319,479176,104129,129809,11110
9,KTYX20211104_120022_V06,17.364,0.141,188.803,281.153,13.365,-76.371,43.839,6682.407,56391.607,20211104_080022,479176,34993,61317,12225
4,KTYX20211106_122343_V06,38.079,0.059,264.305,428.220,23.160,-75.900,43.179,11579.979,66548.032,20211106_082343,479176,19075,20274,14553
4,KTYX20211106_123035_V06,44.945,0.059,263.592,430.599,30.639,-75.904,43.168,15319.686,67789.564,20211106_083035,479173,18700,20416,14123
4,KTYX20211106_123722_V06,51.729,0.084,262.784,445.604,27.355,-75.909,43.100,13677.544,75142.252,20211106_083722,479170,17968,20526,13748
1,KTYX20211106_120325_V06,17.779,0.234,258.031,420.312,8.039,-75.938,43.214,4019.726,63710.803,20211106_080325,479175,20796,20937,15702
1,KTYX20211108_122510_V06,36.893,0.329,274.785,223.544,13.637,-75.837,44.100,6818.363,40253.201,20211108_072510,479179,17115,21212,14030
1,KTYX20211109_114019_V06,-9.273,0.124,180.515,212.692,9.920,-76.427,44.146,4960.222,73992.113,20211109_064019,479175,17512,21141,13927
2,KTYX20211109_120059_V06,11.393,0.052,242.397,248.103,4.992,-76.039,43.989,2496.058,38766.399,20211109_070059,479174,17676,17283,14517
3,KTYX20211109_121444_V06,25.143,0.056,61.127,290.917,13.615,-77.164,43.787,6807.745,119522.582,20211109_071444,479169,18473,18810,15005
5,KTYX20211110_122252_V06,31.962,0.057,261.735,280.953,23.395,-75.918,43.841,11697.502,21371.707,20211110_072252,479174,46401,40531,35028
6,KTYX20211110_125248_V06,61.895,0.159,178.732,215.444,9.147,-76.438,44.134,4573.326,73918.077,20211110_075248,479171,49897,30156,43117
16,KTYX20211114_130943_V06,73.583,0.129,29.365,155.086,41.046,-77.379,44.395,20523.119,153495.412,20211114_080943,479178,52717,75026,10186
16,KTYX20211114_131407_V06,77.983,0.152,29.333,157.147,47.549,-77.378,44.386,23774.355,153025.614,20211114_081407,479173,54371,77009,10259
16,KTYX20211114_131828_V06,82.333,0.189,32.937,158.112,48.905,-77.356,44.382,24452.301,151207.452,20211114_081828,479173,55219,78673,10499
16,KTYX20211114_132248_V06,86.666,0.154,38.478,165.366,50.159,-77.320,44.350,25079.661,147071.532,20211114_082248,479180,55246,78932,9969
1,KTYX20211114_110712_V06,-48.934,0.246,270.093,182.697,2.824,-75.867,44.284,1412.045,60527.744,20211114_060712,479171,57200,85070,7489
6,KTYX20211114_114807_V06,-8.017,0.125,23.510,149.536,33.704,-77.416,44.420,16852.192,157389.773,20211114_064807,479177,56291,73490,14451
6,KTYX20211114_115232_V06,-3.600,0.078,27.607,173.886,35.490,-77.387,44.311,17744.915,150085.685,20211114_065232,479175,54510,71572,13873
1,KTYX20211115_110722_V06,-50.063,0.161,24.194,280.397,31.541,-77.395,43.831,15770.286,138250.737,20211115_060722,479174,78206,123415,10691
1,KTYX20211115_111158_V06,-45.463,0.209,24.781,280.807,37.753,-77.391,43.829,18876.268,137943.882,20211115_061158,479173,78052,122720,10618
1,KTYX20211115_111634_V06,-40.863,0.185,28.808,282.760,37.245,-77.366,43.821,18622.686,135869.589,20211115_061634,479173,76217,121080,10383
5,KTYX20211115_113458_V06,-22.463,0.299,270.631,172.852,6.876,-75.864,44.328,3437.763,65247.844,20211115_063458,479178,74502,126847,10448
8,KTYX20211116_123607_V06,37.396,0.094,62.688,443.500,44.092,-77.138,43.101,22046.074,138662.349,20211116_073607,479173,56693,74806,11781
8,KTYX20211116_124043_V06,41.996,0.077,65.252,443.609,49.161,-77.122,43.100,24580.624,137595.302,20211116_074043,479173,58323,76653,11701
20,KTYX20211116_132204_V06,83.346,0.135,277.186,309.528,16.883,-75.822,43.713,8441.734,12361.947,20211116_082204,479175,73965,108084,12100
1,KTYX20211117_110119_V06,-58.689,0.071,298.030,304.547,13.867,-75.692,43.735,6933.582,2477.426,20211117_060119,479178,47278,52915,16098
2,KTYX20211118_111028_V06,-50.816,0.063,360.399,155.339,21.704,-75.301,44.406,10852.032,78381.779,20211118_061028,479175,32492,46188,8405
3,KTYX20211119_114524_V06,-17.152,0.058,487.781,216.332,59.339,-74.507,44.126,29669.743,102788.881,20211119_064524,479180,71920,105588,10878
4,KTYX20211119_120404_V06,1.514,0.072,360.592,246.772,76.654,-75.302,43.995,38327.164,40325.604,20211119_070404,479176,82718,106363,16882
1,KTYX20211121_113050_V06,-34.232,0.059,283.716,312.749,16.504,-75.781,43.698,8251.812,10340.304,20211121_063050,479176,17186,37076,10624
2,KTYX20211121_130104_V06,56.001,0.062,299.150,305.184,16.318,-75.685,43.733,8158.905,2626.670,20211121_080104,479177,13428,16790,10500
2,KTYX20211121_130755_V06,62.851,-1.000,299.150,305.184,27.209,-75.685,43.733,13604.655,2626.670,20211121_080755,479171,14725,17160,11694
2,KTYX20211121_131456_V06,69.868,0.122,298.152,305.907,15.557,-75.691,43.729,7778.374,3094.586,20211121_081456,479181,13587,16900,10592
1,KTYX20211128_120553_V06,-7.610,0.069,37.201,189.195,61.515,-77.325,44.243,30757.549,142601.641,20211128_070553,479184,179964,202175,18653
1,KTYX20211128_121019_V06,-3.177,0.100,38.592,188.140,67.372,-77.317,44.248,33685.796,142167.766,20211128_071019,479181,183417,205314,18857
1,KTYX20211128_121455_V06,1.423,-1.000,39.698,187.302,73.738,-77.310,44.251,36868.820,141825.751,20211128_071455,479181,189058,209591,19265
1,KTYX20211128_121945_V06,6.256,0.056,43.019,180.267,60.852,-77.290,44.283,30426.107,141752.530,20211128_071945,479171,194869,213429,19711
1,KTYX20211128_122452_V06,11.373,0.061,43.638,178.624,67.138,-77.286,44.291,33569.147,141821.836,20211128_072452,479174,200452,219530,19932
2,KTYX20211128_121455_V06,1.423,0.075,25.517,438.166,44.747,-77.367,43.122,22373.358,153647.908,20211128_071455,479181,189058,209591,19265
2,KTYX20211128_121945_V06,6.256,0.085,26.377,437.107,51.886,-77.361,43.126,25942.961,153025.956,20211128_071945,479171,194869,213429,19711
3,KTYX20211129_113051_V06,-43.789,0.053,147.739,465.224,85.095,-76.614,43.008,42547.600,112341.415,20211129_063051,479176,7045,27968,4194
2,KTYX20211130_130510_V06,49.400,0.171,30.939,420.362,48.711,-77.335,43.202,24355.600,147377.859,20211130_080510,479172,167523,215757,20183
2,KTYX20211130_131210_V06,56.400,0.164,31.904,420.690,56.407,-77.329,43.201,28203.313,147004.597,20211130_081210,479173,174852,218600,20169
3,KTYX20211130_130510_V06,49.400,0.136,197.211,238.762,6.331,-76.321,44.030,3165.688,59823.965,20211130_080510,479172,167523,215757,20183
1,KTYX20211201_112019_V06,-56.559,0.096,179.554,213.562,8.827,-76.433,44.142,4413.616,74126.066,20211201_062019,479171,45461,108204,13874
5,KTYX20211201_124624_V06,29.525,0.124,290.344,345.664,17.392,-75.740,43.550,8695.877,23336.777,20211201_074624,479172,25365,49550,10958
7,KTYX20211201_132823_V06,71.508,0.130,279.081,314.235,21.765,-75.810,43.692,10882.271,12651.538,20211201_082823,479172,20505,43292,11631
12,KTYX20211206_115053_V06,-31.215,0.090,29.303,414.255,50.770,-77.346,43.229,25385.078,146910.656,20211206_065053,479169,98154,113698,13000
12,KTYX20211206_115528_V06,-26.632,0.077,30.139,414.362,57.760,-77.341,43.229,28880.045,146546.779,20211206_065528,479173,103873,117814,12663
14,KTYX20211206_122653_V06,4.785,0.087,25.393,322.236,30.659,-77.382,43.643,15329.715,137752.917,20211206_072653,479186,160862,180122,16001
14,KTYX20211206_123237_V06,10.518,0.069,27.170,317.270,37.129,-77.371,43.666,18564.427,136687.876,20211206_073237,479172,177942,196213,17621
8,KTYX20211206_112758_V06,-54.132,0.053,24.091,122.455,20.204,-77.416,44.542,10101.759,164048.745,20211206_062758,479171,79195,95440,13282
11,KTYX20211206_115053_V06,-31.215,0.122,351.939,116.911,30.488,-75.353,44.579,15243.778,95156.956,20211206_065053,479169,98154,113698,13000
13,KTYX20211206_121551_V06,-6.249,0.067,26.060,70.670,43.847,-77.410,44.775,21923.491,178630.664,20211206_071551,479184,133649,151686,13875
15,KTYX20211206_122653_V06,4.785,0.066,102.752,290.164,35.216,-76.905,43.794,17608.130,98746.552,20211206_072653,479186,160862,180122,16001
7,KTYX20211207_114701_V06,-36.055,0.065,345.195,296.527,16.856,-75.399,43.771,8428.078,22664.113,20211207_064701,479175,78173,119808,9761
1,KTYX20211210_112921_V06,-56.475,0.199,298.259,301.121,15.696,-75.691,43.751,7848.042,1035.202,20211210_062921,479174,18433,25949,10798
1,KTYX20211210_113602_V06,-49.792,0.245,297.841,301.540,21.948,-75.693,43.749,10974.022,1325.839,20211210_063602,479177,14818,23552,9739
2,KTYX20211210_123043_V06,4.891,0.095,298.649,301.143,16.006,-75.688,43.751,8002.945,884.862,20211210_073043,479174,12232,24996,10128
8,KTYX20211211_124455_V06,18.231,0.081,35.098,438.939,50.956,-77.308,43.119,25477.917,149563.647,20211211_074455,479180,373237,343254,37450
8,KTYX20211211_125047_V06,24.098,0.061,34.443,441.227,59.437,-77.311,43.109,29718.485,150387.413,20211211_075047,479179,362903,331853,40404
13,KTYX20211211_134541_V06,78.998,0.135,20.552,350.607,24.439,-77.408,43.515,12219.521,141996.901,20211211_084541,479180,313258,302828,23372
13,KTYX20211211_135134_V06,84.881,0.252,23.404,347.845,33.919,-77.391,43.528,16959.618,140351.609,20211211_085134,479181,300371,293293,21960
7,KTYX20211211_123903_V06,12.365,0.175,24.525,421.353,30.797,-77.375,43.197,15398.673,150509.938,20211211_073903,479181,382794,351987,37413
12,KTYX20211211_133948_V06,73.115,0.060,22.350,396.336,23.453,-77.391,43.309,11726.450,146943.768,20211211_083948,479176,324398,312555,23550
1,KTYX20211214_130432_V06,35.455,0.068,363.486,114.357,2.133,-75.280,44.590,1066.391,98099.185,20211214_080432,479172,9922,14411,8418
3,KTYX20211218_133130_V06,59.696,0.238,15.939,355.396,24.018,-77.436,43.493,12008.823,144706.081,20211218_083130,479180,208709,231808,24487
4,KTYX20211218_134754_V06,76.096,0.095,33.064,420.698,40.361,-77.322,43.201,20180.382,146477.904,20211218_084754,479175,226238,259582,21398
1,KTYX20211219_134518_V06,72.903,0.077,314.999,108.643,36.014,-75.586,44.617,18006.889,95971.802,20211219_084518,479178,7904,37559,6364
1,KTYX20211220_122536_V06,-7.354,0.149,29.247,314.956,32.835,-77.359,43.676,16417.301,135583.094,20211220_072536,479174,12911,16283,9292
1,KTYX20211220_123237_V06,-0.338,-1.000,29.247,314.956,43.991,-77.359,43.676,21995.551,135583.094,20211220_073237,479174,12972,15736,9481
1,KTYX20211220_123932_V06,6.579,0.593,40.861,305.387,55.622,-77.288,43.720,27811.174,129597.718,20211220_073932,479176,11987,15436,8846
2,KTYX20211220_123237_V06,-0.338,0.375,37.112,288.698,57.116,-77.313,43.795,28557.823,131565.365,20211220_073237,479174,12972,15736,9481
3,KTYX20211220_134224_V06,69.446,0.103,24.821,426.376,32.667,-77.372,43.174,16333.511,151405.224,20211220_084224,479174,12035,20199,8188
4,KTYX20211220_134905_V06,76.129,0.085,29.295,249.043,15.026,-77.367,43.973,7512.879,137729.630,20211220_084905,479176,11583,21345,7870
1,KTYX20211222_114317_V06,-50.673,0.209,45.983,397.277,55.354,-77.246,43.307,27676.857,136003.007,20211222_064317,479180,70930,135501,9128
1,KTYX20211222_114746_V06,-46.189,0.097,46.440,398.258,61.381,-77.243,43.303,30690.745,135966.068,20211222_064746,479172,76360,138198,9309
2,KTYX20211222_114317_V06,-50.673,0.085,80.726,252.349,75.831,-77.046,43.962,37915.596,112195.811,20211222_064317,479180,70930,135501,9128
2,KTYX20211222_114746_V06,-46.189,0.052,82.077,252.654,81.595,-77.038,43.961,40797.535,111503.323,20211222_064746,479172,76360,138198,9309
2,KTYX20211222_115222_V06,-41.589,-1.000,83.145,252.896,87.831,-77.031,43.960,43915.402,110956.148,20211222_065222,479167,81687,142391,9139
2,KTYX20211222_120128_V06,-32.489,0.064,109.100,239.749,72.322,-76.871,44.021,36160.797,100091.026,20211222_070128,479172,91341,147724,9801
15,KTYX20211222_133016_V06,56.311,0.066,21.005,419.758,26.270,-77.397,43.204,13134.778,151805.859,20211222_083016,479173,263448,276804,14846
15,KTYX20211222_133603_V06,62.094,0.178,28.051,390.815,49.022,-77.357,43.335,24511.133,143355.640,20211222_083603,479182,271749,283674,14347
1,KTYX20211223_113550_V06,-58.567,0.056,171.056,211.656,2.604,-76.486,44.151,1302.034,78152.474,20211223_063550,479174,10987,13942,8687
2,KTYX20211223_120347_V06,-30.617,0.724,280.309,296.214,19.017,-75.802,43.773,9508.411,10025.813,20211223_070347,479173,12169,17592,9399
3,KTYX20211223_130656_V06,32.533,0.351,282.580,298.443,14.376,-75.788,43.763,7187.782,8744.911,20211223_080656,479177,11828,14148,9532
6,KTYX20211226_124752_V06,12.368,0.698,27.462,463.375,43.676,-77.351,43.008,21838.020,158877.724,20211226_074752,479174,10270,19472,6620
6,KTYX20211226_130123_V06,25.885,0.791,42.026,472.085,57.285,-77.261,42.970,28642.293,155051.387,20211226_080123,479167,9699,18174,6708
6,KTYX20211226_130808_V06,32.635,0.745,50.973,493.590,57.152,-77.204,42.874,28575.846,157711.136,20211226_080808,479172,8305,18533,5765
6,KTYX20211226_131454_V06,39.402,0.192,58.566,500.664,60.318,-77.157,42.843,30159.175,156968.571,20211226_081454,479172,7679,18616,5352
2,KTYX20211226_114025_V06,-55.082,0.127,285.576,290.461,12.217,-75.770,43.799,6108.421,8646.691,20211226_064025,479166,11581,23240,7204
5,KTYX20211226_124106_V06,5.602,0.152,30.983,537.537,42.372,-77.321,42.675,21186.008,179439.371,20211226_074106,479165,10566,19975,6596
2,KTYX20211228_114643_V06,-49.315,0.377,433.726,171.081,27.733,-74.842,44.333,13866.367,92874.684,20211228_064643,479161,20621,48748,10626
3,KTYX20211230_114656_V06,-49.470,0.087,28.539,384.109,47.449,-77.355,43.365,23724.497,142096.278,20211230_064656,479174,104497,137203,17464
3,KTYX20211230_115201_V06,-44.386,0.060,29.462,383.918,54.375,-77.349,43.366,27187.425,141627.290,20211230_065201,479169,104159,135607,17792
2,KTYX20211230_113644_V06,-59.670,0.101,429.353,519.595,20.291,-74.890,42.765,10145.341,127430.343,20211230_063644,479176,103472,138185,17512
7,KTYX20211230_133751_V06,61.447,0.072,15.502,354.838,25.040,-77.439,43.495,12520.171,144867.346,20211230_083751,479171,94043,113465,18189
8,KTYX20211230_134451_V06,68.447,0.067,22.174,222.539,27.379,-77.415,44.091,13689.451,144211.103,20211230_084451,479171,89904,108078,18220
1,KTYX20211231_121352_V06,-22.660,0.243,49.501,502.157,51.832,-77.212,42.836,25916.216,160948.220,20211231_071352,479168,19980,22209,9168
4,KTYX20211231_130709_V06,30.623,0.081,250.240,415.778,24.585,-75.986,43.234,12292.471,63009.084,20211231_080709,479167,22149,27100,7859
