track_id,filename,from_sunrise,det_score,x,y,r,lon,lat,radius,geo_dist,local_time,n_radar_pixels,n_refAbove40_pixels,n_xcorrAbove0.95_pixels,n_xcorrBelow0.95_refAbove40_pixels
4,KAPX20150605_090714_V06,-46.795,0.076,311.433,159.653,16.230,-84.647,45.539,8114.819,70406.174,20150605_050714,479191,14211,52895,6453
9,KAPX20150608_095348_V06,0.809,0.267,28.226,402.656,38.407,-86.426,44.433,19203.716,145257.672,20150608_055348,479192,6379,33560,1642
9,KAPX20150608_095843_V06,5.726,0.230,28.551,402.549,45.955,-86.424,44.433,22977.261,145086.855,20150608_055843,479188,5074,32034,1504
9,KAPX20150608_100337_V06,10.626,0.237,33.316,398.252,48.850,-86.395,44.453,24425.046,142103.595,20150608_060337,479188,4653,29569,1471
2,KAPX20150610_085512_V06,-57.294,0.088,113.777,447.690,33.747,-85.885,44.237,16873.367,118839.414,20150610_045512,479200,89972,109458,10564
2,KAPX20150610_090005_V06,-52.410,0.233,114.842,446.638,41.129,-85.879,44.241,20564.447,118095.640,20150610_050005,479200,93053,112771,10311
2,KAPX20150610_090443_V06,-47.777,0.075,124.438,450.617,36.043,-85.818,44.224,18021.561,115658.276,20150610_050443,479195,96012,115769,10089
1,KAPX20150613_095105_V06,-0.957,0.050,394.709,387.927,2.063,-84.124,44.510,1031.645,64616.057,20150613_055105,479188,3579,18563,2382
1,KAPX20150615_091720_V06,-34.598,0.164,287.245,90.368,23.032,-84.802,45.850,11516.060,105010.040,20150615_051720,479194,3960,22876,2471
2,KAPX20150615_092701_V06,-24.915,0.092,328.865,72.542,28.336,-84.534,45.930,14167.953,114640.940,20150615_052701,479190,3646,19291,2705
4,KAPX20150617_091416_V06,-37.710,0.188,26.584,100.671,31.238,-86.478,45.791,15618.835,169180.488,20150617_051416,479185,33837,56294,11704
4,KAPX20150617_092357_V06,-28.026,0.146,31.103,100.388,43.620,-86.449,45.792,21809.952,167444.581,20150617_052357,479174,28654,47930,7958
11,KAPX20150617_102201_V06,30.040,0.085,25.349,133.189,35.703,-86.481,45.644,17851.435,160669.831,20150617_062201,479186,27482,56265,5955
11,KAPX20150617_103143_V06,39.740,0.092,33.796,130.895,49.260,-86.427,45.655,24629.986,157687.279,20150617_063143,479186,31223,60267,6240
2,KAPX20150617_090435_V06,-47.393,0.100,174.687,256.075,24.389,-85.516,45.102,12194.614,66394.008,20150617_050435,479188,39995,56457,17699
10,KAPX20150617_101220_V06,20.357,0.064,332.349,417.242,30.530,-84.517,44.380,15265.118,60811.276,20150617_061220,479187,25861,52596,6036
1,KAPX20150622_110716_V06,74.525,0.052,495.181,305.852,11.420,-83.485,44.874,5710.117,97634.154,20150622_070716,479193,3311,32195,2387
2,KAPX20150624_100230_V06,9.199,0.067,28.980,133.913,34.654,-86.458,45.641,17326.786,158931.433,20150624_060230,479186,3744,24101,2505
1,KAPX20150626_094002_V06,-13.966,0.422,330.030,144.670,8.402,-84.527,45.606,4200.974,79102.987,20150626_054002,479188,6391,25901,4916
1,KAPX20150626_094943_V06,-4.283,0.789,330.067,142.017,11.803,-84.527,45.618,5901.609,80409.364,20150626_054943,479179,9402,29212,7448
5,KAPX20150626_095925_V06,5.417,0.099,208.191,467.168,8.141,-85.294,44.154,4070.502,95360.076,20150626_055925,479175,10325,28834,8178
1,KAPX20150704_095055_V06,-7.183,0.583,292.045,418.087,8.563,-84.770,44.376,4281.567,59177.203,20150704_055055,479187,3222,21810,2410
3,KAPX20150704_095055_V06,-7.183,0.060,319.479,432.079,19.021,-84.598,44.313,9510.431,66754.030,20150704_055055,479187,3222,21810,2410
5,KAPX20150705_093908_V06,-19.616,0.873,293.741,72.096,18.781,-84.760,45.933,9390.633,113994.871,20150705_053908,479189,12633,30271,10053
5,KAPX20150705_094849_V06,-9.933,0.188,291.113,70.762,28.089,-84.777,45.939,14044.490,114705.264,20150705_054849,479185,12388,34287,9677
1,KAPX20150705_091946_V06,-38.983,0.200,196.514,103.130,7.926,-85.385,45.791,3963.240,111206.004,20150705_051946,479180,13116,27448,9229
2,KAPX20150705_091946_V06,-38.983,0.112,185.552,41.956,2.703,-85.459,46.066,1351.341,141142.981,20150705_051946,479180,13116,27448,9229
4,KAPX20150705_092927_V06,-29.300,0.054,335.922,154.422,1.738,-84.490,45.562,868.828,74972.144,20150705_052927,479184,13360,29012,9854
7,KAPX20150705_093908_V06,-19.616,0.054,167.648,60.249,6.548,-85.574,45.983,3274.218,136928.436,20150705_053908,479189,12633,30271,10053
8,KAPX20150705_100810_V06,9.417,0.065,446.082,587.482,5.035,-83.815,43.610,2517.677,161234.204,20150705_060810,479188,21860,37357,17938
9,KAPX20150705_102732_V06,28.784,0.162,419.920,515.739,45.963,-83.973,43.934,22981.258,123413.832,20150705_062732,479187,30413,34352,25814
9,KAPX20150705_103712_V06,38.450,0.065,441.761,524.630,34.515,-83.838,43.893,17257.650,132810.928,20150705_063712,479187,28884,32993,24752
10,KAPX20150705_102732_V06,28.784,0.095,203.744,405.652,5.719,-85.324,44.430,2859.669,71462.611,20150705_062732,479187,30413,34352,25814
12,KAPX20150705_111128_V06,72.717,0.090,187.969,94.012,18.482,-85.441,45.832,9241.091,117241.318,20150705_071128,479184,13870,29456,9960
1,KAPX20150706_094643_V06,-12.711,0.064,296.610,402.226,7.701,-84.741,44.447,3850.510,51141.206,20150706_054643,479178,4292,16991,3636
2,KAPX20150707_090250_V06,-57.299,0.100,316.030,76.771,16.944,-84.616,45.911,8471.771,111901.864,20150707_050250,479204,279834,280841,19880
2,KAPX20150709_112022_V06,78.744,0.187,279.751,286.597,10.224,-84.848,44.967,5112.247,12141.379,20150709_072022,479174,5721,16166,2614
1,KAPX20150712_093507_V06,-28.929,0.108,379.070,148.198,1.682,-84.213,45.589,841.152,85580.085,20150712_053507,479178,17979,39942,7599
1,KAPX20150712_094001_V06,-24.029,0.270,378.695,148.368,7.325,-84.216,45.588,3662.732,85418.602,20150712_054001,479181,20682,42712,9385
2,KAPX20150712_093507_V06,-28.929,0.079,435.811,284.851,7.101,-83.859,44.972,3550.732,68326.473,20150712_053507,479178,17979,39942,7599
2,KAPX20150712_094001_V06,-24.029,0.257,435.970,285.039,13.039,-83.858,44.971,6519.366,68395.400,20150712_054001,479181,20682,42712,9385
3,KAPX20150712_094001_V06,-24.029,0.077,316.053,425.684,2.995,-84.619,44.342,1497.549,63352.305,20150712_054001,479181,20682,42712,9385
3,KAPX20150712_094456_V06,-19.112,0.093,315.676,425.922,8.939,-84.621,44.341,4469.675,63446.942,20150712_054456,479174,20359,45938,8537
3,KAPX20150712_094950_V06,-14.212,0.060,314.009,427.104,3.211,-84.632,44.335,1605.452,63936.765,20150712_054950,479176,20035,48206,7646
5,KAPX20150712_094456_V06,-19.112,0.127,275.841,419.158,8.557,-84.871,44.371,4278.290,60791.151,20150712_054456,479174,20359,45938,8537
5,KAPX20150712_094950_V06,-14.212,0.139,274.704,419.411,14.765,-84.878,44.370,7382.429,61030.316,20150712_054950,479176,20035,48206,7646
5,KAPX20150712_095444_V06,-9.312,0.064,273.074,420.967,11.078,-84.889,44.363,5539.167,61963.531,20150712_055444,479177,21035,49811,7750
5,KAPX20150713_102234_V06,17.667,0.052,323.881,405.354,36.766,-84.570,44.433,18382.854,54013.219,20150713_062234,479177,5601,30353,3998
5,KAPX20150713_102728_V06,22.567,0.117,323.225,403.517,43.309,-84.574,44.441,21654.539,53045.325,20150713_062728,479180,5110,29621,3593
1,KAPX20150713_091442_V06,-50.200,0.088,284.334,408.144,4.877,-84.818,44.421,2438.694,54636.374,20150713_051442,479176,13966,16754,10516
3,KAPX20150713_093402_V06,-30.866,0.052,437.750,277.188,7.828,-83.846,45.007,3914.139,69812.929,20150713_053402,479181,6187,15610,4792
4,KAPX20150713_095324_V06,-11.500,0.157,282.592,407.260,13.657,-84.829,44.425,6828.556,54331.666,20150713_055324,479175,7163,20802,5973
18,KAPX20150714_102327_V06,17.675,0.072,103.887,89.780,30.544,-85.982,45.846,15271.776,143747.015,20150714_062327,479176,161377,184389,12333
18,KAPX20150714_102808_V06,22.358,0.445,106.386,90.788,35.511,-85.966,45.842,17755.579,142527.394,20150714_062808,479179,162186,186047,12321
18,KAPX20150714_103250_V06,27.058,0.571,111.919,97.336,31.512,-85.930,45.813,15755.939,138245.176,20150714_063250,479179,161582,186065,12369
18,KAPX20150714_103748_V06,32.025,0.289,112.430,98.067,37.117,-85.926,45.809,18558.324,137803.789,20150714_063748,479179,159487,184156,12563
18,KAPX20150714_104245_V06,36.975,0.414,114.125,106.751,30.308,-85.915,45.770,15153.900,134065.898,20150714_064245,479173,152603,175674,12838
21,KAPX20150714_102808_V06,22.358,0.064,322.196,166.947,19.167,-84.578,45.506,9583.649,67445.822,20150714_062808,479179,162186,186047,12321
1,KAPX20150715_100704_V06,0.395,0.285,268.716,440.328,4.792,-84.916,44.276,2396.200,71886.228,20150715_060704,479177,2730,19246,2147
1,KAPX20150716_102530_V06,17.912,0.361,328.600,436.585,7.409,-84.541,44.293,3704.453,69773.527,20150716_062530,479178,20228,24402,16463
3,KAPX20150716_112422_V06,76.779,0.062,437.269,355.853,25.759,-83.854,44.653,12879.740,74098.202,20150716_072422,479173,14131,21856,11516
1,KAPX20150718_100718_V06,-2.175,0.143,292.548,422.208,16.267,-84.766,44.357,8133.425,61217.341,20150718_060718,479176,4055,18286,3151
1,KAPX20150719_094917_V06,-21.162,0.086,297.955,381.883,31.732,-84.733,44.539,15865.770,40954.325,20150719_054917,479180,3840,24348,3139
1,KAPX20150719_095857_V06,-11.496,0.090,310.232,380.185,41.154,-84.655,44.546,20577.196,40417.643,20150719_055857,479176,3075,24565,2623
1,KAPX20150719_100837_V06,-1.829,-1.000,321.768,378.590,50.936,-84.583,44.554,25468.033,40774.272,20150719_060837,479168,3703,25117,3001
1,KAPX20150719_101816_V06,7.821,0.087,316.847,346.864,14.429,-84.613,44.696,7214.603,24900.326,20150719_061816,479176,3807,26651,2971
3,KAPX20150719_102756_V06,17.488,0.058,314.646,404.192,44.402,-84.628,44.438,22200.758,52608.021,20150719_062756,479170,4237,27346,3420
3,KAPX20150719_103736_V06,27.154,0.083,284.016,390.430,6.135,-84.820,44.500,3067.587,45916.016,20150719_063736,479176,4198,29594,3422
1,KAPX20150720_100543_V06,-5.715,0.061,290.585,425.419,23.798,-84.779,44.343,11898.794,62885.705,20150720_060543,479178,4498,17771,3721
1,KAPX20150721_101124_V06,-1.034,0.060,435.269,565.706,10.363,-83.881,43.708,5181.615,149078.189,20150721_061124,479170,4563,25318,3189
1,KAPX20150722_095834_V06,-14.884,0.447,288.932,420.908,5.373,-84.789,44.363,2686.413,60706.968,20150722_055834,479180,2579,19282,1804
3,KAPX20150722_102950_V06,16.383,0.054,388.856,361.226,5.772,-84.160,44.630,2885.986,53953.617,20150722_062950,479171,5311,17422,4230
1,KAPX20150723_104712_V06,32.720,0.078,302.203,300.456,13.519,-84.706,44.905,6759.674,1124.834,20150723_064712,479177,5780,10245,4548
3,KAPX20150724_100320_V06,-12.190,0.054,289.931,425.821,16.262,-84.783,44.341,8131.090,63111.558,20150724_060320,479169,6391,18542,3771
1,KAPX20150726_101930_V06,1.853,0.790,329.931,140.225,8.610,-84.528,45.626,4305.084,81277.375,20150726_061930,479176,17931,22155,14377
1,KAPX20150727_101749_V06,-0.908,0.072,283.453,426.504,22.330,-84.823,44.338,11165.035,63790.868,20150727_061749,479177,11541,27862,8215
1,KAPX20150728_110108_V06,41.321,0.059,165.766,375.845,21.394,-85.565,44.563,10697.048,77089.535,20150728_070108,479176,34954,34880,28880
1,KAPX20150729_093912_V06,-41.711,0.076,451.916,524.924,19.831,-83.774,43.891,9915.299,135710.255,20150729_053912,479179,21556,17020,17276
1,KAPX20150729_094850_V06,-32.077,0.344,454.452,528.864,27.669,-83.759,43.873,13834.537,138052.597,20150729_054850,479177,11687,20482,8851
1,KAPX20150729_095344_V06,-27.177,-1.000,455.663,530.747,31.887,-83.752,43.865,15943.562,139171.683,20150729_055344,479182,10400,20321,8170
1,KAPX20150729_095839_V06,-22.261,-1.000,456.879,532.636,36.120,-83.744,43.856,18059.761,140294.580,20150729_055839,479175,10122,22151,7993
1,KAPX20150729_100333_V06,-17.361,0.073,462.948,530.195,33.336,-83.706,43.867,16667.877,141015.744,20150729_060333,479181,10485,24148,8446
3,KAPX20150729_104248_V06,21.889,0.067,325.306,390.923,30.039,-84.561,44.498,15019.501,47189.612,20150729_064248,479172,13491,19970,11575
4,KAPX20150729_105227_V06,31.539,0.082,281.238,387.531,13.646,-84.838,44.513,6823.065,44759.385,20150729_065227,479174,11735,20488,9688
1,KAPX20150730_101232_V06,-9.484,0.105,290.035,432.071,23.010,-84.782,44.313,11505.016,66223.441,20150730_061232,479174,4022,24510,3224
2,KAPX20150730_102213_V06,0.199,0.058,361.179,283.335,4.709,-84.332,44.982,2354.446,31703.848,20150730_062213,479178,3964,25556,3044
3,KAPX20150802_093847_V06,-46.603,0.082,27.172,444.334,43.601,-86.428,44.245,21800.480,154327.384,20150802_053847,479172,12415,31341,4176
3,KAPX20150802_094342_V06,-41.686,-1.000,27.172,444.334,51.418,-86.428,44.245,25709.230,154327.384,20150802_054342,479182,12184,31473,3245
3,KAPX20150802_094836_V06,-36.786,0.121,38.253,447.224,57.071,-86.358,44.233,28535.331,150155.152,20150802_054836,479176,12972,33200,2242
3,KAPX20150802_095330_V06,-31.886,0.072,48.281,445.350,57.852,-86.295,44.242,28925.760,145335.000,20150802_055330,479174,13217,32642,2144
1,KAPX20150802_092857_V06,-56.436,0.104,24.472,449.283,47.893,-86.444,44.222,23946.598,156685.354,20150802_052857,479183,12467,31120,5844
1,KAPX20150802_093353_V06,-51.503,0.076,24.778,449.038,54.519,-86.442,44.224,27259.555,156492.090,20150802_053353,479187,12322,30351,5319
5,KAPX20150802_102751_V06,2.464,0.325,31.926,497.465,33.568,-86.391,44.006,16783.932,166475.431,20150802_062751,479178,16953,28901,3141
5,KAPX20150802_103245_V06,7.364,0.092,33.905,498.447,39.367,-86.379,44.002,19683.482,165972.828,20150802_063245,479183,16833,29186,3258
4,KAPX20150804_100544_V06,-21.934,0.341,511.602,531.199,13.286,-83.404,43.859,6643.042,156706.972,20150804_060544,479185,37000,54096,3703
4,KAPX20150804_101105_V06,-16.584,0.215,511.764,531.532,19.681,-83.403,43.858,9840.254,156884.740,20150804_061105,479181,37235,54398,3179
4,KAPX20150804_101626_V06,-11.234,0.053,515.713,531.532,22.766,-83.378,43.857,11383.219,158223.858,20150804_061626,479177,37493,55001,3086
4,KAPX20150804_102147_V06,-5.884,0.114,520.792,528.897,23.109,-83.346,43.869,11554.256,159014.841,20150804_062147,479180,38909,55643,3361
4,KAPX20150804_102708_V06,-0.534,0.222,525.054,524.149,25.224,-83.319,43.890,12612.054,158817.357,20150804_062708,479168,40314,56334,3599
4,KAPX20150804_103203_V06,4.382,0.061,527.974,523.817,28.797,-83.301,43.891,14398.736,159738.863,20150804_063203,479176,40648,56480,3301
5,KAPX20150804_100544_V06,-21.934,0.058,342.084,395.173,8.540,-84.455,44.479,4269.844,52030.906,20150804_060544,479185,37000,54096,3703
1,KAPX20150806_100036_V06,-29.373,0.241,293.143,299.844,15.342,-84.763,44.908,7670.937,3429.504,20150806_060036,479169,6937,24869,4224
1,KAPX20150807_100901_V06,-22.117,0.318,506.992,533.618,9.110,-83.433,43.849,4555.012,156063.212,20150807_060901,479175,4927,21801,2983
1,KAPX20150807_101842_V06,-12.434,0.517,508.432,531.622,21.830,-83.423,43.858,10914.994,155798.535,20150807_061842,479181,5179,23272,3664
1,KAPX20150807_102824_V06,-2.734,0.390,507.871,529.696,32.956,-83.427,43.866,16477.856,154895.661,20150807_062824,479178,7828,24122,5778
1,KAPX20150807_103804_V06,6.933,0.722,508.331,530.390,40.121,-83.424,43.863,20060.425,155307.089,20150807_063804,479180,9192,23671,7079
1,KAPX20150807_104746_V06,16.633,0.450,506.038,524.175,45.362,-83.438,43.891,22680.939,152238.288,20150807_064746,479176,11828,24003,9591
1,KAPX20150807_105728_V06,26.333,0.072,502.240,512.461,36.417,-83.460,43.944,18208.321,146663.343,20150807_065728,479171,13057,24707,10494
2,KAPX20150809_103534_V06,2.097,0.430,234.419,326.724,19.800,-85.134,44.786,9899.763,35408.235,20150809_063534,479175,1919,14074,1503
2,KAPX20150809_104515_V06,11.781,0.545,232.216,321.007,29.809,-85.148,44.812,14904.651,35482.269,20150809_064515,479174,3337,13575,2712
7,KAPX20150810_095805_V06,-36.559,0.130,449.041,99.763,51.348,-83.761,45.804,25674.175,124807.820,20150810_055805,479173,129145,94149,55121
7,KAPX20150810_100352_V06,-30.776,0.102,451.061,100.294,57.445,-83.748,45.802,28722.479,125201.915,20150810_060352,479175,117303,99427,41718
7,KAPX20150810_100940_V06,-24.976,0.269,466.138,102.617,55.197,-83.651,45.790,27598.363,128997.943,20150810_060940,479176,101260,104246,25761
2,KAPX20150810_093455_V06,-59.726,0.073,32.590,151.057,11.943,-86.432,45.565,5971.263,153045.667,20150810_053455,479173,119830,89970,52556
2,KAPX20150810_094042_V06,-53.943,-1.000,32.590,151.057,21.138,-86.432,45.565,10569.013,153045.667,20150810_054042,479180,126510,89707,57823
2,KAPX20150810_094630_V06,-48.143,0.134,32.009,149.716,25.888,-86.436,45.571,12943.898,153626.530,20150810_054630,479174,130547,89723,60176
2,KAPX20150810_095217_V06,-42.359,0.130,42.108,151.968,20.306,-86.371,45.561,10153.097,148679.184,20150810_055217,479171,132519,91362,59894
9,KAPX20150810_100940_V06,-24.976,0.210,226.269,203.348,52.701,-85.190,45.341,26350.725,60782.363,20150810_060940,479176,101260,104246,25761
9,KAPX20150810_101528_V06,-19.176,0.079,229.046,202.378,59.275,-85.172,45.346,29637.482,60341.533,20150810_061528,479175,92360,106858,17932
9,KAPX20150810_102115_V06,-13.393,0.131,241.752,196.728,52.961,-85.092,45.371,26480.633,59283.317,20150810_062115,479181,87476,109921,13054
3,KAPX20150810_094630_V06,-48.143,0.093,211.189,50.800,18.511,-85.293,46.027,9255.671,132276.017,20150810_054630,479174,130547,89723,60176
13,KAPX20150810_103250_V06,-1.809,0.069,284.209,412.184,6.084,-84.819,44.402,3042.120,56645.044,20150810_063250,479176,86381,112759,12815
4,KAPX20150813_103829_V06,0.303,0.092,31.708,194.774,42.110,-86.432,45.368,21055.130,144094.481,20150813_063829,479176,2863,12588,2206
4,KAPX20150813_104809_V06,9.970,0.172,40.396,193.762,55.539,-86.377,45.373,27769.690,140250.607,20150813_064809,479175,3470,12145,2517
2,KAPX20150813_102848_V06,-9.380,0.164,298.264,419.558,7.355,-84.731,44.369,3677.362,59785.096,20150813_062848,479169,1844,12847,1339
1,KAPX20150814_102342_V06,-15.664,0.069,296.238,413.269,5.383,-84.743,44.398,2691.666,56665.675,20150814_062342,479176,6050,21819,2934
1,KAPX20150814_102836_V06,-10.764,0.486,296.801,413.149,11.001,-84.740,44.398,5500.554,56597.257,20150814_062836,479180,6235,21504,3090
1,KAPX20150814_103330_V06,-5.864,-1.000,297.252,413.054,17.053,-84.737,44.399,8526.693,56543.514,20150814_063330,479178,6079,20818,3175
1,KAPX20150814_103825_V06,-0.948,0.115,302.831,411.639,9.014,-84.702,44.405,4506.855,55837.378,20150814_063825,479172,6676,19882,3399
2,KAPX20150815_103824_V06,-2.150,0.146,251.520,369.274,18.979,-85.025,44.595,9489.458,42276.460,20150815_063824,479171,29656,39153,22256
3,KAPX20150815_104803_V06,7.500,0.118,267.539,156.458,34.905,-84.928,45.553,17452.656,73583.191,20150815_064803,479182,29884,42861,22611
5,KAPX20150815_110724_V06,26.850,0.054,312.918,137.697,16.657,-84.637,45.637,8328.384,81408.164,20150815_070724,479176,27972,41291,20845
6,KAPX20150815_110724_V06,26.850,0.050,297.934,98.648,2.889,-84.733,45.813,1444.698,100681.261,20150815_070724,479176,27972,41291,20845
3,KAPX20150816_115127_V06,69.714,0.088,35.171,417.098,58.484,-86.381,44.368,29241.766,144781.336,20150816_075127,479173,4347,21969,2418
1,KAPX20150817_104036_V06,-2.324,0.084,537.384,530.453,28.747,-83.243,43.861,14373.377,165423.263,20150817_064036,479189,21739,48171,3192
2,KAPX20150818_103509_V06,-8.962,0.339,503.906,529.692,13.296,-83.451,43.867,6648.247,153570.981,20150818_063509,479178,66530,86730,6660
2,KAPX20150818_104029_V06,-3.629,0.310,508.533,529.662,22.984,-83.423,43.866,11492.185,155105.534,20150818_064029,479176,64737,85253,7029
2,KAPX20150818_104550_V06,1.721,0.054,515.207,528.961,31.103,-83.381,43.869,15551.501,157112.120,20150818_064550,479174,66450,86382,8298
2,KAPX20150818_105110_V06,7.054,0.240,517.039,528.891,33.738,-83.370,43.869,16868.818,157715.823,20150818_065110,479173,67070,86504,8949
2,KAPX20150818_105631_V06,12.404,0.336,518.569,525.819,42.767,-83.360,43.883,21383.363,157136.015,20150818_065631,479179,67778,85290,9873
2,KAPX20150818_110152_V06,17.754,0.255,519.782,523.771,48.382,-83.352,43.892,24191.122,156826.007,20150818_070152,479181,67985,84624,9745
6,KAPX20150819_102056_V06,-24.368,0.093,107.157,296.380,25.892,-85.941,44.917,12945.906,96438.657,20150819_062056,479183,97990,113546,9326
6,KAPX20150819_102643_V06,-18.584,0.301,109.645,292.828,33.067,-85.925,44.933,16533.430,95245.060,20150819_062643,479176,89364,111906,6803
6,KAPX20150819_103230_V06,-12.801,0.069,123.273,274.223,27.826,-85.841,45.018,13913.018,89298.506,20150819_063230,479177,84872,113150,5282
6,KAPX20150819_103818_V06,-7.001,0.101,126.099,270.076,34.124,-85.823,45.037,17062.037,88228.474,20150819_063818,479180,84384,115572,5615
6,KAPX20150819_104338_V06,-1.668,0.054,140.310,250.493,26.298,-85.735,45.125,13149.135,83594.184,20150819_064338,479169,83725,117882,6014
7,KAPX20150819_102643_V06,-18.584,0.136,283.271,395.741,29.805,-84.825,44.476,14902.313,48595.930,20150819_062643,479176,89364,111906,6803
7,KAPX20150821_113525_V06,47.738,0.069,360.765,282.414,25.756,-84.334,44.986,12877.884,31629.137,20150821_073525,479174,14234,27047,7691
7,KAPX20150821_114506_V06,57.421,0.107,366.205,285.890,33.463,-84.300,44.970,16731.727,33846.105,20150821_074506,479174,12537,26746,7151
7,KAPX20150821_115448_V06,67.121,0.231,384.886,296.728,25.695,-84.182,44.921,12847.404,42474.365,20150821_075448,479181,11287,26090,6888
7,KAPX20150821_120430_V06,76.821,0.150,389.402,300.402,33.215,-84.154,44.904,16607.564,44701.297,20150821_080430,479175,10139,25900,6164
5,KAPX20150821_103714_V06,-10.445,0.054,297.093,254.033,14.464,-84.738,45.114,7232.052,23029.507,20150821_063714,479177,14681,33629,2891
4,KAPX20150823_102518_V06,-24.756,0.684,510.457,520.913,16.631,-83.410,43.906,8315.344,152557.104,20150823_062518,479178,2756,31497,1720
4,KAPX20150823_103459_V06,-15.072,0.878,511.532,516.094,28.943,-83.403,43.927,14471.666,151197.212,20150823_063459,479183,3893,30485,2791
4,KAPX20150823_104440_V06,-5.389,0.715,511.313,511.694,41.869,-83.404,43.947,20934.295,149555.608,20150823_064440,479175,8690,33666,6282
4,KAPX20150823_105422_V06,4.311,0.643,512.902,512.903,48.316,-83.394,43.941,24157.869,150544.769,20150823_065422,479175,8405,27065,6332
4,KAPX20150823_110403_V06,13.994,0.261,510.098,502.290,55.930,-83.410,43.989,27964.783,145827.136,20150823_070403,479179,7996,22442,6066
1,KAPX20150823_100558_V06,-44.089,0.182,275.211,411.780,15.540,-84.875,44.404,7769.970,57247.568,20150823_060558,479180,30317,34179,23005
1,KAPX20150823_101538_V06,-34.422,0.170,269.400,411.724,31.767,-84.912,44.404,15883.398,57919.278,20150823_061538,479176,11983,36466,7829
2,KAPX20150823_100558_V06,-44.089,0.108,306.056,418.048,23.451,-84.682,44.376,11725.283,59101.831,20150823_060558,479180,30317,34179,23005
2,KAPX20150823_101538_V06,-34.422,0.163,321.221,420.375,33.317,-84.587,44.366,16658.438,61115.648,20150823_061538,479176,11983,36466,7829
3,KAPX20150823_100558_V06,-44.089,0.057,335.336,423.275,17.585,-84.498,44.352,8792.624,64119.552,20150823_060558,479180,30317,34179,23005
6,KAPX20150823_105422_V06,4.311,0.056,453.853,425.188,32.599,-83.755,44.340,16299.662,99175.085,20150823_065422,479175,8405,27065,6332
2,KAPX20150824_101522_V06,-35.877,0.261,314.774,437.452,28.590,-84.627,44.289,14294.868,69121.907,20150824_061522,479165,43917,49340,14660
2,KAPX20150825_110220_V06,9.903,0.091,349.225,205.503,30.265,-84.406,45.332,15132.378,53274.923,20150825_070220,479177,45463,97298,5480
6,KAPX20150825_113125_V06,38.986,0.094,303.108,376.489,14.188,-84.700,44.563,7093.882,38276.249,20150825_073125,479175,53245,103411,7886
2,KAPX20150826_110342_V06,10.083,0.199,479.678,553.026,15.778,-83.604,43.763,7888.887,155166.345,20150826_070342,479181,14001,79288,2551
2,KAPX20150826_111324_V06,19.783,0.147,478.624,558.044,25.162,-83.611,43.741,12581.186,156918.282,20150826_071324,479177,14896,81508,3149
2,KAPX20150826_112306_V06,29.483,0.052,509.922,562.134,49.075,-83.417,43.720,24537.693,167914.476,20150826_072306,479180,16752,85607,3945
17,KAPX20150903_114604_V06,42.976,0.121,356.442,347.632,40.165,-84.364,44.692,20082.359,36927.374,20150903_074604,479185,261288,240963,29172
17,KAPX20150903_115131_V06,48.426,0.056,351.541,347.279,50.474,-84.395,44.694,25236.807,34970.458,20150903_075131,479195,263424,241035,30173
1,KAPX20150903_100550_V06,-57.257,0.090,395.970,248.514,12.388,-84.110,45.137,6193.901,54454.127,20150903_060550,479185,239909,172123,81912
4,KAPX20150903_102205_V06,-41.007,0.051,411.081,47.887,43.954,-84.002,46.039,21976.952,137749.858,20150903_062205,479194,250257,184195,76705
1,KAPX20150904_101518_V06,-48.974,0.162,314.501,217.400,19.805,-84.627,45.279,9902.500,41931.795,20150904_061518,479177,73643,43898,53565
2,KAPX20150904_103950_V06,-24.440,0.079,294.504,207.779,16.674,-84.755,45.322,8336.922,46192.559,20150904_063950,479179,34703,41443,16517
1,KAPX20150906_101650_V06,-49.808,0.058,173.349,331.875,4.580,-85.520,44.761,2289.858,65300.264,20150906_061650,479169,16608,15277,12472
13,KAPX20150907_105652_V06,-10.959,0.295,40.070,202.607,62.169,-86.378,45.333,31084.354,138788.653,20150907_065652,479171,124783,143240,11682
13,KAPX20150907_110239_V06,-5.175,0.355,43.245,201.476,72.175,-86.358,45.339,36087.522,137504.881,20150907_070239,479181,135604,153160,12508
13,KAPX20150907_110827_V06,0.625,0.314,53.842,197.575,77.344,-86.291,45.357,38671.899,133308.484,20150907_070827,479179,144881,164900,12220
13,KAPX20150907_111414_V06,6.408,0.176,61.470,189.794,84.099,-86.243,45.393,42049.513,131379.388,20150907_071414,479176,147222,171436,12342
13,KAPX20150907_112002_V06,12.208,0.169,71.374,185.511,87.951,-86.180,45.413,43975.397,127845.029,20150907_072002,479182,143162,171926,11846
25,KAPX20150907_120621_V06,58.525,0.155,41.738,313.464,70.471,-86.353,44.835,35235.413,129306.406,20150907_080621,479179,123015,159269,12127
25,KAPX20150907_121208_V06,64.308,0.367,45.096,315.144,77.188,-86.331,44.828,38594.029,127676.753,20150907_081208,479176,117975,153009,12028
25,KAPX20150907_121756_V06,70.108,0.422,53.738,316.272,76.347,-86.277,44.823,38173.559,123399.472,20150907_081756,479169,109813,146463,11225
28,KAPX20150907_121208_V06,64.308,0.761,375.416,224.344,47.520,-84.239,45.247,23760.025,53412.071,20150907_081208,479176,117975,153009,12028
28,KAPX20150907_121756_V06,70.108,0.420,381.210,224.198,53.046,-84.203,45.247,26522.794,55545.224,20150907_081756,479169,109813,146463,11225
32,KAPX20150907_122903_V06,81.225,0.434,371.916,94.828,17.177,-84.257,45.829,8588.734,108705.166,20150907_082903,479173,102910,139044,10822
32,KAPX20150907_123424_V06,86.575,0.614,376.221,94.785,22.563,-84.229,45.829,11281.585,109456.554,20150907_083424,479182,98329,130709,11338
10,KAPX20150907_105105_V06,-16.742,0.197,27.543,230.457,32.745,-86.454,45.207,16372.328,140596.063,20150907_065105,479177,113604,134112,10614
12,KAPX20150907_105105_V06,-16.742,0.075,391.466,209.969,15.976,-84.137,45.311,7987.843,64171.009,20150907_065105,479177,113604,134112,10614
24,KAPX20150907_120621_V06,58.525,0.439,356.973,220.084,53.895,-84.357,45.266,26947.693,49072.598,20150907_080621,479179,123015,159269,12127
1,KAPX20150908_101110_V06,-57.843,0.066,235.055,520.106,8.245,-85.124,43.916,4122.305,114743.711,20150908_061110,479176,215427,35646,185353
1,KAPX20150909_114550_V06,35.639,0.059,490.830,318.835,28.526,-83.513,44.816,14263.016,95878.818,20150909_074550,479170,50253,31031,45194
10,KAPX20150910_112808_V06,16.753,0.112,390.915,360.377,2.438,-84.147,44.634,1218.983,54568.383,20150910_072808,479174,88647,90493,26344
10,KAPX20150910_113302_V06,21.653,0.051,391.880,360.233,10.660,-84.141,44.635,5330.235,54931.500,20150910_073302,479176,90280,93320,25790
17,KAPX20150910_114748_V06,36.420,0.068,29.868,441.774,34.490,-86.411,44.257,17245.003,152537.765,20150910_074748,479179,89888,96119,23893
17,KAPX20150910_115242_V06,41.320,0.089,31.973,441.455,41.930,-86.398,44.258,20964.797,151532.210,20150910_075242,479176,89385,96658,23162
4,KAPX20150910_104355_V06,-27.464,0.057,327.155,49.251,57.450,-84.544,46.035,28724.926,126107.328,20150910_064355,479184,74349,79158,21954
4,KAPX20150910_104849_V06,-22.564,0.080,353.673,35.470,46.578,-84.373,46.097,23289.009,134959.942,20150910_064849,479170,73400,75418,20925
4,KAPX20150910_105345_V06,-17.630,-1.000,353.673,35.470,54.422,-84.373,46.097,27211.009,134959.942,20150910_065345,479181,75356,73340,23544
4,KAPX20150910_105840_V06,-12.714,0.068,356.731,52.286,72.660,-84.353,46.021,36329.754,127063.363,20150910_065840,479182,77280,72686,24938
2,KAPX20150911_113316_V06,20.701,0.116,560.102,543.724,21.123,-83.104,43.799,10561.480,178223.516,20150911_073316,479179,9372,22764,5862
1,KAPX20150914_110753_V06,-8.244,0.103,233.898,437.454,2.897,-85.134,44.288,1448.530,76261.485,20150914_070753,479180,1536,18378,1087
3,KAPX20150916_122826_V06,69.927,0.054,24.803,395.250,22.653,-86.449,44.465,11326.290,145607.374,20150916_082826,479174,3753,24616,2363
3,KAPX20150916_123321_V06,74.844,-1.000,24.803,395.250,30.470,-86.449,44.465,15235.040,145607.374,20150916_083321,479184,3761,24183,2348
3,KAPX20150916_123816_V06,79.760,0.092,27.775,394.122,33.254,-86.430,44.471,16626.933,144018.448,20150916_083816,479181,3607,23997,2255
1,KAPX20150916_102634_V06,-51.940,0.323,385.926,339.971,7.057,-84.177,44.726,3528.469,47384.026,20150916_062634,479179,17566,23190,12362
9,KAPX20150918_113525_V06,14.528,0.117,363.772,177.686,39.796,-84.312,45.457,19897.816,68970.045,20150918_073525,479180,40484,66756,4734
1,KAPX20150922_114004_V06,14.396,0.050,296.053,302.569,18.430,-84.745,44.896,9215.122,2354.520,20150922_074004,479179,7066,15971,5107
1,KAPX20150923_113142_V06,4.829,0.870,376.585,272.810,17.162,-84.234,45.029,8581.146,40634.131,20150923_073142,479175,52728,42409,40875
1,KAPX20150923_114123_V06,14.513,0.077,377.753,272.066,28.133,-84.226,45.032,14066.251,41309.206,20150923_074123,479178,47697,42629,36818
2,KAPX20150923_113142_V06,4.829,0.069,232.684,263.250,17.309,-85.147,45.072,8654.713,38346.927,20150923_073142,479175,52728,42409,40875
3,KAPX20150923_120044_V06,33.863,0.076,397.081,53.459,15.488,-84.093,46.015,7744.122,132483.119,20150923_080044,479179,35190,41875,25823
1,KAPX20150924_120805_V06,40.011,0.153,286.421,486.341,13.820,-84.804,44.069,6910.192,93417.694,20150924_080805,479174,65082,42185,51516
2,KAPX20150927_122155_V06,50.224,0.075,270.966,310.668,10.333,-84.903,44.859,5166.500,15465.986,20150927_082155,479173,4667,11588,3569
4,KAPX20150928_113907_V06,6.211,0.558,348.963,342.176,7.532,-84.411,44.717,3766.218,32311.687,20150928_073907,479174,3997,15367,2729
7,KAPX20150929_124154_V06,67.779,0.170,26.393,268.633,37.537,-86.456,45.035,18768.448,137699.376,20150929_084154,479166,243112,220123,45278
7,KAPX20150929_124742_V06,73.579,0.420,28.241,270.288,44.444,-86.444,45.028,22221.792,136689.401,20150929_084742,479181,245970,225594,45795
7,KAPX20150929_125543_V06,81.595,0.084,39.465,270.843,52.719,-86.373,45.026,26359.632,131080.936,20150929_085543,479178,249573,232072,45904
7,KAPX20150929_130131_V06,87.395,0.181,43.741,272.114,60.053,-86.345,45.021,30026.365,128885.719,20150929_090131,479170,245190,229667,45590
3,KAPX20150929_112626_V06,-7.688,0.145,246.625,290.641,4.423,-85.058,44.949,2211.456,27094.825,20150929_072626,479166,184692,182627,32703
6,KAPX20150929_120704_V06,32.945,0.063,338.901,129.717,6.535,-84.470,45.673,3267.643,87335.052,20150929_080704,479179,221098,198277,47714
1,KAPX20150930_110736_V06,-27.741,0.067,254.525,283.466,13.073,-85.008,44.981,6536.272,24193.591,20150930_070736,479180,18912,48516,12054
1,KAPX20151001_114329_V06,6.919,0.270,297.458,303.552,19.613,-84.736,44.891,9806.545,2184.100,20151001_074329,479174,11708,18070,8758
1,KAPX20151001_115312_V06,16.636,0.066,297.537,303.407,27.129,-84.735,44.892,13564.657,2102.183,20151001_075312,479175,11262,17515,8510
1,KAPX20151003_104711_V06,-51.841,0.689,407.953,256.603,9.712,-84.034,45.100,4856.083,58174.620,20151003_064711,479175,8997,28565,5259
1,KAPX20151008_122006_V06,34.845,0.051,27.681,233.501,29.262,-86.453,45.193,14630.819,140160.150,20151008_082006,479174,43893,52363,6283
2,KAPX20151008_122949_V06,44.562,0.159,295.455,301.408,16.583,-84.748,44.901,8291.714,2378.957,20151008_082949,479172,45068,53395,6369
1,KAPX20151010_122905_V06,41.301,0.062,295.193,301.977,16.405,-84.750,44.898,8202.606,2598.976,20151010_082905,479171,7709,17270,5463
1,KAPX20151010_123847_V06,51.001,0.158,296.011,301.910,23.688,-84.745,44.899,11843.792,2211.448,20151010_083847,479176,6808,17444,4985
1,KAPX20151011_115242_V06,3.647,0.059,299.969,295.120,30.331,-84.720,44.929,15165.432,2439.991,20151011_075242,479171,12675,21019,8175
1,KAPX20151011_120224_V06,13.347,0.071,299.449,296.153,38.851,-84.723,44.925,19425.631,1943.143,20151011_080224,479174,11866,21427,7780
5,KAPX20151013_123840_V06,47.056,0.198,200.374,233.654,24.864,-85.354,45.204,12431.986,59847.978,20151013_083840,479172,128184,145462,15518
1,KAPX20151014_120235_V06,9.686,0.115,354.716,101.451,2.436,-84.368,45.800,1218.044,102975.302,20151014_080235,479170,30056,31306,22600
2,KAPX20151014_121218_V06,19.403,0.240,444.065,332.783,15.006,-83.810,44.756,7503.025,73874.186,20151014_081218,479172,32784,29246,25241
6,KAPX20151015_112550_V06,-28.355,0.096,234.783,250.679,15.403,-85.134,45.128,7701.260,40883.407,20151015_072550,479172,72520,92282,27567
6,KAPX20151015_113140_V06,-22.522,0.091,237.595,251.049,23.952,-85.116,45.127,11976.005,39656.404,20151015_073140,479172,73149,91376,27222
13,KAPX20151015_121528_V06,21.278,0.251,313.070,521.560,25.285,-84.638,43.910,12642.376,110972.822,20151015_081528,479171,57716,80277,12698
13,KAPX20151015_122117_V06,27.095,0.073,316.199,521.328,33.580,-84.619,43.911,16790.175,110960.228,20151015_082117,479176,57063,81063,10525
15,KAPX20151015_121528_V06,21.278,0.065,470.524,378.566,17.491,-83.647,44.549,8745.731,93876.233,20151015_081528,479171,57716,80277,12698
15,KAPX20151015_122117_V06,27.095,0.145,472.349,378.425,26.129,-83.635,44.549,13064.288,94676.464,20151015_082117,479176,57063,81063,10525
15,KAPX20151015_122706_V06,32.911,0.163,496.756,379.713,21.202,-83.482,44.542,10600.988,106144.959,20151015_082706,479180,59019,79763,9764
15,KAPX20151015_123255_V06,38.728,0.123,500.664,380.914,27.595,-83.457,44.536,13797.737,108181.585,20151015_083255,479172,59258,79067,9059
23,KAPX20151015_123843_V06,44.528,0.197,418.978,442.759,29.228,-83.975,44.262,14614.161,92919.220,20151015_083843,479166,56200,77718,8372
23,KAPX20151015_124432_V06,50.345,0.593,426.252,442.552,34.890,-83.929,44.263,17444.925,95211.022,20151015_084432,479172,58354,77951,8622
10,KAPX20151015_120939_V06,15.461,0.062,278.105,251.199,21.153,-84.859,45.127,10576.500,26743.902,20151015_080939,479172,61213,81736,15180
28,KAPX20151015_125611_V06,61.995,0.109,366.073,255.672,15.281,-84.300,45.106,7640.625,39782.491,20151015_085611,479166,56552,73721,8757
30,KAPX20151015_130201_V06,67.828,0.141,416.828,465.401,25.804,-83.989,44.161,12902.069,101249.890,20151015_090201,479172,56146,71346,8556
12,KAPX20151016_115454_V06,-0.585,0.166,368.373,375.045,13.150,-84.289,44.569,6575.071,50760.861,20151016_075454,479168,121717,118122,44566
17,KAPX20151016_121006_V06,14.615,0.063,167.972,343.389,12.237,-85.553,44.709,6118.654,69487.207,20151016_081006,479170,124889,114595,46887
19,KAPX20151016_121502_V06,19.548,0.085,341.225,303.834,10.517,-84.459,44.890,5258.739,20701.510,20151016_081502,479171,123789,113112,45717
21,KAPX20151016_121957_V06,24.465,0.055,356.668,407.296,42.717,-84.364,44.424,21358.507,60670.451,20151016_081957,479169,123553,109759,46436
27,KAPX20151016_123938_V06,44.148,0.120,346.697,313.806,21.145,-84.424,44.845,10572.300,24347.379,20151016_083938,479179,109355,105504,36004
32,KAPX20151016_125424_V06,58.915,0.154,362.619,332.715,22.149,-84.324,44.759,11074.646,35324.886,20151016_085424,479174,98961,101972,32733
35,KAPX20151016_130910_V06,73.682,0.108,373.520,345.105,26.848,-84.256,44.703,13423.763,43126.502,20151016_090910,479176,94757,95118,31015
10,KAPX20151017_115208_V06,-4.653,0.052,109.351,407.056,25.887,-85.917,44.419,12943.437,109325.173,20151017_075208,479172,95023,104474,15407
10,KAPX20151017_115729_V06,0.697,0.076,110.621,409.423,31.626,-85.909,44.409,15812.845,109359.341,20151017_075729,479169,95027,103254,16406
14,KAPX20151017_121213_V06,15.430,0.067,68.773,218.019,28.799,-86.193,45.267,14399.290,122665.128,20151017_081213,479174,92581,99735,17918
14,KAPX20151017_121709_V06,20.363,0.053,69.105,219.551,35.410,-86.191,45.260,17705.064,122254.424,20151017_081709,479171,91271,99341,16682
14,KAPX20151017_122204_V06,25.280,-1.000,69.371,220.775,42.242,-86.189,45.254,21121.132,121928.687,20151017_082204,479170,88924,98753,15421
14,KAPX20151017_122659_V06,30.197,0.108,86.329,240.061,23.083,-86.079,45.169,11541.449,110959.497,20151017_082659,479169,88624,97706,15282
14,KAPX20151017_123154_V06,35.113,0.080,86.194,240.395,29.598,-86.080,45.167,14799.056,110979.645,20151017_083154,479175,85677,95903,14242
2,KAPX20151017_111317_V06,-43.503,0.058,74.301,385.921,21.373,-86.139,44.512,10686.317,120750.430,20151017_071317,479166,119185,114514,31002
12,KAPX20151017_121213_V06,15.430,0.094,95.069,261.242,26.242,-86.021,45.074,13121.017,104281.954,20151017_081213,479174,92581,99735,17918
19,KAPX20151017_122204_V06,25.280,0.098,47.293,390.505,50.041,-86.308,44.489,25020.502,134212.740,20151017_082204,479170,88924,98753,15421
24,KAPX20151017_123649_V06,40.030,0.055,58.514,415.099,40.666,-86.235,44.379,20333.143,133756.379,20151017_083649,479171,84638,94500,13962
17,KAPX20151020_132333_V06,82.830,0.089,322.625,200.359,24.517,-84.575,45.355,12258.530,51088.843,20151020_092333,479166,65643,74322,11844
1,KAPX20151022_120954_V06,6.535,0.057,279.800,304.250,22.781,-84.848,44.888,11390.713,10321.235,20151022_080954,479172,26979,26567,19712
1,KAPX20151023_120208_V06,-2.561,0.427,263.974,413.102,6.229,-84.946,44.398,3114.550,59350.415,20151023_080208,479170,10476,16823,6844
3,KAPX20151023_121150_V06,7.139,0.146,350.724,83.680,2.628,-84.393,45.880,1313.805,111093.685,20151023_081150,479169,8514,14997,5715
4,KAPX20151023_122132_V06,16.839,0.219,345.364,98.448,2.044,-84.428,45.814,1021.870,103297.130,20151023_082132,479169,6900,14701,4843
11,KAPX20151024_122959_V06,23.956,0.066,175.140,417.841,47.556,-85.503,44.374,23777.821,85843.801,20151024_082959,479183,65507,92643,9297
11,KAPX20151024_123454_V06,28.873,0.058,176.810,415.244,53.377,-85.493,44.386,26688.327,84345.938,20151024_083454,479188,68156,96199,9719
3,KAPX20151026_120852_V06,0.160,0.158,25.555,217.570,39.437,-86.468,45.265,19718.384,143278.581,20151026_080852,479173,55719,74556,16971
3,KAPX20151026_121834_V06,9.860,0.054,28.917,225.510,47.248,-86.446,45.229,23624.119,140565.463,20151026_081834,479182,54330,76270,16331
3,KAPX20151027_115936_V06,-10.452,0.059,366.786,402.163,2.040,-84.300,44.447,1020.119,61027.705,20151027_075936,479178,4437,10157,3271
4,KAPX20151027_122843_V06,18.665,0.116,402.809,297.751,2.657,-84.069,44.915,1328.346,51416.992,20151027_082843,479182,3598,9045,2730
4,KAPX20151029_120437_V06,-8.138,0.066,31.913,460.019,37.840,-86.396,44.175,18920.055,156106.215,20151029_080437,479181,169639,201257,15625
6,KAPX20151029_125441_V06,41.928,0.076,57.092,403.252,64.717,-86.245,44.432,32358.448,131970.716,20151029_085441,479185,226798,243650,17683
1,KAPX20151030_113136_V06,-42.512,0.175,295.718,427.105,2.281,-84.747,44.335,1140.623,63588.644,20151030_073136,479187,12433,33335,6986
1,KAPX20151030_114118_V06,-32.812,0.062,296.397,426.977,10.000,-84.742,44.336,4999.807,63514.153,20151030_074118,479181,13742,32723,8173
5,KAPX20151030_122946_V06,15.655,0.053,260.891,357.661,10.697,-84.966,44.648,5348.686,34836.416,20151030_082946,479192,10992,26652,6407
9,KAPX20151030_124910_V06,35.055,0.063,212.048,311.098,17.401,-85.276,44.856,8700.308,44324.595,20151030_084910,479187,10519,25730,5329
4,KAPX20151031_120647_V06,-8.689,0.080,24.512,444.506,36.297,-86.444,44.244,18148.743,155543.841,20151031_080647,479187,300948,268132,50000
4,KAPX20151031_121238_V06,-2.839,0.072,25.878,445.220,47.480,-86.436,44.241,23740.247,155106.262,20151031_081238,479179,307265,270824,51979
5,KAPX20151031_131636_V06,61.128,0.059,72.108,149.546,76.660,-86.180,45.575,38329.922,136538.683,20151031_091636,479185,356130,302176,64769
14,KAPX20151101_123614_V06,19.398,0.056,20.336,353.459,23.353,-86.483,44.653,11676.615,142363.622,20151101_073614,479183,66254,102542,8359
14,KAPX20151101_124109_V06,24.314,0.074,22.658,353.644,30.459,-86.468,44.652,15229.633,141241.119,20151101_074109,479192,70376,110173,9166
8,KAPX20151101_120644_V06,-10.102,0.068,57.966,227.441,46.437,-86.261,45.223,23218.355,126338.239,20151101_070644,479181,52071,74291,6964
15,KAPX20151101_124109_V06,24.314,0.169,24.987,105.945,29.591,-86.487,45.767,14795.679,168292.450,20151101_074109,479192,70376,110173,9166
22,KAPX20151101_132217_V06,65.448,0.074,135.749,400.996,35.932,-85.751,44.448,17966.026,96408.859,20151101_082217,479182,125060,154667,19580
3,KAPX20151102_115316_V06,-24.935,0.120,387.851,221.098,75.518,-84.160,45.261,37759.136,59040.839,20151102_065316,479183,35904,78245,12386
1,KAPX20151105_114100_V06,-41.313,0.143,300.967,301.969,10.459,-84.714,44.898,5229.561,1096.846,20151105_064100,479185,5547,14077,3387
1,KAPX20151105_115040_V06,-31.646,0.061,301.269,300.868,19.610,-84.712,44.903,9804.969,768.846,20151105_065040,479185,5880,13601,3902
1,KAPX20151107_112640_V06,-58.393,0.399,419.639,369.281,11.094,-83.966,44.593,5547.178,69125.522,20151107_062640,479177,45287,47489,24351
4,KAPX20151107_114126_V06,-43.626,0.209,304.891,348.813,11.185,-84.689,44.688,5592.297,24528.499,20151107_064126,479173,55096,47826,32629
5,KAPX20151107_120603_V06,-19.010,0.087,280.331,392.416,14.542,-84.843,44.491,7271.172,47243.159,20151107_070603,479168,40200,44556,22118
1,KAPX20151108_114412_V06,-42.233,0.120,295.827,436.139,2.717,-84.746,44.295,1358.559,68101.253,20151108_064412,479174,8005,20586,4837
3,KAPX20151108_125202_V06,25.600,0.420,277.894,462.194,10.471,-84.858,44.177,5235.311,81846.607,20151108_075202,479175,5210,11297,4056
20,KAPX20151112_135511_V06,83.269,0.285,266.057,466.544,33.666,-84.932,44.158,16833.035,84983.805,20151112_085511,479177,329238,277508,58230
1,KAPX20151113_114949_V06,-43.461,0.110,33.210,155.436,38.549,-86.428,45.545,19274.324,151719.711,20151113_064949,479178,330435,301414,49360
2,KAPX20151116_120629_V06,-30.856,0.074,368.731,403.547,2.532,-84.288,44.440,1265.978,62140.856,20151116_070629,479172,11203,22999,6957
6,KAPX20151119_130546_V06,24.428,0.068,31.618,135.916,55.114,-86.441,45.633,27557.062,157283.539,20151119_080546,479178,151517,137036,46313
6,KAPX20151119_131041_V06,29.344,0.092,33.563,168.784,77.371,-86.424,45.485,38685.436,148497.881,20151119_081041,479175,150318,129423,47734
4,KAPX20151122_122204_V06,-23.188,0.064,201.634,281.048,14.310,-85.343,44.991,7154.902,50087.518,20151122_072204,479173,126517,151230,13687
1,KAPX20151123_122342_V06,-22.836,0.057,22.097,158.760,33.518,-86.499,45.529,16758.974,155867.763,20151123_072342,479175,42346,49020,7502
8,KAPX20151123_140042_V06,74.164,0.737,298.373,270.222,20.484,-84.730,45.041,10242.157,14911.220,20151123_090042,479172,198381,244772,17412
1,KAPX20151124_115614_V06,-51.572,0.101,309.338,310.635,10.310,-84.661,44.859,5154.957,7076.089,20151124_065614,479176,3519,16574,635
4,KAPX20151124_120556_V06,-41.872,0.078,171.745,326.364,16.670,-85.530,44.786,8335.218,65468.292,20151124_070556,479177,4089,16010,1234
7,KAPX20151124_125424_V06,6.595,0.059,340.265,419.192,19.933,-84.467,44.371,9966.360,62904.798,20151124_075424,479175,3938,15320,2031
1,KAPX20151202_115741_V06,-59.697,0.577,38.238,200.312,45.474,-86.390,45.344,22737.160,140051.186,20151202_065741,479172,41849,60189,8442
1,KAPX20151202_120723_V06,-49.997,0.282,40.166,203.550,57.005,-86.377,45.329,28502.704,138578.791,20151202_070723,479174,36083,54016,8322
1,KAPX20151202_121704_V06,-40.313,0.378,40.301,217.863,62.400,-86.374,45.265,31199.908,136189.466,20151202_071704,479170,33155,49294,9195
1,KAPX20151202_122858_V06,-28.413,0.290,48.697,187.956,54.714,-86.325,45.400,27356.869,137574.504,20151202_072858,479179,34111,45823,9421
1,KAPX20151202_123840_V06,-18.713,0.105,42.979,198.668,64.371,-86.360,45.351,32185.509,138137.437,20151202_073840,479179,34469,46438,8089
2,KAPX20151203_120829_V06,-50.007,0.052,354.670,354.092,14.822,-84.375,44.663,7410.797,38453.705,20151203_070829,479176,45868,63313,9223
2,KAPX20151203_121810_V06,-40.323,0.057,359.091,359.277,22.743,-84.347,44.640,11371.449,41849.240,20151203_071810,479177,43656,59597,9138
12,KAPX20151203_132810_V06,29.677,0.316,226.758,361.185,22.217,-85.181,44.631,11108.429,47717.912,20151203_082810,479177,61907,68463,14430
12,KAPX20151203_133751_V06,39.360,0.442,230.992,366.707,29.332,-85.154,44.606,14666.047,47989.186,20151203_083751,479174,62772,70481,14270
12,KAPX20151203_134732_V06,49.043,0.780,236.642,375.316,24.330,-85.119,44.568,12165.218,49210.664,20151203_084732,479176,61555,72534,13318
12,KAPX20151203_135714_V06,58.743,-1.000,236.642,375.316,39.753,-85.119,44.568,19876.718,49210.664,20151203_085714,479173,59815,75223,11913
12,KAPX20151203_140655_V06,68.427,0.141,251.370,386.280,30.805,-85.026,44.519,15402.748,49520.470,20151203_090655,479170,56921,84088,9506
11,KAPX20151203_131828_V06,19.977,0.062,530.540,224.203,29.488,-83.252,45.239,14744.122,121340.205,20151203_081828,479175,58758,63881,14858
8,KAPX20151221_140550_V06,52.284,0.457,30.878,166.699,41.202,-86.441,45.494,20601.185,150162.850,20151221_090550,479172,180438,175800,43949
8,KAPX20151221_141531_V06,61.968,0.142,34.338,164.914,57.613,-86.419,45.502,28806.438,149017.126,20151221_091531,479178,182583,182931,43297
8,KAPX20151221_142512_V06,71.651,0.109,37.942,159.411,64.318,-86.397,45.528,32158.948,148694.102,20151221_092512,479173,183193,195893,43216
3,KAPX20151222_123404_V06,-39.984,0.054,57.057,290.130,27.795,-86.259,44.941,13897.333,121571.900,20151222_073404,479180,108422,146517,35308
4,KAPX20151222_143231_V06,78.466,0.086,378.457,264.317,13.547,-84.222,45.067,6773.647,43095.225,20151222_093231,479176,19765,50310,5938
2,KAPX20151223_133330_V06,18.987,0.055,67.813,119.837,85.080,-86.211,45.708,42539.856,146943.229,20151223_083330,479178,2640,46729,1182
3,KAPX20151226_133325_V06,17.765,0.125,26.820,396.945,53.314,-86.436,44.458,26657.148,144935.794,20151226_083325,479173,13599,15612,4018
3,KAPX20151226_134306_V06,27.448,0.100,26.016,384.470,59.542,-86.443,44.514,29771.080,143354.931,20151226_084306,479169,15932,17625,4707
2,KAPX20151226_133325_V06,17.765,0.146,312.746,312.101,6.051,-84.639,44.853,3025.707,8787.776,20151226_083325,479173,13599,15612,4018
4,KAPX20151229_130013_V06,-16.198,0.065,35.443,370.394,31.926,-86.385,44.578,15963.009,136881.112,20151229_080013,479169,113772,177882,13206
7,KAPX20151230_135844_V06,42.150,0.082,199.214,168.638,43.590,-85.364,45.496,21794.823,82785.799,20151230_085844,479175,8987,90142,1480
7,KAPX20151230_140826_V06,51.850,0.110,209.587,164.936,55.484,-85.298,45.513,27741.804,81266.322,20151230_090826,479177,8548,82055,1581
7,KAPX20151230_141806_V06,61.517,0.101,219.758,159.003,54.359,-85.233,45.540,27179.271,81115.734,20151230_091806,479177,7413,74790,1514
15,KAPX20151231_140840_V06,51.957,0.504,324.250,37.451,23.245,-84.563,46.088,11622.414,131833.223,20151231_090840,479173,32003,140278,5359
16,KAPX20151231_142803_V06,71.340,0.077,465.902,90.504,31.151,-83.652,45.845,15575.592,133615.355,20151231_092803,479175,34969,149726,5475
