track_id,filename,from_sunrise,det_score,x,y,r,lon,lat,radius,geo_dist,local_time,n_radar_pixels,n_refAbove40_pixels,n_xcorrAbove0.95_pixels,n_xcorrBelow0.95_refAbove40_pixels
8,KCXX20230608_093840_V06,30.372,0.351,311.622,404.685,17.781,-73.094,44.040,8890.442,52663.943,20230608_053840,479168,39741,67935,19290
11,KCXX20230608_101353_V06,65.588,0.365,339.665,124.069,34.103,-72.914,45.302,17051.277,90173.580,20230608_061353,479169,39357,75990,19258
13,KCXX20230608_101353_V06,65.588,0.151,274.222,104.287,30.648,-73.331,45.392,15324.032,98701.717,20230608_061353,479169,39357,75990,19258
13,KCXX20230608_102055_V06,72.622,-1.000,274.222,104.287,41.831,-73.331,45.392,20915.532,98701.717,20230608_062055,479170,41330,77759,19825
13,KCXX20230608_102758_V06,79.672,0.086,262.947,119.439,22.771,-73.403,45.323,11385.576,92161.644,20230608_062758,479169,43348,79634,19863
14,KCXX20230608_101353_V06,65.588,0.090,373.535,202.145,44.247,-72.700,44.950,22123.688,61202.654,20230608_061353,479169,39357,75990,19258
8,KCXX20230610_090205_V06,-5.731,0.150,217.715,261.231,15.291,-73.685,44.684,7645.699,45480.592,20230610_050205,479165,16379,28273,10502
8,KCXX20230610_090641_V06,-1.131,0.072,218.399,262.075,22.147,-73.681,44.681,11073.454,44991.946,20230610_050641,479165,15476,27183,9915
11,KCXX20230610_092455_V06,17.102,0.102,220.962,283.735,15.364,-73.664,44.583,7682.222,40347.145,20230610_052455,479167,15923,24597,10720
2,KCXX20230613_082237_V06,-44.765,0.363,236.404,297.825,26.453,-73.566,44.520,13226.448,31816.499,20230613_042237,479167,149232,149310,26885
7,KCXX20230613_083916_V06,-28.115,0.134,232.724,276.815,28.800,-73.590,44.615,14399.797,35579.656,20230613_043916,479165,162110,160015,26476
3,KCXX20230617_082123_V06,-45.955,0.140,532.083,465.337,31.918,-71.725,43.758,15959.015,142477.113,20230617_042123,479167,112437,127345,27384
5,KCXX20230617_082714_V06,-40.105,0.096,77.837,338.831,10.527,-74.559,44.328,5263.637,112765.257,20230617_042714,479171,116434,131862,26926
5,KCXX20230618_102901_V06,81.596,0.056,309.898,91.013,12.666,-73.103,45.451,6332.954,104610.521,20230618_062901,479165,17008,41197,11234
1,KCXX20230622_080828_V06,-59.652,0.133,229.050,142.116,2.144,-73.618,45.221,1071.999,86546.536,20230622_040828,479166,13590,16067,12377
7,KCXX20230624_092913_V06,20.536,0.065,415.145,375.159,21.204,-72.447,44.171,10602.217,68751.765,20230624_052913,479164,106803,126128,17326
22,KCXX20230625_100157_V06,52.937,0.097,377.052,171.980,10.285,-72.677,45.086,5142.715,74709.472,20230625_060157,479164,12353,28385,9106
4,KCXX20230626_091919_V06,9.937,0.083,214.397,374.466,8.873,-73.702,44.175,4436.409,56729.553,20230626_051919,479169,16663,29982,10544
2,KCXX20230627_081114_V06,-58.545,0.082,185.722,328.880,2.564,-73.883,44.379,1281.851,58935.468,20230627_041114,479183,32253,31830,17900
1,KCXX20230628_081150_V06,-58.377,0.098,315.040,400.246,2.478,-73.073,44.060,1238.979,50683.894,20230628_041150,479173,35561,41193,12471
2,KCXX20230628_081150_V06,-58.377,0.061,185.797,328.854,2.195,-73.883,44.379,1097.658,58896.062,20230628_041150,479173,35561,41193,12471
2,KCXX20230629_081438_V06,-56.041,0.075,314.626,399.848,2.652,-73.075,44.062,1326.124,50456.536,20230629_041438,479181,30021,31739,17803
1,KCXX20230701_102321_V06,71.654,0.069,229.432,142.947,1.842,-73.616,45.217,920.912,86089.130,20230701_062321,479167,14270,24054,10354
1,KCXX20230705_085052_V06,-23.227,0.114,225.063,283.982,15.223,-73.638,44.582,7611.362,38314.731,20230705_045052,479172,24656,19878,22494
1,KCXX20230705_090433_V06,-9.544,0.184,221.887,279.612,23.546,-73.658,44.602,11772.829,40364.827,20230705_050433,479168,22960,24956,19908
2,KCXX20230705_090433_V06,-9.544,0.062,287.040,453.469,14.706,-73.247,43.820,7352.955,77007.504,20230705_050433,479168,22960,24956,19908
2,KCXX20230713_092135_V06,1.420,0.110,23.711,262.130,33.348,-74.909,44.668,16674.084,139435.941,20230713_052135,479168,48850,62681,17419
2,KCXX20230713_092656_V06,6.770,0.095,25.770,262.526,41.610,-74.896,44.667,20805.166,138389.468,20230713_052656,479173,50684,66751,16805
1,KCXX20230713_092135_V06,1.420,0.137,71.222,196.457,28.792,-74.616,44.968,14395.926,125559.521,20230713_052135,479168,48850,62681,17419
1,KCXX20230713_092656_V06,6.770,0.264,82.125,194.392,25.276,-74.548,44.978,12638.188,121060.513,20230713_052656,479173,50684,66751,16805
4,KCXX20230715_091037_V06,-11.294,0.067,294.944,181.075,28.445,-73.198,45.046,14222.301,59516.307,20230715_051037,479164,16849,27928,13703
7,KCXX20230716_084233_V06,-40.264,0.105,243.374,86.678,24.287,-73.528,45.470,12143.530,110354.825,20230716_044233,479190,113493,113676,27116
16,KCXX20230716_100755_V06,45.103,0.061,238.806,290.697,15.025,-73.551,44.552,7512.524,30948.416,20230716_060755,479177,213925,206482,34449
1,KCXX20230717_082436_V06,-59.136,0.079,223.647,125.389,6.581,-73.653,45.296,3290.672,95287.448,20230717_042436,479164,33548,24389,29218
15,KCXX20230718_092948_V06,5.124,0.080,244.516,241.346,21.072,-73.517,44.774,10536.058,40369.436,20230718_052948,479161,89629,94456,20421
15,KCXX20230718_093350_V06,9.158,0.108,244.955,240.673,26.621,-73.514,44.778,13310.472,40464.924,20230718_053350,479173,88883,94047,19361
11,KCXX20230718_090824_V06,-16.276,0.652,331.708,413.672,21.288,-72.969,43.999,10644.234,59005.919,20230718_050824,479159,105382,112661,21033
1,KCXX20230719_082831_V06,-57.116,0.055,184.244,329.287,2.808,-73.893,44.377,1403.934,59701.802,20230719_042831,479176,26896,27459,21854
4,KCXX20230722_091328_V06,-15.128,0.135,57.817,62.573,17.699,-74.718,45.569,8849.259,169576.059,20230722_051328,479167,25236,37261,17678
5,KCXX20230722_091328_V06,-15.128,0.092,239.359,147.129,69.682,-73.552,45.198,34841.019,82229.790,20230722_051328,479167,25236,37261,17678
7,KCXX20230722_100049_V06,32.222,0.188,302.840,408.689,22.172,-73.149,44.022,11086.208,54363.003,20230722_060049,479165,23938,45280,12906
1,KCXX20230723_093945_V06,10.140,0.055,321.199,97.938,2.889,-73.031,45.420,1444.622,101585.440,20230723_053945,479171,17182,22193,15196
1,KCXX20230724_083533_V06,-55.089,0.075,237.332,80.708,2.629,-73.567,45.497,1314.558,114035.522,20230724_043533,479163,31114,28446,24443
1,KCXX20230725_090528_V06,-26.212,0.249,310.253,156.031,11.781,-73.101,45.159,5890.347,72167.016,20230725_050528,479167,17865,16799,16686
1,KCXX20230725_091218_V06,-19.379,0.441,305.150,166.904,22.698,-73.134,45.110,11348.881,66597.984,20230725_051218,479167,20204,16601,19080
2,KCXX20230725_092602_V06,-5.646,0.058,312.105,410.609,18.593,-73.091,44.013,9296.265,55634.655,20230725_052602,479169,15427,17266,14330
1,KCXX20230726_091430_V06,-18.231,0.251,222.757,286.457,13.222,-73.653,44.571,6611.069,39210.737,20230726_051430,479175,17596,22648,15495
2,KCXX20230726_091845_V06,-13.981,0.083,299.673,175.358,26.116,-73.168,45.072,13058.086,62321.291,20230726_051845,479169,17157,22441,14952
3,KCXX20230728_092237_V06,-12.248,0.051,212.424,106.286,8.988,-73.725,45.381,4493.864,106295.146,20230728_052237,479169,20770,19129,19273
3,KCXX20230728_092926_V06,-5.431,0.867,216.619,107.885,22.738,-73.699,45.374,11369.126,104714.633,20230728_052926,479171,17270,20315,15736
3,KCXX20230728_093614_V06,1.369,0.313,223.985,109.332,32.325,-73.652,45.368,16162.403,102630.927,20230728_053614,479163,15059,21448,13713
2,KCXX20230728_091548_V06,-19.064,0.054,304.765,184.105,25.988,-73.136,45.033,12994.167,57996.223,20230728_051548,479167,22724,19471,21242
2,KCXX20230729_093146_V06,-4.179,0.744,274.981,381.803,10.735,-73.323,44.143,5367.596,42771.864,20230729_053146,479168,35809,16459,34365
2,KCXX20230729_093835_V06,2.638,0.105,274.222,381.312,19.866,-73.327,44.145,9932.929,42650.054,20230729_053835,479169,40872,16693,39320
2,KCXX20230729_094528_V06,9.521,0.489,274.934,383.128,22.085,-73.323,44.137,11042.374,43412.708,20230729_054528,479168,42550,17251,40635
2,KCXX20230729_095218_V06,16.355,0.688,275.834,393.795,22.427,-73.317,44.089,11213.288,48428.967,20230729_055218,479172,42565,18280,40158
12,KCXX20230729_095218_V06,16.355,0.292,157.230,163.498,3.920,-74.074,45.122,1960.133,98762.403,20230729_055218,479172,42565,18280,40158
12,KCXX20230729_100612_V06,30.255,0.725,154.948,166.941,13.562,-74.088,45.106,6780.847,98418.220,20230729_060612,479168,39330,20168,36016
12,KCXX20230729_101306_V06,37.155,0.515,157.503,165.887,14.729,-74.072,45.111,7364.560,97841.294,20230729_061306,479169,36070,20439,32791
12,KCXX20230729_102005_V06,44.138,0.084,160.994,164.960,16.457,-74.050,45.115,8228.323,96900.123,20230729_062005,479167,32784,20776,29546
1,KCXX20230729_093146_V06,-4.179,0.877,289.806,156.917,7.918,-73.231,45.155,3958.939,71722.957,20230729_053146,479168,35809,16459,34365
1,KCXX20230729_093835_V06,2.638,0.880,288.299,159.744,13.518,-73.241,45.142,6759.069,70371.706,20230729_053835,479169,40872,16693,39320
1,KCXX20230729_094528_V06,9.521,0.312,286.106,162.645,20.327,-73.255,45.129,10163.653,69028.164,20230729_054528,479168,42550,17251,40635
10,KCXX20230729_095218_V06,16.355,0.517,201.469,171.490,7.210,-73.792,45.088,3604.988,80967.908,20230729_055218,479172,42565,18280,40158
10,KCXX20230729_100612_V06,30.255,0.255,200.893,174.275,17.484,-73.796,45.075,8741.757,80045.449,20230729_060612,479168,39330,20168,36016
10,KCXX20230729_101306_V06,37.155,0.319,188.129,169.381,30.138,-73.877,45.097,15068.751,85989.025,20230729_061306,479169,36070,20439,32791
6,KCXX20230729_093146_V06,-4.179,0.073,305.105,117.301,2.997,-73.134,45.333,1498.497,91385.321,20230729_053146,479168,35809,16459,34365
6,KCXX20230729_093835_V06,2.638,0.564,304.561,118.155,11.192,-73.137,45.329,5596.073,90951.224,20230729_053835,479169,40872,16693,39320
5,KCXX20230729_093146_V06,-4.179,0.100,305.762,185.327,12.891,-73.130,45.027,6445.446,57408.698,20230729_053146,479168,35809,16459,34365
16,KCXX20230729_101306_V06,37.155,0.324,312.432,115.805,16.713,-73.087,45.340,8356.682,92307.122,20230729_061306,479169,36070,20439,32791
2,KCXX20230730_092731_V06,-9.518,0.895,300.148,158.479,5.630,-73.165,45.148,2815.220,70760.704,20230730_052731,479167,16316,13276,15716
2,KCXX20230730_093426_V06,-2.601,0.933,302.234,162.618,11.778,-73.152,45.129,5889.072,68699.974,20230730_053426,479169,17038,13614,16326
2,KCXX20230730_094112_V06,4.165,0.894,304.918,165.898,14.995,-73.135,45.114,7497.417,67095.828,20230730_054112,479167,17005,14345,16178
2,KCXX20230730_094801_V06,10.982,0.581,306.795,167.838,18.564,-73.123,45.106,9282.181,66168.260,20230730_054801,479166,17235,15283,16404
2,KCXX20230730_100152_V06,24.832,0.578,307.553,165.228,21.138,-73.118,45.117,10568.822,67491.734,20230730_060152,479167,18365,17881,17400
2,KCXX20230730_100842_V06,31.665,0.230,309.928,164.932,27.674,-73.103,45.119,13837.235,67716.169,20230730_060842,479166,18328,19213,17282
2,KCXX20230730_101543_V06,38.682,0.142,311.007,168.071,30.855,-73.096,45.105,15427.566,66193.648,20230730_061543,479168,17049,20605,16088
4,KCXX20230730_092731_V06,-9.518,0.057,200.150,157.543,5.428,-73.801,45.150,2714.220,86982.822,20230730_052731,479167,16316,13276,15716
4,KCXX20230730_093426_V06,-2.601,0.651,200.633,159.487,11.341,-73.798,45.142,5670.376,86048.891,20230730_053426,479169,17038,13614,16326
4,KCXX20230730_094112_V06,4.165,0.752,204.332,164.128,15.020,-73.774,45.121,7510.208,83086.791,20230730_054112,479167,17005,14345,16178
4,KCXX20230730_094801_V06,10.982,0.817,205.796,170.703,20.217,-73.765,45.091,10108.719,79987.610,20230730_054801,479166,17235,15283,16404
4,KCXX20230730_100152_V06,24.832,0.505,207.549,176.687,27.038,-73.753,45.064,13519.159,77060.713,20230730_060152,479167,18365,17881,17400
4,KCXX20230730_100842_V06,31.665,0.195,206.919,180.151,31.175,-73.757,45.049,15587.422,75874.481,20230730_060842,479166,18328,19213,17282
5,KCXX20230730_093426_V06,-2.601,0.110,303.240,125.318,10.771,-73.146,45.297,5385.315,87356.120,20230730_053426,479169,17038,13614,16326
5,KCXX20230730_094112_V06,4.165,0.434,303.066,125.062,18.235,-73.147,45.298,9117.585,87482.506,20230730_054112,479167,17005,14345,16178
5,KCXX20230730_094801_V06,10.982,0.428,305.274,127.343,19.874,-73.133,45.288,9937.036,86368.553,20230730_054801,479166,17235,15283,16404
5,KCXX20230730_100152_V06,24.832,0.505,307.663,129.348,22.839,-73.118,45.279,11419.438,85412.140,20230730_060152,479167,18365,17881,17400
5,KCXX20230730_100842_V06,31.665,0.271,311.691,125.042,21.258,-73.092,45.298,10628.855,87674.240,20230730_060842,479166,18328,19213,17282
5,KCXX20230730_101543_V06,38.682,0.057,308.272,125.090,23.016,-73.114,45.298,11507.998,87552.503,20230730_061543,479168,17049,20605,16088
1,KCXX20230730_092041_V06,-16.351,0.187,196.124,125.031,18.659,-73.829,45.296,9329.296,101740.322,20230730_052041,479167,17804,13802,17090
1,KCXX20230730_092731_V06,-9.518,0.260,196.026,127.439,27.346,-73.829,45.286,13673.073,100732.103,20230730_052731,479167,16316,13276,15716
7,KCXX20230730_093426_V06,-2.601,0.073,280.085,387.242,8.415,-73.291,44.118,4207.638,44742.863,20230730_053426,479169,17038,13614,16326
7,KCXX20230730_094112_V06,4.165,-1.000,280.085,387.242,19.174,-73.291,44.118,9587.138,44742.863,20230730_054112,479167,17005,14345,16178
7,KCXX20230730_094801_V06,10.982,0.163,278.804,390.185,20.893,-73.299,44.105,10446.253,46321.073,20230730_054801,479166,17235,15283,16404
8,KCXX20230730_094801_V06,10.982,0.128,253.179,132.940,3.526,-73.465,45.262,1762.915,86748.669,20230730_054801,479166,17235,15283,16404
8,KCXX20230730_100152_V06,24.832,0.109,253.725,134.066,15.663,-73.461,45.257,7831.550,86132.962,20230730_060152,479167,18365,17881,17400
9,KCXX20230730_100152_V06,24.832,0.175,205.427,137.689,22.214,-73.769,45.240,11107.004,93926.603,20230730_060152,479167,18365,17881,17400
9,KCXX20230730_100842_V06,31.665,0.060,205.041,140.081,31.728,-73.771,45.229,15863.767,92993.755,20230730_060842,479166,18328,19213,17282
6,KCXX20230730_093426_V06,-2.601,0.075,290.453,409.585,23.999,-73.226,44.018,11999.443,55000.228,20230730_053426,479169,17038,13614,16326
2,KCXX20230731_092825_V06,-9.716,0.069,209.273,111.112,19.426,-73.745,45.360,9712.851,104773.832,20230731_052825,479169,16190,22757,11273
1,KCXX20230801_093216_V06,-6.970,0.910,302.241,156.926,9.272,-73.152,45.155,4636.139,71545.852,20230801_053216,479166,16606,12937,15697
1,KCXX20230801_093902_V06,-0.204,0.935,302.521,157.300,15.688,-73.150,45.153,7844.144,71361.053,20230801_053902,479168,18546,13682,17585
1,KCXX20230801_094548_V06,6.563,0.902,305.931,160.849,23.439,-73.129,45.137,11719.639,69638.551,20230801_054548,479167,19878,14097,18871
1,KCXX20230801_095248_V06,13.563,0.598,306.441,159.090,25.762,-73.125,45.145,12881.157,70528.627,20230801_055248,479167,20485,15395,19327
1,KCXX20230801_100638_V06,27.396,0.181,307.834,157.761,33.684,-73.117,45.151,16842.022,71227.323,20230801_060638,479168,19940,16877,18706
4,KCXX20230801_093902_V06,-0.204,0.661,198.870,157.091,7.429,-73.809,45.152,3714.272,87535.966,20230801_053902,479168,18546,13682,17585
4,KCXX20230801_094548_V06,6.563,0.855,199.737,158.834,11.354,-73.804,45.144,5676.972,86574.158,20230801_054548,479167,19878,14097,18871
4,KCXX20230801_095248_V06,13.563,0.190,201.418,162.330,14.430,-73.793,45.129,7215.217,84663.377,20230801_055248,479167,20485,15395,19327
4,KCXX20230801_100638_V06,27.396,0.209,203.231,161.170,17.151,-73.781,45.134,8575.575,84613.705,20230801_060638,479168,19940,16877,18706
4,KCXX20230801_101333_V06,34.313,0.082,202.969,165.929,22.252,-73.783,45.113,11126.134,82749.608,20230801_061333,479166,19687,17637,18428
3,KCXX20230801_093902_V06,-0.204,0.666,277.171,378.738,13.702,-73.309,44.157,6850.868,40990.241,20230801_053902,479168,18546,13682,17585
3,KCXX20230801_094548_V06,6.563,0.332,278.493,379.564,21.624,-73.301,44.153,10811.812,41209.725,20230801_054548,479167,19878,14097,18871
3,KCXX20230801_095248_V06,13.563,0.081,280.555,388.448,22.659,-73.288,44.113,11329.642,45280.372,20230801_055248,479167,20485,15395,19327
7,KCXX20230801_094548_V06,6.563,0.103,159.938,170.421,8.671,-74.056,45.091,4335.316,95404.470,20230801_054548,479167,19878,14097,18871
7,KCXX20230801_095248_V06,13.563,0.079,160.822,171.037,17.032,-74.050,45.088,8516.124,94871.028,20230801_055248,479167,20485,15395,19327
7,KCXX20230801_100638_V06,27.396,0.181,185.884,175.466,30.219,-73.891,45.069,15109.590,84455.854,20230801_060638,479168,19940,16877,18706
2,KCXX20230801_093216_V06,-6.970,0.054,298.184,124.184,11.629,-73.178,45.302,5814.297,87912.496,20230801_053216,479166,16606,12937,15697
2,KCXX20230801_093902_V06,-0.204,0.110,298.089,122.887,18.868,-73.179,45.308,9434.111,88561.545,20230801_053902,479168,18546,13682,17585
9,KCXX20230801_095248_V06,13.563,0.069,313.752,68.447,10.393,-73.078,45.553,5196.663,115980.714,20230801_055248,479167,20485,15395,19327
10,KCXX20230801_101333_V06,34.313,0.294,300.146,116.877,23.807,-73.165,45.335,11903.622,91561.736,20230801_061333,479166,19687,17637,18428
10,KCXX20230801_102024_V06,41.163,-1.000,300.146,116.877,34.699,-73.165,45.335,17349.372,91561.736,20230801_062024,479172,18862,18568,17559
10,KCXX20230801_102724_V06,48.163,0.134,305.109,112.086,27.088,-73.134,45.357,13543.777,93991.512,20230801_062724,479167,18039,18838,16871
1,KCXX20230802_093248_V06,-7.549,0.738,203.081,113.563,24.031,-73.785,45.348,12015.362,105061.821,20230802_053248,479168,13339,15727,12598
1,KCXX20230802_093948_V06,-0.549,0.798,204.049,117.561,32.116,-73.778,45.330,16058.120,103066.155,20230802_053948,479169,13862,16193,13026
1,KCXX20230802_094649_V06,6.468,0.563,206.465,118.143,37.673,-73.763,45.328,18836.493,102250.446,20230802_054649,479166,13312,16517,12482
1,KCXX20230803_084203_V06,-59.417,0.054,186.093,328.906,2.521,-73.881,44.379,1260.538,58758.788,20230803_044203,479165,14113,18786,10981
2,KCXX20230805_094652_V06,3.145,0.631,200.376,161.463,8.944,-73.800,45.133,4471.998,85319.299,20230805_054652,479170,18551,18359,17579
2,KCXX20230805_100355_V06,20.195,0.316,200.043,165.891,19.816,-73.802,45.113,9908.085,83631.324,20230805_060355,479168,23309,18381,22038
6,KCXX20230805_102930_V06,45.778,0.141,310.648,113.331,15.708,-73.098,45.351,7854.092,93486.161,20230805_062930,479167,20365,20268,18841
6,KCXX20230805_103801_V06,54.295,-1.000,310.648,113.331,29.250,-73.098,45.351,14624.842,93486.161,20230805_063801,479169,19227,20428,17710
6,KCXX20230805_104631_V06,62.795,0.087,323.564,111.295,30.452,-73.016,45.360,15225.771,95085.180,20230805_064631,479165,18165,20378,16659
1,KCXX20230805_092950_V06,-13.889,0.080,208.445,119.848,30.613,-73.750,45.320,15306.536,101040.815,20230805_052950,479167,15887,19428,14481
3,KCXX20230805_094652_V06,3.145,0.319,269.523,140.649,12.075,-73.360,45.228,6037.403,81119.767,20230805_054652,479170,18551,18359,17579
3,KCXX20230805_100355_V06,20.195,-1.000,269.523,140.649,39.184,-73.360,45.228,19592.153,81119.767,20230805_060355,479168,23309,18381,22038
3,KCXX20230805_101227_V06,28.728,0.261,274.670,145.599,32.053,-73.328,45.206,16026.417,78232.384,20230805_061227,479167,23125,18757,21824
1,KCXX20230806_093228_V06,-12.391,0.617,202.680,118.898,20.476,-73.787,45.324,10238.220,102797.539,20230806_053228,479167,18257,16641,16968
1,KCXX20230806_093924_V06,-5.457,0.835,205.066,120.722,30.252,-73.772,45.316,15126.104,101431.275,20230806_053924,479168,21177,16735,19696
1,KCXX20230806_094620_V06,1.476,0.328,206.072,121.914,36.005,-73.765,45.311,18002.673,100669.245,20230806_054620,479169,23334,18032,21727
2,KCXX20230806_093228_V06,-12.391,0.270,308.195,157.176,8.144,-73.114,45.154,4071.934,71529.245,20230806_053228,479167,18257,16641,16968
2,KCXX20230806_093924_V06,-5.457,0.823,307.748,157.237,11.030,-73.117,45.153,5515.157,71486.790,20230806_053924,479168,21177,16735,19696
2,KCXX20230806_094620_V06,1.476,0.121,307.970,159.216,12.908,-73.116,45.145,6453.945,70504.952,20230806_054620,479169,23334,18032,21727
5,KCXX20230806_093924_V06,-5.457,0.153,302.217,390.185,13.999,-73.153,44.105,6999.376,45105.996,20230806_053924,479168,21177,16735,19696
6,KCXX20230806_095315_V06,8.393,0.383,333.355,51.740,16.862,-72.953,45.628,8431.198,125245.518,20230806_055315,479165,24331,18496,22376
7,KCXX20230806_102057_V06,36.093,0.222,310.775,116.446,14.618,-73.098,45.337,7308.895,91934.932,20230806_062057,479167,16774,20262,15419
1,KCXX20230807_094319_V06,-2.681,0.519,298.024,145.913,6.655,-73.179,45.204,3327.435,77049.657,20230807_054319,479164,48215,46195,26773
1,KCXX20230807_094812_V06,2.202,0.293,298.025,145.862,12.996,-73.179,45.205,6497.852,77075.370,20230807_054812,479172,49771,47778,27276
8,KCXX20230808_105225_V06,65.274,0.058,18.509,427.431,20.614,-74.919,43.924,10307.199,154495.697,20230808_065225,479165,90667,99376,16172
3,KCXX20230809_092619_V06,-21.975,0.303,210.373,111.627,8.354,-73.738,45.357,4177.128,104304.251,20230809_052619,479168,18998,16519,17711
3,KCXX20230809_093313_V06,-15.075,0.432,211.039,118.697,19.636,-73.734,45.325,9818.136,100976.176,20230809_053313,479165,17877,16350,16821
3,KCXX20230809_094008_V06,-8.159,0.409,217.845,133.244,28.360,-73.690,45.260,14179.797,92947.282,20230809_054008,479166,19350,16205,18303
3,KCXX20230809_094704_V06,-1.225,0.325,224.392,143.431,34.214,-73.648,45.215,17106.823,86934.568,20230809_054704,479166,20122,16994,18989
3,KCXX20230809_100054_V06,12.608,0.214,220.244,117.215,15.351,-73.675,45.332,7675.568,99713.588,20230809_060054,479169,25599,17067,24425
8,KCXX20230809_094704_V06,-1.225,0.214,302.755,399.658,8.596,-73.149,44.063,4298.103,49848.218,20230809_054704,479166,20122,16994,18989
8,KCXX20230809_100054_V06,12.608,0.185,301.963,396.346,20.704,-73.154,44.078,10351.855,48183.085,20230809_060054,479169,25599,17067,24425
9,KCXX20230809_094704_V06,-1.225,0.203,308.511,158.612,8.301,-73.112,45.147,4150.642,70821.839,20230809_054704,479166,20122,16994,18989
9,KCXX20230809_100054_V06,12.608,0.093,326.350,160.912,34.730,-72.999,45.137,17364.784,70781.070,20230809_060054,479169,25599,17067,24425
1,KCXX20230809_085144_V06,-56.559,0.083,186.490,328.877,2.612,-73.879,44.379,1305.899,58562.840,20230809_045144,479168,39074,23575,33624
6,KCXX20230809_094008_V06,-8.159,0.099,305.791,398.676,9.608,-73.130,44.067,4804.062,49422.953,20230809_054008,479166,19350,16205,18303
17,KCXX20230809_100749_V06,19.525,0.200,208.926,181.832,42.393,-73.744,45.041,21196.571,74595.703,20230809_060749,479169,27605,17405,26258
17,KCXX20230809_101444_V06,26.441,-1.000,208.926,181.832,53.391,-73.744,45.041,26695.321,74595.703,20230809_061444,479167,26391,17599,24817
17,KCXX20230809_102139_V06,33.358,0.074,195.279,193.315,41.145,-73.830,44.989,20572.662,74746.420,20230809_062139,479164,24516,18304,22992
1,KCXX20230810_093641_V06,-12.761,0.590,304.651,150.816,3.387,-73.137,45.182,1693.367,74628.105,20230810_053641,479166,21997,14902,20750
1,KCXX20230810_094336_V06,-5.845,0.941,309.378,154.246,9.166,-73.107,45.167,4582.937,73027.559,20230810_054336,479167,28381,14202,26905
5,KCXX20230810_094336_V06,-5.845,0.733,210.232,112.416,23.199,-73.739,45.354,11599.342,103978.615,20230810_054336,479167,28381,14202,26905
5,KCXX20230810_095031_V06,1.072,0.371,214.189,113.093,32.037,-73.714,45.351,16018.288,102832.125,20230810_055031,479170,29741,14884,28110
7,KCXX20230810_095031_V06,1.072,0.157,300.701,389.011,10.363,-73.162,44.111,5181.501,44507.086,20230810_055031,479170,29741,14884,28110
8,KCXX20230810_104551_V06,56.405,0.129,229.701,142.498,1.989,-73.614,45.219,994.335,86239.173,20230810_064551,479169,14453,16606,13483
7,KCXX20230811_094930_V06,-1.101,0.052,303.688,393.233,9.002,-73.143,44.092,4501.116,46652.967,20230811_054930,479167,25372,31328,15089
7,KCXX20230811_095354_V06,3.299,0.138,303.937,392.293,15.979,-73.142,44.096,7989.644,46188.413,20230811_055354,479174,25697,30890,15398
4,KCXX20230811_090102_V06,-49.567,0.515,189.058,111.538,19.928,-73.874,45.357,9963.961,109345.867,20230811_050102,479166,43014,27769,33109
6,KCXX20230811_094041_V06,-9.917,0.107,261.392,416.837,7.615,-73.407,43.985,3807.560,61525.240,20230811_054041,479165,24073,31392,13665
1,KCXX20230812_093453_V06,-16.876,0.074,206.456,102.630,8.520,-73.764,45.398,4260.040,109207.773,20230812_053453,479167,13612,16767,12396
1,KCXX20230812_094144_V06,-10.026,0.343,202.008,102.926,22.806,-73.792,45.396,11402.958,110045.942,20230812_054144,479169,14308,16192,13252
1,KCXX20230812_094835_V06,-3.176,0.285,201.801,104.867,32.515,-73.793,45.387,16257.362,109224.259,20230812_054835,479170,15987,15796,14867
2,KCXX20230812_094835_V06,-3.176,0.642,302.085,387.433,14.705,-73.153,44.118,7352.293,43728.762,20230812_054835,479170,15987,15796,14867
3,KCXX20230813_094039_V06,-12.270,0.058,188.228,329.261,14.311,-73.868,44.377,7155.476,57769.195,20230813_054039,479187,19108,31744,12157
1,KCXX20230814_094428_V06,-9.617,0.804,217.515,112.045,18.489,-73.693,45.356,9244.499,102628.959,20230814_054428,479170,16524,18531,15284
1,KCXX20230814_095110_V06,-2.917,0.843,223.544,113.355,29.278,-73.654,45.350,14638.948,100848.780,20230814_055110,479168,17885,18225,16643
1,KCXX20230814_100215_V06,8.166,0.103,224.477,115.122,35.990,-73.648,45.342,17995.162,99854.320,20230814_060215,479171,16724,22425,15038
1,KCXX20230815_094148_V06,-13.448,0.323,186.357,114.295,16.376,-73.891,45.344,8187.887,108859.068,20230815_054148,479171,98240,103072,23503
1,KCXX20230815_094750_V06,-7.415,0.814,186.437,113.822,24.618,-73.891,45.346,12309.008,109039.642,20230815_054750,479169,100191,104409,23426
1,KCXX20230815_095353_V06,-1.365,0.713,188.566,114.733,32.877,-73.877,45.342,16438.360,108098.836,20230815_055353,479167,104847,106062,25696
1,KCXX20230815_100556_V06,10.685,0.401,188.101,114.586,43.292,-73.880,45.343,21646.113,108281.884,20230815_060556,479173,108779,105494,29305
5,KCXX20230815_105034_V06,55.318,0.374,208.675,175.742,6.772,-73.746,45.069,3385.767,77104.213,20230815_065034,479168,73622,81643,21924
5,KCXX20230815_110042_V06,65.452,0.609,207.653,174.490,14.349,-73.753,45.074,7174.506,77911.246,20230815_070042,479165,63480,72822,20225
5,KCXX20230815_110601_V06,70.768,0.420,204.996,174.947,16.582,-73.770,45.072,8290.998,78523.868,20230815_070601,479167,60542,70725,19903
2,KCXX20230815_101143_V06,16.468,0.670,36.663,362.691,42.810,-74.814,44.217,21405.025,135348.230,20230815_061143,479170,105248,103779,28398
2,KCXX20230815_101731_V06,22.268,0.420,38.398,360.865,49.385,-74.804,44.225,24692.671,134294.594,20230815_061731,479171,101537,101303,28008
3,KCXX20230815_101143_V06,16.468,0.231,244.483,126.795,16.638,-73.520,45.290,8319.233,90942.448,20230815_061143,479170,105248,103779,28398
3,KCXX20230815_101731_V06,22.268,0.143,243.624,126.363,23.281,-73.526,45.292,11640.498,91279.930,20230815_061731,479171,101537,101303,28008
4,KCXX20230816_100337_V06,7.202,0.180,208.976,93.251,16.404,-73.748,45.440,8202.036,112949.657,20230816_060337,479164,86395,94619,22311
1,KCXX20230817_093503_V06,-22.532,0.384,205.478,102.021,6.715,-73.770,45.400,3357.628,109692.657,20230817_053503,479162,16273,16583,15107
1,KCXX20230817_094205_V06,-15.498,0.849,203.897,100.403,15.774,-73.780,45.408,7886.934,110764.203,20230817_054205,479165,14884,16731,13784
1,KCXX20230817_094851_V06,-8.732,0.893,200.290,101.775,27.852,-73.803,45.401,13926.243,110945.110,20230817_054851,479168,19828,17593,18404
1,KCXX20230817_100232_V06,4.952,0.483,212.552,106.825,36.748,-73.725,45.379,18374.225,106023.507,20230817_060232,479169,21974,19581,19870
4,KCXX20230817_094205_V06,-15.498,0.117,192.679,159.826,2.869,-73.849,45.140,1434.500,88270.250,20230817_054205,479165,14884,16731,13784
4,KCXX20230817_094851_V06,-8.732,0.139,192.917,160.322,9.973,-73.847,45.138,4986.568,88001.170,20230817_054851,479168,19828,17593,18404
4,KCXX20230817_100232_V06,4.952,0.242,196.131,164.085,15.375,-73.826,45.121,7687.736,85529.993,20230817_060232,479169,21974,19581,19870
7,KCXX20230817_100923_V06,11.802,0.807,252.960,140.644,8.339,-73.466,45.228,4169.510,83076.848,20230817_060923,479170,21230,20097,18947
7,KCXX20230817_101618_V06,18.718,0.051,254.383,139.849,18.639,-73.457,45.231,9319.355,83260.550,20230817_061618,479166,20260,21343,17544
2,KCXX20230819_091536_V06,-44.318,0.188,308.982,366.589,25.306,-73.110,44.211,12652.811,33596.046,20230819_051536,479173,63497,64908,32957
4,KCXX20230819_091536_V06,-44.318,0.061,305.451,190.197,8.574,-73.132,45.005,4287.048,54969.294,20230819_051536,479173,63497,64908,32957
5,KCXX20230819_092512_V06,-34.718,0.111,60.592,309.893,60.035,-74.671,44.457,30017.256,119806.388,20230819_052512,479167,61705,61645,33109
10,KCXX20230819_100054_V06,0.982,0.324,118.638,494.866,57.188,-74.290,43.629,28593.935,133102.460,20230819_060054,479170,54168,79017,14606
12,KCXX20230819_100054_V06,0.982,0.067,222.358,48.810,30.773,-73.664,45.640,15386.515,131458.107,20230819_060054,479170,54168,79017,14606
14,KCXX20230819_100551_V06,5.932,0.090,32.383,458.290,44.069,-74.829,43.787,22034.309,155462.623,20230819_060551,479168,54012,78550,14296
14,KCXX20230819_101055_V06,10.999,-1.000,32.383,458.290,52.125,-74.829,43.787,26062.309,155462.623,20230819_061055,479168,53826,77189,14458
14,KCXX20230819_101544_V06,15.816,0.050,31.631,460.166,40.369,-74.833,43.778,20184.395,156264.898,20230819_061544,479164,54421,77461,14273
20,KCXX20230819_103817_V06,38.366,0.058,25.091,476.436,30.954,-74.872,43.704,15476.822,163328.413,20230819_063817,479164,56253,79550,14579
4,KCXX20230821_104333_V06,41.295,0.128,27.624,222.405,33.081,-74.889,44.847,16540.653,141606.538,20230821_064333,479169,24004,22029,19061
4,KCXX20230821_105035_V06,48.329,0.114,29.493,223.860,40.243,-74.877,44.841,20121.550,140509.456,20230821_065035,479164,22616,23232,17160
8,KCXX20230821_111842_V06,76.445,0.511,236.131,113.192,13.559,-73.574,45.351,6779.343,98712.210,20230821_071842,479169,22531,24678,16517
8,KCXX20230821_112542_V06,83.445,0.255,237.135,115.372,22.211,-73.567,45.341,11105.571,97518.572,20230821_072542,479170,22330,26386,15621
7,KCXX20230821_110438_V06,62.379,0.073,316.501,158.031,59.317,-73.061,45.150,29658.600,71462.178,20230821_070438,479166,20500,23542,15446
4,KCXX20230822_094713_V06,-16.206,0.061,317.886,139.410,4.382,-73.053,45.234,2190.773,80791.398,20230822_054713,479167,14903,15855,13275
4,KCXX20230822_100117_V06,-2.140,0.063,279.810,135.227,12.345,-73.295,45.252,6172.604,83002.831,20230822_060117,479171,19448,15415,17901
4,KCXX20230822_100932_V06,6.110,0.920,248.915,149.278,18.380,-73.491,45.189,9190.077,79571.907,20230822_060932,479167,26178,16180,24381
4,KCXX20230822_101634_V06,13.144,0.911,249.402,156.674,29.048,-73.488,45.156,14524.163,75997.591,20230822_061634,479169,30802,17127,28656
4,KCXX20230822_102336_V06,20.177,0.514,250.799,158.177,31.021,-73.479,45.149,15510.526,75057.614,20230822_062336,479165,30143,17649,27997
2,KCXX20230822_094713_V06,-16.206,0.107,317.017,137.001,2.655,-73.058,45.244,1327.473,81942.323,20230822_054713,479167,14903,15855,13275
2,KCXX20230822_100117_V06,-2.140,0.051,317.309,145.292,13.330,-73.056,45.207,6665.109,77836.446,20230822_060117,479171,19448,15415,17901
2,KCXX20230822_100932_V06,6.110,0.880,312.149,155.727,17.895,-73.089,45.160,8947.464,72391.969,20230822_060932,479167,26178,16180,24381
2,KCXX20230822_101634_V06,13.144,0.560,309.505,156.438,32.388,-73.106,45.157,16194.186,71938.334,20230822_061634,479169,30802,17127,28656
6,KCXX20230822_100117_V06,-2.140,0.674,192.294,167.701,9.948,-73.851,45.104,4974.186,85298.600,20230822_060117,479171,19448,15415,17901
6,KCXX20230822_100932_V06,6.110,0.720,192.257,171.299,18.335,-73.851,45.088,9167.258,83923.082,20230822_060932,479167,26178,16180,24381
6,KCXX20230822_101634_V06,13.144,0.711,192.781,177.601,24.561,-73.847,45.060,12280.265,81359.132,20230822_061634,479169,30802,17127,28656
6,KCXX20230822_102336_V06,20.177,0.507,192.630,180.771,29.940,-73.848,45.046,14970.219,80224.482,20230822_062336,479165,30143,17649,27997
1,KCXX20230822_094713_V06,-16.206,0.804,191.113,120.695,14.979,-73.861,45.316,7489.624,104888.726,20230822_054713,479167,14903,15855,13275
1,KCXX20230822_100117_V06,-2.140,0.664,192.786,126.610,29.536,-73.850,45.289,14767.997,101930.035,20230822_060117,479171,19448,15415,17901
1,KCXX20230822_100932_V06,6.110,0.345,194.185,128.003,31.145,-73.841,45.283,15572.750,100970.307,20230822_060932,479167,26178,16180,24381
12,KCXX20230822_110535_V06,62.160,0.119,325.548,114.976,37.154,-73.003,45.343,18576.794,93389.922,20230822_070535,479165,21594,19211,19573
12,KCXX20230822_111236_V06,69.177,0.050,325.098,117.207,43.865,-73.006,45.333,21932.422,92254.032,20230822_071236,479165,20327,19239,18370
5,KCXX20230822_100117_V06,-2.140,0.960,250.327,143.124,13.259,-73.483,45.217,6629.627,82276.115,20230822_060117,479171,19448,15415,17901
8,KCXX20230822_100117_V06,-2.140,0.057,262.080,132.605,2.944,-73.408,45.264,1471.802,85818.286,20230822_060117,479171,19448,15415,17901
11,KCXX20230822_101634_V06,13.144,0.143,304.766,95.155,25.909,-73.136,45.433,12954.491,102450.230,20230822_061634,479169,30802,17127,28656
1,KCXX20230823_094613_V06,-18.374,0.159,195.185,116.766,13.650,-73.835,45.334,6825.197,105547.407,20230823_054613,479170,11042,19168,9351
1,KCXX20230823_095315_V06,-11.341,0.521,197.591,118.607,24.481,-73.819,45.325,12240.505,104152.466,20230823_055315,479166,10877,18221,9433
1,KCXX20230823_100653_V06,2.293,0.116,198.821,122.950,40.196,-73.811,45.306,20098.214,101960.678,20230823_060653,479168,13718,18956,11992
2,KCXX20230823_095315_V06,-11.341,0.347,250.080,129.002,3.377,-73.484,45.280,1688.391,89067.607,20230823_055315,479166,10877,18221,9433
1,KCXX20230824_100138_V06,-4.124,0.317,190.417,102.493,24.690,-73.866,45.398,12344.841,112934.957,20230824_060138,479165,20749,18123,18668
1,KCXX20230824_100821_V06,2.592,0.137,188.819,103.187,32.669,-73.876,45.394,16334.660,113022.581,20230824_060821,479170,20897,19639,18823
1,KCXX20230824_101523_V06,9.626,0.064,188.023,106.206,36.177,-73.881,45.381,18088.670,111909.453,20230824_061523,479168,21014,20107,18735
8,KCXX20230825_103535_V06,28.659,0.080,177.127,408.617,34.463,-73.933,44.020,17231.707,81999.075,20230825_063535,479168,40515,69156,10596
1,KCXX20230826_093455_V06,-33.173,0.127,250.268,380.365,21.845,-73.477,44.149,10922.445,47254.090,20230826_053455,479166,44685,29804,32904
2,KCXX20230826_100241_V06,-5.407,0.536,203.759,115.688,18.625,-73.780,45.339,9312.353,103963.029,20230826_060241,479165,20633,31295,10603
7,KCXX20230826_103844_V06,30.643,0.051,16.581,294.116,25.298,-74.949,44.524,12648.885,141740.068,20230826_063844,479170,14881,23363,10738
10,KCXX20230826_111631_V06,68.427,0.053,227.693,285.702,17.852,-73.622,44.575,8925.770,36853.750,20230826_071631,479161,21019,29330,12485
2,KCXX20230827_100101_V06,-8.238,0.932,242.817,135.208,5.502,-73.531,45.252,2751.162,87215.900,20230827_060101,479167,13982,17164,12157
2,KCXX20230827_100743_V06,-1.538,0.981,241.078,138.923,10.730,-73.542,45.235,5364.943,85757.774,20230827_060743,479163,14944,17301,13128
2,KCXX20230827_101433_V06,5.295,0.915,240.614,139.066,15.269,-73.545,45.235,7634.587,85770.751,20230827_061433,479168,16260,17631,14394
2,KCXX20230827_102123_V06,12.129,0.802,240.892,140.082,20.793,-73.543,45.230,10396.594,85246.080,20230827_062123,479169,18014,17169,16192
2,KCXX20230827_102814_V06,18.979,0.092,242.495,141.967,31.529,-73.532,45.222,15764.573,84084.995,20230827_062814,479168,20138,17154,18036
3,KCXX20230827_100101_V06,-8.238,0.739,185.367,121.521,18.514,-73.897,45.312,9256.901,106060.936,20230827_060101,479167,13982,17164,12157
3,KCXX20230827_100743_V06,-1.538,0.820,186.866,125.662,27.136,-73.887,45.293,13568.134,103914.421,20230827_060743,479163,14944,17301,13128
3,KCXX20230827_101433_V06,5.295,0.776,188.817,129.674,33.573,-73.875,45.275,16786.461,101701.292,20230827_061433,479168,16260,17631,14394
3,KCXX20230827_102123_V06,12.129,0.554,187.620,128.512,38.935,-73.883,45.280,19467.376,102515.178,20230827_062123,479169,18014,17169,16192
3,KCXX20230827_102814_V06,18.979,0.278,183.904,124.104,36.667,-73.906,45.300,18333.561,105377.816,20230827_062814,479168,20138,17154,18036
1,KCXX20230827_092010_V06,-49.088,0.066,306.516,395.681,15.119,-73.126,44.081,7559.263,47951.487,20230827_052010,479169,72389,17842,66323
5,KCXX20230827_101433_V06,5.295,0.112,318.183,412.128,11.524,-73.053,44.007,5761.980,56796.181,20230827_061433,479168,16260,17631,14394
7,KCXX20230827_102123_V06,12.129,0.178,186.098,167.417,11.501,-73.890,45.105,5750.286,87395.504,20230827_062123,479169,18014,17169,16192
1,KCXX20230828_095313_V06,-17.202,0.392,190.652,109.100,11.567,-73.864,45.368,5783.527,109999.980,20230828_055313,479170,10568,17522,9287
1,KCXX20230828_100704_V06,-3.352,0.787,191.777,109.493,24.782,-73.857,45.366,12390.990,109550.105,20230828_060704,479171,14546,20028,12960
1,KCXX20230828_101405_V06,3.665,0.086,193.066,107.904,30.833,-73.849,45.373,15416.611,109926.798,20230828_061405,479171,15945,20747,14240
1,KCXX20230829_095234_V06,-19.015,0.072,187.990,120.737,4.974,-73.881,45.315,2487.026,105689.852,20230829_055234,479165,9778,14494,8965
1,KCXX20230829_100557_V06,-5.632,0.067,190.845,120.925,18.732,-73.862,45.315,9365.983,104860.263,20230829_060557,479168,10811,15066,10052
1,KCXX20230829_101244_V06,1.152,0.058,200.600,111.456,30.112,-73.801,45.358,15056.032,106570.690,20230829_061244,479171,13575,16219,12459
2,KCXX20230829_100557_V06,-5.632,0.231,248.288,133.485,4.777,-73.496,45.260,2388.514,87180.067,20230829_060557,479168,10811,15066,10052
2,KCXX20230829_101244_V06,1.152,0.074,247.451,133.639,14.718,-73.501,45.259,7359.140,87231.697,20230829_061244,479171,13575,16219,12459
4,KCXX20230829_100557_V06,-5.632,0.079,322.443,136.351,2.462,-73.023,45.247,1231.117,82590.328,20230829_060557,479168,10811,15066,10052
6,KCXX20230829_104009_V06,28.568,0.091,25.523,289.748,28.138,-74.893,44.544,14068.951,137334.047,20230829_064009,479171,15837,18534,13214
3,KCXX20230830_100239_V06,-10.094,0.097,525.444,450.565,24.675,-71.765,43.825,12337.487,135549.616,20230830_060239,479167,121013,123973,25744
7,KCXX20230831_100150_V06,-12.073,0.052,244.107,137.775,4.089,-73.522,45.240,2044.525,85791.692,20230831_060150,479169,13360,15522,12326
7,KCXX20230831_100841_V06,-5.223,0.966,247.176,142.101,7.816,-73.503,45.221,3908.143,83250.129,20230831_060841,479172,17434,16103,16236
7,KCXX20230831_101531_V06,1.611,0.062,253.826,154.114,16.216,-73.460,45.167,8107.798,76509.659,20230831_061531,479169,20729,16239,19484
7,KCXX20230831_102220_V06,8.427,0.873,250.748,150.193,20.870,-73.480,45.185,10434.827,78847.818,20230831_062220,479167,23589,16463,22196
7,KCXX20230831_102910_V06,15.261,-1.000,250.290,150.541,26.511,-73.483,45.183,13255.471,78754.244,20230831_062910,479168,26633,16381,25020
7,KCXX20230831_103600_V06,22.094,-1.000,249.832,150.890,32.152,-73.486,45.182,16076.115,78661.611,20230831_063600,479168,29714,17320,27948
7,KCXX20230831_104250_V06,28.927,-1.000,249.374,151.239,37.794,-73.488,45.180,18896.759,78569.923,20230831_064250,479164,30272,17845,28327
7,KCXX20230831_104944_V06,35.827,0.440,251.153,150.532,35.195,-73.477,45.183,17597.729,78623.811,20230831_064944,479165,27983,18249,25940
7,KCXX20230831_110322_V06,49.461,0.467,250.194,145.772,35.481,-73.483,45.205,17740.583,81035.264,20230831_070322,479166,27794,19314,25651
7,KCXX20230831_111013_V06,56.311,0.362,248.824,142.971,38.031,-73.492,45.217,19015.403,82578.730,20230831_071013,479166,28397,19734,26145
7,KCXX20230831_111707_V06,63.211,0.072,246.520,138.448,36.125,-73.507,45.237,18062.401,85086.995,20230831_071707,479166,26909,20428,24681
13,KCXX20230831_101531_V06,1.611,0.905,166.244,175.981,8.435,-74.016,45.066,4217.396,91202.021,20230831_061531,479169,20729,16239,19484
13,KCXX20230831_102220_V06,8.427,0.946,167.548,181.171,16.300,-74.007,45.043,8150.178,88971.791,20230831_062220,479167,23589,16463,22196
13,KCXX20230831_102910_V06,15.261,0.913,170.034,183.647,24.015,-73.991,45.032,12007.293,87219.610,20230831_062910,479168,26633,16381,25020
13,KCXX20230831_103600_V06,22.094,0.764,174.596,190.229,30.613,-73.962,45.002,15306.703,83330.244,20230831_063600,479168,29714,17320,27948
13,KCXX20230831_104250_V06,28.927,0.630,176.547,195.779,36.085,-73.949,44.977,18042.448,80781.810,20230831_064250,479164,30272,17845,28327
13,KCXX20230831_104944_V06,35.827,0.447,178.860,199.711,42.217,-73.934,44.960,21108.495,78633.355,20230831_064944,479165,27983,18249,25940
13,KCXX20230831_110322_V06,49.461,0.236,179.942,202.976,49.294,-73.927,44.945,24646.879,77180.776,20230831_070322,479166,27794,19314,25651
2,KCXX20230831_100150_V06,-12.073,0.942,314.459,142.349,5.805,-73.074,45.220,2902.603,79156.575,20230831_060150,479169,13360,15522,12326
2,KCXX20230831_100841_V06,-5.223,0.074,315.005,143.707,12.600,-73.071,45.214,6299.998,78505.879,20230831_060841,479172,17434,16103,16236
2,KCXX20230831_101531_V06,1.611,0.810,314.298,154.012,16.632,-73.075,45.168,8315.925,73343.020,20230831_061531,479169,20729,16239,19484
2,KCXX20230831_102220_V06,8.427,0.837,316.808,157.854,23.581,-73.060,45.151,11790.445,71567.907,20230831_062220,479167,23589,16463,22196
2,KCXX20230831_102910_V06,15.261,0.859,315.523,161.592,25.740,-73.068,45.134,12869.793,69637.924,20230831_062910,479168,26633,16381,25020
2,KCXX20230831_103600_V06,22.094,0.675,314.660,163.174,31.339,-73.073,45.127,15669.475,68804.428,20230831_063600,479168,29714,17320,27948
8,KCXX20230831_100841_V06,-5.223,0.601,193.684,125.616,20.006,-73.844,45.294,10002.878,102118.702,20230831_060841,479172,17434,16103,16236
8,KCXX20230831_101531_V06,1.611,0.637,194.979,126.590,26.955,-73.836,45.289,13477.698,101366.058,20230831_061531,479169,20729,16239,19484
8,KCXX20230831_102220_V06,8.427,0.260,194.571,127.748,26.200,-73.838,45.284,13100.125,100977.698,20230831_062220,479167,23589,16463,22196
1,KCXX20230831_094759_V06,-25.923,0.056,223.591,282.124,14.908,-73.648,44.591,7453.833,39236.000,20230831_054759,479168,13307,16088,12210
1,KCXX20230901_100659_V06,-8.084,0.532,313.400,139.264,3.217,-73.081,45.234,1608.715,80647.007,20230901_060659,479170,9191,12601,8695
1,KCXX20230901_101341_V06,-1.384,0.666,313.986,139.440,10.502,-73.077,45.233,5250.794,80584.098,20230901_061341,479166,10040,13031,9459
1,KCXX20230901_102032_V06,5.466,0.072,317.245,139.498,14.457,-73.057,45.233,7228.493,80712.820,20230901_062032,479167,11125,13794,10428
6,KCXX20230901_101341_V06,-1.384,0.149,195.329,115.993,23.508,-73.834,45.337,11754.105,105847.312,20230901_061341,479166,10040,13031,9459
6,KCXX20230901_102032_V06,5.466,0.357,201.483,117.320,38.386,-73.795,45.331,19192.788,103775.731,20230901_062032,479167,11125,13794,10428
6,KCXX20230901_102722_V06,12.299,0.095,212.725,123.899,52.006,-73.723,45.302,26003.231,98270.871,20230901_062722,479169,12298,14498,11475
7,KCXX20230901_103412_V06,19.133,0.504,170.950,162.466,14.700,-73.987,45.127,7350.079,94299.446,20230901_063412,479167,13511,15297,12487
7,KCXX20230901_104108_V06,26.066,0.216,171.448,161.644,22.681,-73.983,45.131,11340.408,94430.108,20230901_064108,479167,13600,15654,12556
2,KCXX20230904_101325_V06,-5.133,0.265,249.715,135.288,6.932,-73.487,45.252,3466.240,86108.592,20230904_061325,479168,31332,25003,26822
2,KCXX20230904_102011_V06,1.633,0.950,251.790,135.216,12.072,-73.473,45.252,6036.129,85845.901,20230904_062011,479166,29950,27015,25548
2,KCXX20230904_102701_V06,8.467,0.848,255.446,136.105,17.676,-73.450,45.248,8837.765,84921.509,20230904_062701,479170,27961,27200,24001
2,KCXX20230904_103351_V06,15.300,0.607,256.290,136.508,25.529,-73.445,45.246,12764.440,84616.898,20230904_063351,479164,30175,26627,25902
2,KCXX20230904_104041_V06,22.133,0.471,265.815,129.066,40.648,-73.384,45.280,20323.809,87159.591,20230904_064041,479164,28164,25695,24401
1,KCXX20230904_100201_V06,-16.533,0.060,187.121,121.430,2.293,-73.886,45.312,1146.748,105627.668,20230904_060201,479163,17282,24955,13745
1,KCXX20230905_101537_V06,-4.095,0.862,250.985,134.427,9.919,-73.479,45.256,4959.330,86338.116,20230905_061537,479168,43667,22272,39871
1,KCXX20230905_102238_V06,2.922,0.463,251.109,135.427,18.108,-73.478,45.251,9054.129,85841.005,20230905_062238,479169,46347,23530,42410
1,KCXX20230905_102939_V06,9.939,0.737,254.845,136.862,24.570,-73.454,45.245,12285.031,84635.745,20230905_062939,479166,46685,24586,42282
1,KCXX20230905_103641_V06,16.972,0.133,252.438,145.392,24.672,-73.469,45.206,12335.754,80879.478,20230905_063641,479167,47784,24378,43477
3,KCXX20230906_101549_V06,-5.056,0.232,246.583,137.766,4.827,-73.507,45.241,2413.490,85400.901,20230906_061549,479163,26740,22424,24266
3,KCXX20230906_102244_V06,1.861,0.492,248.592,138.189,13.016,-73.494,45.239,6508.076,84890.488,20230906_062244,479167,32000,23807,29233
3,KCXX20230906_102934_V06,8.694,0.826,253.892,136.455,19.094,-73.460,45.247,9547.240,84960.147,20230906_062934,479169,34952,24320,31827
3,KCXX20230906_103619_V06,15.444,0.162,265.755,131.186,34.134,-73.385,45.270,17067.162,86126.283,20230906_063619,479171,37203,23816,34068
1,KCXX20230906_100159_V06,-18.889,0.067,185.395,129.071,2.005,-73.897,45.278,1002.417,102896.703,20230906_060159,479169,31577,18747,28561
1,KCXX20230906_100859_V06,-11.889,0.110,185.928,130.564,10.439,-73.893,45.271,5219.727,102128.693,20230906_060859,479167,21030,19395,18883
3,KCXX20230908_112924_V06,66.204,0.255,228.568,177.178,2.264,-73.620,45.063,1131.899,71041.685,20230908_072924,479164,14372,19020,12050
1,KCXX20230909_102149_V06,-2.542,0.273,255.283,131.920,5.091,-73.451,45.267,2545.261,86963.135,20230909_062149,479165,18194,15168,16994
1,KCXX20230909_102831_V06,4.158,0.768,256.933,133.170,11.898,-73.441,45.261,5948.760,86149.782,20230909_062831,479171,20068,15387,18699
1,KCXX20230909_103513_V06,10.858,0.389,257.982,133.443,15.265,-73.434,45.260,7632.628,85887.930,20230909_063513,479168,20144,15367,18603
5,KCXX20230909_113023_V06,66.024,0.071,247.691,155.608,16.758,-73.499,45.160,8379.112,76787.452,20230909_073023,479167,20296,19496,18014
3,KCXX20230910_104224_V06,16.878,0.259,293.255,154.856,5.913,-73.209,45.164,2956.635,72650.360,20230910_064224,479164,54673,57309,18848
3,KCXX20230910_104652_V06,21.344,0.156,293.418,154.858,11.281,-73.208,45.164,5640.595,72645.776,20230910_064652,479170,56694,56123,21391
1,KCXX20230910_094258_V06,-42.556,0.076,240.560,447.148,14.030,-73.536,43.848,7014.860,79350.142,20230910_054258,479165,137881,62815,89726
5,KCXX20230910_110019_V06,34.794,0.221,240.685,285.231,17.310,-73.540,44.577,8654.961,30563.055,20230910_070019,479170,63720,58876,26283
5,KCXX20230911_103908_V06,12.447,0.143,300.440,150.400,2.413,-73.164,45.184,1206.398,74800.297,20230911_063908,479169,47884,59763,10038
1,KCXX20230912_102824_V06,0.549,0.837,247.434,132.260,5.709,-73.501,45.265,2854.671,87891.706,20230912_062824,479169,11154,17846,9600
1,KCXX20230912_103515_V06,7.399,0.921,245.814,132.109,11.740,-73.512,45.266,5870.071,88209.311,20230912_063515,479170,13203,17030,11599
1,KCXX20230912_104209_V06,14.299,0.907,246.074,130.873,17.041,-73.510,45.272,8520.739,88758.012,20230912_064209,479166,15680,17308,13898
1,KCXX20230912_104900_V06,21.149,0.743,249.203,132.803,23.708,-73.490,45.263,11854.176,87371.616,20230912_064900,479166,18291,17408,16422
1,KCXX20230912_110238_V06,34.783,0.193,244.008,131.519,35.970,-73.523,45.269,17985.228,88770.604,20230912_070238,479170,23801,17640,21434
1,KCXX20230912_110923_V06,41.533,0.291,246.475,146.288,35.791,-73.507,45.202,17895.288,81382.395,20230912_070923,479170,25127,17940,22633
1,KCXX20230912_111609_V06,48.299,-1.000,247.580,156.652,37.436,-73.500,45.156,18718.142,76315.806,20230912_071609,479166,25575,18205,23033
1,KCXX20230912_112255_V06,55.066,0.326,239.321,159.199,35.620,-73.552,45.144,17809.785,76659.956,20230912_072255,479168,25121,18378,22602
1,KCXX20230912_112941_V06,61.833,0.083,235.979,160.988,40.083,-73.573,45.136,20041.501,76522.950,20230912_072941,479168,25517,18390,22903
1,KCXX20230912_113632_V06,68.683,-1.000,232.497,163.839,43.534,-73.595,45.123,21767.214,75987.740,20230912_073632,479167,25600,18573,23008
1,KCXX20230912_114318_V06,75.449,0.394,249.894,128.312,5.187,-73.486,45.283,2593.384,89424.907,20230912_074318,479166,25532,18487,22989
4,KCXX20230912_104900_V06,21.149,0.120,168.710,169.018,9.163,-74.000,45.097,4581.707,92726.972,20230912_064900,479166,18291,17408,16422
4,KCXX20230912_110238_V06,34.783,0.379,169.338,170.737,18.281,-73.996,45.090,9140.622,91898.806,20230912_070238,479170,23801,17640,21434
5,KCXX20230912_111609_V06,48.299,0.181,242.276,157.881,32.061,-73.533,45.150,16030.512,76697.222,20230912_071609,479166,25575,18205,23033
1,KCXX20230914_093401_V06,-56.165,0.126,225.454,123.049,1.913,-73.642,45.306,956.577,96006.068,20230914_053401,479169,38659,17969,35747
1,KCXX20230922_112258_V06,43.412,0.127,249.429,188.922,5.697,-73.487,45.010,2848.682,61023.969,20230922_072258,479167,22141,17959,19401
1,KCXX20230923_104329_V06,2.750,0.406,251.713,186.282,5.963,-73.473,45.022,2981.255,61772.864,20230923_064329,479167,13879,15750,12603
1,KCXX20230924_103709_V06,-4.764,0.352,249.759,184.740,5.202,-73.485,45.029,2600.948,62866.857,20230924_063709,479166,22763,44604,11410
1,KCXX20230924_104254_V06,0.986,0.826,249.675,185.247,8.616,-73.486,45.027,4307.772,62651.493,20230924_064254,479166,24701,44584,13083
1,KCXX20230924_104842_V06,6.786,-1.000,249.604,185.679,12.946,-73.486,45.025,6473.240,62467.872,20230924_064842,479166,26755,43743,15020
1,KCXX20230924_110031_V06,18.603,0.132,244.897,190.288,13.898,-73.516,45.004,6948.977,61386.143,20230924_070031,479168,31003,42027,18492
7,KCXX20230924_112921_V06,47.436,0.057,331.262,421.470,26.668,-72.972,43.964,13334.007,62713.984,20230924_072921,479163,32064,35547,21968
1,KCXX20230927_104730_V06,2.030,0.063,228.311,293.290,10.678,-73.617,44.540,5339.218,36001.423,20230927_064730,479166,13144,23463,12620
1,KCXX20230928_110750_V06,21.173,0.065,220.490,265.112,17.834,-73.668,44.667,8917.131,43413.630,20230928_070750,479165,15342,16863,13372
3,KCXX20231002_111935_V06,28.125,0.089,250.225,173.710,6.486,-73.482,45.079,3242.990,67872.490,20231002_071935,479165,20018,19942,18012
3,KCXX20231002_112626_V06,34.975,0.088,250.565,173.012,13.480,-73.480,45.082,6740.148,68135.575,20231002_072626,479169,18949,19850,16966
1,KCXX20231002_104429_V06,-6.975,0.240,297.344,157.843,2.276,-73.183,45.151,1137.875,71090.912,20231002_064429,479169,18259,26369,14349
14,KCXX20231007_113700_V06,39.446,0.099,311.932,403.946,29.988,-73.092,44.043,14993.883,52314.217,20231007_073700,479164,203574,189477,33958
16,KCXX20231007_121859_V06,81.429,0.053,330.754,126.847,54.914,-72.970,45.290,27457.066,87931.616,20231007_081859,479171,225796,216766,31958
10,KCXX20231009_104503_V06,-14.976,0.065,32.054,268.422,46.637,-74.855,44.641,23318.676,134900.329,20231009_064503,479164,56797,62567,18428
10,KCXX20231009_104940_V06,-10.360,0.101,32.254,266.806,52.814,-74.854,44.648,26407.006,134898.080,20231009_064940,479166,57577,62927,18200
12,KCXX20231009_113632_V06,36.507,0.164,31.316,196.113,40.302,-74.869,44.966,20150.919,144034.403,20231009_073632,479168,62032,60327,23620
12,KCXX20231009_114108_V06,41.107,0.103,32.813,195.149,46.906,-74.860,44.970,23453.071,143511.747,20231009_074108,479168,62160,60453,24053
1,KCXX20231010_110629_V06,5.213,0.053,46.601,52.699,49.361,-74.791,45.612,24680.416,177037.250,20231010_070629,479164,15578,17628,13633
10,KCXX20231011_113732_V06,35.013,0.085,37.047,176.517,68.335,-74.836,45.055,34167.702,145251.909,20231011_073732,479170,133732,123413,49862
10,KCXX20231011_114238_V06,40.113,0.173,37.019,175.415,74.504,-74.836,45.060,37251.769,145499.796,20231011_074238,479169,132742,127015,48642
10,KCXX20231011_114728_V06,44.947,0.293,38.980,168.501,75.708,-74.824,45.091,37854.137,146136.635,20231011_074728,479168,126616,126485,47259
10,KCXX20231011_115219_V06,49.797,0.263,41.007,168.943,71.557,-74.811,45.089,35778.547,145131.943,20231011_075219,479172,125571,130337,45929
10,KCXX20231011_120202_V06,59.513,0.154,49.271,166.227,70.029,-74.759,45.102,35014.522,142092.001,20231011_080202,479167,122637,133240,41831
10,KCXX20231011_120722_V06,64.847,0.209,51.140,166.435,70.928,-74.747,45.101,35463.847,141218.839,20231011_080722,479171,122277,135774,40790
6,KCXX20231011_104305_V06,-19.437,0.064,339.467,167.403,15.644,-72.916,45.107,7822.189,69173.009,20231011_064305,479163,128219,138189,41663
6,KCXX20231011_104749_V06,-14.703,0.103,341.498,166.762,21.649,-72.903,45.110,10824.498,69775.416,20231011_064749,479172,123366,136749,41784
8,KCXX20231011_111612_V06,13.680,0.069,23.905,426.777,33.217,-74.886,43.928,16608.469,151905.475,20231011_071612,479163,117770,120932,44386
9,KCXX20231011_113212_V06,29.680,0.191,291.324,115.030,14.119,-73.222,45.343,7059.559,92586.905,20231011_073212,479171,129841,121724,49705
3,KCXX20231015_111542_V06,8.131,0.267,293.859,131.769,12.937,-73.206,45.268,6468.693,84171.631,20231015_071542,479172,40325,43125,20571
3,KCXX20231015_112012_V06,12.631,0.051,293.683,131.231,19.671,-73.207,45.270,9835.698,84443.538,20231015_072012,479167,42363,42105,23185
3,KCXX20231016_102821_V06,-40.495,0.191,208.732,399.783,16.188,-73.736,44.061,8093.857,67613.696,20231016_062821,479169,36268,38520,24445
3,KCXX20231016_103251_V06,-35.995,0.368,208.461,401.210,21.543,-73.738,44.054,10771.340,68232.894,20231016_063251,479167,36845,39045,24585
3,KCXX20231016_103721_V06,-31.495,0.076,207.298,410.767,14.875,-73.744,44.011,7437.737,72220.112,20231016_063721,479164,33736,39544,21589
15,KCXX20231016_120638_V06,57.789,0.119,329.290,405.023,30.680,-72.984,44.038,15340.149,54515.270,20231016_080638,479168,34581,55540,18709
15,KCXX20231016_121107_V06,62.272,0.054,328.291,406.510,36.372,-72.990,44.032,18186.197,55101.391,20231016_081107,479173,34904,56037,18671
17,KCXX20231016_121107_V06,62.272,0.065,479.145,382.368,38.072,-72.047,44.135,19036.043,98586.698,20231016_081107,479173,34904,56037,18671
21,KCXX20231016_123342_V06,84.855,0.365,353.385,92.774,11.728,-72.825,45.443,5864.014,106995.851,20231016_083342,479172,32198,52366,18030
1,KCXX20231017_101114_V06,-58.892,0.145,67.267,41.334,22.249,-74.660,45.665,11124.695,173977.509,20231017_061114,479170,71994,25086,65341
1,KCXX20231017_101817_V06,-51.842,0.264,66.692,41.367,30.229,-74.663,45.665,15114.329,174157.557,20231017_061817,479167,69052,25387,62391
1,KCXX20231017_102518_V06,-44.825,0.156,61.765,43.257,26.687,-74.695,45.656,13343.665,175123.668,20231017_062518,479169,66197,25484,59562
2,KCXX20231017_101114_V06,-58.892,0.053,217.677,373.717,6.267,-73.681,44.178,3133.635,55252.428,20231017_061114,479170,71994,25086,65341
2,KCXX20231019_111641_V06,3.982,0.176,229.003,142.720,1.975,-73.618,45.218,987.301,86280.982,20231019_071641,479169,13760,14431,12982
2,KCXX20231019_112337_V06,10.916,0.091,228.953,142.621,9.084,-73.619,45.218,4542.177,86336.133,20231019_072337,479171,19011,14359,17992
1,KCXX20231019_102149_V06,-50.884,0.084,229.266,142.819,1.725,-73.617,45.217,862.474,86181.790,20231019_062149,479169,20646,22118,17734
1,KCXX20231022_102407_V06,-52.483,0.079,217.864,373.649,6.958,-73.680,44.179,3479.246,55160.001,20231022_062407,479161,72819,95033,27122
1,KCXX20231023_102248_V06,-55.108,0.086,388.492,161.493,13.350,-72.604,45.133,6674.751,82181.113,20231023_062248,479168,23022,47160,18257
4,KCXX20231024_111302_V06,-6.187,0.078,20.746,329.901,29.372,-74.918,44.363,14686.205,140425.302,20231024_071302,479166,73373,68106,29749
4,KCXX20231024_111808_V06,-1.087,0.619,24.387,330.513,34.836,-74.895,44.361,17418.117,138648.557,20231024_071808,479163,81131,71410,34805
4,KCXX20231024_112327_V06,4.229,0.752,34.078,333.399,37.307,-74.834,44.349,18653.555,134005.709,20231024_072327,479165,89749,72563,42098
4,KCXX20231024_112902_V06,9.813,0.910,42.963,337.963,38.926,-74.778,44.329,19462.788,129912.593,20231024_072902,479170,90729,72969,42479
4,KCXX20231024_113506_V06,15.879,0.775,55.700,338.388,44.309,-74.698,44.328,22154.509,123648.736,20231024_073506,479166,91085,75254,42096
4,KCXX20231024_114109_V06,21.929,0.728,70.632,341.775,45.926,-74.604,44.314,22962.789,116570.459,20231024_074109,479172,92722,80405,40694
4,KCXX20231024_114713_V06,27.996,0.145,89.756,343.733,45.773,-74.484,44.307,22886.552,107371.990,20231024_074713,479166,102360,90111,40271
6,KCXX20231024_121128_V06,52.246,0.519,28.722,129.421,30.339,-74.895,45.266,15169.690,160225.770,20231024_081128,479168,116600,111036,34718
6,KCXX20231024_121732_V06,58.313,0.623,34.474,131.342,35.982,-74.858,45.258,17991.246,157281.036,20231024_081732,479163,114209,112246,32562
6,KCXX20231024_122335_V06,64.363,0.061,40.789,139.674,49.324,-74.817,45.221,24662.011,152393.446,20231024_082335,479164,108884,108374,31444
6,KCXX20231024_122938_V06,70.413,0.058,47.072,135.669,51.891,-74.777,45.239,25945.332,150812.086,20231024_082938,479166,104803,105678,30261
7,KCXX20231024_121128_V06,52.246,0.239,31.563,248.316,33.034,-74.861,44.731,16516.830,136683.875,20231024_081128,479168,116600,111036,34718
7,KCXX20231024_121732_V06,58.313,0.383,34.310,248.668,41.307,-74.843,44.730,20653.439,135301.636,20231024_081732,479163,114209,112246,32562
7,KCXX20231024_122335_V06,64.363,0.293,47.727,254.932,40.730,-74.758,44.703,20365.047,128133.661,20231024_082335,479164,108884,108374,31444
6,KCXX20231025_112550_V06,5.296,0.074,221.510,383.130,17.190,-73.657,44.136,8594.847,57164.893,20231025_072550,479169,70724,61851,26666
1,KCXX20231028_102816_V06,-56.245,0.067,216.016,373.880,5.774,-73.692,44.177,2886.810,55927.822,20231028_062816,479164,18496,23253,12622
1,KCXX20231029_105222_V06,-33.477,0.101,40.852,264.248,72.796,-74.800,44.660,36397.858,130801.304,20231029_065222,479172,65544,54951,40235
1,KCXX20231029_110328_V06,-22.377,0.109,44.157,273.058,79.429,-74.778,44.621,39714.431,128628.939,20231029_070328,479169,60463,57661,33564
1,KCXX20231029_110932_V06,-16.310,0.265,58.659,280.724,81.574,-74.686,44.588,40786.899,121054.814,20231029_070932,479170,55961,57081,28780
1,KCXX20231029_111537_V06,-10.227,0.054,66.863,285.411,83.879,-74.634,44.567,41939.257,116796.469,20231029_071537,479168,63891,59617,31794
1,KCXX20231101_104144_V06,-48.127,0.075,22.535,409.512,26.291,-74.896,44.005,13145.521,149147.392,20231101_064144,479169,70087,62945,37196
1,KCXX20231101_104610_V06,-43.694,0.135,22.682,409.399,31.982,-74.895,44.006,15991.085,149057.920,20231101_064610,479167,69555,63843,36597
1,KCXX20231101_105048_V06,-39.061,0.106,25.638,407.635,32.942,-74.877,44.014,16470.827,147359.814,20231101_065048,479171,69390,65816,35766
5,KCXX20231101_114640_V06,16.806,0.064,89.958,84.307,19.740,-74.509,45.474,9869.815,150533.359,20231101_074640,479166,94882,87266,36600
5,KCXX20231101_115106_V06,21.239,-1.000,89.958,84.307,26.789,-74.509,45.474,13394.315,150533.359,20231101_075106,479164,92639,88918,33626
5,KCXX20231101_120021_V06,30.489,0.245,96.338,84.598,22.839,-74.469,45.473,11419.526,148219.769,20231101_080021,479168,90965,90797,30934
2,KCXX20231103_113535_V06,3.030,0.050,316.117,399.818,5.863,-73.066,44.062,2931.299,50555.322,20231103_073535,479170,45183,47446,19697
3,KCXX20231104_104551_V06,-48.053,0.082,298.594,181.238,2.028,-73.175,45.045,1014.038,59385.081,20231104_064551,479165,26283,58435,17582
4,KCXX20231104_111954_V06,-14.003,0.094,302.536,129.160,58.544,-73.150,45.280,29271.790,85429.575,20231104_071954,479172,26710,55572,18726
5,KCXX20231104_113329_V06,-0.420,0.062,27.969,268.287,38.492,-74.881,44.641,19245.949,136936.528,20231104_073329,479169,28176,56953,19569
2,KCXX20231105_103645_V06,-58.505,0.064,531.873,462.757,14.128,-71.726,43.770,7064.231,141646.529,20231105_053645,479177,36078,32860,25864
4,KCXX20231107_105435_V06,-43.377,0.110,230.268,272.225,20.768,-73.606,44.635,10384.188,37529.808,20231107_055435,479169,53743,53160,15705
4,KCXX20231107_110341_V06,-34.277,0.153,235.866,272.720,30.167,-73.571,44.633,15083.442,34847.509,20231107_060341,479168,55817,54310,17671
3,KCXX20231107_104959_V06,-47.977,0.060,85.627,517.504,19.254,-74.492,43.525,9627.153,152695.529,20231107_054959,479164,52239,52239,14737
1,KCXX20231108_104429_V06,-54.831,0.057,215.629,373.607,7.748,-73.694,44.179,3873.926,55983.183,20231108_054429,479168,10932,26211,10106
3,KCXX20231109_112354_V06,-16.767,0.172,153.193,421.111,30.690,-74.081,43.962,15345.042,95157.939,20231109_062354,479167,223882,235443,26841
1,KCXX20231110_104454_V06,-57.119,0.147,205.750,398.906,2.463,-73.755,44.065,1231.602,68310.807,20231110_054454,479166,9484,22054,9011
1,KCXX20231110_105138_V06,-50.386,0.077,205.522,398.932,9.415,-73.756,44.064,4707.304,68399.074,20231110_055138,479168,9982,21651,9434
1,KCXX20231113_123550_V06,49.771,0.222,324.104,133.340,5.690,-73.013,45.261,2845.192,84197.082,20231113_073550,479172,17159,14984,15816
3,KCXX20231113_130309_V06,77.088,0.166,307.238,142.462,2.585,-73.120,45.220,1292.450,78851.854,20231113_080309,479163,15728,14925,14559
14,KCXX20231114_111805_V06,-29.320,0.171,25.175,235.071,21.941,-74.903,44.790,10970.670,141195.307,20231114_061805,479166,65270,75612,25081
14,KCXX20231114_112230_V06,-24.903,0.123,25.489,235.162,27.995,-74.901,44.790,13997.337,141032.308,20231114_062230,479170,62520,72872,25291
14,KCXX20231114_112655_V06,-20.486,0.074,26.118,239.798,31.448,-74.896,44.769,15723.958,140210.122,20231114_062655,479172,59744,71011,23952
14,KCXX20231114_113120_V06,-16.070,-1.000,26.656,243.352,35.571,-74.893,44.753,17785.281,139576.210,20231114_063120,479164,57832,67757,24289
14,KCXX20231114_113556_V06,-11.470,0.051,29.153,244.075,33.868,-74.877,44.750,16933.975,138280.087,20231114_063556,479171,57070,64117,26093
14,KCXX20231114_114034_V06,-6.836,0.162,34.460,228.813,49.406,-74.845,44.819,24702.946,137458.209,20231114_064034,479163,59104,62396,32155
3,KCXX20231117_115417_V06,2.890,0.062,233.074,283.227,17.532,-73.588,44.586,8765.898,34497.842,20231117_065417,479167,23582,25768,16548
7,KCXX20231119_122416_V06,30.249,0.054,67.197,218.266,72.177,-74.639,44.869,36088.631,123366.871,20231119_072416,479165,20123,32856,13447
8,KCXX20231122_121150_V06,13.949,0.103,26.503,129.476,43.271,-74.909,45.265,21635.397,161151.462,20231122_071150,479172,130601,139542,44648
8,KCXX20231122_121710_V06,19.283,0.175,27.314,128.165,51.229,-74.904,45.271,25614.261,161156.084,20231122_071710,479167,130319,134408,45354
8,KCXX20231122_122259_V06,25.099,0.204,31.517,121.972,56.574,-74.878,45.299,28286.882,161072.357,20231122_072259,479166,132498,132165,46498
8,KCXX20231122_122832_V06,30.649,0.309,37.892,120.137,60.063,-74.838,45.308,30031.428,158942.958,20231122_072832,479163,134955,131520,46947
8,KCXX20231122_123406_V06,36.216,0.171,42.501,120.074,63.592,-74.808,45.309,31795.754,157066.273,20231122_073406,479168,140106,133377,47251
8,KCXX20231122_123940_V06,41.783,0.089,47.251,124.922,64.742,-74.777,45.288,32370.771,153732.191,20231122_073940,479166,144007,137171,46930
8,KCXX20231122_124544_V06,47.849,0.074,51.305,122.028,63.239,-74.752,45.301,31619.536,152907.789,20231122_074544,479172,144105,141027,44735
1,KCXX20231122_111537_V06,-42.267,0.063,167.757,301.104,20.969,-73.998,44.503,10484.390,66123.725,20231122_061537,479165,230862,169969,92764
1,KCXX20231122_112140_V06,-36.217,0.052,170.360,300.638,28.281,-73.982,44.505,14140.289,64820.677,20231122_062140,479164,223617,169228,90008
1,KCXX20231122_112743_V06,-30.167,0.491,184.800,291.807,23.233,-73.891,44.546,11616.438,57745.476,20231122_062743,479171,213760,166434,86553
6,KCXX20231122_115437_V06,-3.267,0.211,226.440,266.618,20.327,-73.630,44.660,10163.252,40390.125,20231122_065437,479171,149072,156079,53859
6,KCXX20231122_120502_V06,7.149,0.440,231.163,257.694,31.813,-73.601,44.701,15906.731,40399.016,20231122_070502,479170,133449,146550,46025
6,KCXX20231122_121150_V06,13.949,0.198,248.881,246.739,27.646,-73.489,44.750,13823.116,36911.830,20231122_071150,479172,130601,139542,44648
6,KCXX20231122_121710_V06,19.283,-1.000,248.881,246.739,36.126,-73.489,44.750,18063.116,36911.830,20231122_071710,479167,130319,134408,45354
6,KCXX20231122_122259_V06,25.099,0.059,268.657,231.020,25.363,-73.365,44.821,12681.625,37883.625,20231122_072259,479166,132498,132165,46498
13,KCXX20231122_122832_V06,30.649,0.077,150.696,305.915,16.953,-74.105,44.481,8476.553,74710.553,20231122_072832,479163,134955,131520,46947
13,KCXX20231122_123406_V06,36.216,0.178,151.643,305.010,23.693,-74.099,44.485,11846.505,74220.681,20231122_073406,479168,140106,133377,47251
13,KCXX20231122_123940_V06,41.783,0.100,157.409,300.675,20.806,-74.063,44.505,10403.027,71296.293,20231122_073940,479166,144007,137171,46930
10,KCXX20231122_121710_V06,19.283,0.096,22.261,408.330,26.617,-74.898,44.010,13308.586,149059.172,20231122_071710,479167,130319,134408,45354
11,KCXX20231122_121710_V06,19.283,0.094,417.173,378.640,16.890,-72.434,44.155,8445.202,70557.904,20231122_071710,479167,130319,134408,45354
1,KCXX20231126_113318_V06,-29.568,0.071,26.693,78.479,32.436,-74.915,45.495,16217.918,175903.509,20231126_063318,479169,10612,13699,9722
1,KCXX20231127_111401_V06,-50.061,0.059,205.895,402.928,5.144,-73.753,44.046,2571.852,69731.392,20231127_061401,479170,56734,61956,25513
1,KCXX20231127_111836_V06,-45.478,0.294,206.378,402.835,10.905,-73.750,44.047,5452.610,69534.372,20231127_061836,479169,55034,62474,24115
11,KCXX20231127_132434_V06,80.489,0.055,225.214,289.817,16.218,-73.637,44.556,8108.839,37738.294,20231127_082434,479165,38997,59596,15918
11,KCXX20231127_132910_V06,85.089,0.076,227.295,289.679,22.159,-73.624,44.557,11079.644,36717.089,20231127_082910,479166,36566,57806,15528
2,KCXX20231127_122321_V06,19.272,0.073,306.142,394.739,14.190,-73.128,44.085,7095.076,47468.715,20231127_072321,479171,48147,58625,22602
8,KCXX20231128_114509_V06,-20.121,0.091,243.227,268.018,15.147,-73.524,44.654,7573.259,32581.045,20231128_064509,479165,29648,44083,11386
8,KCXX20231128_114939_V06,-15.621,0.232,243.895,268.267,20.207,-73.520,44.653,10103.722,32228.747,20231128_064939,479169,29506,43305,11645
8,KCXX20231128_115419_V06,-10.955,0.075,252.243,268.991,14.768,-73.467,44.650,7384.171,28470.514,20231128_065419,479170,29527,43893,12152
9,KCXX20231128_114509_V06,-20.121,0.073,274.734,124.934,18.175,-73.327,45.299,9087.502,88440.164,20231128_064509,479165,29648,44083,11386
4,KCXX20231202_122919_V06,19.454,0.066,20.784,258.163,29.336,-74.928,44.686,14668.032,141166.426,20231202_072919,479168,103515,101432,36355
4,KCXX20231202_123438_V06,24.771,0.099,22.778,257.603,36.364,-74.915,44.689,18181.814,140222.889,20231202_073438,479160,111627,108756,36507
2,KCXX20231202_112356_V06,-45.929,0.068,205.907,399.491,2.366,-73.754,44.062,1183.224,68468.948,20231202_062356,479169,78220,91753,27252
3,KCXX20231202_113059_V06,-38.879,0.105,43.269,189.599,81.347,-74.794,44.996,40673.534,139731.256,20231202_063059,479168,81212,93692,27112
5,KCXX20231202_131502_V06,65.171,0.079,33.549,202.245,36.136,-74.854,44.939,18067.825,141908.529,20231202_081502,479168,136029,141185,33973
12,KCXX20231203_131050_V06,59.873,0.082,25.655,465.371,30.310,-74.870,43.754,15154.882,160166.025,20231203_081050,479166,35080,62794,13922
12,KCXX20231203_131734_V06,66.606,0.436,26.772,459.453,37.135,-74.864,43.781,18567.372,158176.242,20231203_081734,479166,36099,65245,15023
12,KCXX20231203_132417_V06,73.323,0.315,31.557,453.249,43.080,-74.835,43.809,21540.084,154553.430,20231203_082417,479166,35250,68645,14297
7,KCXX20231203_121216_V06,1.306,0.056,31.838,559.394,35.342,-74.820,43.332,17671.110,186545.061,20231203_071216,479164,31799,63170,13721
7,KCXX20231203_121632_V06,5.573,0.088,33.362,557.632,42.489,-74.810,43.340,21244.275,185384.782,20231203_071632,479170,30782,61952,13712
10,KCXX20231203_130355_V06,52.956,0.263,289.493,180.418,25.108,-73.233,45.049,12553.864,60021.262,20231203_080355,479168,33169,58999,13768
10,KCXX20231203_131050_V06,59.873,0.063,288.429,182.968,34.145,-73.240,45.038,17072.520,58801.173,20231203_081050,479166,35080,62794,13922
10,KCXX20231203_131734_V06,66.606,-1.000,287.509,185.174,43.155,-73.246,45.028,21577.732,57751.654,20231203_081734,479166,36099,65245,15023
10,KCXX20231203_132417_V06,73.323,0.396,307.541,156.613,18.555,-73.118,45.156,9277.306,71792.428,20231203_082417,479166,35250,68645,14297
10,KCXX20231203_133210_V06,81.206,0.646,311.439,150.727,21.949,-73.094,45.183,10974.626,74855.197,20231203_083210,479167,34331,70007,13318
8,KCXX20231203_122505_V06,14.123,0.092,221.885,233.040,15.022,-73.660,44.811,7511.181,51443.041,20231203_072505,479173,28472,57587,13608
15,KCXX20231203_133210_V06,81.206,0.125,34.517,382.268,59.911,-74.825,44.129,29955.383,138968.780,20231203_083210,479167,34331,70007,13318
1,KCXX20231205_122123_V06,8.296,0.102,275.088,147.940,12.696,-73.325,45.195,6348.206,77043.525,20231205_072123,479169,14792,18542,13930
2,KCXX20231207_112932_V06,-45.583,0.061,42.515,172.815,47.528,-74.801,45.072,23764.250,143591.676,20231207_062932,479166,10747,13959,8804
4,KCXX20231207_132218_V06,67.184,0.141,25.708,285.194,31.644,-74.893,44.565,15822.111,137345.672,20231207_082218,479166,11097,13571,9920
1,KCXX20231208_121414_V06,-1.858,0.070,242.762,382.318,8.154,-73.524,44.140,4077.009,50131.015,20231208_071414,479167,11920,14051,11294
1,KCXX20231209_111934_V06,-57.473,0.131,205.596,399.599,2.397,-73.756,44.061,1198.736,68615.157,20231209_061934,479167,9212,10893,8766
1,KCXX20231209_112630_V06,-50.539,0.051,205.657,399.510,9.521,-73.755,44.062,4760.583,68561.426,20231209_062630,479170,9519,11082,9008
9,KCXX20231210_130319_V06,45.358,0.155,14.976,406.107,23.466,-74.944,44.020,11732.754,152066.982,20231210_080319,479164,24381,25258,11235
9,KCXX20231210_131014_V06,52.275,0.641,21.587,388.890,39.745,-74.905,44.098,19872.489,146129.510,20231210_081014,479166,25062,26010,11169
9,KCXX20231210_131710_V06,59.208,0.333,30.585,371.002,50.760,-74.851,44.179,25380.236,139306.988,20231210_081710,479169,26534,27970,10897
11,KCXX20231210_133102_V06,73.075,0.125,189.773,424.775,27.841,-73.853,43.948,13920.618,83244.927,20231210_083102,479173,31445,34288,10751
11,KCXX20231210_133758_V06,80.008,0.093,195.568,419.952,34.389,-73.817,43.969,17194.428,79521.294,20231210_083758,479167,33923,38137,11419
1,KCXX20231210_111809_V06,-59.809,0.093,275.182,315.938,8.905,-73.322,44.439,4452.690,14747.359,20231210_061809,479169,27529,32302,11310
4,KCXX20231210_122840_V06,10.708,0.105,258.550,55.519,11.747,-73.432,45.611,5873.646,123984.900,20231210_072840,479165,19135,20340,12310
5,KCXX20231210_122840_V06,10.708,0.083,27.387,409.057,41.645,-74.866,44.008,20822.382,146808.779,20231210_072840,479165,19135,20340,12310
1,KCXX20231215_112355_V06,-58.173,0.141,215.883,373.826,5.849,-73.692,44.178,2924.606,55959.698,20231215_062355,479167,8847,9918,8494
1,KCXX20231217_112734_V06,-55.939,0.345,215.948,375.498,6.354,-73.692,44.170,3176.838,56490.575,20231217_062734,479166,12566,12941,10451
1,KCXX20231217_113417_V06,-49.223,0.104,216.167,375.176,13.663,-73.691,44.172,6831.637,56301.269,20231217_063417,479167,12913,12923,10643
4,KCXX20231217_123619_V06,12.811,0.055,217.201,374.374,7.762,-73.684,44.175,3880.804,55648.770,20231217_073619,479170,14708,11499,12973
4,KCXX20231217_124302_V06,19.527,-1.000,217.201,374.374,18.441,-73.684,44.175,9220.554,55648.770,20231217_074302,479166,13847,11951,12328
4,KCXX20231217_124949_V06,26.311,0.073,216.174,373.988,10.020,-73.691,44.177,5010.107,55904.015,20231217_074949,479168,13579,11582,12072
5,KCXX20231217_124949_V06,26.311,0.142,27.168,107.961,31.069,-74.908,45.362,15534.599,166820.416,20231217_074949,479168,13579,11582,12072
7,KCXX20231217_132329_V06,59.977,0.104,217.170,373.965,7.130,-73.684,44.177,3565.006,55523.986,20231217_082329,479169,12989,10255,11516
2,KCXX20231219_113609_V06,-48.627,0.098,45.800,261.839,48.651,-74.769,44.672,24325.642,128524.253,20231219_063609,479168,62952,80706,12072
2,KCXX20231219_114045_V06,-44.027,0.097,45.260,263.647,54.020,-74.773,44.663,27009.782,128660.300,20231219_064045,479167,62246,79527,12649
6,KCXX20231219_131945_V06,54.973,0.131,80.350,415.980,90.199,-74.535,43.981,45099.632,124194.736,20231219_081945,479167,54775,70821,14999
6,KCXX20231219_132647_V06,62.007,0.072,83.947,420.712,95.369,-74.512,43.960,47684.731,123743.898,20231219_082647,479169,54545,70101,15120
7,KCXX20231219_132647_V06,62.007,0.137,29.779,64.709,47.244,-74.897,45.557,23622.093,179151.518,20231219_082647,479169,54545,70101,15120
7,KCXX20231219_133349_V06,69.040,0.078,30.740,67.625,56.106,-74.890,45.544,28053.118,177833.508,20231219_083349,479167,54099,69652,15091
2,KCXX20231224_112758_V06,-59.313,0.072,272.112,210.653,10.743,-73.343,44.913,5371.296,46798.903,20231224_062758,479169,77945,102364,21370
2,KCXX20231224_113345_V06,-53.529,0.098,272.208,210.439,16.989,-73.342,44.914,8494.339,46887.108,20231224_063345,479166,78030,102795,21161
3,KCXX20231224_112758_V06,-59.313,0.068,112.151,182.578,22.110,-74.358,45.033,11054.878,110764.448,20231224_062758,479169,77945,102364,21370
1,KCXX20231228_120817_V06,-20.272,0.053,217.113,374.126,6.963,-73.685,44.176,3481.638,55598.752,20231228_070817,479166,64497,63774,17388
12,KCXX20231229_133828_V06,69.696,0.867,22.659,260.848,29.389,-74.915,44.674,14694.252,140045.535,20231229_083828,479167,49281,91888,15710
12,KCXX20231229_134248_V06,74.029,0.790,22.985,262.005,32.984,-74.913,44.669,16491.918,139804.122,20231229_084248,479169,49181,90633,15838
12,KCXX20231229_134708_V06,78.362,0.822,24.344,259.635,32.000,-74.905,44.680,15999.784,139297.725,20231229_084708,479166,49710,92099,15363
12,KCXX20231229_135128_V06,82.696,0.843,27.125,259.716,33.757,-74.887,44.679,16878.539,137916.357,20231229_085128,479170,49207,92088,15055
12,KCXX20231229_135548_V06,87.029,0.848,28.423,260.504,34.507,-74.879,44.676,17253.678,137216.924,20231229_085548,479170,48999,91536,14978
10,KCXX20231229_132949_V06,61.046,0.507,20.983,264.168,28.026,-74.925,44.659,14012.905,140654.345,20231229_082949,479161,49138,90894,16004
10,KCXX20231229_133408_V06,65.362,0.685,21.906,262.672,33.056,-74.920,44.666,16528.080,140293.826,20231229_083408,479172,49158,91438,15600
2,KCXX20231229_112957_V06,-58.821,0.077,99.494,277.485,17.487,-74.429,44.605,8743.582,100882.959,20231229_062957,479171,44049,67810,16328
4,KCXX20231229_120819_V06,-20.454,0.084,192.683,282.980,27.765,-73.842,44.586,13882.662,54329.353,20231229_070819,479162,42814,71444,15175
9,KCXX20231229_131649_V06,48.046,0.058,18.007,257.906,25.990,-74.945,44.687,12994.881,142558.695,20231229_081649,479161,48525,88395,16463
11,KCXX20231229_133408_V06,65.362,0.053,423.524,230.801,25.268,-72.386,44.820,12634.129,70793.228,20231229_083408,479172,49158,91438,15600
