track_id,filename,from_sunrise,det_score,x,y,r,lon,lat,radius,geo_dist,local_time,n_radar_pixels,n_refAbove40_pixels,n_xcorrAbove0.95_pixels,n_xcorrBelow0.95_refAbove40_pixels
1,KRLX20210601_100244_V06,-2.310,0.165,196.272,165.811,3.236,-82.322,38.915,1618.053,84803.086,20210601_060244,479171,27321,42938,18377
7,KRLX20210602_101921_V06,14.662,0.150,384.470,244.282,15.295,-81.239,38.562,7647.392,50595.844,20210602_061921,479174,126729,140896,26622
7,KRLX20210602_102352_V06,19.179,0.155,384.836,243.572,20.681,-81.237,38.565,10340.457,50944.004,20210602_062352,479168,128022,142386,27012
19,KRLX20210602_112408_V06,79.446,0.080,207.647,372.594,32.066,-82.250,37.984,16033.228,58734.342,20210602_072408,479167,139542,159583,31900
2,KRLX20210603_091725_V06,-46.947,0.181,260.802,375.117,16.552,-81.947,37.973,8276.051,42364.789,20210603_051725,479159,138820,141859,35675
1,KRLX20210608_093431_V06,-28.687,0.083,375.922,332.770,21.157,-81.291,38.164,10578.558,41346.106,20210608_053431,479174,16934,32054,11356
1,KRLX20210608_093841_V06,-24.520,0.050,377.390,331.520,26.472,-81.282,38.169,13236.138,41781.434,20210608_053841,479181,16004,30846,11230
2,KRLX20210608_101203_V06,8.846,0.232,369.004,324.695,6.560,-81.330,38.200,3279.964,36644.727,20210608_061203,479164,11420,30204,8478
3,KRLX20210609_100649_V06,3.753,0.053,110.460,229.560,111.806,-82.812,38.624,55903.202,101102.993,20210609_060649,479171,84403,113642,9193
2,KRLX20210610_091710_V06,-45.788,0.057,285.438,271.837,16.287,-81.807,38.439,8143.280,15852.478,20210610_051710,479174,131403,140766,22147
7,KRLX20210611_093100_V06,-31.876,0.148,261.637,262.910,17.946,-81.944,38.479,8972.790,26680.342,20210611_053100,479166,66733,89456,11254
8,KRLX20210612_095219_V06,-10.511,0.137,261.546,171.943,5.610,-81.945,38.889,2805.149,66853.018,20210612_055219,479162,15696,47033,3329
2,KRLX20210619_091121_V06,-51.961,0.074,83.926,283.285,88.281,-82.960,38.381,44140.301,108359.769,20210619_051121,479173,70160,96979,12308
2,KRLX20210619_091623_V06,-46.928,0.361,83.795,284.522,93.263,-82.961,38.375,46631.614,108379.187,20210619_051623,479168,66469,93534,11844
2,KRLX20210619_092148_V06,-41.511,0.323,89.799,273.949,94.093,-82.927,38.423,47046.536,105904.323,20210619_052148,479174,65028,92048,11151
2,KRLX20210619_092714_V06,-36.078,0.244,100.434,287.291,89.011,-82.866,38.364,44505.565,99985.201,20210619_052714,479177,63906,92212,9948
2,KRLX20210619_093241_V06,-30.628,0.066,84.363,257.130,31.823,-82.960,38.499,15911.375,109928.687,20210619_053241,479174,64173,90508,10238
2,KRLX20210619_093806_V06,-25.211,0.133,87.929,258.407,37.865,-82.939,38.493,18932.408,108055.746,20210619_053806,479171,66102,91538,11220
9,KRLX20210619_094332_V06,-19.778,0.108,15.150,260.809,18.673,-83.356,38.477,9336.566,143766.941,20210619_054332,479171,72010,95566,12188
9,KRLX20210619_094849_V06,-14.494,0.148,16.699,261.374,25.649,-83.347,38.475,12824.697,142961.147,20210619_054849,479165,80706,100742,14225
9,KRLX20210619_095405_V06,-9.228,0.126,22.169,266.193,32.507,-83.315,38.453,16253.596,139940.030,20210619_055405,479173,86852,106748,14507
23,KRLX20210619_110926_V06,66.122,0.054,334.409,316.072,33.644,-81.527,38.239,16822.067,18988.941,20210619_070926,479175,65996,107537,13688
23,KRLX20210619_111450_V06,71.522,0.173,338.595,316.083,39.276,-81.503,38.239,19637.838,20906.122,20210619_071450,479187,67094,106065,14097
23,KRLX20210619_112016_V06,76.956,0.107,357.829,320.211,32.262,-81.394,38.220,16131.084,30629.620,20210619_072016,479182,65070,103856,13852
23,KRLX20210619_112527_V06,82.139,0.331,377.002,327.788,25.601,-81.284,38.186,12800.564,40931.095,20210619_072527,479175,57271,99342,12905
3,KRLX20210619_092148_V06,-41.511,0.338,448.690,434.635,15.291,-80.881,37.702,7645.638,100293.689,20210619_052148,479174,65028,92048,11151
22,KRLX20210619_110359_V06,60.672,0.085,43.113,184.425,53.177,-83.203,38.823,26588.558,140844.127,20210619_070359,479171,68203,109774,13766
8,KRLX20210620_111931_V06,76.023,0.319,239.622,93.636,16.911,-82.074,39.241,8455.563,107507.881,20210620_071931,479165,24127,51896,14642
1,KRLX20210622_103250_V06,28.891,0.120,41.133,424.528,64.629,-83.192,37.742,32314.705,143630.739,20210622_063250,479166,332853,320179,22551
1,KRLX20210622_103808_V06,34.191,0.098,43.225,425.604,70.207,-83.180,37.737,35103.676,142924.748,20210622_063808,479182,327818,317174,21280
5,KRLX20210622_111609_V06,72.208,0.234,28.921,422.055,30.005,-83.262,37.752,15002.325,148644.811,20210622_071609,479175,288142,284012,19381
5,KRLX20210622_112136_V06,77.658,0.579,31.977,419.179,39.308,-83.245,37.765,19653.787,146662.828,20210622_072136,479177,278104,276732,18612
2,KRLX20210622_105425_V06,50.474,0.225,27.279,402.487,36.699,-83.273,37.840,18349.670,145671.432,20210622_065425,479182,321438,310552,21486
7,KRLX20210622_111609_V06,72.208,0.112,360.279,93.728,71.328,-81.375,39.240,35664.227,107449.477,20210622_071609,479175,288142,284012,19381
1,KRLX20210627_094052_V06,-24.657,0.054,299.527,408.034,2.205,-81.727,37.825,1102.531,54017.760,20210627_054052,479169,8650,20507,7516
2,KRLX20210701_091007_V06,-57.118,0.086,89.561,289.037,24.877,-82.928,38.355,12438.393,105362.298,20210701_051007,479170,157762,156085,26211
6,KRLX20210701_092803_V06,-39.184,0.249,372.746,331.619,16.710,-81.309,38.169,8355.242,39660.211,20210701_052803,479189,183724,176812,26990
4,KRLX20210702_100111_V06,-6.537,0.138,320.837,91.082,4.299,-81.603,39.253,2149.498,104977.095,20210702_060111,479177,24726,56110,9643
5,KRLX20210702_100824_V06,0.680,0.131,331.329,74.736,17.098,-81.542,39.326,8548.962,113715.874,20210702_060824,479167,30300,47712,16572
5,KRLX20210702_101517_V06,7.563,0.291,327.878,88.267,5.851,-81.562,39.265,2925.407,106780.179,20210702_061517,479167,28898,47477,16675
1,KRLX20210703_100220_V06,-5.894,0.078,319.763,109.192,19.540,-81.610,39.171,9769.836,95914.165,20210703_060220,479165,11529,25026,8720
1,KRLX20210704_100837_V06,-0.140,0.062,322.964,87.496,4.780,-81.591,39.269,2389.858,106870.614,20210704_060837,479165,8290,33539,6906
3,KRLX20210708_092707_V06,-43.955,0.346,259.366,131.102,14.261,-81.959,39.072,7130.548,86858.410,20210708_052707,479172,88927,94204,29768
3,KRLX20210708_093127_V06,-39.622,0.344,261.091,130.439,19.039,-81.949,39.075,9519.443,86983.857,20210708_053127,479178,89706,96358,29523
3,KRLX20210708_093548_V06,-35.272,0.071,267.026,126.406,15.255,-81.914,39.094,7627.312,88348.732,20210708_053548,479182,86664,96374,26610
8,KRLX20210708_094823_V06,-22.689,0.212,23.615,222.045,19.551,-83.311,38.652,9775.375,143584.307,20210708_054823,479167,80222,102929,18727
8,KRLX20210708_095229_V06,-18.589,0.412,23.721,221.160,24.999,-83.311,38.656,12499.635,143653.685,20210708_055229,479163,79586,103633,17597
9,KRLX20210708_094823_V06,-22.689,0.078,396.845,332.364,31.326,-81.171,38.165,15663.034,51054.977,20210708_054823,479167,80222,102929,18727
9,KRLX20210708_095229_V06,-18.589,-1.000,396.845,332.364,37.845,-81.171,38.165,18922.534,51054.977,20210708_055229,479163,79586,103633,17597
9,KRLX20210708_100044_V06,-10.339,0.105,411.031,310.122,25.373,-81.090,38.265,12686.466,55745.898,20210708_060044,479175,80633,106672,16163
11,KRLX20210708_100044_V06,-10.339,0.180,192.689,298.305,21.128,-82.337,38.318,10563.929,53662.088,20210708_060044,479175,80633,106672,16163
20,KRLX20210708_102636_V06,15.528,0.067,177.521,280.334,25.936,-82.425,38.398,12967.991,62024.051,20210708_062636,479167,90945,118697,17057
27,KRLX20210708_104040_V06,29.595,0.056,325.294,415.217,17.762,-81.580,37.793,8881.180,58980.427,20210708_064040,479170,104670,130917,17968
1,KRLX20210710_100256_V06,-9.407,0.084,312.677,113.524,29.771,-81.651,39.152,14885.601,93453.421,20210710_060256,479168,20119,38388,15633
1,KRLX20210713_103855_V06,24.552,0.099,330.991,51.777,6.904,-81.544,39.430,3451.794,125075.166,20210713_063855,479175,15939,41441,9229
1,KRLX20210718_100424_V06,-13.615,0.063,312.222,105.866,16.407,-81.653,39.186,8203.438,97258.980,20210718_060424,479163,11920,31506,7443
1,KRLX20210718_101253_V06,-5.131,0.166,314.846,107.214,25.562,-81.638,39.180,12781.202,96678.619,20210718_061253,479168,29804,31304,23660
1,KRLX20210719_100759_V06,-10.797,0.052,320.822,372.922,3.362,-81.605,37.983,1681.217,37918.380,20210719_060759,479171,25975,52569,14589
1,KRLX20210719_101201_V06,-6.763,0.097,320.510,373.221,10.711,-81.607,37.982,5355.292,38019.724,20210719_061201,479175,32284,52958,19808
1,KRLX20210719_101602_V06,-2.747,0.867,317.328,374.799,11.226,-81.625,37.975,5612.844,38389.882,20210719_061602,479173,36121,54639,22707
1,KRLX20210719_102003_V06,1.270,0.748,314.906,376.955,14.615,-81.639,37.965,7307.464,39192.638,20210719_062003,479174,38339,55891,24315
1,KRLX20210719_102404_V06,5.287,0.708,310.697,376.834,16.855,-81.663,37.966,8427.312,38787.628,20210719_062404,479177,38741,56524,24327
1,KRLX20210719_102805_V06,9.303,0.234,308.863,378.502,17.678,-81.673,37.958,8838.779,39500.349,20210719_062805,479169,39176,56529,24698
3,KRLX20210719_101602_V06,-2.747,0.301,207.438,447.439,11.847,-82.248,37.647,5923.353,87042.956,20210719_061602,479173,36121,54639,22707
3,KRLX20210719_102003_V06,1.270,0.520,206.804,447.565,17.705,-82.252,37.646,8852.685,87265.106,20210719_062003,479174,38339,55891,24315
3,KRLX20210719_102404_V06,5.287,0.512,203.848,446.255,21.555,-82.269,37.652,10777.459,87515.526,20210719_062404,479177,38741,56524,24327
3,KRLX20210719_102805_V06,9.303,0.220,202.956,447.528,23.558,-82.274,37.646,11779.246,88292.108,20210719_062805,479169,39176,56529,24698
4,KRLX20210719_102404_V06,5.287,0.102,209.587,240.826,8.598,-82.243,38.577,4298.889,54027.807,20210719_062404,479177,38741,56524,24327
4,KRLX20210719_102805_V06,9.303,0.064,209.284,240.566,14.027,-82.244,38.578,7013.657,54226.139,20210719_062805,479169,39176,56529,24698
4,KRLX20210719_103207_V06,13.337,0.290,205.718,240.187,10.969,-82.265,38.580,5484.358,55827.030,20210719_063207,479171,39423,57140,24587
4,KRLX20210719_103608_V06,17.353,-1.000,205.718,240.187,17.355,-82.265,38.580,8677.608,55827.030,20210719_063608,479173,41098,57468,25307
4,KRLX20210719_104010_V06,21.387,0.141,204.361,241.831,12.852,-82.273,38.573,6425.901,55969.783,20210719_064010,479163,42846,57714,26284
1,KRLX20210720_101405_V06,-5.472,0.050,320.640,377.798,7.889,-81.606,37.961,3944.681,40244.743,20210720_061405,479167,15266,46738,11026
1,KRLX20210720_102242_V06,3.144,0.299,322.896,379.498,21.235,-81.594,37.954,10617.263,41364.761,20210720_062242,479168,21018,50200,15845
4,KRLX20210721_102451_V06,4.509,0.069,321.990,380.755,5.829,-81.599,37.948,2914.404,41847.987,20210721_062451,479182,13901,49058,7889
4,KRLX20210721_102909_V06,8.809,-1.000,321.990,380.755,12.666,-81.599,37.948,6332.904,41847.987,20210721_062909,479182,14482,49773,8182
4,KRLX20210721_103326_V06,13.092,0.086,325.305,382.573,15.029,-81.580,37.940,7514.598,43181.895,20210721_063326,479164,14720,49980,8301
4,KRLX20210721_103745_V06,17.409,0.293,330.022,383.080,16.254,-81.553,37.938,8127.213,44169.033,20210721_063745,479168,15920,49380,9020
1,KRLX20210721_100347_V06,-16.558,0.197,326.447,375.785,8.456,-81.573,37.970,4227.823,40133.752,20210721_060347,479180,9044,41653,4831
1,KRLX20210721_100805_V06,-12.258,0.525,326.952,376.100,14.758,-81.571,37.969,7379.006,40365.920,20210721_060805,479186,9628,41936,5156
2,KRLX20210721_102033_V06,0.209,0.052,327.353,403.124,29.248,-81.568,37.847,14624.195,53345.193,20210721_062033,479187,12687,46620,7150
5,KRLX20210721_102451_V06,4.509,0.051,97.287,36.072,34.068,-82.902,39.495,17033.796,166395.988,20210721_062451,479182,13901,49058,7889
8,KRLX20210721_113443_V06,74.375,0.072,24.647,425.055,30.079,-83.286,37.738,15039.298,151209.915,20210721_073443,479171,14090,43227,7637
1,KRLX20210722_100319_V06,-17.819,0.064,317.504,95.339,13.601,-81.623,39.234,6800.636,102704.222,20210722_060319,479169,7160,29057,4385
1,KRLX20210722_101156_V06,-9.203,0.793,317.879,96.936,24.627,-81.620,39.227,12313.443,101924.741,20210722_061156,479167,11632,29163,8389
1,KRLX20210722_102025_V06,-0.719,0.796,320.292,94.678,29.980,-81.606,39.237,14990.051,103161.257,20210722_062025,479168,18404,31742,14831
3,KRLX20210722_102025_V06,-0.719,0.883,214.979,447.931,15.024,-82.206,37.645,7511.988,85311.741,20210722_062025,479168,18404,31742,14831
3,KRLX20210722_102855_V06,7.781,0.859,218.401,449.690,24.685,-82.186,37.637,12342.538,85242.898,20210722_062855,479166,22356,33718,18486
3,KRLX20210722_103723_V06,16.247,0.223,222.149,449.856,32.679,-82.165,37.636,16339.727,84435.843,20210722_063723,479171,23136,33890,19383
5,KRLX20210722_102855_V06,7.781,0.568,81.094,34.836,31.474,-82.996,39.499,15736.908,171924.268,20210722_062855,479166,22356,33718,18486
5,KRLX20210722_103723_V06,16.247,0.295,82.464,37.853,44.992,-82.988,39.486,22495.983,170325.623,20210722_063723,479171,23136,33890,19383
4,KRLX20210722_102025_V06,-0.719,0.093,329.625,375.188,18.241,-81.555,37.973,9120.586,40407.201,20210722_062025,479168,18404,31742,14831
1,KRLX20210723_101843_V06,-3.223,0.461,215.417,445.318,14.559,-82.203,37.656,7279.720,84070.919,20210723_061843,479167,28295,38685,20395
1,KRLX20210723_102713_V06,5.277,0.456,214.557,445.525,22.336,-82.208,37.655,11167.782,84377.391,20210723_062713,479167,35387,39159,26808
1,KRLX20210723_103543_V06,13.777,0.441,215.051,445.917,14.810,-82.205,37.654,7405.182,84421.673,20210723_063543,479169,38174,41118,28764
2,KRLX20210723_101843_V06,-3.223,0.078,83.831,19.700,17.781,-82.982,39.568,8890.620,176986.703,20210723_061843,479167,28295,38685,20395
2,KRLX20210723_102713_V06,5.277,0.134,84.986,21.623,29.145,-82.975,39.559,14572.272,175872.713,20210723_062713,479167,35387,39159,26808
3,KRLX20210723_101843_V06,-3.223,0.074,321.212,374.908,13.449,-81.603,37.974,6724.623,38926.642,20210723_061843,479167,28295,38685,20395
5,KRLX20210723_104412_V06,22.261,0.239,227.125,174.080,6.288,-82.144,38.878,3143.883,72743.621,20210723_064412,479169,36671,42190,27296
6,KRLX20210723_104412_V06,22.261,0.121,306.208,425.265,26.853,-81.689,37.748,13426.426,62709.495,20210723_064412,479169,36671,42190,27296
1,KRLX20210724_101118_V06,-11.451,0.859,322.754,86.442,13.943,-81.592,39.274,6971.684,107383.452,20210724_061118,479165,27210,49626,19006
1,KRLX20210724_101946_V06,-2.984,0.272,323.258,87.100,24.270,-81.589,39.271,12134.930,107083.527,20210724_061946,479166,35110,48835,25486
2,KRLX20210724_102816_V06,5.516,0.126,220.447,438.262,24.289,-82.175,37.688,12144.484,79757.492,20210724_062816,479166,40790,48473,30240
2,KRLX20210724_103646_V06,14.016,0.082,220.306,438.962,35.012,-82.176,37.685,17506.122,80095.979,20210724_063646,479167,39161,47415,29337
3,KRLX20210724_103646_V06,14.016,0.092,92.719,23.366,28.419,-82.930,39.552,14209.319,172838.021,20210724_063646,479167,39161,47415,29337
1,KRLX20210727_101832_V06,-6.697,0.196,330.610,391.963,16.516,-81.550,37.898,8258.217,48461.794,20210727_061832,479170,42307,42141,34122
1,KRLX20210727_102532_V06,0.303,0.374,327.092,385.151,21.766,-81.570,37.928,10882.829,44678.711,20210727_062532,479169,53139,43064,43606
1,KRLX20210727_103231_V06,7.287,0.357,320.789,373.909,22.031,-81.606,37.979,11015.515,38388.605,20210727_063231,479168,59631,44046,49643
3,KRLX20210727_102532_V06,0.303,0.842,212.947,445.759,16.271,-82.217,37.654,8135.656,84888.132,20210727_062532,479169,53139,43064,43606
3,KRLX20210727_103231_V06,7.287,0.815,212.452,445.444,24.953,-82.220,37.656,12476.262,84880.421,20210727_063231,479168,59631,44046,49643
3,KRLX20210727_103930_V06,14.270,0.455,215.612,445.106,34.346,-82.202,37.657,17173.058,83930.421,20210727_063930,479167,60654,46775,50246
2,KRLX20210728_101957_V06,-6.120,0.844,215.684,448.815,9.888,-82.202,37.641,4944.122,85520.486,20210728_061957,479169,35455,43178,28121
2,KRLX20210728_102658_V06,0.897,0.898,213.773,451.623,19.401,-82.212,37.628,9700.513,87213.193,20210728_062658,479171,43174,46592,34605
2,KRLX20210728_103358_V06,7.897,0.866,216.256,455.651,28.951,-82.198,37.610,14475.597,88374.750,20210728_063358,479170,45754,48885,36843
2,KRLX20210728_104057_V06,14.880,0.718,216.902,456.368,35.869,-82.194,37.607,17934.632,88538.564,20210728_064057,479165,49330,49141,39879
2,KRLX20210728_104757_V06,21.880,0.550,216.459,458.918,41.908,-82.197,37.595,20953.986,89769.260,20210728_064757,479171,48493,48400,38958
3,KRLX20210728_101957_V06,-6.120,0.526,323.237,376.424,8.941,-81.592,37.968,4470.552,39939.147,20210728_061957,479169,35455,43178,28121
3,KRLX20210728_102658_V06,0.897,0.718,321.320,376.962,15.960,-81.603,37.965,7980.069,39930.327,20210728_062658,479171,43174,46592,34605
3,KRLX20210728_103358_V06,7.897,0.881,320.915,375.383,21.273,-81.605,37.972,10636.274,39115.350,20210728_063358,479170,45754,48885,36843
3,KRLX20210729_102544_V06,-1.182,0.067,210.199,431.980,5.103,-82.233,37.716,2551.693,79817.043,20210729_062544,479168,12588,39571,8494
3,KRLX20210729_103244_V06,5.818,0.947,224.218,444.258,24.103,-82.153,37.661,12051.311,81476.013,20210729_063244,479160,14641,40183,10133
3,KRLX20210729_103933_V06,12.634,0.897,226.647,446.440,32.447,-82.139,37.652,16223.325,81892.128,20210729_063933,479169,15853,40262,11102
3,KRLX20210729_104633_V06,19.634,0.774,228.155,445.231,42.472,-82.131,37.657,21236.118,81015.167,20210729_064633,479168,17115,38022,11998
3,KRLX20210729_110033_V06,33.634,0.312,232.511,445.494,48.903,-82.106,37.656,24451.697,80192.273,20210729_070033,479168,15715,35162,10895
4,KRLX20210729_103933_V06,12.634,0.177,114.140,28.476,30.944,-82.805,39.530,15471.858,164521.235,20210729_063933,479169,15853,40262,11102
4,KRLX20210729_104633_V06,19.634,0.112,116.121,29.859,41.601,-82.793,39.524,20800.723,163391.875,20210729_064633,479168,17115,38022,11998
1,KRLX20210729_101150_V06,-15.082,0.051,349.693,406.985,39.711,-81.442,37.830,19855.490,58981.370,20210729_061150,479166,15182,35606,11423
2,KRLX20210731_101821_V06,-10.273,0.931,215.016,446.546,10.385,-82.205,37.651,5192.631,84702.324,20210731_061821,479163,23516,37727,17947
2,KRLX20210731_102635_V06,-2.040,0.959,216.169,450.205,20.545,-82.199,37.634,10272.267,86007.383,20210731_062635,479168,28822,40515,22633
2,KRLX20210731_103447_V06,6.160,0.887,216.474,452.022,31.370,-82.197,37.626,15684.808,86728.435,20210731_063447,479167,32719,43044,26242
2,KRLX20210731_104324_V06,14.777,0.750,219.653,456.154,42.089,-82.179,37.608,21044.665,87806.052,20210731_064324,479167,36922,45464,29451
2,KRLX20210731_110040_V06,32.043,0.053,216.202,447.031,43.229,-82.199,37.649,21614.538,84617.139,20210731_070040,479169,39915,45629,31931
3,KRLX20210731_101821_V06,-10.273,0.169,320.794,405.816,27.961,-81.606,37.835,13980.659,53920.028,20210731_061821,479163,23516,37727,17947
3,KRLX20210731_102635_V06,-2.040,0.097,324.220,406.573,35.069,-81.586,37.832,17534.474,54645.536,20210731_062635,479168,28822,40515,22633
3,KRLX20210731_103447_V06,6.160,0.239,321.966,376.016,15.310,-81.599,37.969,7655.113,39563.222,20210731_063447,479167,32719,43044,26242
3,KRLX20210731_104324_V06,14.777,0.109,318.905,376.184,23.412,-81.616,37.969,11705.979,39247.440,20210731_064324,479167,36922,45464,29451
3,KRLX20210731_110040_V06,32.043,0.056,302.922,379.113,18.477,-81.707,37.956,9238.497,39583.660,20210731_070040,479169,39915,45629,31931
7,KRLX20210731_111755_V06,49.293,0.078,297.241,420.811,22.974,-81.740,37.768,11487.120,60421.035,20210731_071755,479167,40045,46635,31481
7,KRLX20210731_112633_V06,57.927,0.086,298.675,422.329,32.805,-81.731,37.761,16402.436,61167.926,20210731_072633,479170,37788,46290,29394
2,KRLX20210801_094105_V06,-48.401,0.145,232.787,307.122,15.216,-82.108,38.279,7608.009,33794.606,20210801_054105,479168,71086,77217,30845
10,KRLX20210801_102042_V06,-8.784,0.171,306.877,389.129,20.462,-81.685,37.910,10230.972,44696.805,20210801_062042,479165,35935,68943,4424
11,KRLX20210801_102511_V06,-4.301,0.094,323.650,375.757,8.641,-81.589,37.971,4320.749,39681.176,20210801_062511,479168,35898,68330,4480
12,KRLX20210801_102511_V06,-4.301,0.094,217.037,99.134,34.955,-82.204,39.216,17477.425,108662.379,20210801_062511,479168,35898,68330,4480
12,KRLX20210801_102935_V06,0.099,-1.000,217.037,99.134,41.951,-82.204,39.216,20975.425,108662.379,20210801_062935,479175,35113,69088,4080
12,KRLX20210801_103404_V06,4.582,0.054,223.090,106.145,36.832,-82.169,39.184,18416.054,104277.373,20210801_063404,479165,34425,69090,3713
2,KRLX20210802_102133_V06,-8.800,0.758,213.615,444.933,9.021,-82.213,37.658,4510.593,84362.219,20210802_062133,479167,3977,27369,2773
2,KRLX20210802_102833_V06,-1.800,0.901,213.262,449.092,17.364,-82.215,37.639,8682.195,86243.415,20210802_062833,479166,7895,28658,6258
2,KRLX20210802_103526_V06,5.084,0.915,212.146,452.269,27.219,-82.221,37.625,13609.626,87898.102,20210802_063526,479166,10256,29220,8652
2,KRLX20210802_104219_V06,11.967,0.821,213.706,454.842,35.249,-82.213,37.613,17624.421,88632.323,20210802_064219,479167,12091,30075,10218
2,KRLX20210802_104912_V06,18.850,0.773,215.395,452.497,45.845,-82.203,37.624,22922.477,87197.027,20210802_064912,479166,13285,30891,10988
2,KRLX20210802_110252_V06,32.517,0.598,213.717,449.554,51.397,-82.213,37.637,25698.273,86329.715,20210802_070252,479168,13177,31550,10431
2,KRLX20210802_110952_V06,39.517,0.094,210.397,447.659,53.599,-82.232,37.646,26799.713,86359.580,20210802_070952,479168,11844,32161,9197
1,KRLX20210802_101433_V06,-15.800,0.093,323.259,375.431,6.157,-81.592,37.972,3078.400,39467.936,20210802_061433,479170,4157,29116,2395
1,KRLX20210802_102133_V06,-8.800,0.744,322.232,375.871,14.392,-81.597,37.970,7195.960,39530.642,20210802_062133,479167,3977,27369,2773
1,KRLX20210802_102833_V06,-1.800,0.461,326.107,380.907,17.306,-81.575,37.947,8653.013,42507.509,20210802_062833,479166,7895,28658,6258
1,KRLX20210802_103526_V06,5.084,0.120,328.216,402.699,25.905,-81.564,37.849,12952.254,53252.294,20210802_063526,479166,10256,29220,8652
1,KRLX20210802_104219_V06,11.967,0.163,324.814,378.809,13.349,-81.583,37.957,6674.747,41311.499,20210802_064219,479167,12091,30075,10218
5,KRLX20210802_103526_V06,5.084,0.186,323.867,95.152,14.169,-81.586,39.235,7084.660,103116.593,20210802_063526,479166,10256,29220,8652
5,KRLX20210802_104219_V06,11.967,0.196,323.831,95.039,21.747,-81.586,39.235,10873.673,103171.035,20210802_064219,479167,12091,30075,10218
4,KRLX20210802_103526_V06,5.084,0.389,225.360,234.101,16.991,-82.152,38.608,8495.590,49784.155,20210802_063526,479166,10256,29220,8652
10,KRLX20210804_102539_V06,-6.441,0.765,213.277,440.507,8.667,-82.215,37.678,4333.626,82557.830,20210804_062539,479167,25109,61777,9040
10,KRLX20210804_103141_V06,-0.408,0.919,211.163,438.047,16.857,-82.227,37.689,8428.633,82080.729,20210804_063141,479168,28622,62497,11742
10,KRLX20210804_103745_V06,5.659,0.912,209.813,435.601,24.837,-82.235,37.700,12418.616,81426.918,20210804_063745,479171,32529,62968,15053
10,KRLX20210804_104337_V06,11.526,0.811,208.932,433.545,29.396,-82.240,37.709,14697.989,80819.973,20210804_064337,479170,34799,62893,17424
10,KRLX20210804_104935_V06,17.492,0.769,207.912,429.474,37.209,-82.246,37.728,18604.698,79441.366,20210804_064935,479172,35666,63092,18283
10,KRLX20210804_105527_V06,23.359,0.699,207.920,426.586,44.200,-82.246,37.741,22100.174,78266.881,20210804_065527,479166,36484,62999,19332
10,KRLX20210804_110119_V06,29.226,0.520,206.209,426.398,46.597,-82.256,37.741,23298.459,78697.395,20210804_070119,479172,37902,64383,19826
6,KRLX20210804_094423_V06,-47.708,0.290,260.097,353.573,21.829,-81.951,38.070,10914.524,33400.535,20210804_054423,479167,60302,63151,34875
6,KRLX20210804_095011_V06,-41.908,0.310,260.757,351.920,27.848,-81.948,38.078,13923.894,32540.920,20210804_055011,479174,52086,63475,28031
6,KRLX20210804_100131_V06,-30.574,0.445,265.362,350.193,30.321,-81.921,38.086,15160.668,30492.210,20210804_060131,479169,34473,62629,15257
6,KRLX20210804_100735_V06,-24.508,0.078,272.738,341.850,24.880,-81.879,38.123,12440.083,24973.189,20210804_060735,479171,27771,61591,10518
3,KRLX20210804_093848_V06,-53.291,0.123,310.921,399.772,13.158,-81.662,37.862,6578.884,50183.803,20210804_053848,479168,66606,63160,39415
3,KRLX20210804_094423_V06,-47.708,0.230,311.043,399.656,19.762,-81.661,37.863,9881.082,50133.215,20210804_054423,479167,60302,63151,34875
3,KRLX20210804_095011_V06,-41.908,0.059,309.174,396.479,13.546,-81.672,37.877,6773.106,48456.983,20210804_055011,479174,52086,63475,28031
12,KRLX20210804_103745_V06,5.659,0.087,288.530,34.837,15.251,-81.791,39.506,7625.721,132705.648,20210804_063745,479171,32529,62968,15053
15,KRLX20210804_112446_V06,52.676,0.077,258.293,97.942,6.432,-81.965,39.222,3215.771,103158.542,20210804_072446,479171,35345,63057,18958
1,KRLX20210807_105133_V06,16.826,0.074,218.397,459.385,30.128,-82.186,37.593,15064.091,89530.335,20210807_065133,479168,20748,48854,14582
2,KRLX20210807_111159_V06,37.260,0.187,248.679,483.184,33.556,-82.014,37.486,16778.036,95118.742,20210807_071159,479162,21619,48124,14925
4,KRLX20210807_113855_V06,64.193,0.074,135.209,354.188,30.871,-82.663,38.064,15435.643,86735.697,20210807_073855,479166,19532,43625,13299
2,KRLX20210808_104014_V06,4.628,0.965,223.098,445.556,15.586,-82.160,37.655,7793.032,82310.987,20210808_064014,479167,17490,36360,13002
2,KRLX20210808_104713_V06,11.611,0.954,225.425,446.030,25.034,-82.146,37.653,12517.136,81985.014,20210808_064713,479168,20968,35482,16195
2,KRLX20210808_110036_V06,24.995,0.351,226.179,449.222,38.807,-82.142,37.639,19403.626,83241.923,20210808_070036,479165,22359,35463,16995
2,KRLX20210808_110718_V06,31.695,0.121,228.723,441.936,37.357,-82.128,37.672,18678.450,79413.790,20210808_070718,479167,21697,36004,16105
3,KRLX20210808_104014_V06,4.628,0.499,339.165,375.377,21.586,-81.501,37.972,10793.240,42472.425,20210808_064014,479167,17490,36360,13002
3,KRLX20210808_104713_V06,11.611,0.503,338.705,374.209,31.220,-81.504,37.977,15610.015,41847.988,20210808_064713,479168,20968,35482,16195
3,KRLX20210808_110036_V06,24.995,0.057,329.074,360.437,55.431,-81.558,38.040,27715.696,33533.579,20210808_070036,479165,22359,35463,16995
1,KRLX20210808_103314_V06,-2.372,0.060,336.293,410.926,29.244,-81.518,37.812,14622.047,58356.317,20210808_063314,479168,14186,36002,10474
1,KRLX20210809_102351_V06,-12.638,0.907,219.924,439.470,9.103,-82.178,37.683,4551.468,80411.272,20210809_062351,479166,27268,53362,20119
1,KRLX20210809_103050_V06,-5.655,0.954,223.518,438.258,17.449,-82.157,37.688,8724.505,79001.269,20210809_063050,479168,25066,51118,18173
1,KRLX20210809_103748_V06,1.312,0.970,226.606,436.014,28.669,-82.140,37.699,14334.502,77276.198,20210809_063748,479168,28333,49839,20538
1,KRLX20210809_104448_V06,8.312,0.870,229.283,434.925,35.260,-82.125,37.703,17630.072,76166.932,20210809_064448,479169,30592,49530,22555
1,KRLX20210809_105147_V06,15.295,0.190,230.213,427.674,45.279,-82.120,37.736,22639.318,72750.835,20210809_065147,479166,31392,48436,23361
3,KRLX20210809_104448_V06,8.312,0.480,334.432,60.403,5.946,-81.524,39.391,2973.057,121029.300,20210809_064448,479169,30592,49530,22555
3,KRLX20210809_105147_V06,15.295,0.831,333.768,59.954,13.345,-81.528,39.393,6672.562,121204.790,20210809_065147,479166,31392,48436,23361
3,KRLX20210809_110545_V06,29.262,0.077,333.661,61.010,18.314,-81.529,39.388,9157.083,120674.379,20210809_070545,479170,28214,46523,20111
2,KRLX20210809_103748_V06,1.312,0.215,327.432,385.280,30.322,-81.568,37.928,15161.221,44791.647,20210809_063748,479168,28333,49839,20538
2,KRLX20210810_104141_V06,4.311,0.104,239.073,438.823,24.175,-82.069,37.686,12087.673,75802.306,20210810_064141,479164,74195,92034,8838
2,KRLX20210810_104600_V06,8.628,-1.000,239.073,438.823,31.039,-82.069,37.686,15519.423,75802.306,20210810_064600,479175,74319,92440,8679
2,KRLX20210810_105025_V06,13.045,0.075,244.172,439.714,35.225,-82.040,37.682,17612.354,75227.394,20210810_065025,479180,75068,93399,8591
12,KRLX20210811_102926_V06,-8.823,0.067,21.736,291.948,32.862,-83.315,38.337,16430.977,139190.409,20210811_062926,479170,48895,74979,9628
12,KRLX20210811_103408_V06,-4.123,0.139,20.846,290.966,29.419,-83.321,38.342,14709.514,139650.202,20210811_063408,479184,50648,76100,9716
1,KRLX20210812_102526_V06,-13.708,0.752,226.434,443.389,10.718,-82.141,37.665,5358.841,80579.758,20210812_062526,479170,15923,31499,13517
1,KRLX20210812_103225_V06,-6.724,0.977,233.421,443.961,20.887,-82.101,37.663,10443.303,79305.897,20210812_063225,479167,44869,40382,36058
1,KRLX20210812_103918_V06,0.159,0.919,236.475,447.842,29.314,-82.084,37.645,14657.022,80456.178,20210812_063918,479168,58283,43937,48589
1,KRLX20210812_104611_V06,7.042,0.869,242.755,451.290,35.697,-82.048,37.630,17848.673,80878.904,20210812_064611,479169,63193,47207,52792
1,KRLX20210812_105310_V06,14.026,0.837,247.346,450.035,46.506,-82.022,37.636,23253.164,79503.104,20210812_065310,479164,67637,51043,55318
1,KRLX20210812_110709_V06,28.009,0.349,257.418,459.493,58.704,-81.965,37.593,29351.919,82539.981,20210812_070709,479167,71602,56601,56662
2,KRLX20210812_103225_V06,-6.724,0.101,229.791,346.822,32.906,-82.124,38.100,16453.028,42194.783,20210812_063225,479167,44869,40382,36058
1,KRLX20210813_102404_V06,-15.959,0.413,226.743,447.711,11.634,-82.139,37.646,5817.173,82439.617,20210813_062404,479166,14744,32590,11849
1,KRLX20210813_103305_V06,-6.942,0.932,234.651,448.568,24.257,-82.094,37.642,12128.348,81152.357,20210813_063305,479166,42182,40955,32690
1,KRLX20210813_104003_V06,0.024,0.836,238.733,450.356,33.181,-82.071,37.634,16590.308,81179.608,20210813_064003,479170,69971,40524,59620
1,KRLX20210813_104702_V06,7.008,0.799,241.608,455.583,38.498,-82.055,37.611,19248.779,83089.649,20210813_064702,479168,82492,41813,71424
1,KRLX20210813_110044_V06,20.708,0.539,244.196,467.292,46.727,-82.040,37.558,23363.549,88176.804,20210813_070044,479167,90604,47482,75812
1,KRLX20210813_110724_V06,27.374,0.059,249.475,460.599,60.530,-82.010,37.588,30264.767,84179.852,20210813_070724,479166,94013,48409,78308
4,KRLX20210814_103524_V06,-5.510,0.884,224.747,447.855,11.985,-82.150,37.645,5992.704,82952.017,20210814_063524,479181,77344,96294,12355
4,KRLX20210814_104212_V06,1.290,0.859,229.207,448.869,21.766,-82.125,37.641,10882.934,82421.834,20210814_064212,479155,80750,98788,15399
4,KRLX20210814_104654_V06,5.990,0.813,233.520,447.584,29.006,-82.101,37.647,14502.800,80932.909,20210814_064654,479165,82214,98102,17863
4,KRLX20210814_105136_V06,10.690,0.558,236.796,447.989,34.748,-82.082,37.645,17373.759,80460.538,20210814_065136,479166,84590,97448,20980
4,KRLX20210814_110039_V06,19.740,0.266,241.467,450.327,45.093,-82.055,37.634,22546.604,80660.094,20210814_070039,479179,88104,95939,26031
6,KRLX20210814_103524_V06,-5.510,0.214,215.927,234.857,13.016,-82.206,38.604,6507.761,53178.403,20210814_063524,479181,77344,96294,12355
6,KRLX20210814_104212_V06,1.290,0.664,220.741,237.076,19.245,-82.179,38.594,9622.632,50599.959,20210814_064212,479155,80750,98788,15399
6,KRLX20210814_104654_V06,5.990,0.556,227.816,240.489,21.202,-82.138,38.579,10600.949,46776.426,20210814_064654,479165,82214,98102,17863
18,KRLX20210815_120151_V06,80.056,0.082,35.790,563.353,35.347,-83.210,37.116,17673.334,186521.876,20210815_080151,479176,227155,193163,67057
18,KRLX20210815_120625_V06,84.623,0.054,36.856,564.118,40.472,-83.204,37.113,20236.050,186415.442,20210815_080625,479169,222867,191967,65429
2,KRLX20210815_100212_V06,-39.594,0.067,205.306,516.890,35.102,-82.258,37.334,17550.774,118330.291,20210815_060212,479167,242184,95195,162081
3,KRLX20210815_101014_V06,-31.561,0.133,288.896,154.188,17.274,-81.788,38.969,8636.776,73116.863,20210815_061014,479183,234977,101072,150148
12,KRLX20210815_104437_V06,2.823,0.066,407.789,58.666,29.986,-81.098,39.397,14993.217,132155.783,20210815_064437,479184,230259,163244,99144
16,KRLX20210815_110524_V06,23.606,0.051,80.464,421.218,73.936,-82.970,37.759,36967.999,125389.255,20210815_070524,479176,238541,164728,105916
7,KRLX20210816_103528_V06,-7.211,0.918,218.359,439.008,11.320,-82.187,37.685,5660.208,80604.529,20210816_063528,479177,129658,153986,15001
7,KRLX20210816_104004_V06,-2.611,0.906,219.245,437.260,16.677,-82.182,37.693,8338.642,79626.740,20210816_064004,479165,134207,155674,17124
7,KRLX20210816_104439_V06,1.973,0.899,221.191,434.028,21.494,-82.171,37.707,10746.869,77740.542,20210816_064439,479169,141149,157355,21112
7,KRLX20210816_104914_V06,6.556,0.853,223.868,431.711,27.349,-82.156,37.718,13674.476,76065.639,20210816_064914,479176,147462,158829,24550
7,KRLX20210816_110031_V06,17.839,0.453,225.925,432.425,29.422,-82.144,37.715,14711.143,75867.269,20210816_070031,479178,152835,161691,26352
2,KRLX20210816_095414_V06,-48.444,0.078,303.302,338.977,22.945,-81.705,38.136,11472.368,19558.058,20210816_055414,479173,183444,121447,86045
14,KRLX20210819_114134_V06,56.245,0.078,261.759,418.939,16.018,-81.941,37.776,8008.751,62467.654,20210819_074134,479184,240346,210222,58121
14,KRLX20210819_114610_V06,60.845,0.109,262.852,419.104,21.751,-81.935,37.775,10875.344,62381.207,20210819_074610,479172,240873,212188,55960
11,KRLX20210819_110223_V06,17.062,0.240,275.816,186.519,11.595,-81.863,38.823,5797.733,58014.581,20210819_070223,479177,227091,183708,68916
1,KRLX20210821_101448_V06,-32.278,0.083,263.865,139.218,4.937,-81.933,39.036,2468.468,82396.251,20210821_061448,479164,148000,45446,144910
2,KRLX20210821_104333_V06,-3.528,0.365,219.647,236.093,13.197,-82.185,38.599,6598.434,51334.001,20210821_064333,479170,79224,62830,75575
3,KRLX20210821_104333_V06,-3.528,0.059,165.372,427.998,19.438,-82.488,37.733,9718.769,92881.855,20210821_064333,479170,79224,62830,75575
4,KRLX20210821_111219_V06,25.238,0.089,288.132,509.136,37.723,-81.791,37.370,18861.280,104736.448,20210821_071219,479173,101262,55670,98026
3,KRLX20210822_104554_V06,-2.055,0.899,217.556,450.603,19.382,-82.191,37.633,9690.815,85846.226,20210822_064554,479168,125713,43849,109221
3,KRLX20210822_105252_V06,4.911,0.762,217.637,452.370,26.286,-82.190,37.625,13143.111,86602.792,20210822_065252,479166,154397,43435,136808
3,KRLX20210822_110652_V06,18.911,0.158,218.743,459.846,42.398,-82.184,37.591,21199.024,89656.971,20210822_070652,479172,159251,45208,141492
1,KRLX20210822_103854_V06,-9.055,0.365,222.239,234.583,5.756,-82.170,38.606,2877.827,50808.722,20210822_063854,479166,86856,50695,70702
1,KRLX20210822_104554_V06,-2.055,-1.000,222.239,234.583,16.886,-82.170,38.606,8442.827,50808.722,20210822_064554,479168,125713,43849,109221
1,KRLX20210822_105252_V06,4.911,0.131,222.298,237.578,19.190,-82.170,38.592,9595.012,49834.930,20210822_065252,479166,154397,43435,136808
4,KRLX20210822_110652_V06,18.911,0.118,31.881,420.003,54.613,-83.245,37.761,27306.686,146874.567,20210822_070652,479172,159251,45208,141492
3,KRLX20210823_111003_V06,21.219,0.095,23.066,128.847,20.579,-83.324,39.072,10289.490,162777.360,20210823_071003,479168,89958,42881,76299
3,KRLX20210823_111701_V06,28.186,0.151,23.121,136.245,31.897,-83.323,39.039,15948.675,160839.801,20210823_071701,479165,86336,43378,72693
3,KRLX20210823_112400_V06,35.169,0.051,25.735,151.454,40.187,-83.306,38.970,20093.541,155954.252,20210823_072400,479166,83187,44715,69247
1,KRLX20210823_104905_V06,0.252,0.055,224.166,239.422,12.698,-82.159,38.584,6349.060,48529.604,20210823_064905,479166,73220,43236,60239
2,KRLX20210823_110304_V06,14.236,0.290,220.312,459.554,35.017,-82.175,37.592,17508.610,89173.254,20210823_070304,479166,87993,42324,74686
8,KRLX20210901_112853_V06,32.209,0.051,25.807,430.350,20.504,-83.279,37.714,10252.186,151800.018,20210901_072853,479191,305542,326857,16436
4,KRLX20210904_111346_V06,14.490,0.066,6.999,247.428,12.887,-83.404,38.537,6443.258,148839.954,20210904_071346,479175,74468,45912,56874
4,KRLX20210904_112051_V06,21.574,0.172,8.122,249.261,21.022,-83.398,38.529,10511.049,148127.879,20210904_072051,479169,74355,45605,56790
1,KRLX20210904_102414_V06,-35.043,0.084,28.660,408.761,55.056,-83.265,37.812,27528.189,146162.731,20210904_062414,479172,188363,31066,174092
5,KRLX20210904_121024_V06,71.124,0.053,44.314,275.308,57.739,-83.188,38.414,28869.476,128437.742,20210904_081024,479172,56842,43081,40877
7,KRLX20210905_110040_V06,0.524,0.090,279.630,347.320,19.403,-81.840,38.099,9701.538,25759.216,20210905_070040,479179,205877,226716,9980
1,KRLX20210906_111115_V06,10.241,0.065,225.660,96.795,6.165,-82.154,39.226,3082.266,108187.975,20210906_071115,479173,97383,47247,79807
1,KRLX20210907_103536_V06,-26.275,0.079,29.410,424.174,42.419,-83.259,37.743,21209.614,148860.897,20210907_063536,479171,176067,41401,156386
2,KRLX20210907_110356_V06,2.058,0.108,265.394,112.769,2.802,-81.924,39.155,1401.188,95201.153,20210907_070356,479172,105853,44327,88767
3,KRLX20210907_112512_V06,23.325,0.084,326.948,413.842,13.877,-81.571,37.799,6938.663,58494.034,20210907_072512,479170,111273,46262,92649
1,KRLX20210908_121518_V06,72.559,0.051,38.633,414.964,53.156,-83.207,37.785,26577.776,142766.688,20210908_081518,479172,26891,49610,18466
1,KRLX20210909_103010_V06,-33.439,0.082,219.911,94.590,73.951,-82.188,39.236,36975.300,110235.683,20210909_063010,479183,350255,43230,312643
2,KRLX20210909_112214_V06,18.627,0.217,205.297,23.886,33.502,-82.275,39.554,16751.028,145951.473,20210909_072214,479191,113544,84380,68466
1,KRLX20210910_111043_V06,6.245,0.347,194.188,25.564,24.560,-82.339,39.546,12279.831,147063.997,20210910_071043,479173,157010,36667,141093
1,KRLX20210910_111747_V06,13.312,0.598,194.170,30.825,32.596,-82.339,39.523,16297.763,144615.917,20210910_071747,479175,156630,41364,138367
1,KRLX20210911_110131_V06,-3.820,0.356,335.792,62.831,9.585,-81.516,39.380,4792.641,119927.333,20210911_070131,479175,54470,50027,38172
1,KRLX20210911_110834_V06,3.230,0.652,336.592,61.440,19.483,-81.512,39.386,9741.493,120675.092,20210911_070834,479171,75524,51702,56559
2,KRLX20210911_110131_V06,-3.820,0.073,237.732,80.633,4.640,-82.085,39.299,2319.817,114016.561,20210911_070131,479175,54470,50027,38172
1,KRLX20210914_113016_V06,22.335,0.057,329.866,412.309,18.512,-81.554,37.806,9256.220,58106.112,20210914_073016,479171,145723,56095,117958
7,KRLX20210915_122618_V06,77.502,0.123,34.789,215.463,62.371,-83.248,38.683,31185.459,139179.011,20210915_082618,479183,105897,107801,20050
5,KRLX20210918_111350_V06,2.434,0.055,222.176,168.508,11.279,-82.172,38.903,5639.706,76398.147,20210918_071350,479187,183486,73646,130646
9,KRLX20210918_113726_V06,26.034,0.059,324.145,426.352,20.541,-81.587,37.743,10270.466,64319.313,20210918_073726,479183,199071,74944,143799
11,KRLX20210918_121513_V06,63.817,0.387,280.040,397.816,16.125,-81.837,37.871,8062.277,49915.643,20210918_081513,479190,185634,84626,124979
1,KRLX20210919_111017_V06,-1.985,0.606,147.398,131.607,6.470,-82.606,39.067,3234.991,113625.995,20210919_071017,479172,172076,51205,149008
3,KRLX20210919_122028_V06,68.198,0.096,68.959,183.745,24.407,-83.054,38.828,12203.260,129320.578,20210919_082028,479178,181331,59092,149261
3,KRLX20210919_122730_V06,75.231,0.058,67.827,180.551,21.919,-83.061,38.842,10959.641,130548.910,20210919_082730,479173,176789,59331,145122
1,KRLX20210920_103228_V06,-40.673,0.065,150.242,75.240,16.882,-82.592,39.321,8441.120,135041.042,20210920_063228,479178,241034,38603,215359
10,KRLX20210921_113049_V06,16.804,0.054,316.762,354.635,26.871,-81.628,38.066,13435.465,28574.040,20210921_073049,479183,240357,251305,19050
10,KRLX20210921_113532_V06,21.521,-1.000,316.762,354.635,34.370,-81.628,38.066,17185.215,28574.040,20210921_073532,479199,242810,250528,21812
10,KRLX20210921_114016_V06,26.254,0.079,324.778,339.605,17.903,-81.583,38.133,8951.666,23358.803,20210921_074016,479179,245136,249895,23795
18,KRLX20210923_122111_V06,65.418,0.618,29.243,255.231,31.220,-83.276,38.503,15610.151,137216.896,20210923_082111,479171,48901,82661,18284
18,KRLX20210923_122801_V06,72.251,0.279,33.739,254.303,38.393,-83.250,38.508,19196.452,135076.725,20210923_082801,479175,46987,81097,17825
18,KRLX20210923_123451_V06,79.085,0.094,49.099,238.862,55.462,-83.164,38.579,27731.005,129121.204,20210923_083451,479171,44834,80087,17441
18,KRLX20210923_124152_V06,86.101,0.238,59.432,235.204,60.724,-83.105,38.596,30361.789,124570.825,20210923_084152,479172,41605,78593,16545
2,KRLX20210923_105241_V06,-23.082,0.066,398.560,142.276,45.641,-81.155,39.021,22820.335,92993.474,20210923_065241,479172,129860,79094,82404
2,KRLX20210923_110605_V06,-9.682,-1.000,398.560,142.276,66.947,-81.155,39.021,33473.335,92993.474,20210923_070605,479174,75646,132447,10048
2,KRLX20210923_111255_V06,-2.849,0.147,425.075,151.405,27.502,-81.002,38.979,13750.759,97113.401,20210923_071255,479173,70149,137889,6589
4,KRLX20210923_111255_V06,-2.849,0.253,369.747,392.379,29.716,-81.327,37.895,14858.032,57876.003,20210923_071255,479173,70149,137889,6589
6,KRLX20210923_111944_V06,3.968,0.211,28.410,223.961,32.827,-83.284,38.644,16413.624,141017.044,20210923_071944,479174,67772,133605,6610
9,KRLX20210923_112634_V06,10.801,0.051,23.408,288.716,22.907,-83.306,38.352,11453.529,138411.199,20210923_072634,479171,64641,128112,8020
13,KRLX20210923_114703_V06,31.285,0.090,266.931,189.589,10.203,-81.914,38.809,5101.318,57628.235,20210923_074703,479172,58208,107207,16796
14,KRLX20210923_114703_V06,31.285,0.058,248.392,127.671,30.982,-82.022,39.088,15490.997,89945.077,20210923_074703,479172,58208,107207,16796
21,KRLX20210923_123451_V06,79.085,0.130,313.743,435.573,31.435,-81.646,37.701,15717.638,68133.878,20210923_083451,479171,44834,80087,17441
1,KRLX20210925_111743_V06,0.188,0.272,131.314,238.130,6.755,-82.692,38.587,3377.311,89837.408,20210925_071743,479173,50657,43261,37169
2,KRLX20210925_111743_V06,0.188,0.105,336.710,58.282,13.392,-81.511,39.400,6696.243,122244.833,20210925_071743,479173,50657,43261,37169
3,KRLX20210925_112443_V06,7.188,0.143,110.857,169.883,8.550,-82.814,38.893,4274.805,114788.462,20210925_072443,479169,76346,47300,59416
4,KRLX20210925_113845_V06,21.221,0.126,229.798,79.026,56.427,-82.131,39.307,28213.680,115928.734,20210925_073845,479174,74932,47906,58061
4,KRLX20210926_111539_V06,-2.765,0.245,331.380,374.392,11.461,-81.545,37.977,5730.742,40369.584,20210926_071539,479171,62640,49665,44685
4,KRLX20210926_112240_V06,4.252,0.129,331.947,374.560,21.769,-81.542,37.976,10884.593,40558.090,20210926_072240,479169,92596,48731,71010
1,KRLX20210926_110839_V06,-9.765,0.110,196.799,167.883,2.524,-82.319,38.906,1262.022,83823.086,20210926_070839,479174,52995,52921,34214
2,KRLX20210926_110839_V06,-9.765,0.073,235.486,187.315,2.162,-82.095,38.819,1081.161,64923.151,20210926_070839,479174,52995,52921,34214
5,KRLX20210926_112240_V06,4.252,0.052,190.431,307.471,21.932,-82.350,38.277,10966.179,54911.478,20210926_072240,479169,92596,48731,71010
1,KRLX20210927_102802_V06,-51.271,0.071,298.731,453.847,6.570,-81.731,37.619,3285.061,76926.248,20210927_062802,479176,194831,19485,187414
4,KRLX20210929_113139_V06,10.555,0.257,344.420,64.287,14.052,-81.466,39.373,7025.906,119931.009,20210929_073139,479173,135369,49487,117297
4,KRLX20210929_113839_V06,17.555,0.422,341.183,66.687,26.431,-81.485,39.363,13215.356,118460.148,20210929_073839,479173,152407,52495,130127
4,KRLX20210929_114539_V06,24.555,0.236,345.207,72.179,33.346,-81.462,39.338,16673.201,116131.298,20210929_074539,479173,164298,55804,137870
1,KRLX20210929_111739_V06,-3.445,0.550,232.268,194.436,10.531,-82.114,38.787,5265.305,62712.448,20210929_071739,479173,104850,43153,89931
1,KRLX20210929_112439_V06,3.555,0.091,232.746,195.625,20.687,-82.111,38.781,10343.551,62082.954,20210929_072439,479169,115904,45850,101114
3,KRLX20210929_112439_V06,3.555,0.060,335.704,379.335,19.813,-81.521,37.954,9906.471,43499.535,20210929_072439,479169,115904,45850,101114
1,KRLX20210930_111435_V06,-7.413,0.063,235.731,187.269,5.250,-82.094,38.819,2625.153,64882.086,20210930_071435,479172,104893,44426,87472
1,KRLX20210930_112135_V06,-0.413,0.052,234.835,188.696,14.516,-82.099,38.813,7257.846,64488.557,20210930_072135,479179,129190,45870,109679
1,KRLX20210930_113030_V06,8.504,0.120,232.662,190.656,16.877,-82.111,38.804,8438.696,64207.913,20210930_073030,479174,148348,53380,121771
2,KRLX20210930_113030_V06,8.504,0.079,31.911,412.365,44.815,-83.246,37.796,22407.518,145342.236,20210930_073030,479174,148348,53380,121771
1,KRLX20211001_112904_V06,6.165,0.198,240.996,529.421,15.818,-82.057,37.278,7908.912,118443.538,20211001_072904,479173,46496,48436,33460
1,KRLX20211001_113605_V06,13.182,0.115,241.080,528.924,24.779,-82.056,37.280,12389.704,118192.271,20211001_073605,479173,52234,49874,37905
3,KRLX20211001_112904_V06,6.165,0.058,325.379,498.194,14.336,-81.581,37.419,7168.072,99906.324,20211001_072904,479173,46496,48436,33460
3,KRLX20211002_112546_V06,1.956,0.386,333.441,58.825,10.766,-81.530,39.398,5383.244,121741.117,20211002_072546,479170,44479,40208,32959
3,KRLX20211002_113246_V06,8.956,0.798,333.040,58.629,16.707,-81.532,39.399,8353.302,121810.950,20211002_073246,479172,54247,42238,41355
3,KRLX20211002_113948_V06,15.989,0.091,330.784,56.996,23.634,-81.545,39.406,11816.787,122473.104,20211002_073948,479173,54532,43087,40894
1,KRLX20211002_111851_V06,-4.961,0.327,234.109,183.051,5.248,-82.103,38.838,2623.960,67117.071,20211002_071851,479173,28602,39909,19552
1,KRLX20211002_112546_V06,1.956,0.302,235.616,182.143,13.050,-82.095,38.842,6524.772,67148.452,20211002_072546,479170,44479,40208,32959
6,KRLX20211004_124016_V06,74.623,0.061,276.548,176.940,10.261,-81.859,38.866,5130.253,62637.215,20211004_084016,479173,25129,48776,11189
6,KRLX20211004_124710_V06,81.523,0.088,276.582,178.481,19.283,-81.859,38.859,9641.651,61877.504,20211004_084710,479172,27638,51562,11473
4,KRLX20211004_124016_V06,74.623,0.154,364.449,133.304,4.450,-81.352,39.062,2224.854,89360.409,20211004_084016,479173,25129,48776,11189
1,KRLX20211005_114017_V06,13.717,0.408,343.229,99.247,5.863,-81.474,39.216,2931.667,102677.170,20211005_074017,479172,62692,38160,49216
1,KRLX20211005_114710_V06,20.600,0.555,341.895,99.593,13.211,-81.481,39.214,6605.617,102369.807,20211005_074710,479173,66257,37946,51718
1,KRLX20211005_120044_V06,34.167,0.068,339.075,101.313,16.504,-81.498,39.207,8251.858,101246.535,20211005_080044,479170,62628,37364,48496
1,KRLX20211005_120921_V06,42.783,0.060,344.649,97.320,25.983,-81.465,39.225,12991.321,103769.853,20211005_080921,479177,61370,37654,47619
2,KRLX20211005_114017_V06,13.717,0.152,238.145,191.653,8.971,-82.080,38.799,4485.558,62380.258,20211005_074017,479172,62692,38160,49216
5,KRLX20211005_114710_V06,20.600,0.302,263.793,455.382,12.521,-81.929,37.612,6260.736,79772.602,20211005_074710,479173,66257,37946,51718
6,KRLX20211005_122944_V06,63.167,0.086,363.063,98.700,17.026,-81.359,39.218,8513.008,105473.405,20211005_082944,479170,54205,37374,42165
1,KRLX20211006_102838_V06,-58.861,0.114,27.046,167.616,39.411,-83.297,38.898,19705.631,151681.743,20211006_062838,479191,195098,69227,148506
1,KRLX20211006_103227_V06,-55.044,0.053,27.551,166.912,45.329,-83.294,38.901,22664.341,151608.633,20211006_063227,479186,198663,69345,151623
1,KRLX20211006_103615_V06,-51.244,0.439,28.439,150.648,38.428,-83.291,38.974,19213.882,154961.009,20211006_063615,479175,203320,68633,155940
1,KRLX20211006_104003_V06,-47.444,0.197,28.522,148.953,42.913,-83.290,38.982,21456.500,155334.703,20211006_064003,479190,204481,68765,156941
1,KRLX20211006_104351_V06,-43.644,0.103,26.729,135.305,34.396,-83.302,39.043,17197.914,159531.544,20211006_064351,479189,206038,67990,159055
1,KRLX20211006_104739_V06,-39.844,0.101,26.581,133.490,38.879,-83.303,39.051,19439.446,160065.304,20211006_064739,479180,206827,68391,159347
23,KRLX20211006_124748_V06,80.306,0.052,160.933,364.584,22.101,-82.516,38.018,11050.571,76666.019,20211006_084748,479180,87327,99342,22341
23,KRLX20211006_125117_V06,83.789,0.078,161.297,363.462,26.586,-82.514,38.023,13293.132,76265.757,20211006_085117,479194,90035,99678,23695
2,KRLX20211006_102838_V06,-58.861,0.054,53.278,448.647,13.178,-83.121,37.634,6588.765,144020.370,20211006_062838,479191,195098,69227,148506
11,KRLX20211006_121603_V06,48.556,0.080,449.761,533.177,42.719,-80.880,37.258,21359.280,138564.083,20211006_081603,479174,83230,89851,25638
13,KRLX20211006_122643_V06,59.222,0.062,250.799,174.946,17.620,-82.007,38.875,8810.030,67192.229,20211006_082643,479186,86463,94358,24902
16,KRLX20211006_123024_V06,62.906,0.063,241.988,257.621,20.674,-82.056,38.502,10337.093,35921.143,20211006_083024,479189,85607,94839,24432
19,KRLX20211006_124050_V06,73.339,0.057,243.062,249.427,25.317,-82.050,38.539,12658.257,38077.419,20211006_084050,479191,85976,97116,22862
19,KRLX20211006_124419_V06,76.822,0.050,237.491,239.690,17.934,-82.083,38.583,8967.211,43430.042,20211006_084419,479180,86851,97376,23069
1,KRLX20211008_103546_V06,-53.598,0.067,277.978,393.866,12.825,-81.849,37.889,6412.489,48207.320,20211008_063546,479170,167638,91524,106527
1,KRLX20211008_103946_V06,-49.598,0.070,278.797,394.011,18.686,-81.844,37.888,9342.871,48186.029,20211008_063946,479194,173462,90456,112088
1,KRLX20211008_104401_V06,-45.348,-1.000,279.430,394.123,25.057,-81.841,37.888,12528.734,48172.030,20211008_064401,479183,178583,88981,117113
1,KRLX20211008_104816_V06,-41.098,0.179,287.875,390.805,18.136,-81.793,37.903,9068.132,45805.237,20211008_064816,479207,179595,87040,119668
1,KRLX20211008_105231_V06,-36.848,0.102,288.531,389.580,23.504,-81.789,37.908,11751.928,45155.438,20211008_065231,479196,183205,86636,122110
2,KRLX20211008_104401_V06,-45.348,0.087,249.807,415.701,13.316,-82.009,37.790,6657.801,63059.776,20211008_064401,479183,178583,88981,117113
6,KRLX20211008_114132_V06,12.169,0.098,345.870,164.500,20.782,-81.459,38.922,10391.190,71526.817,20211008_074132,479183,68091,85743,9067
6,KRLX20211008_114614_V06,16.869,0.058,344.560,153.390,16.075,-81.467,38.972,8037.506,76616.149,20211008_074614,479180,70511,86906,10019
9,KRLX20211008_120504_V06,35.702,0.303,357.728,137.382,23.404,-81.390,39.044,11702.187,86280.201,20211008_080504,479180,75380,94164,10537
6,KRLX20211009_112928_V06,-0.840,0.324,335.096,376.228,15.476,-81.524,37.968,7737.974,41959.530,20211009_072928,479196,47692,65045,13119
11,KRLX20211009_115042_V06,20.393,0.362,223.369,530.794,12.201,-82.156,37.271,6100.543,121591.841,20211009_075042,479194,54641,64354,16942
2,KRLX20211010_114637_V06,15.363,0.693,335.072,508.511,9.633,-81.526,37.372,4816.303,105719.902,20211010_074637,479176,17775,25343,13298
2,KRLX20211010_120023_V06,29.129,0.848,333.821,513.871,23.535,-81.533,37.348,11767.573,108264.603,20211010_080023,479175,18815,27442,13695
2,KRLX20211010_120711_V06,35.929,0.238,342.283,515.234,25.520,-81.485,37.342,12760.117,109674.084,20211010_080711,479175,19135,28017,13958
1,KRLX20211010_113949_V06,8.563,0.623,338.590,387.236,24.048,-81.504,37.919,12024.017,47694.883,20211010_073949,479173,17189,26486,12684
1,KRLX20211010_114637_V06,15.363,0.174,338.464,387.445,32.882,-81.505,37.918,16440.909,47765.174,20211010_074637,479176,17775,25343,13298
1,KRLX20211013_113335_V06,-0.542,0.927,234.891,190.778,6.986,-82.099,38.803,3492.876,63577.803,20211013_073335,479177,43191,40350,33420
1,KRLX20211013_114034_V06,6.441,0.802,234.172,190.474,14.248,-82.103,38.805,7123.909,63892.904,20211013_074034,479174,37490,40542,28472
1,KRLX20211013_114733_V06,13.425,0.434,236.055,191.583,18.564,-82.092,38.800,9282.247,62934.925,20211013_074733,479173,37862,40797,28570
3,KRLX20211013_120130_V06,27.375,0.391,186.390,284.305,20.489,-82.374,38.381,10244.497,57344.385,20211013_080130,479174,35270,41341,26137
1,KRLX20211017_112500_V06,-13.025,0.057,233.600,191.139,2.329,-82.106,38.802,1164.722,63756.839,20211017_072500,479179,5589,38501,4113
1,KRLX20211017_113144_V06,-6.291,0.245,235.491,193.780,10.034,-82.095,38.790,5017.078,62137.282,20211017_073144,479172,7819,36045,5545
1,KRLX20211017_113844_V06,0.709,0.275,246.622,201.529,17.726,-82.031,38.755,8863.125,56003.887,20211017_073844,479175,12847,33893,8785
1,KRLX20211018_112235_V06,-16.430,0.110,182.173,157.523,5.728,-82.404,38.952,2864.061,92442.806,20211018_072235,479172,14124,43842,8009
3,KRLX20211022_120320_V06,20.311,0.149,325.974,374.317,19.065,-81.576,37.977,9532.730,39362.750,20211022_080320,479170,8502,18874,6463
2,KRLX20211023_112551_V06,-18.188,0.080,24.596,432.595,38.996,-83.285,37.704,19497.807,152830.592,20211023_072551,479173,14025,31384,3441
2,KRLX20211023_113404_V06,-9.972,0.315,25.316,430.924,45.178,-83.282,37.712,22589.148,152144.977,20211023_073404,479178,13980,30348,4176
2,KRLX20211023_114221_V06,-1.688,-1.000,25.982,429.376,51.977,-83.278,37.719,25988.689,151512.317,20211023_074221,479172,14146,28471,5347
2,KRLX20211023_115033_V06,6.512,0.059,28.769,426.145,50.270,-83.262,37.734,25135.097,149565.274,20211023_075033,479171,14302,28279,5781
2,KRLX20211024_115022_V06,5.306,0.379,166.184,107.813,5.063,-82.498,39.175,2531.706,117092.202,20211024_075022,479171,17403,24378,12302
3,KRLX20211024_115022_V06,5.306,0.323,197.754,149.501,8.720,-82.314,38.988,4360.094,90972.849,20211024_075022,479171,17403,24378,12302
4,KRLX20211028_124713_V06,58.011,0.502,27.697,451.176,48.727,-83.266,37.621,24363.663,155726.524,20211028_084713,479174,8946,27665,6304
4,KRLX20211028_130035_V06,71.378,0.295,30.973,444.452,58.002,-83.248,37.651,29001.105,152677.771,20211028_090035,479169,8576,27499,6070
4,KRLX20211028_130719_V06,78.111,0.077,30.898,430.890,57.249,-83.250,37.712,28624.493,149623.120,20211028_090719,479172,7544,28677,5351
3,KRLX20211028_123352_V06,44.661,0.132,26.715,466.344,48.529,-83.270,37.552,24264.650,159964.587,20211028_083352,479172,9894,25797,7224
3,KRLX20211028_124033_V06,51.344,0.336,27.042,461.360,54.865,-83.269,37.575,27432.656,158542.562,20211028_084033,479169,9634,25951,7209
1,KRLX20211028_120704_V06,17.861,0.185,25.529,494.267,48.518,-83.274,37.427,24258.774,168132.469,20211028_080704,479173,14042,20364,11190
1,KRLX20211028_121349_V06,24.611,-1.000,25.529,494.267,59.250,-83.274,37.427,29625.024,168132.469,20211028_081349,479169,13768,21331,10606
1,KRLX20211028_122030_V06,31.294,0.058,25.834,476.470,52.061,-83.274,37.507,26030.489,163024.782,20211028_082030,479171,11609,23079,8718
7,KRLX20211030_121036_V06,19.290,0.060,42.639,523.430,43.010,-83.175,37.296,21505.062,170407.915,20211030_081036,479190,62213,63530,18234
7,KRLX20211030_121411_V06,22.873,0.057,42.894,522.696,47.806,-83.174,37.300,23903.014,170071.085,20211030_081411,479182,59698,63305,16707
7,KRLX20211030_121746_V06,26.456,0.111,45.676,517.877,50.721,-83.159,37.322,25360.319,167444.744,20211030_081746,479195,57913,63023,15577
7,KRLX20211030_122121_V06,30.040,0.055,50.498,515.257,49.825,-83.132,37.334,24912.356,164762.806,20211030_082121,479198,56770,63163,14575
7,KRLX20211030_122457_V06,33.640,0.055,49.177,517.607,51.213,-83.139,37.323,25606.428,166031.035,20211030_082457,479178,56388,63035,14068
7,KRLX20211030_122833_V06,37.240,-1.000,50.047,517.624,52.370,-83.134,37.323,26185.181,165708.026,20211030_082833,479187,55408,62697,13614
7,KRLX20211030_123209_V06,40.840,0.051,54.392,513.678,54.503,-83.110,37.341,27251.560,162774.021,20211030_083209,479189,55238,62896,12969
7,KRLX20211030_123546_V06,44.456,0.056,54.572,511.618,57.820,-83.109,37.350,28909.757,162031.589,20211030_083546,479193,56558,62754,13439
6,KRLX20211030_120326_V06,12.123,0.204,40.233,515.785,43.327,-83.189,37.331,21663.273,168850.638,20211030_080326,479182,63409,63828,19120
2,KRLX20211031_111227_V06,-39.920,0.086,363.062,512.852,17.073,-81.368,37.353,8536.605,110998.730,20211031_071227,479172,139385,82162,91182
7,KRLX20211031_120121_V06,8.980,0.207,206.318,149.460,62.642,-82.265,38.989,31321.220,88654.946,20211031_080121,479176,56191,102091,13752
9,KRLX20211031_120121_V06,8.980,0.071,218.871,319.866,27.300,-82.187,38.222,13649.914,41763.204,20211031_080121,479176,56191,102091,13752
10,KRLX20211031_120121_V06,8.980,0.069,85.856,305.786,13.193,-82.948,38.279,6596.359,107111.293,20211031_080121,479176,56191,102091,13752
11,KRLX20211031_120121_V06,8.980,0.063,447.340,188.055,30.408,-80.876,38.813,15204.037,92521.398,20211031_080121,479176,56191,102091,13752
13,KRLX20211031_121520_V06,22.963,0.080,452.243,77.621,50.432,-80.841,39.310,25215.782,134750.116,20211031_081520,479176,61449,113543,14840
1,KRLX20211101_120229_V06,9.049,0.106,249.146,107.621,4.117,-82.018,39.178,2058.725,99493.280,20211101_080229,479172,57450,23157,50618
1,KRLX20211101_120914_V06,15.799,0.067,251.169,109.440,14.154,-82.006,39.170,7076.939,98358.497,20211101_080914,479172,71520,20072,65124
3,KRLX20211101_120229_V06,9.049,0.065,243.266,109.005,5.221,-82.052,39.172,2610.641,99621.687,20211101_080229,479172,57450,23157,50618
6,KRLX20211101_121559_V06,22.549,0.145,223.054,153.879,47.693,-82.168,38.969,23846.363,82571.354,20211101_081559,479174,75282,19251,68510
3,KRLX20211102_114811_V06,-6.319,0.194,45.843,446.303,57.903,-83.164,37.644,28951.283,146629.055,20211102_074811,479189,352124,308402,62400
3,KRLX20211102_115240_V06,-1.836,0.269,47.584,446.524,63.875,-83.154,37.643,31937.400,145930.528,20211102_075240,479189,351436,307105,63240
3,KRLX20211102_120122_V06,6.864,0.072,62.223,443.499,69.500,-83.071,37.658,34749.940,138861.511,20211102_080122,479188,345320,300949,64573
1,KRLX20211102_110508_V06,-49.369,0.077,52.307,461.473,54.156,-83.126,37.576,27077.793,147838.957,20211102_070508,479179,340581,287930,80851
1,KRLX20211102_110857_V06,-45.553,0.062,53.604,460.501,59.357,-83.119,37.581,29678.450,147030.202,20211102_070857,479185,340795,288459,79673
2,KRLX20211102_113016_V06,-24.236,0.061,27.562,280.398,30.418,-83.283,38.390,15208.837,136571.260,20211102_073016,479180,345738,301766,65856
1,KRLX20211104_120044_V06,4.082,0.095,258.195,358.432,9.630,-81.962,38.048,4814.901,35923.186,20211104_080044,479171,51599,26319,44248
1,KRLX20211104_120744_V06,11.082,0.052,258.712,358.338,18.034,-81.959,38.049,9016.797,35735.079,20211104_080744,479174,58696,24877,51119
1,KRLX20211104_121443_V06,18.065,0.161,261.690,358.037,22.075,-81.942,38.050,11037.542,34770.475,20211104_081443,479172,52024,24982,44756
1,KRLX20211105_121550_V06,18.103,0.057,264.404,363.220,30.630,-81.927,38.027,15314.898,36276.271,20211105_081550,479173,52272,22033,46125
1,KRLX20211107_120142_V06,1.804,0.112,330.653,107.874,4.520,-81.547,39.177,2259.907,97278.030,20211107_070142,479174,72596,32104,61975
2,KRLX20211107_120841_V06,8.787,0.073,268.377,274.330,13.880,-81.905,38.427,6939.800,20365.079,20211107_070841,479179,78825,28536,69278
3,KRLX20211108_121038_V06,9.651,0.641,265.898,359.734,14.634,-81.918,38.043,7316.790,34391.426,20211108_071038,479171,52866,25285,45945
3,KRLX20211108_121738_V06,16.651,0.351,264.952,360.093,22.816,-81.924,38.041,11408.091,34783.138,20211108_071738,479172,44087,26048,37262
3,KRLX20211108_122437_V06,23.635,0.560,269.754,364.235,25.406,-81.896,38.022,12703.033,35499.916,20211108_072437,479175,35653,25251,29174
3,KRLX20211108_123135_V06,30.601,0.221,268.735,368.330,29.620,-81.902,38.004,14810.049,37571.647,20211108_073135,479169,30361,24743,24145
1,KRLX20211108_111449_V06,-46.165,0.304,216.663,376.289,15.722,-82.198,37.967,7861.105,56491.077,20211108_061449,479171,58928,55104,43789
1,KRLX20211108_112148_V06,-39.182,0.333,218.342,376.684,25.353,-82.189,37.966,12676.277,56009.931,20211108_062148,479171,52318,54928,37915
2,KRLX20211108_120339_V06,2.668,0.119,270.512,271.604,16.062,-81.893,38.440,8031.218,20468.762,20211108_070339,479180,53061,27486,45911
2,KRLX20211108_121038_V06,9.651,-1.000,270.512,271.604,27.166,-81.893,38.440,13582.968,20468.762,20211108_071038,479171,52866,25285,45945
2,KRLX20211108_121738_V06,16.651,0.107,276.029,273.074,32.879,-81.861,38.433,16439.502,18025.115,20211108_071738,479172,44087,26048,37262
1,KRLX20211109_111336_V06,-48.469,0.149,297.329,385.446,8.048,-81.739,37.927,4024.246,42743.982,20211109_061336,479169,33908,43704,22398
4,KRLX20211109_112713_V06,-34.852,0.223,372.458,229.997,14.028,-81.308,38.627,7014.008,50374.830,20211109_062713,479173,27415,42433,17279
1,KRLX20211110_120445_V06,1.593,0.332,261.641,349.976,7.222,-81.943,38.087,3611.078,31499.780,20211110_070445,479174,46203,26996,39997
1,KRLX20211110_121144_V06,8.577,0.055,262.799,350.945,14.299,-81.936,38.082,7149.540,31540.949,20211110_071144,479176,55597,23520,49397
1,KRLX20211110_121843_V06,15.560,0.364,269.017,350.001,21.264,-81.900,38.087,10632.149,29411.062,20211110_071843,479175,54110,22832,48183
1,KRLX20211110_122542_V06,22.543,0.170,272.395,352.180,25.173,-81.881,38.077,12586.591,29515.939,20211110_072542,479179,48100,22834,42000
6,KRLX20211114_124031_V06,33.014,0.081,91.312,420.365,98.423,-82.908,37.764,49211.266,120455.641,20211114_074031,479166,62934,67301,14686
6,KRLX20211114_124715_V06,39.747,0.174,94.801,416.169,107.462,-82.889,37.783,53731.012,117900.098,20211114_074715,479175,57072,60959,13434
1,KRLX20211114_112407_V06,-43.386,0.071,44.828,158.792,84.792,-83.195,38.939,42395.882,145818.788,20211114_062407,479172,87113,103130,9670
2,KRLX20211114_115206_V06,-15.403,0.073,101.715,179.965,114.531,-82.866,38.847,57265.324,115893.898,20211114_065206,479171,87962,105290,7471
4,KRLX20211114_121300_V06,5.497,0.330,264.437,346.765,6.898,-81.927,38.101,3449.146,29375.566,20211114_071300,479172,86337,94158,16239
1,KRLX20211116_120222_V06,-7.300,0.191,278.342,269.391,12.475,-81.848,38.450,6237.663,18748.383,20211116_070222,479174,30143,22220,24694
1,KRLX20211116_120920_V06,-0.333,0.421,276.112,271.323,23.841,-81.861,38.441,11920.468,18661.693,20211116_070920,479172,51273,18473,46408
1,KRLX20211116_121620_V06,6.667,0.084,276.224,272.102,24.542,-81.860,38.438,12271.037,18327.457,20211116_071620,479170,59986,17113,55030
5,KRLX20211116_121620_V06,6.667,0.127,200.851,152.415,8.592,-82.296,38.975,4296.108,88898.683,20211116_071620,479170,59986,17113,55030
5,KRLX20211116_122320_V06,13.667,0.689,201.249,152.180,17.534,-82.294,38.976,8767.107,88885.400,20211116_072320,479173,53217,18381,48034
5,KRLX20211116_123020_V06,20.667,0.056,196.327,148.707,31.041,-82.322,38.992,15520.400,91702.906,20211116_073020,479173,43213,19778,37995
2,KRLX20211116_120920_V06,-0.333,0.742,266.027,346.698,8.645,-81.918,38.101,4322.720,28874.112,20211116_070920,479172,51273,18473,46408
2,KRLX20211116_121620_V06,6.667,-1.000,266.027,346.698,19.775,-81.918,38.101,9887.720,28874.112,20211116_071620,479170,59986,17113,55030
2,KRLX20211116_122320_V06,13.667,0.051,272.374,349.539,25.386,-81.881,38.089,12693.223,28360.743,20211116_072320,479173,53217,18381,48034
6,KRLX20211116_122320_V06,13.667,0.103,291.259,186.877,31.927,-81.774,38.821,15963.718,56729.991,20211116_072320,479173,53217,18381,48034
6,KRLX20211116_123020_V06,20.667,0.128,291.991,182.465,40.057,-81.770,38.841,20028.338,58903.885,20211116_073020,479173,43213,19778,37995
3,KRLX20211116_120920_V06,-0.333,0.172,240.069,80.866,3.677,-82.071,39.298,1838.556,113590.672,20211116_070920,479172,51273,18473,46408
2,KRLX20211117_121426_V06,3.690,0.243,183.579,413.908,7.738,-82.385,37.797,3868.811,81438.543,20211117_071426,479174,21929,11548,19899
2,KRLX20211117_122124_V06,10.656,0.062,181.681,411.245,21.867,-82.396,37.809,10933.474,81201.502,20211117_072124,479168,19232,11864,17190
1,KRLX20211117_120727_V06,-3.294,0.062,264.847,349.303,6.040,-81.924,38.090,3020.168,30275.935,20211117_070727,479175,13925,11143,12455
3,KRLX20211119_122025_V06,7.529,0.458,342.893,104.302,7.068,-81.476,39.193,3533.791,100171.644,20211119_072025,479173,50974,18975,45666
3,KRLX20211119_122724_V06,14.512,0.287,342.538,105.098,17.972,-81.478,39.190,8985.836,99745.001,20211119_072724,479178,47379,18648,42454
3,KRLX20211119_123423_V06,21.496,0.904,351.875,102.021,32.166,-81.424,39.203,16082.893,102331.362,20211119_073423,479174,41360,19507,36498
3,KRLX20211119_124123_V06,28.496,0.862,351.549,111.802,38.153,-81.426,39.159,19076.294,97564.950,20211119_074123,479176,35476,20703,30899
3,KRLX20211119_124808_V06,35.246,0.710,349.489,116.375,45.371,-81.438,39.139,22685.561,95088.694,20211119_074808,479172,33479,20693,28966
3,KRLX20211119_130152_V06,48.979,0.287,343.656,128.064,51.597,-81.472,39.086,25798.317,88695.857,20211119_080152,479173,31041,20090,26715
3,KRLX20211119_130840_V06,55.779,0.199,341.570,146.678,54.724,-81.484,39.002,27362.073,79428.478,20211119_080840,479171,29232,20239,24929
3,KRLX20211119_131534_V06,62.679,0.108,352.500,165.014,55.476,-81.421,38.920,27737.751,72417.871,20211119_081534,479173,28122,20276,23577
1,KRLX20211119_121344_V06,0.846,0.181,261.507,358.510,8.000,-81.943,38.048,4000.139,35018.281,20211119_071344,479176,46873,22018,41012
1,KRLX20211119_122025_V06,7.529,0.353,262.218,357.439,16.608,-81.939,38.053,8304.168,34375.372,20211119_072025,479173,50974,18975,45666
1,KRLX20211119_122724_V06,14.512,0.069,264.964,353.868,20.874,-81.924,38.069,10437.168,32129.710,20211119_072724,479178,47379,18648,42454
6,KRLX20211119_122025_V06,7.529,0.163,333.789,148.746,2.441,-81.529,38.993,1220.314,77491.248,20211119_072025,479173,50974,18975,45666
6,KRLX20211119_122724_V06,14.512,0.053,333.822,153.675,10.057,-81.529,38.971,5028.527,75091.700,20211119_072724,479178,47379,18648,42454
11,KRLX20211119_122724_V06,14.512,0.051,187.257,383.772,5.021,-82.365,37.933,2510.727,70229.448,20211119_072724,479178,47379,18648,42454
11,KRLX20211119_123423_V06,21.496,0.108,186.590,383.914,15.094,-82.369,37.932,7546.962,70539.616,20211119_073423,479174,41360,19507,36498
14,KRLX20211119_123423_V06,21.496,0.225,227.403,74.031,8.705,-82.145,39.329,4352.404,118672.397,20211119_073423,479174,41360,19507,36498
14,KRLX20211119_124123_V06,28.496,0.162,228.381,72.586,19.305,-82.139,39.335,9652.414,119212.258,20211119_074123,479176,35476,20703,30899
8,KRLX20211119_122724_V06,14.512,0.154,231.493,48.186,16.035,-82.122,39.445,8017.466,130483.389,20211119_072724,479178,47379,18648,42454
13,KRLX20211119_122724_V06,14.512,0.050,191.040,360.817,17.707,-82.344,38.036,8853.399,62391.760,20211119_072724,479178,47379,18648,42454
15,KRLX20211119_123423_V06,21.496,0.186,337.088,176.910,4.488,-81.510,38.866,2244.015,64278.173,20211119_073423,479174,41360,19507,36498
1,KRLX20211120_121106_V06,-2.853,0.069,262.586,347.404,8.824,-81.937,38.098,4411.983,30194.911,20211120_071106,479173,33119,16789,30165
7,KRLX20211121_112845_V06,-46.262,0.057,17.293,284.268,31.344,-83.342,38.372,15671.865,141572.400,20211121_062845,479174,45207,61256,16278
7,KRLX20211121_113423_V06,-40.629,0.200,19.692,280.736,39.288,-83.328,38.388,19644.220,140484.472,20211121_063423,479169,45343,60937,16615
7,KRLX20211121_113946_V06,-35.246,0.163,26.359,274.368,45.918,-83.291,38.417,22959.045,137419.432,20211121_063946,479175,45459,61305,16396
7,KRLX20211121_114454_V06,-30.112,0.107,33.869,264.269,50.284,-83.249,38.463,25142.070,134259.451,20211121_064454,479175,43823,60258,15186
7,KRLX20211121_115001_V06,-24.996,0.067,40.080,252.583,51.258,-83.214,38.516,25628.898,132104.772,20211121_065001,479173,40854,58477,13645
6,KRLX20211121_112845_V06,-46.262,0.073,330.211,319.478,32.831,-81.551,38.224,16415.344,17972.833,20211121_062845,479174,45207,61256,16278
6,KRLX20211121_113423_V06,-40.629,0.195,328.793,318.597,42.228,-81.559,38.228,21113.766,17138.560,20211121_063423,479169,45343,60937,16615
6,KRLX20211121_113946_V06,-35.246,0.101,337.341,315.287,45.921,-81.511,38.243,22960.591,20174.466,20211121_063946,479175,45459,61305,16396
6,KRLX20211121_114454_V06,-30.112,0.078,364.226,338.066,23.389,-81.358,38.140,11694.286,37329.747,20211121_064454,479175,43823,60258,15186
6,KRLX20211121_115001_V06,-24.996,0.135,366.964,337.419,28.965,-81.342,38.143,14482.506,38354.642,20211121_065001,479173,40854,58477,13645
8,KRLX20211121_112845_V06,-46.262,0.052,321.353,119.148,45.128,-81.600,39.126,22563.789,91053.897,20211121_062845,479174,45207,61256,16278
16,KRLX20211121_115001_V06,-24.996,0.085,169.451,174.798,19.254,-82.476,38.873,9626.867,90441.456,20211121_065001,479173,40854,58477,13645
17,KRLX20211121_120246_V06,-12.246,0.105,390.221,303.444,4.768,-81.208,38.295,2384.106,45143.486,20211121_070246,479175,43596,56611,14169
20,KRLX20211121_121633_V06,1.538,0.490,261.528,349.845,6.241,-81.943,38.087,3120.640,31482.451,20211121_071633,479173,59081,55527,25701
21,KRLX20211121_121633_V06,1.538,0.073,268.057,271.018,28.574,-81.907,38.442,14286.816,21565.691,20211121_071633,479173,59081,55527,25701
1,KRLX20211122_123627_V06,20.384,0.167,318.977,122.442,2.439,-81.614,39.112,1219.406,89284.526,20211122_073627,479177,24197,27439,20473
1,KRLX20211122_124316_V06,27.201,0.054,347.435,119.346,33.011,-81.450,39.125,16505.268,93388.957,20211122_074316,479175,29644,27686,24417
4,KRLX20211122_130400_V06,47.934,0.108,201.265,137.944,1.994,-82.294,39.040,997.063,94882.512,20211122_080400,479177,32862,28993,26572
4,KRLX20211123_121406_V06,-3.013,0.314,328.254,115.645,2.639,-81.560,39.142,1319.408,93253.560,20211123_071406,479174,43651,16803,39637
4,KRLX20211123_122051_V06,3.737,0.221,332.022,115.344,14.690,-81.539,39.144,7345.200,93706.155,20211123_072051,479169,42195,15140,38435
4,KRLX20211123_122737_V06,10.504,0.309,334.975,120.872,23.387,-81.522,39.119,11693.634,91255.065,20211123_072737,479180,32449,15599,28964
4,KRLX20211123_123430_V06,17.387,-1.000,338.050,125.422,32.833,-81.504,39.098,16416.413,89338.130,20211123_073430,479173,24968,16522,21760
4,KRLX20211123_124121_V06,24.237,0.737,341.287,103.461,30.283,-81.485,39.197,15141.542,100414.626,20211123_074121,479172,19215,16519,16415
4,KRLX20211123_124806_V06,30.987,0.846,341.161,109.178,34.463,-81.486,39.171,17231.260,97605.622,20211123_074806,479171,16501,16786,13892
4,KRLX20211123_130149_V06,44.704,0.473,332.879,121.939,37.961,-81.534,39.114,18980.450,90535.408,20211123_080149,479175,13018,15926,10935
4,KRLX20211123_130838_V06,51.520,0.365,330.183,136.603,38.619,-81.550,39.048,19309.551,83080.917,20211123_080838,479177,12003,16068,10039
4,KRLX20211123_131539_V06,58.537,0.281,334.243,152.453,40.862,-81.526,38.976,20430.971,75734.163,20211123_081539,479173,11693,16484,9682
4,KRLX20211123_132224_V06,65.287,0.077,329.487,161.727,39.355,-81.554,38.935,19677.580,70691.243,20211123_082224,479171,10686,16365,8803
2,KRLX20211123_113956_V06,-37.180,0.072,349.199,111.697,18.291,-81.439,39.160,9145.710,97311.818,20211123_063956,479172,31667,40356,22829
2,KRLX20211123_114650_V06,-30.280,0.101,353.084,117.451,30.397,-81.417,39.134,15198.337,95055.139,20211123_064650,479170,24360,37950,17101
7,KRLX20211123_121406_V06,-3.013,0.057,283.550,278.011,14.944,-81.818,38.411,7472.084,13730.812,20211123_071406,479174,43651,16803,39637
7,KRLX20211123_122051_V06,3.737,0.275,284.635,280.629,23.640,-81.812,38.399,11820.077,12362.329,20211123_072051,479169,42195,15140,38435
3,KRLX20211123_114650_V06,-30.280,0.794,292.989,194.161,16.275,-81.764,38.789,8137.505,53035.678,20211123_064650,479170,24360,37950,17101
6,KRLX20211123_121406_V06,-3.013,0.148,293.395,191.009,11.065,-81.762,38.803,5532.509,54595.316,20211123_071406,479174,43651,16803,39637
8,KRLX20211123_122737_V06,10.504,0.511,330.348,405.515,18.533,-81.552,37.837,9266.348,54896.561,20211123_072737,479180,32449,15599,28964
9,KRLX20211123_123430_V06,17.387,0.065,333.858,161.977,1.854,-81.529,38.933,926.914,71057.742,20211123_073430,479173,24968,16522,21760
1,KRLX20211124_120929_V06,-8.669,0.209,162.891,116.002,13.071,-82.517,39.138,6535.709,114732.722,20211124_070929,479173,37111,19201,32742
4,KRLX20211125_121757_V06,-1.233,0.434,27.336,132.068,53.314,-83.299,39.058,26656.940,160114.614,20211125_071757,479175,36251,49250,16299
4,KRLX20211125_122457_V06,5.767,0.469,31.065,130.301,63.976,-83.278,39.066,31987.844,158999.634,20211125_072457,479173,43956,49366,23018
4,KRLX20211125_123155_V06,12.733,0.729,39.546,141.874,59.917,-83.228,39.015,29958.524,152348.465,20211125_073155,479171,38742,49271,19437
4,KRLX20211125_123854_V06,19.717,0.623,47.645,135.952,62.204,-83.181,39.042,31102.032,150494.781,20211125_073854,479174,32422,48452,14668
4,KRLX20211125_124535_V06,26.400,0.360,52.239,133.961,67.151,-83.155,39.051,33575.422,149126.209,20211125_074535,479174,25704,46760,10592
4,KRLX20211125_125216_V06,33.083,0.059,59.071,134.814,70.140,-83.115,39.048,35070.143,146059.401,20211125_075216,479171,21156,44360,8873
2,KRLX20211125_114303_V06,-36.133,0.076,27.996,284.227,30.321,-83.280,38.373,15160.283,136230.237,20211125_064303,479172,20204,45634,6917
6,KRLX20211125_122457_V06,5.767,0.191,282.969,107.863,63.272,-81.822,39.177,31636.152,96445.046,20211125_072457,479173,43956,49366,23018
7,KRLX20211125_122457_V06,5.767,0.114,282.991,266.217,15.451,-81.821,38.464,7725.266,18911.715,20211125_072457,479173,43956,49366,23018
2,KRLX20211126_113131_V06,-48.689,0.159,460.939,138.603,20.483,-80.795,39.035,10241.493,113963.003,20211126_063131,479173,31474,65052,7754
4,KRLX20211126_113830_V06,-41.706,0.053,417.679,240.931,24.667,-81.049,38.576,12333.408,65836.041,20211126_063830,479169,30203,66124,7189
2,KRLX20211127_121404_V06,-7.151,0.725,289.266,185.474,8.207,-81.786,38.828,4103.584,57513.902,20211127_071404,479172,23965,12192,22128
2,KRLX20211127_122104_V06,-0.151,0.937,288.889,185.690,14.595,-81.788,38.827,7297.276,57424.213,20211127_072104,479170,30707,11858,28580
2,KRLX20211127_122753_V06,6.665,0.870,287.455,188.967,15.986,-81.796,38.812,7993.119,55869.517,20211127_072753,479172,21119,12687,19038
2,KRLX20211127_123454_V06,13.682,0.198,286.146,189.839,21.072,-81.804,38.808,10535.968,55514.334,20211127_073454,479174,12638,13184,10880
1,KRLX20211127_120714_V06,-13.985,0.101,281.084,269.718,9.014,-81.832,38.448,4507.069,17852.069,20211127_070714,479172,13643,14720,11628
1,KRLX20211127_121404_V06,-7.151,0.303,281.329,270.416,17.323,-81.831,38.445,8661.557,17491.257,20211127_071404,479172,23965,12192,22128
1,KRLX20211127_122104_V06,-0.151,0.074,281.745,270.206,18.762,-81.828,38.446,9380.884,17471.073,20211127_072104,479170,30707,11858,28580
5,KRLX20211127_122753_V06,6.665,0.899,199.582,152.268,13.332,-82.303,38.976,6665.802,89314.778,20211127_072753,479172,21119,12687,19038
5,KRLX20211127_123454_V06,13.682,0.435,198.825,150.545,22.712,-82.308,38.984,11356.242,90240.058,20211127_073454,479174,12638,13184,10880
6,KRLX20211127_122753_V06,6.665,0.107,303.030,180.265,14.056,-81.706,38.851,7027.935,59886.848,20211127_072753,479172,21119,12687,19038
9,KRLX20211127_124843_V06,27.499,0.132,25.604,169.912,35.410,-83.305,38.887,17704.929,151835.251,20211127_074843,479172,8591,13353,6731
9,KRLX20211129_121920_V06,-3.877,0.360,183.230,360.054,3.238,-82.389,38.040,1618.898,65653.568,20211129_071920,479174,37100,13501,33895
9,KRLX20211129_122619_V06,3.106,0.576,182.302,360.600,14.005,-82.394,38.037,7002.320,66191.212,20211129_072619,479170,34981,13480,31781
9,KRLX20211129_123304_V06,9.856,0.315,184.697,359.475,28.204,-82.381,38.042,14101.964,64869.084,20211129_073304,479174,27110,13443,24194
9,KRLX20211129_123953_V06,16.673,0.279,180.980,369.214,30.121,-82.401,37.998,15060.511,68840.851,20211129_073953,479170,20273,13160,17643
9,KRLX20211129_124638_V06,23.423,0.101,172.792,384.014,29.546,-82.447,37.931,14772.796,76223.890,20211129_074638,479168,15755,12736,13485
9,KRLX20211129_125323_V06,30.173,0.100,168.171,395.953,29.879,-82.473,37.877,14939.432,81525.871,20211129_075323,479170,13038,12370,10853
8,KRLX20211129_121920_V06,-3.877,0.685,337.322,121.804,8.566,-81.508,39.114,4282.959,91031.017,20211129_071920,479174,37100,13501,33895
8,KRLX20211129_122619_V06,3.106,0.927,336.324,129.499,14.854,-81.514,39.080,7427.119,87163.819,20211129_072619,479170,34981,13480,31781
8,KRLX20211129_123304_V06,9.856,0.907,340.515,129.608,27.897,-81.490,39.079,13948.265,87571.264,20211129_073304,479174,27110,13443,24194
8,KRLX20211129_123953_V06,16.673,0.777,341.993,131.846,37.279,-81.481,39.069,18639.510,86659.242,20211129_073953,479170,20273,13160,17643
8,KRLX20211129_124638_V06,23.423,0.160,339.717,144.144,39.599,-81.495,39.014,19799.307,80418.377,20211129_074638,479168,15755,12736,13485
6,KRLX20211129_120554_V06,-17.310,0.147,282.558,273.143,8.237,-81.824,38.433,4118.629,16011.692,20211129_070554,479174,14017,18131,11160
6,KRLX20211129_121236_V06,-10.610,0.204,282.845,273.077,16.908,-81.822,38.433,8453.979,15961.805,20211129_071236,479173,24088,16142,20931
6,KRLX20211129_121920_V06,-3.877,0.084,284.194,274.599,19.794,-81.814,38.426,9896.825,14958.674,20211129_071920,479174,37100,13501,33895
1,KRLX20211129_114535_V06,-37.627,0.074,339.666,132.959,13.968,-81.495,39.064,6984.234,85842.940,20211129_064535,479173,13691,27107,9012
1,KRLX20211129_115223_V06,-30.827,0.192,346.366,135.126,24.811,-81.456,39.054,12405.631,85634.919,20211129_065223,479172,12202,25038,8133
7,KRLX20211129_121920_V06,-3.877,0.752,291.825,190.748,11.658,-81.771,38.804,5828.770,54778.862,20211129_071920,479174,37100,13501,33895
7,KRLX20211129_122619_V06,3.106,0.718,292.623,197.602,19.210,-81.766,38.773,9605.213,51331.681,20211129_072619,479170,34981,13480,31781
3,KRLX20211129_115223_V06,-30.827,0.673,294.243,190.888,9.829,-81.757,38.803,4914.555,54632.078,20211129_065223,479172,12202,25038,8133
14,KRLX20211129_122619_V06,3.106,0.677,364.654,156.186,8.244,-81.351,38.959,4121.967,78839.681,20211129_072619,479170,34981,13480,31781
22,KRLX20211129_130703_V06,43.840,0.103,295.262,170.903,9.230,-81.751,38.893,4615.234,64591.986,20211129_080703,479174,10412,11682,8508
1,KRLX20211130_121718_V06,-6.888,0.163,278.467,268.178,20.466,-81.847,38.455,10232.944,19211.380,20211130_071718,479170,15917,7730,14620
15,KRLX20211201_122840_V06,3.513,0.723,196.499,148.948,10.448,-82.321,38.991,5223.761,91554.873,20211201_072840,479173,73850,42649,46324
15,KRLX20211201_123533_V06,10.397,0.831,196.979,147.493,19.411,-82.318,38.997,9705.691,92021.295,20211201_073533,479169,65851,44341,37094
15,KRLX20211201_124226_V06,17.280,0.653,201.166,145.672,26.146,-82.294,39.006,13072.752,91631.367,20211201_074226,479175,53758,49588,22353
15,KRLX20211201_124650_V06,21.680,0.269,202.521,145.778,30.758,-82.287,39.005,15379.127,91222.790,20211201_074650,479178,50812,50887,17869
15,KRLX20211201_125110_V06,26.013,0.082,209.737,141.355,35.268,-82.245,39.025,17633.870,91262.854,20211201_075110,479184,51632,52730,16635
1,KRLX20211201_113239_V06,-52.503,0.232,18.231,463.670,26.120,-83.319,37.564,13060.153,162927.861,20211201_063239,479168,39473,46595,21978
1,KRLX20211201_113920_V06,-45.820,0.601,24.231,466.343,34.075,-83.284,37.552,17037.422,161027.058,20211201_063920,479174,40706,48810,21393
1,KRLX20211201_114601_V06,-39.137,0.397,38.301,470.267,45.431,-83.204,37.536,22715.614,156106.913,20211201_064601,479174,41817,49577,21411
1,KRLX20211201_115240_V06,-32.487,0.489,48.159,461.541,53.471,-83.149,37.576,26735.399,149599.075,20211201_065240,479175,39850,48556,18600
22,KRLX20211201_131329_V06,48.330,0.153,27.947,352.302,32.087,-83.274,38.066,16043.318,138517.286,20211201_081329,479179,59029,62374,16163
22,KRLX20211201_131749_V06,52.663,0.138,28.739,351.059,39.159,-83.270,38.072,19579.591,138012.070,20211201_081749,479175,60682,64362,16016
22,KRLX20211201_132208_V06,56.980,0.216,35.089,351.593,43.844,-83.233,38.070,21921.764,134944.203,20211201_082208,479172,62430,66617,16241
22,KRLX20211201_132627_V06,61.297,0.075,42.364,349.753,48.514,-83.192,38.079,24257.202,131197.917,20211201_082627,479177,64494,69503,15809
22,KRLX20211201_133129_V06,66.330,0.098,23.660,305.366,25.636,-83.303,38.277,12818.218,138195.859,20211201_083129,479170,67682,72307,16623
9,KRLX20211201_121448_V06,-10.353,0.645,276.636,267.428,14.320,-81.858,38.459,7159.863,20042.324,20211201_071448,479170,45043,41592,21224
9,KRLX20211201_122141_V06,-3.470,0.647,277.488,267.373,24.251,-81.853,38.459,12125.593,19819.962,20211201_072141,479172,65398,40543,39953
9,KRLX20211201_122840_V06,3.513,0.414,275.799,265.611,31.530,-81.863,38.467,15765.167,21025.680,20211201_072840,479173,73850,42649,46324
12,KRLX20211201_122141_V06,-3.470,0.330,330.993,95.770,10.616,-81.544,39.232,5307.987,103283.949,20211201_072141,479172,65398,40543,39953
12,KRLX20211201_122840_V06,3.513,0.961,332.227,97.135,16.182,-81.537,39.226,8091.025,102704.260,20211201_072840,479173,73850,42649,46324
12,KRLX20211201_123533_V06,10.397,0.587,333.231,100.563,21.145,-81.532,39.210,10572.313,101093.111,20211201_073533,479169,65851,44341,37094
3,KRLX20211201_114601_V06,-39.137,0.210,331.081,103.824,4.363,-81.544,39.195,2181.622,99311.605,20211201_064601,479174,41817,49577,21411
3,KRLX20211201_115240_V06,-32.487,0.593,331.588,105.613,10.524,-81.541,39.187,5262.069,98468.620,20211201_065240,479175,39850,48556,18600
6,KRLX20211201_120806_V06,-17.053,0.276,250.647,98.126,2.546,-82.010,39.221,1273.094,103909.804,20211201_070806,479176,38253,45141,14302
6,KRLX20211201_121448_V06,-10.353,0.062,251.488,97.509,12.006,-82.005,39.224,6003.039,104110.676,20211201_071448,479170,45043,41592,21224
10,KRLX20211201_122141_V06,-3.470,0.829,299.898,172.304,7.238,-81.724,38.887,3618.763,63848.104,20211201_072141,479172,65398,40543,39953
10,KRLX20211201_122840_V06,3.513,0.767,299.754,172.142,13.076,-81.725,38.888,6538.230,63929.240,20211201_072840,479173,73850,42649,46324
2,KRLX20211201_113920_V06,-45.820,0.122,42.447,351.173,65.642,-83.192,38.072,32820.927,131294.035,20211201_063920,479174,40706,48810,21393
5,KRLX20211201_115240_V06,-32.487,0.068,373.085,97.499,5.782,-81.301,39.223,2890.778,107642.880,20211201_065240,479175,39850,48556,18600
8,KRLX20211201_120806_V06,-17.053,0.118,52.488,273.857,64.408,-83.141,38.421,32204.021,124444.162,20211201_070806,479176,38253,45141,14302
11,KRLX20211201_122141_V06,-3.470,0.707,283.924,183.376,7.125,-81.816,38.837,3562.717,58863.120,20211201_072141,479172,65398,40543,39953
16,KRLX20211201_122840_V06,3.513,0.505,350.636,125.604,14.889,-81.431,39.097,7444.420,90799.062,20211201_072840,479173,73850,42649,46324
21,KRLX20211201_125530_V06,30.347,0.110,26.601,402.522,29.689,-83.277,37.840,14844.739,145994.515,20211201_075530,479172,52268,53676,15981
5,KRLX20211203_122409_V06,-2.890,0.789,302.878,177.958,8.587,-81.707,38.862,4293.640,61038.180,20211203_072409,479175,65728,23488,56647
5,KRLX20211203_123049_V06,3.777,0.101,302.729,178.006,15.880,-81.708,38.861,7939.934,61012.386,20211203_073049,479174,83465,19738,75711
5,KRLX20211203_123729_V06,10.443,0.663,298.932,184.113,28.476,-81.730,38.834,14238.020,57946.160,20211203_073729,479169,75794,19532,69016
5,KRLX20211203_124409_V06,17.110,0.177,301.580,180.645,41.255,-81.715,38.850,20627.593,59682.803,20211203_074409,479173,56226,20279,50148
4,KRLX20211203_121730_V06,-9.540,0.171,278.776,272.791,11.821,-81.845,38.434,5910.286,17253.749,20211203_071730,479177,41450,30102,30516
4,KRLX20211203_122409_V06,-2.890,0.136,279.530,273.128,20.855,-81.841,38.433,10427.321,16890.293,20211203_072409,479175,65728,23488,56647
4,KRLX20211203_123049_V06,3.777,0.117,279.936,277.669,26.978,-81.839,38.412,13488.938,15010.309,20211203_073049,479174,83465,19738,75711
8,KRLX20211203_123049_V06,3.777,0.853,202.100,157.042,9.102,-82.289,38.954,4551.098,86633.653,20211203_073049,479174,83465,19738,75711
8,KRLX20211203_123729_V06,10.443,0.770,203.616,158.236,17.304,-82.280,38.949,8652.071,85713.122,20211203_073729,479169,75794,19532,69016
8,KRLX20211203_124409_V06,17.110,0.672,203.569,161.266,28.325,-82.280,38.936,14162.358,84477.735,20211203_074409,479173,56226,20279,50148
9,KRLX20211203_123049_V06,3.777,0.845,213.173,101.701,9.771,-82.226,39.204,4885.374,108237.470,20211203_073049,479174,83465,19738,75711
9,KRLX20211203_123729_V06,10.443,0.915,211.887,104.514,20.310,-82.234,39.191,10154.986,107213.087,20211203_073729,479169,75794,19532,69016
9,KRLX20211203_124409_V06,17.110,0.591,216.416,103.513,25.653,-82.208,39.196,12826.556,106763.224,20211203_074409,479173,56226,20279,50148
10,KRLX20211203_123049_V06,3.777,0.230,331.592,105.060,15.592,-81.541,39.190,7795.898,98741.750,20211203_073049,479174,83465,19738,75711
10,KRLX20211203_123729_V06,10.443,0.835,332.812,110.623,20.790,-81.534,39.165,10394.803,96099.091,20211203_073729,479169,75794,19532,69016
10,KRLX20211203_124409_V06,17.110,0.470,335.187,113.273,24.817,-81.520,39.153,12408.356,95006.910,20211203_074409,479173,56226,20279,50148
1,KRLX20211209_122406_V06,-8.183,0.820,305.251,174.982,6.087,-81.694,38.875,3043.522,62564.306,20211209_072406,479172,18764,15606,15764
1,KRLX20211209_123106_V06,-1.183,0.819,305.071,174.262,11.736,-81.695,38.878,5867.983,62920.128,20211209_073106,479170,29249,16481,26076
1,KRLX20211209_123806_V06,5.817,0.368,305.941,173.473,15.277,-81.690,38.882,7638.325,63333.131,20211209_073806,479171,34257,17272,30734
4,KRLX20211209_123106_V06,-1.183,0.618,209.883,97.953,7.348,-82.246,39.221,3674.141,110616.523,20211209_073106,479170,29249,16481,26076
4,KRLX20211209_123806_V06,5.817,0.493,210.582,98.296,14.259,-82.242,39.219,7129.618,110317.981,20211209_073806,479171,34257,17272,30734
4,KRLX20211209_124505_V06,12.800,0.109,210.316,97.512,18.045,-82.243,39.223,9022.547,110730.052,20211209_074505,479167,28434,18467,24666
8,KRLX20211209_123806_V06,5.817,0.226,205.568,149.907,8.457,-82.269,38.987,4228.655,88664.043,20211209_073806,479171,34257,17272,30734
8,KRLX20211209_124505_V06,12.800,0.543,205.742,150.423,15.325,-82.268,38.984,7662.721,88399.282,20211209_074505,479167,28434,18467,24666
8,KRLX20211209_125206_V06,19.817,0.129,204.949,150.397,17.545,-82.272,38.984,8772.379,88622.671,20211209_075206,479174,21482,18843,18005
3,KRLX20211209_123106_V06,-1.183,0.868,332.136,101.362,7.973,-81.538,39.206,3986.256,100610.429,20211209_073106,479170,29249,16481,26076
3,KRLX20211209_123806_V06,5.817,0.699,333.607,102.535,12.139,-81.529,39.201,6069.308,100152.126,20211209_073806,479171,34257,17272,30734
6,KRLX20211209_123106_V06,-1.183,0.145,283.380,186.196,7.863,-81.820,38.824,3931.408,57505.616,20211209_073106,479170,29249,16481,26076
9,KRLX20211209_123806_V06,5.817,0.056,244.585,77.916,9.798,-82.045,39.312,4899.086,114446.624,20211209_073806,479171,34257,17272,30734
10,KRLX20211209_123806_V06,5.817,0.056,279.169,270.331,20.649,-81.843,38.446,10324.722,18125.785,20211209_073806,479171,34257,17272,30734
2,KRLX20211210_133714_V06,64.147,0.555,16.783,148.144,24.765,-83.358,38.985,12382.574,160680.120,20211210_083714,479170,4644,30642,2504
2,KRLX20211210_134359_V06,70.897,0.592,21.768,147.122,33.940,-83.330,38.990,16970.184,158732.996,20211210_084359,479174,5298,31239,2657
2,KRLX20211210_135040_V06,77.580,0.469,27.946,148.389,40.690,-83.294,38.984,20345.066,155723.693,20211210_085040,479173,5675,31821,2593
3,KRLX20211210_134359_V06,70.897,0.127,28.895,522.096,42.309,-83.253,37.301,21154.255,175231.703,20211210_084359,479174,5298,31239,2657
1,KRLX20211212_122859_V06,-5.641,0.871,309.215,177.156,7.694,-81.671,38.865,3846.794,61594.364,20211212_072859,479172,20149,12273,18073
1,KRLX20211212_123738_V06,3.009,0.898,313.932,179.862,20.834,-81.644,38.853,10417.077,60471.747,20211212_073738,479174,15624,12110,13762
1,KRLX20211212_124556_V06,11.309,0.165,317.682,175.361,35.601,-81.622,38.873,17800.265,62943.489,20211212_074556,479171,9990,12545,8316
3,KRLX20211212_123738_V06,3.009,0.790,213.473,156.505,9.108,-82.223,38.957,4554.098,83782.101,20211212_073738,479174,15624,12110,13762
3,KRLX20211212_124556_V06,11.309,0.912,218.948,154.715,24.037,-82.191,38.965,12018.723,83182.056,20211212_074556,479171,9990,12545,8316
3,KRLX20211213_123741_V06,2.326,0.841,210.967,147.787,8.777,-82.238,38.996,4388.638,88169.693,20211213_073741,479174,24810,16981,21531
3,KRLX20211213_124619_V06,10.960,0.069,211.748,147.651,18.292,-82.233,38.997,9145.774,88032.073,20211213_074619,479172,15655,17141,12852
1,KRLX20211213_122025_V06,-14.940,0.271,306.252,174.753,5.270,-81.688,38.876,2635.246,62701.252,20211213_072025,479172,17914,17583,14706
2,KRLX20211213_122903_V06,-6.307,0.099,210.323,96.508,10.512,-82.243,39.227,5255.823,111188.069,20211213_072903,479174,26393,16680,23395
1,KRLX20211214_122216_V06,-13.798,0.577,305.684,176.468,5.601,-81.691,38.868,2800.426,61831.363,20211214_072216,479167,21220,14543,18281
1,KRLX20211214_123054_V06,-5.165,0.737,304.881,175.568,11.147,-81.696,38.872,5573.348,62263.996,20211214_073054,479170,33262,13675,30346
4,KRLX20211214_123923_V06,3.318,0.631,204.936,153.538,8.418,-82.272,38.970,4209.227,87304.616,20211214_073923,479171,31491,14080,28325
4,KRLX20211214_124801_V06,11.952,0.702,203.664,154.236,15.971,-82.280,38.967,7985.316,87361.047,20211214_074801,479175,23672,14004,20802
3,KRLX20211214_123054_V06,-5.165,0.299,239.027,80.520,6.900,-82.077,39.300,3450.125,113895.827,20211214_073054,479170,33262,13675,30346
4,KRLX20211217_132448_V06,46.768,0.066,12.215,507.377,19.430,-83.348,37.366,9715.019,177359.518,20211217_082448,479175,23948,140355,6488
4,KRLX20211217_133020_V06,52.301,-1.000,12.215,507.377,28.228,-83.348,37.366,14114.019,177359.518,20211217_083020,479173,23162,142389,5796
4,KRLX20211217_133551_V06,57.818,0.059,19.524,498.898,29.669,-83.308,37.405,14834.420,171920.612,20211217_083551,479179,23601,143971,5608
2,KRLX20211219_120207_V06,-37.090,0.095,162.790,254.173,8.342,-82.511,38.516,4171.209,72330.064,20211219_070207,479175,14797,48989,2596
3,KRLX20211221_123853_V06,-1.382,0.293,207.930,150.769,5.770,-82.255,38.983,2885.244,87673.825,20211221_073853,479173,24926,11818,22927
3,KRLX20211221_124538_V06,5.368,0.534,208.425,151.158,13.244,-82.252,38.981,6621.885,87378.291,20211221_074538,479171,25254,11992,23051
3,KRLX20211221_125226_V06,12.168,0.087,207.425,152.897,16.808,-82.258,38.973,8404.239,86904.424,20211221_075226,479169,19879,12459,17616
1,KRLX20211221_123207_V06,-8.149,0.764,307.253,174.258,7.108,-81.682,38.878,3553.848,62975.330,20211221_073207,479174,18137,11561,16313
1,KRLX20211221_123853_V06,-1.382,0.504,307.814,173.731,13.100,-81.679,38.881,6549.830,63255.233,20211221_073853,479173,24926,11818,22927
5,KRLX20211221_123853_V06,-1.382,0.051,256.904,206.668,7.878,-81.972,38.732,3938.768,51400.596,20211221_073853,479173,24926,11818,22927
3,KRLX20211223_123742_V06,-3.504,0.460,205.604,148.214,7.074,-82.269,38.994,3536.808,89372.393,20211223_073742,479170,24080,12850,21961
3,KRLX20211223_124437_V06,3.412,0.889,205.722,147.878,11.183,-82.268,38.996,5591.618,89483.893,20211223_074437,479174,21688,13832,19256
3,KRLX20211223_125137_V06,10.412,0.175,205.073,148.111,14.300,-82.272,38.995,7149.846,89556.493,20211223_075137,479175,15664,13982,13523
1,KRLX20211223_123043_V06,-10.488,0.799,305.779,170.122,6.799,-81.691,38.897,3399.364,65003.420,20211223_073043,479173,18783,12238,16715
1,KRLX20211223_123742_V06,-3.504,0.368,304.047,170.464,14.755,-81.701,38.895,7377.439,64799.531,20211223_073742,479170,24080,12850,21961
5,KRLX20211223_124437_V06,3.412,0.156,220.114,217.616,13.803,-82.183,38.682,6901.493,57378.024,20211223_074437,479174,21688,13832,19256
1,KRLX20211226_123344_V06,-8.646,0.918,301.797,175.896,7.022,-81.714,38.871,3511.181,62058.692,20211226_073344,479174,9280,21384,8403
1,KRLX20211226_124028_V06,-1.912,0.942,304.783,175.427,11.978,-81.696,38.873,5988.943,62332.610,20211226_074028,479170,12794,20759,11648
1,KRLX20211226_124712_V06,4.821,0.871,304.453,173.993,18.263,-81.698,38.879,9131.284,63042.595,20211226_074712,479168,12835,20273,11725
5,KRLX20211226_124028_V06,-1.912,0.186,255.702,208.110,9.085,-81.979,38.726,4542.698,51004.972,20211226_074028,479170,12794,20759,11648
6,KRLX20211226_124712_V06,4.821,0.253,207.872,157.883,6.563,-82.255,38.951,3281.488,84682.898,20211226_074712,479168,12835,20273,11725
6,KRLX20211227_121700_V06,-25.707,0.090,154.661,385.696,36.529,-82.550,37.923,18264.397,84361.197,20211227_071700,479179,71340,97141,8341
11,KRLX20211229_131520_V06,32.070,0.104,25.121,339.293,37.318,-83.291,38.124,18658.920,138836.637,20211229_081520,479175,61633,86050,11719
11,KRLX20211229_131955_V06,36.653,0.073,25.556,340.179,45.208,-83.289,38.121,22603.922,138684.701,20211229_081955,479174,57323,79414,10990
11,KRLX20211229_132430_V06,41.237,0.282,30.871,343.849,52.861,-83.258,38.104,26430.400,136338.840,20211229_082430,479167,52610,74590,9618
11,KRLX20211229_132905_V06,45.820,0.455,33.599,356.189,41.308,-83.241,38.049,20653.900,136130.892,20211229_082905,479182,49306,69705,9111
11,KRLX20211229_133339_V06,50.387,0.561,35.917,353.878,46.400,-83.229,38.060,23200.115,134761.745,20211229_083339,479176,45546,65916,8805
11,KRLX20211229_133814_V06,54.970,0.279,54.774,350.123,38.012,-83.121,38.078,19005.796,125148.149,20211229_083814,479176,43010,62242,8445
11,KRLX20211229_134249_V06,59.553,0.068,56.355,349.429,44.882,-83.112,38.081,22440.946,124304.236,20211229_084249,479170,40093,58328,8132
11,KRLX20211229_134724_V06,64.137,0.293,91.729,350.860,26.858,-82.911,38.077,13429.030,107195.526,20211229_084724,479173,38145,55701,7715
11,KRLX20211229_135159_V06,68.720,0.241,95.786,349.743,32.753,-82.888,38.082,16376.300,105092.472,20211229_085159,479178,36781,54208,7119
20,KRLX20211229_135159_V06,68.720,0.275,46.146,397.807,62.147,-83.166,37.862,31073.704,136022.217,20211229_085159,479178,36781,54208,7119
20,KRLX20211229_140045_V06,77.487,-1.000,46.146,397.807,76.086,-83.166,37.862,38043.204,136022.217,20211229_090045,479170,33894,50631,7021
20,KRLX20211229_140522_V06,82.103,0.094,56.640,399.859,79.475,-83.107,37.854,39737.695,131525.544,20211229_090522,479172,31489,49069,6667
