track_id,filename,from_sunrise,det_score,x,y,r,lon,lat,radius,geo_dist,local_time,n_radar_pixels,n_refAbove40_pixels,n_xcorrAbove0.95_pixels,n_xcorrBelow0.95_refAbove40_pixels
16,KFCX20230607_103917_V06,37.845,0.067,37.458,406.676,40.796,-81.740,36.534,20398.232,141693.307,20230607_063917,479196,78252,107640,7102
16,KFCX20230607_104413_V06,42.779,0.106,38.931,406.432,48.199,-81.732,36.536,24099.529,140965.343,20230607_064413,479202,76944,106079,7138
13,KFCX20230607_103408_V06,32.695,0.367,401.514,348.742,44.808,-79.705,36.803,22403.790,56304.889,20230607_063408,479199,79459,110681,7038
15,KFCX20230607_103917_V06,37.845,0.087,354.090,403.179,21.295,-79.972,36.559,10647.392,58248.966,20230607_063917,479196,78252,107640,7102
1,KFCX20230609_100755_V06,6.784,0.078,302.362,286.477,37.529,-80.261,37.085,18764.355,6863.866,20230609_060755,479176,784,34687,578
1,KFCX20230610_110813_V06,67.193,0.106,313.226,301.549,11.730,-80.200,37.017,5865.189,6658.246,20230610_070813,479176,784,12605,586
2,KFCX20230612_090100_V06,-59.894,0.109,386.581,355.808,5.331,-79.789,36.772,2665.474,51504.564,20230612_050100,479184,121315,178272,10440
17,KFCX20230612_100023_V06,-0.511,0.095,16.915,366.944,22.139,-81.858,36.712,11069.738,145446.573,20230612_060023,479197,129369,189235,7852
31,KFCX20230612_110458_V06,64.073,0.095,23.732,284.006,21.450,-81.828,37.086,10725.224,138365.545,20230612_070458,479182,152535,215901,9685
1,KFCX20230618_102140_V06,20.471,0.144,199.262,276.539,29.509,-80.841,37.129,14754.444,51716.752,20230618_062140,479178,1595,34184,1192
1,KFCX20230619_090517_V06,-56.060,0.065,19.657,202.771,30.601,-81.858,37.452,15300.688,148362.501,20230619_050517,479180,16138,36737,13354
1,KFCX20230619_091451_V06,-46.493,0.323,21.711,195.019,38.172,-81.848,37.487,19086.134,148715.798,20230619_051451,479177,12438,38414,9826
1,KFCX20230619_092427_V06,-36.893,0.072,25.652,196.982,43.191,-81.825,37.478,21595.620,146525.968,20230619_052427,479178,9575,40993,6669
1,KFCX20230619_093403_V06,-27.293,-1.000,29.325,197.708,48.618,-81.804,37.475,24308.781,144679.498,20230619_053403,479173,8713,41719,4823
1,KFCX20230619_094337_V06,-17.726,0.173,34.060,185.812,44.128,-81.779,37.529,22063.922,144709.395,20230619_054337,479174,7833,43222,3196
1,KFCX20230619_100248_V06,1.457,-1.000,42.555,173.692,44.329,-81.732,37.584,22164.300,143380.488,20230619_060248,479179,9852,55302,3272
1,KFCX20230619_101223_V06,11.040,0.124,44.920,164.535,53.141,-81.719,37.626,26570.614,144409.926,20230619_061223,479176,10506,62374,3981
1,KFCX20230619_102157_V06,20.607,-1.000,48.463,157.346,56.456,-81.700,37.658,28227.777,144586.625,20230619_062157,479178,10489,68174,3763
1,KFCX20230619_103132_V06,30.190,0.059,38.169,137.496,42.644,-81.760,37.747,21322.067,154080.221,20230619_063132,479177,10091,71724,3794
3,KFCX20230619_093403_V06,-27.293,0.137,25.711,181.984,35.762,-81.826,37.546,17880.932,149300.508,20230619_053403,479173,8713,41719,4823
4,KFCX20230621_092848_V06,-32.918,0.075,218.974,97.895,6.107,-80.735,37.934,3053.333,108871.100,20230621_052848,479175,186074,253653,9464
3,KFCX20230622_090551_V06,-56.095,0.057,311.526,52.835,15.800,-80.208,38.138,7899.853,123716.578,20230622_050551,479204,125110,176652,8000
10,KFCX20230624_104432_V06,42.059,0.052,270.339,100.721,16.441,-80.443,37.922,8220.539,100736.901,20230624_064432,479180,3656,43412,1050
6,KFCX20230627_091809_V06,-45.302,0.052,366.174,366.321,31.594,-79.904,36.725,15796.970,46844.267,20230627_051809,479197,15395,52291,2307
18,KFCX20230627_100802_V06,4.581,0.166,70.927,310.292,24.787,-81.560,36.971,12393.363,114652.110,20230627_060802,479185,18020,58282,2877
18,KFCX20230627_101219_V06,8.865,0.068,85.990,314.947,19.089,-81.476,36.951,9544.606,107265.500,20230627_061219,479195,18280,59593,2968
1,KFCX20230629_091410_V06,-50.053,0.057,259.899,388.715,8.157,-80.498,36.624,4078.499,48678.467,20230629_051410,479178,20900,43092,19264
2,KFCX20230629_092345_V06,-40.469,0.056,22.921,345.035,24.714,-81.827,36.811,12357.144,140357.373,20230629_052345,479175,16167,46239,14641
31,KFCX20230630_112626_V06,81.797,0.243,27.390,174.540,30.107,-81.817,37.579,15053.379,150047.258,20230630_072626,479192,283976,287631,35954
31,KFCX20230630_113149_V06,87.180,0.067,28.752,176.513,37.247,-81.809,37.571,18623.648,149017.273,20230630_073149,479190,278502,284884,34807
10,KFCX20230630_094019_V06,-24.320,0.090,234.363,515.231,35.164,-80.638,36.054,17582.029,112508.507,20230630_054019,479199,119212,166390,10844
19,KFCX20230630_102722_V06,22.730,0.118,43.401,414.741,49.527,-81.706,36.499,24763.380,140542.322,20230630_062722,479190,204768,222284,31232
25,KFCX20230630_104850_V06,44.197,0.097,71.919,93.714,19.522,-81.572,37.946,9760.836,153765.082,20230630_064850,479175,248737,258079,32495
30,KFCX20230630_112103_V06,76.414,0.080,95.659,50.020,52.804,-81.440,38.145,26401.936,161435.188,20230630_072103,479190,287896,291499,35482
1,KFCX20230701_103209_V06,27.075,0.100,25.516,166.038,52.579,-81.829,37.618,26289.532,152714.863,20230701_063209,479200,27282,51972,19108
1,KFCX20230701_103616_V06,31.192,0.621,26.475,166.783,57.235,-81.823,37.614,28617.483,152120.833,20230701_063616,479188,27174,52955,18648
1,KFCX20230701_104033_V06,35.475,0.778,29.943,167.687,57.243,-81.803,37.610,28621.446,150364.106,20230701_064033,479199,26715,53941,17955
1,KFCX20230701_104441_V06,39.609,0.481,31.955,168.861,57.247,-81.792,37.605,28623.253,149202.373,20230701_064441,479192,26052,55113,17228
1,KFCX20230701_104849_V06,43.742,0.274,33.411,166.086,56.411,-81.784,37.618,28205.466,149166.745,20230701_064849,479197,25641,56263,16643
1,KFCX20230701_105255_V06,47.842,0.122,41.527,163.314,60.761,-81.738,37.631,30380.523,146194.356,20230701_065255,479209,24383,57295,15569
1,KFCX20230701_110110_V06,56.092,-1.000,53.060,158.690,65.916,-81.673,37.653,32958.093,142256.604,20230701_070110,479183,22690,60281,13865
1,KFCX20230701_110518_V06,60.225,0.092,18.835,110.569,28.583,-81.872,37.867,14291.744,169512.671,20230701_070518,479185,21870,61026,12896
3,KFCX20230701_111742_V06,72.625,0.064,23.575,117.629,29.140,-81.844,37.835,14570.142,165582.143,20230701_071742,479192,20200,63244,10451
3,KFCX20230701_112150_V06,76.759,0.058,24.062,118.497,35.278,-81.841,37.832,17638.787,165140.007,20230701_072150,479194,20438,64278,10067
1,KFCX20230708_103029_V06,21.783,0.070,85.594,383.308,34.040,-81.473,36.643,17020.159,115011.189,20230708_063029,479175,11547,71261,8778
8,KFCX20230709_112344_V06,74.442,0.164,206.593,512.471,28.851,-80.793,36.066,14425.522,116048.070,20230709_072344,479186,150712,167635,31849
1,KFCX20230711_100438_V06,-5.890,0.051,483.728,317.480,32.496,-79.243,36.941,16248.173,92278.710,20230711_060438,479177,5069,59712,4058
2,KFCX20230711_101412_V06,3.676,0.152,122.743,177.172,15.114,-81.277,37.573,7556.771,107827.268,20230711_061412,479177,9404,55914,7808
3,KFCX20230711_101412_V06,3.676,0.090,361.488,259.007,4.707,-79.928,37.208,2353.645,36949.655,20230711_061412,479177,9404,55914,7808
1,KFCX20230712_100649_V06,-4.346,0.767,492.143,306.877,29.673,-79.195,36.988,14836.380,96133.167,20230712_060649,479178,7505,55595,6357
1,KFCX20230712_101624_V06,5.237,0.657,493.009,308.863,40.079,-79.190,36.979,20039.625,96606.170,20230712_061624,479178,12353,54382,10616
1,KFCX20230712_102558_V06,14.804,0.198,499.557,309.370,50.490,-79.154,36.977,25244.911,99888.313,20230712_062558,479173,16200,52233,14179
2,KFCX20230712_100649_V06,-4.346,0.374,178.321,321.464,16.188,-80.957,36.925,8094.038,61779.010,20230712_060649,479178,7505,55595,6357
2,KFCX20230712_101624_V06,5.237,0.803,177.193,317.920,20.476,-80.963,36.941,10237.894,62053.629,20230712_061624,479178,12353,54382,10616
2,KFCX20230712_102558_V06,14.804,0.712,180.381,320.710,28.895,-80.945,36.929,14447.305,60699.302,20230712_062558,479173,16200,52233,14179
7,KFCX20230714_093903_V06,-33.435,0.168,308.558,155.457,32.817,-80.226,37.675,16408.253,72398.156,20230714_053903,479193,213838,223309,12628
13,KFCX20230714_105131_V06,39.031,0.235,401.440,149.913,17.316,-79.699,37.699,8657.860,90576.310,20230714_065131,479189,89014,132415,7990
17,KFCX20230714_110814_V06,55.748,0.056,235.129,98.129,13.498,-80.643,37.933,6748.770,106018.870,20230714_070814,479196,74884,119265,6993
3,KFCX20230719_092754_V06,-48.112,0.085,185.115,361.032,17.355,-80.917,36.747,8677.567,65044.878,20230719_052754,479202,144822,154727,28949
4,KFCX20230719_093315_V06,-42.762,0.118,223.320,238.641,13.449,-80.707,37.300,6724.678,49103.947,20230719_053315,479196,137699,149675,27406
10,KFCX20230719_100841_V06,-7.329,0.125,287.680,158.934,15.800,-80.344,37.660,7899.967,70801.419,20230719_060841,479194,85555,119003,6756
15,KFCX20230719_102212_V06,6.188,0.074,171.849,313.395,11.178,-80.994,36.962,5589.191,64424.754,20230719_062212,479202,75902,111375,6283
1,KFCX20230720_093727_V06,-39.300,0.097,28.503,120.306,33.922,-81.816,37.824,16960.836,162788.667,20230720_053727,479176,32311,88823,25089
1,KFCX20230720_094701_V06,-29.733,0.574,29.618,109.176,48.811,-81.811,37.874,24405.341,165469.222,20230720_054701,479179,15285,95650,9217
1,KFCX20230720_100609_V06,-10.600,0.061,34.091,115.944,51.164,-81.785,37.844,25582.160,161697.360,20230720_060609,479178,6890,77825,3052
1,KFCX20230722_101159_V06,-6.269,0.823,473.297,310.265,23.805,-79.301,36.974,11902.565,86800.588,20230722_061159,479179,15938,115734,6371
1,KFCX20230722_102133_V06,3.297,0.943,473.494,305.928,30.081,-79.300,36.993,15040.334,86797.702,20230722_062133,479178,16234,109681,6419
1,KFCX20230722_103109_V06,12.897,0.112,473.754,309.884,38.863,-79.298,36.976,19431.733,87017.436,20230722_063109,479192,18139,82819,6565
3,KFCX20230722_110148_V06,43.547,0.055,14.158,341.571,16.769,-81.876,36.826,8384.361,144424.632,20230722_070148,479192,19361,72699,6236
3,KFCX20230722_110622_V06,48.114,0.061,14.594,343.188,22.795,-81.874,36.819,11397.321,144327.401,20230722_070622,479201,19068,72096,6302
6,KFCX20230723_102439_V06,5.633,0.087,117.803,174.248,18.228,-81.306,37.586,9113.770,110690.282,20230723_062439,479197,14227,60151,5139
6,KFCX20230723_102912_V06,10.183,0.242,115.935,176.071,26.643,-81.316,37.578,13321.598,110948.604,20230723_062912,479193,15543,61717,5816
6,KFCX20230723_103354_V06,14.883,0.446,114.589,177.634,30.614,-81.324,37.571,15307.180,111074.885,20230723_063354,479202,16033,63502,6202
6,KFCX20230723_103851_V06,19.833,0.205,118.038,175.367,30.091,-81.304,37.581,15045.711,110276.510,20230723_063851,479199,16103,62053,6147
9,KFCX20230723_103354_V06,14.883,0.283,175.172,318.828,12.562,-80.975,36.937,6281.239,63119.777,20230723_063354,479202,16033,63502,6202
9,KFCX20230723_103851_V06,19.833,0.249,175.242,318.674,18.034,-80.974,36.938,9016.786,63073.862,20230723_063851,479199,16103,62053,6147
9,KFCX20230723_104359_V06,24.967,-1.000,175.300,318.547,24.197,-80.974,36.939,12098.379,63035.673,20230723_064359,479197,16158,60462,5936
9,KFCX20230723_104921_V06,30.333,0.054,187.803,319.257,26.160,-80.904,36.936,13080.007,56918.792,20230723_064921,479187,16469,58379,5675
5,KFCX20230723_102439_V06,5.633,0.793,175.369,316.794,9.609,-80.974,36.946,4804.319,62878.760,20230723_062439,479197,14227,60151,5139
5,KFCX20230723_102912_V06,10.183,0.069,175.240,316.929,15.638,-80.974,36.946,7818.835,62951.827,20230723_062912,479193,15543,61717,5816
10,KFCX20230723_104359_V06,24.967,0.077,177.265,319.476,15.452,-80.963,36.934,7726.200,62135.122,20230723_064359,479197,16158,60462,5936
1,KFCX20230725_102455_V06,4.351,0.140,180.686,317.992,13.684,-80.944,36.941,6841.829,60331.649,20230725_062455,479191,33271,70458,19787
1,KFCX20230725_102911_V06,8.617,0.241,181.581,318.985,21.189,-80.939,36.937,10594.334,59965.421,20230725_062911,479200,41429,71696,25747
1,KFCX20230725_103327_V06,12.884,0.224,187.975,322.421,27.969,-80.903,36.921,13984.665,57123.463,20230725_063327,479187,46998,72090,29864
1,KFCX20230725_103743_V06,17.151,0.241,189.820,328.073,32.386,-80.892,36.896,16193.117,56849.860,20230725_063743,479195,50524,71766,32428
1,KFCX20230725_104158_V06,21.401,0.056,190.307,327.847,33.539,-80.890,36.897,16769.346,56586.122,20230725_064158,479202,49583,68831,32437
1,KFCX20230726_092246_V06,-58.584,0.136,299.015,302.205,9.296,-80.280,37.014,4648.117,1207.456,20230726_052246,479174,78877,57107,73696
2,KFCX20230726_102008_V06,-1.217,0.137,482.863,319.271,32.606,-79.248,36.933,16302.952,91938.039,20230726_062008,479177,12383,78995,10064
4,KFCX20230727_101232_V06,-9.607,0.781,509.471,289.686,17.472,-79.096,37.065,8735.992,104862.176,20230727_061232,479178,3561,64995,2287
4,KFCX20230727_102206_V06,-0.041,0.792,514.693,287.364,28.988,-79.067,37.075,14493.867,107532.274,20230727_062206,479174,6833,57625,5235
4,KFCX20230727_103139_V06,9.509,0.603,520.656,287.469,39.839,-79.033,37.074,19919.361,110505.804,20230727_063139,479178,9372,60037,7221
4,KFCX20230727_104114_V06,19.093,0.112,523.046,281.582,47.394,-79.020,37.101,23696.987,111902.398,20230727_064114,479176,11491,61192,8648
5,KFCX20230727_102206_V06,-0.041,0.296,185.861,336.400,32.155,-80.914,36.858,16077.749,59901.159,20230727_062206,479174,6833,57625,5235
5,KFCX20230727_103139_V06,9.509,0.219,184.786,332.033,42.303,-80.920,36.878,21151.266,59792.153,20230727_063139,479178,9372,60037,7221
1,KFCX20230728_101518_V06,-7.636,0.083,505.474,295.990,19.405,-79.119,37.037,9702.568,102756.659,20230728_061518,479189,12996,65464,5598
1,KFCX20230728_101934_V06,-3.369,0.092,505.233,295.475,24.873,-79.121,37.039,12436.276,102641.276,20230728_061934,479184,15138,62143,7298
3,KFCX20230728_102350_V06,0.897,0.060,191.933,313.271,14.076,-80.881,36.963,7037.987,54439.373,20230728_062350,479187,17934,62271,8846
3,KFCX20230728_102806_V06,5.164,0.106,189.717,315.746,21.715,-80.893,36.952,10857.478,55700.775,20230728_062806,479196,19509,61455,10071
3,KFCX20230728_103222_V06,9.431,0.081,188.403,314.169,18.199,-80.901,36.959,9099.590,56246.621,20230728_063222,479190,21205,62235,10718
2,KFCX20230728_101518_V06,-7.636,0.060,180.484,325.104,14.388,-80.945,36.909,7193.972,61062.193,20230728_061518,479189,12996,65464,5598
2,KFCX20230729_103523_V06,11.647,0.074,16.760,162.720,24.961,-81.879,37.632,12480.417,157377.359,20230729_063523,479190,10238,51041,3575
2,KFCX20230729_103930_V06,15.764,0.736,17.191,162.418,29.482,-81.876,37.633,14740.943,157249.893,20230729_063930,479195,11295,51005,3868
2,KFCX20230729_104338_V06,19.897,0.836,20.018,161.972,31.323,-81.860,37.635,15661.549,156078.281,20230729_064338,479195,10965,50150,3908
2,KFCX20230729_104738_V06,23.897,0.772,26.272,161.595,37.562,-81.825,37.638,18781.194,153364.950,20230729_064738,479191,10726,49091,3933
2,KFCX20230729_105138_V06,27.897,0.506,31.324,166.119,44.291,-81.796,37.618,22145.651,150092.217,20230729_065138,479193,10218,47894,3726
3,KFCX20230730_104936_V06,25.059,0.376,139.620,199.318,9.693,-81.181,37.474,4846.594,94681.703,20230730_064936,479178,46416,59601,41077
7,KFCX20230731_103334_V06,8.217,0.145,149.439,193.018,14.894,-81.126,37.503,7446.798,92349.404,20230731_063334,479194,82076,76887,51197
7,KFCX20230731_103722_V06,12.017,0.110,149.362,193.302,19.974,-81.126,37.502,9987.232,92298.893,20230731_063722,479188,87344,76110,55688
7,KFCX20230731_104138_V06,16.284,0.297,154.591,195.207,23.569,-81.096,37.493,11784.347,89617.749,20230731_064138,479191,93089,75941,59892
7,KFCX20230731_104554_V06,20.550,0.140,158.419,197.866,25.044,-81.075,37.482,12522.011,87287.639,20230731_064554,479183,94752,75806,61223
8,KFCX20230731_103722_V06,12.017,0.133,182.094,327.527,20.872,-80.936,36.898,10435.923,60538.307,20230731_063722,479188,87344,76110,55688
8,KFCX20230731_104138_V06,16.284,0.375,183.267,328.066,26.862,-80.929,36.896,13430.989,60029.904,20230731_064138,479191,93089,75941,59892
8,KFCX20230731_104554_V06,20.550,0.543,188.880,329.636,29.089,-80.897,36.889,14544.612,57502.299,20230731_064554,479183,94752,75806,61223
8,KFCX20230731_105011_V06,24.834,0.083,190.337,330.937,30.600,-80.889,36.883,15299.814,56971.642,20230731_065011,479195,98537,75972,63680
6,KFCX20230731_102558_V06,0.617,0.060,179.464,320.611,15.607,-80.951,36.929,7803.267,61142.879,20230731_062558,479186,62635,73783,37088
6,KFCX20230731_102946_V06,4.417,-1.000,179.464,320.611,21.649,-80.951,36.929,10824.267,61142.879,20230731_062946,479206,72871,75841,44460
6,KFCX20230731_103334_V06,8.217,0.123,180.318,326.337,25.193,-80.946,36.904,12596.339,61272.774,20230731_063334,479194,82076,76887,51197
2,KFCX20230801_102555_V06,-0.245,0.837,165.270,319.536,13.936,-81.030,36.934,6968.193,68069.425,20230801_062555,479181,24343,71126,17426
2,KFCX20230801_103529_V06,9.321,0.861,164.130,319.227,23.790,-81.037,36.935,11895.133,68611.664,20230801_063529,479174,24461,71169,18963
2,KFCX20230801_104504_V06,18.905,0.836,164.603,318.223,27.551,-81.034,36.940,13775.533,68308.991,20230801_064504,479179,28525,70080,23641
2,KFCX20230801_110413_V06,38.055,0.286,160.965,320.808,35.422,-81.054,36.928,17710.789,70291.642,20230801_070413,479173,29078,62282,24706
3,KFCX20230801_102555_V06,-0.245,0.092,422.599,495.821,29.944,-79.593,36.140,14972.170,115516.771,20230801_062555,479181,24343,71126,17426
3,KFCX20230801_103529_V06,9.321,0.414,425.166,496.102,38.664,-79.579,36.139,19331.921,116321.052,20230801_063529,479174,24461,71169,18963
3,KFCX20230801_104504_V06,18.905,0.469,426.639,499.288,45.449,-79.571,36.124,22724.605,118060.382,20230801_064504,479179,28525,70080,23641
1,KFCX20230801_101621_V06,-9.812,0.298,477.232,304.365,25.443,-79.279,37.000,12721.302,88642.777,20230801_061621,479173,17087,74828,10659
1,KFCX20230801_102555_V06,-0.245,0.153,470.964,308.666,40.673,-79.314,36.981,20336.682,85591.567,20230801_062555,479181,24343,71126,17426
4,KFCX20230801_103529_V06,9.321,0.082,361.133,416.315,29.995,-79.933,36.500,14997.360,65700.841,20230801_063529,479174,24461,71169,18963
1,KFCX20230802_102053_V06,-6.094,0.746,263.419,125.508,8.228,-80.482,37.810,4114.174,89142.623,20230802_062053,479176,8572,56940,6679
1,KFCX20230802_103028_V06,3.489,0.190,262.219,124.144,19.146,-80.489,37.816,9573.128,89934.256,20230802_063028,479178,14957,59639,12138
1,KFCX20230802_104003_V06,13.072,0.402,262.181,118.655,19.464,-80.489,37.841,9732.117,92623.242,20230802_064003,479180,13520,56333,11220
1,KFCX20230802_104937_V06,22.639,0.129,265.207,111.496,29.936,-80.472,37.873,14967.790,95844.164,20230802_064937,479175,10601,52064,8787
3,KFCX20230802_102053_V06,-6.094,0.669,172.666,314.499,8.432,-80.989,36.957,4215.755,64078.372,20230802_062053,479176,8572,56940,6679
3,KFCX20230802_103028_V06,3.489,0.524,173.496,311.142,20.594,-80.985,36.972,10296.812,63496.673,20230802_063028,479178,14957,59639,12138
3,KFCX20230802_104003_V06,13.072,0.402,176.140,310.321,30.513,-80.970,36.976,15256.284,62144.667,20230802_064003,479180,13520,56333,11220
2,KFCX20230802_102053_V06,-6.094,0.740,262.241,154.509,7.260,-80.488,37.679,3629.890,75155.580,20230802_062053,479176,8572,56940,6679
2,KFCX20230802_103028_V06,3.489,0.722,262.429,155.958,11.369,-80.487,37.673,5684.505,74430.469,20230802_063028,479178,14957,59639,12138
10,KFCX20230802_103028_V06,3.489,0.592,121.290,159.296,14.631,-81.287,37.654,7315.681,113726.384,20230802_063028,479178,14957,59639,12138
10,KFCX20230802_104003_V06,13.072,0.322,116.281,163.247,29.996,-81.315,37.636,14998.120,114514.103,20230802_064003,479180,13520,56333,11220
11,KFCX20230802_103028_V06,3.489,0.151,464.793,315.018,42.378,-79.349,36.953,21188.923,82737.941,20230802_063028,479178,14957,59639,12138
13,KFCX20230802_103028_V06,3.489,0.057,410.580,499.110,33.362,-79.660,36.125,16680.782,113878.132,20230802_063028,479178,14957,59639,12138
14,KFCX20230802_104003_V06,13.072,0.056,211.917,415.294,28.792,-80.766,36.504,14395.811,72545.158,20230802_064003,479180,13520,56333,11220
15,KFCX20230802_110847_V06,41.806,0.295,20.092,116.652,18.582,-81.864,37.840,9291.090,167305.801,20230802_070847,479177,8297,49096,6466
16,KFCX20230802_110847_V06,41.806,0.059,22.106,160.438,40.668,-81.849,37.643,20334.045,155485.055,20230802_070847,479177,8297,49096,6466
17,KFCX20230802_111821_V06,51.372,0.068,380.689,422.547,30.343,-79.824,36.471,15171.263,73362.870,20230802_071821,479177,6840,47342,5165
7,KFCX20230804_110906_V06,40.482,0.158,17.083,175.583,29.223,-81.876,37.574,14611.267,154533.049,20230804_070906,479174,5728,36285,1796
7,KFCX20230804_111839_V06,50.032,0.507,20.282,180.045,40.198,-81.857,37.554,20099.018,152177.110,20230804_071839,479177,5227,34775,1757
7,KFCX20230804_112813_V06,59.599,0.436,25.466,191.192,47.177,-81.827,37.504,23588.682,147655.329,20230804_072813,479175,4883,33033,1388
5,KFCX20230804_105000_V06,21.382,0.494,130.709,190.972,8.734,-81.232,37.512,4367.122,100680.857,20230804_065000,479175,6183,38790,1250
2,KFCX20230805_102312_V06,-6.242,0.125,427.424,495.169,19.911,-79.566,36.143,9955.676,116541.519,20230805_062312,479176,26960,52760,23085
2,KFCX20230805_103245_V06,3.308,0.229,426.469,495.191,30.520,-79.572,36.143,15260.225,116290.746,20230805_063245,479176,43567,51851,38866
2,KFCX20230805_104219_V06,12.875,0.583,418.902,502.693,38.795,-79.614,36.109,19397.461,117496.976,20230805_064219,479175,46920,56066,41099
2,KFCX20230805_110126_V06,31.991,0.311,421.132,504.612,43.971,-79.602,36.100,21985.485,118889.774,20230805_070126,479175,42628,60167,36854
6,KFCX20230805_110126_V06,31.991,0.058,10.694,144.637,19.920,-81.915,37.713,9960.158,164191.831,20230805_070126,479175,42628,60167,36854
6,KFCX20230805_111100_V06,41.558,0.058,13.778,150.981,31.802,-81.897,37.684,15900.810,161345.515,20230805_071100,479169,36466,62297,30785
6,KFCX20230805_112034_V06,51.125,0.085,23.087,180.979,46.695,-81.841,37.550,23347.453,150704.033,20230805_072034,479178,35264,63949,29480
6,KFCX20230805_113007_V06,60.675,0.101,26.690,186.437,50.903,-81.820,37.526,25451.409,147982.210,20230805_073007,479176,32557,64997,26942
3,KFCX20230805_103245_V06,3.308,0.863,118.519,174.138,16.371,-81.302,37.587,8185.329,110427.203,20230805_063245,479176,43567,51851,38866
3,KFCX20230805_104219_V06,12.875,0.890,120.892,174.250,25.425,-81.288,37.586,12712.468,109421.982,20230805_064219,479175,46920,56066,41099
3,KFCX20230805_110126_V06,31.991,0.389,119.747,177.322,28.823,-81.294,37.572,14411.732,109019.694,20230805_070126,479175,42628,60167,36854
4,KFCX20230805_103245_V06,3.308,0.471,174.986,319.553,16.844,-80.976,36.934,8421.934,63267.022,20230805_063245,479176,43567,51851,38866
4,KFCX20230805_104219_V06,12.875,0.739,176.062,319.442,25.699,-80.970,36.935,12849.536,62726.791,20230805_064219,479175,46920,56066,41099
4,KFCX20230805_110126_V06,31.991,0.394,171.878,321.629,33.600,-80.993,36.925,16800.208,64967.596,20230805_070126,479175,42628,60167,36854
1,KFCX20230805_102312_V06,-6.242,0.358,480.864,304.959,23.974,-79.258,36.997,11987.194,90466.079,20230805_062312,479176,26960,52760,23085
1,KFCX20230805_103245_V06,3.308,0.126,480.008,304.641,35.386,-79.263,36.999,17693.076,90033.776,20230805_063245,479176,43567,51851,38866
1,KFCX20230806_101203_V06,-18.218,0.191,175.847,315.974,8.747,-80.971,36.950,4373.724,62588.216,20230806_061203,479192,4262,46713,2810
1,KFCX20230806_101610_V06,-14.102,0.254,176.580,316.082,14.770,-80.967,36.950,7385.138,62231.530,20230806_061610,479191,4417,47578,3037
1,KFCX20230806_102017_V06,-9.985,-1.000,177.122,316.161,20.930,-80.964,36.949,10464.885,61968.211,20230806_062017,479196,5779,47508,4047
1,KFCX20230806_102425_V06,-5.852,0.366,188.897,315.432,22.552,-80.898,36.953,11275.976,56084.691,20230806_062425,479178,7172,54531,5518
2,KFCX20230806_102017_V06,-9.985,0.764,178.866,315.446,11.516,-80.954,36.953,5757.908,61057.412,20230806_062017,479196,5779,47508,4047
3,KFCX20230806_110300_V06,32.732,0.083,25.540,164.821,34.389,-81.829,37.623,17194.313,152972.045,20230806_070300,479199,12324,53139,7487
2,KFCX20230807_100452_V06,-26.230,0.230,209.670,278.621,36.116,-80.782,37.119,18057.938,46412.577,20230807_060452,479187,10661,42504,4216
4,KFCX20230807_102737_V06,-3.480,0.183,231.218,341.194,21.971,-80.660,36.838,10985.384,40087.326,20230807_062737,479178,9056,48335,2442
4,KFCX20230808_112617_V06,54.357,0.065,119.625,352.078,24.011,-81.285,36.785,12005.661,93871.348,20230808_072617,479177,14229,84502,4210
5,KFCX20230808_112617_V06,54.357,0.051,108.938,426.304,32.356,-81.340,36.450,16177.883,114518.034,20230808_072617,479177,14229,84502,4210
5,KFCX20230809_103124_V06,-1.358,0.818,183.382,325.569,13.981,-80.928,36.907,6990.587,59693.976,20230809_063124,479194,6245,45758,4291
5,KFCX20230809_103652_V06,4.108,0.918,185.670,328.192,18.593,-80.916,36.895,9296.272,58877.532,20230809_063652,479190,9258,46213,7057
5,KFCX20230809_104110_V06,8.408,0.945,191.842,332.328,23.209,-80.881,36.877,11604.613,56443.053,20230809_064110,479180,11017,53437,9922
5,KFCX20230809_110015_V06,27.492,0.729,194.173,333.130,21.589,-80.868,36.873,10794.657,55445.969,20230809_070015,479176,16049,52961,14699
5,KFCX20230809_110948_V06,37.042,0.120,192.985,339.002,25.595,-80.874,36.847,12797.538,56950.240,20230809_070948,479174,14292,54915,13061
4,KFCX20230809_102708_V06,-5.625,0.326,499.304,306.202,23.726,-79.155,36.991,11863.018,99700.047,20230809_062708,479192,4603,42919,2806
4,KFCX20230809_103124_V06,-1.358,0.512,499.377,305.933,29.284,-79.154,36.992,14641.997,99732.527,20230809_063124,479194,6245,45758,4291
4,KFCX20230809_103652_V06,4.108,0.395,500.209,305.186,30.017,-79.150,36.995,15008.605,100138.287,20230809_063652,479190,9258,46213,7057
7,KFCX20230809_110015_V06,27.492,0.122,33.314,175.421,45.393,-81.784,37.576,22696.291,147174.477,20230809_070015,479176,16049,52961,14699
7,KFCX20230809_110948_V06,37.042,0.347,33.137,182.257,58.937,-81.784,37.545,29468.255,145841.810,20230809_070948,479174,14292,54915,13061
7,KFCX20230809_111922_V06,46.608,0.075,37.042,193.393,72.482,-81.761,37.495,36241.024,141872.908,20230809_071922,479175,11885,56581,10763
1,KFCX20230809_093554_V06,-56.858,0.080,288.170,357.480,5.283,-80.340,36.765,2641.411,29342.581,20230809_053554,479196,46692,59255,31547
3,KFCX20230811_111428_V06,40.042,0.133,23.187,148.182,31.465,-81.844,37.698,15732.645,157855.882,20230811_071428,479175,6998,61477,5886
3,KFCX20230811_112402_V06,49.609,0.230,27.657,160.595,49.791,-81.817,37.642,24895.408,152974.294,20230811_072402,479175,5829,60847,4888
3,KFCX20230811_113335_V06,59.159,0.083,30.239,166.630,55.798,-81.802,37.615,27898.835,150464.773,20230811_073335,479178,5170,59179,4111
3,KFCX20230811_114309_V06,68.726,0.060,31.195,160.340,55.758,-81.797,37.644,27879.249,151460.492,20230811_074309,479172,4849,58933,3849
1,KFCX20230811_102531_V06,-8.908,0.195,500.727,316.237,23.152,-79.147,36.946,11575.783,100691.251,20230811_062531,479178,2234,47969,1788
1,KFCX20230811_103505_V06,0.659,0.388,500.823,315.593,31.743,-79.147,36.949,15871.270,100713.665,20230811_063505,479175,6185,54608,5390
1,KFCX20230811_104439_V06,10.226,0.052,501.701,311.133,31.797,-79.142,36.969,15898.461,101003.855,20230811_064439,479177,9970,58081,8914
2,KFCX20230811_103505_V06,0.659,0.888,182.592,325.492,13.571,-80.933,36.907,6785.700,60071.951,20230811_063505,479175,6185,54608,5390
2,KFCX20230811_104439_V06,10.226,0.885,190.465,331.237,24.124,-80.889,36.882,12062.109,56951.133,20230811_064439,479177,9970,58081,8914
2,KFCX20230811_110455_V06,30.492,0.329,190.750,335.131,30.667,-80.887,36.864,15333.544,57379.975,20230811_070455,479177,8390,60274,7152
2,KFCX20230814_101021_V06,-26.577,0.076,24.524,357.314,22.363,-81.817,36.756,11181.604,140687.458,20230814_061021,479175,17812,44096,12776
7,KFCX20230814_113623_V06,59.456,0.069,63.201,65.465,17.707,-81.623,38.073,8853.275,166643.823,20230814_073623,479177,4290,36324,2077
17,KFCX20230815_112641_V06,48.922,0.094,382.646,337.778,29.011,-79.811,36.853,14505.665,45435.595,20230815_072641,479208,44752,95968,3672
17,KFCX20230815_113140_V06,53.905,0.051,384.447,335.485,35.875,-79.801,36.863,17937.445,45799.934,20230815_073140,479174,40009,89406,3223
4,KFCX20230815_100435_V06,-33.178,0.132,410.745,159.543,11.258,-79.647,37.655,5628.872,89432.296,20230815_060435,479188,69058,111820,7616
7,KFCX20230815_101509_V06,-22.611,0.057,48.221,380.580,58.187,-81.682,36.653,29093.479,132179.560,20230815_061509,479192,83133,121697,8675
19,KFCX20230815_113140_V06,53.905,0.155,221.466,254.399,17.646,-80.717,37.229,8822.840,45406.290,20230815_073140,479174,40009,89406,3223
20,KFCX20230815_114204_V06,64.305,0.087,229.711,328.143,28.580,-80.668,36.897,14290.134,37856.976,20230815_074204,479189,32793,80581,2845
1,KFCX20230816_103115_V06,-7.345,0.056,179.165,322.409,11.007,-80.952,36.921,5503.302,61447.643,20230816_063115,479180,11985,32652,9954
1,KFCX20230816_104049_V06,2.222,0.878,180.690,325.721,16.391,-80.944,36.906,8195.533,61025.395,20230816_064049,479175,34298,33536,30545
1,KFCX20230816_105022_V06,11.772,0.624,184.386,335.464,28.125,-80.922,36.863,14062.524,60465.458,20230816_065022,479177,40098,36197,35493
1,KFCX20230816_110929_V06,30.888,0.058,187.600,337.617,40.340,-80.904,36.853,20169.935,59263.875,20230816_070929,479175,32564,45931,26485
2,KFCX20230816_111903_V06,40.455,0.056,30.909,441.696,41.368,-81.774,36.376,20683.922,152059.077,20230816_071903,479175,28079,49008,22457
1,KFCX20230817_104041_V06,1.255,0.633,174.230,316.031,16.782,-80.980,36.950,8390.804,63393.628,20230817_064041,479180,6867,42793,5685
1,KFCX20230817_105015_V06,10.822,0.677,176.173,317.846,29.964,-80.969,36.942,14981.881,62553.311,20230817_065015,479177,6895,37826,5632
4,KFCX20230818_100720_V06,-32.927,0.496,243.825,401.941,5.242,-80.588,36.564,2621.014,58197.135,20230818_060720,479178,5135,60951,4144
8,KFCX20230818_104533_V06,5.290,0.085,195.504,348.666,21.184,-80.860,36.803,10591.904,57636.438,20230818_064533,479174,16998,48443,15208
1,KFCX20230819_103256_V06,-8.158,0.195,174.557,320.659,10.213,-80.978,36.929,5106.266,63566.308,20230819_063256,479176,10580,38984,8853
1,KFCX20230819_104230_V06,1.409,0.856,175.134,323.622,18.260,-80.975,36.916,9129.860,63540.216,20230819_064230,479179,25851,40417,22711
1,KFCX20230819_110137_V06,20.526,0.371,178.291,332.020,28.345,-80.957,36.878,14172.684,62925.274,20230819_070137,479173,29266,42960,25290
2,KFCX20230819_110137_V06,20.526,0.052,115.181,183.159,33.851,-81.320,37.546,16925.701,109327.256,20230819_070137,479173,29266,42960,25290
1,KFCX20230821_103655_V06,-5.832,0.093,173.771,352.414,2.994,-80.981,36.786,1496.943,68339.379,20230821_063655,479177,5944,72620,4713
1,KFCX20230821_104629_V06,3.734,-1.000,173.771,352.414,18.205,-80.981,36.786,9102.443,68339.379,20230821_064629,479176,15195,74360,12233
1,KFCX20230821_110537_V06,22.868,0.153,179.484,362.120,18.258,-80.949,36.742,9128.788,67792.166,20230821_070537,479178,27384,75855,20328
1,KFCX20230822_104302_V06,-0.543,0.065,174.180,354.168,12.340,-80.979,36.778,6169.750,68492.553,20230822_064302,479172,46782,60100,39936
1,KFCX20230822_110209_V06,18.574,0.159,173.067,352.566,20.745,-80.985,36.785,10372.635,68693.550,20230822_070209,479177,80224,66157,67576
1,KFCX20230822_111141_V06,28.107,0.078,175.608,354.281,20.550,-80.971,36.778,10274.978,67859.819,20230822_071141,479173,79235,68354,66551
2,KFCX20230822_110209_V06,18.574,0.197,172.622,383.875,10.878,-80.986,36.644,5438.770,76256.348,20230822_070209,479177,80224,66157,67576
2,KFCX20230822_111141_V06,28.107,0.148,174.325,384.350,21.671,-80.977,36.642,10835.300,75678.625,20230822_071141,479173,79235,68354,66551
3,KFCX20230822_110209_V06,18.574,0.052,35.766,227.444,52.379,-81.765,37.342,26189.323,137007.272,20230822_070209,479177,80224,66157,67576
4,KFCX20230822_114955_V06,66.341,0.068,53.431,220.929,54.413,-81.666,37.372,27206.276,129468.843,20230822_074955,479175,75926,74478,60980
5,KFCX20230826_112117_V06,34.416,0.609,41.746,161.250,45.262,-81.737,37.640,22630.970,146583.638,20230826_072117,479195,54538,67000,35362
5,KFCX20230826_112525_V06,38.549,-1.000,41.746,161.250,51.834,-81.737,37.640,25916.970,146583.638,20230826_072525,479192,58272,68785,37519
5,KFCX20230826_112932_V06,42.666,0.419,47.223,165.473,58.068,-81.706,37.622,29034.015,143172.518,20230826_072932,479206,60113,69386,38471
5,KFCX20230826_113431_V06,47.649,0.138,51.746,170.201,67.328,-81.680,37.601,33663.905,140069.413,20230826_073431,479187,64562,71390,41121
7,KFCX20230826_115506_V06,68.233,0.061,329.307,331.391,13.104,-80.110,36.883,6551.977,21472.705,20230826_075506,479179,71927,70939,46231
7,KFCX20230826_120321_V06,76.483,0.527,333.356,330.524,19.074,-80.087,36.886,9536.797,22607.257,20230826_080321,479184,75279,70958,48218
7,KFCX20230826_120727_V06,80.583,0.336,340.935,317.410,15.733,-80.044,36.946,7866.299,22242.001,20230826_080727,479197,76326,71257,48379
7,KFCX20230826_121143_V06,84.849,0.073,341.655,317.775,21.390,-80.040,36.944,10695.196,22644.790,20230826_081143,479199,76585,71673,48668
1,KFCX20230826_100804_V06,-38.801,0.567,120.806,422.472,6.617,-81.274,36.468,3308.703,108523.928,20230826_060804,479178,108122,46056,96426
4,KFCX20230826_100804_V06,-38.801,0.078,162.504,406.720,20.789,-81.042,36.541,10394.629,87026.164,20230826_060804,479178,108122,46056,96426
6,KFCX20230826_112525_V06,38.549,0.639,47.200,153.556,58.548,-81.707,37.675,29274.242,146076.538,20230826_072525,479192,58272,68785,37519
1,KFCX20230827_112543_V06,38.031,0.079,149.848,175.039,7.045,-81.124,37.584,3522.448,97674.020,20230827_072543,479199,113901,71404,81012
4,KFCX20230828_103224_V06,-16.103,0.070,281.996,150.014,36.445,-80.376,37.700,18222.700,75531.211,20230828_063224,479182,200240,229817,12377
7,KFCX20230828_104748_V06,-0.703,0.117,311.016,87.542,6.118,-80.211,37.981,3059.063,106371.711,20230828_064748,479195,192627,221261,14145
17,KFCX20230828_120631_V06,78.014,0.096,302.533,145.839,18.179,-80.260,37.719,9089.657,77091.028,20230828_080631,479201,142871,179663,13622
5,KFCX20230830_112611_V06,36.052,0.081,22.615,434.473,25.620,-81.820,36.408,12809.784,154131.068,20230830_072611,479179,166487,39298,150454
5,KFCX20230830_113544_V06,45.602,0.288,25.235,433.324,37.794,-81.806,36.414,18897.077,152701.582,20230830_073544,479178,171659,42664,151814
5,KFCX20230830_114518_V06,55.168,0.186,26.544,436.768,39.122,-81.798,36.398,19561.107,152875.646,20230830_074518,479173,176327,44951,154469
4,KFCX20230830_111637_V06,26.485,0.050,449.410,198.816,24.848,-79.430,37.477,12423.988,90223.820,20230830_071637,479178,157167,37918,143239
4,KFCX20230830_112611_V06,36.052,-1.000,449.410,198.816,40.059,-79.430,37.477,20029.488,90223.820,20230830_072611,479179,166487,39298,150454
4,KFCX20230830_113544_V06,45.602,0.108,436.428,188.786,59.874,-79.503,37.523,29936.963,88007.240,20230830_073544,479178,171659,42664,151814
6,KFCX20230830_114518_V06,55.168,0.125,176.902,286.330,25.793,-80.966,37.084,12896.536,61927.306,20230830_074518,479173,176327,44951,154469
6,KFCX20230830_120426_V06,74.302,0.112,207.995,251.568,34.642,-80.793,37.241,17321.228,51986.786,20230830_080426,479174,180862,49198,156953
2,KFCX20230830_100940_V06,-40.465,0.093,386.143,255.832,5.775,-79.789,37.222,2887.589,48403.107,20230830_060940,479174,96655,32680,91451
3,KFCX20230830_111637_V06,26.485,0.086,223.283,340.673,14.051,-80.704,36.840,7025.553,43415.841,20230830_071637,479178,157167,37918,143239
7,KFCX20230830_120426_V06,74.302,0.186,252.358,352.292,25.064,-80.541,36.788,12532.143,35370.336,20230830_080426,479174,180862,49198,156953
1,KFCX20230831_104054_V06,-10.044,0.306,333.682,145.089,23.028,-80.083,37.722,11514.023,79265.181,20230831_064054,479190,46023,49531,33593
3,KFCX20230831_105328_V06,2.522,0.199,183.877,325.228,7.282,-80.926,36.909,3641.163,59415.847,20230831_065328,479193,144838,55641,113698
1,KFCX20230902_110833_V06,15.984,0.085,149.448,371.811,32.492,-81.117,36.698,16246.170,83400.805,20230902_070833,479179,41911,51765,31054
2,KFCX20230902_111806_V06,25.534,0.125,25.129,423.037,40.605,-81.807,36.460,20302.265,150575.640,20230902_071806,479175,47688,52434,34507
1,KFCX20230903_104714_V06,-6.143,0.062,287.824,293.263,42.953,-80.343,37.055,21476.297,6957.678,20230903_064714,479176,55109,45995,49196
1,KFCX20230905_111121_V06,16.356,0.108,391.079,29.947,20.972,-79.754,38.240,10485.996,142498.932,20230905_071121,479181,132988,60674,110098
2,KFCX20230906_120116_V06,65.464,0.137,59.212,255.736,84.827,-81.631,37.216,42413.502,122411.214,20230906_080116,479175,136069,66990,103399
2,KFCX20230906_121050_V06,75.030,0.104,52.368,259.834,89.488,-81.669,37.197,44744.149,125434.276,20230906_081050,479176,128652,68301,96575
1,KFCX20230906_111328_V06,17.664,0.378,345.663,293.128,32.107,-80.017,37.055,16053.345,23088.827,20230906_071328,479178,156152,65922,122924
1,KFCX20230908_111331_V06,16.096,0.054,200.253,323.437,11.898,-80.834,36.917,5948.805,51231.652,20230908_071331,479180,55011,54413,43697
8,KFCX20230909_120454_V06,66.671,0.053,28.081,436.772,45.930,-81.790,36.398,22965.090,152189.529,20230909_080454,479202,27623,39576,12596
1,KFCX20230911_111340_V06,13.820,0.062,24.465,432.680,30.913,-81.810,36.416,15456.411,152908.043,20230911_071340,479173,112734,56720,95602
1,KFCX20230911_112313_V06,23.370,0.063,26.499,431.653,43.652,-81.799,36.421,21825.947,151769.122,20230911_072313,479176,120498,59298,100589
1,KFCX20230911_113247_V06,32.936,-1.000,28.410,430.688,56.564,-81.788,36.426,28282.204,150698.642,20230911_073247,479178,123829,62838,101048
1,KFCX20230911_114220_V06,42.486,0.064,30.045,434.891,41.532,-81.779,36.407,20766.087,150890.323,20230911_074220,479179,125359,66903,100341
2,KFCX20230911_112313_V06,23.370,0.080,201.855,320.238,19.005,-80.825,36.932,9502.560,50104.790,20230911_072313,479176,120498,59298,100589
5,KFCX20230912_104853_V06,-11.773,0.187,361.700,412.936,18.744,-79.930,36.515,9371.964,64345.587,20230912_064853,479186,58275,51412,38990
1,KFCX20230914_110244_V06,0.456,0.753,194.488,317.053,8.781,-80.866,36.946,4390.745,53440.551,20230914_070244,479174,93530,34395,84096
1,KFCX20230914_111217_V06,10.006,0.076,194.157,315.849,16.231,-80.868,36.951,8115.720,53511.692,20230914_071217,479174,105635,43052,92611
1,KFCX20230914_112149_V06,19.539,0.392,195.288,321.763,24.566,-80.862,36.925,12282.808,53474.887,20230914_072149,479175,101265,42029,88263
3,KFCX20230914_111217_V06,10.006,0.080,119.107,167.566,14.758,-81.299,37.616,7379.051,112094.858,20230914_071217,479174,105635,43052,92611
3,KFCX20230914_112149_V06,19.539,0.202,120.144,169.436,26.041,-81.293,37.608,13020.251,111125.061,20230914_072149,479175,101265,42029,88263
3,KFCX20230914_113122_V06,29.089,0.125,121.816,169.654,31.056,-81.283,37.607,15527.986,110385.481,20230914_073122,479180,102425,41994,88231
4,KFCX20230914_112149_V06,19.539,0.121,268.933,114.065,21.358,-80.451,37.862,10678.858,94256.209,20230914_072149,479175,101265,42029,88263
7,KFCX20230915_111729_V06,14.395,0.088,25.136,417.957,19.215,-81.808,36.483,9607.567,149552.663,20230915_071729,479174,116859,62636,92769
7,KFCX20230915_112703_V06,23.961,0.091,28.771,420.983,29.440,-81.787,36.469,14719.842,148494.321,20230915_072703,479176,118023,70364,88576
7,KFCX20230915_113637_V06,33.528,-1.000,32.182,423.823,39.971,-81.768,36.457,19985.513,147528.665,20230915_073637,479177,118888,76494,85461
7,KFCX20230915_114609_V06,43.061,-1.000,35.581,426.653,50.466,-81.749,36.444,25232.838,146593.469,20230915_074609,479178,115749,78350,82076
7,KFCX20230915_120517_V06,62.195,0.129,38.731,403.602,63.339,-81.733,36.548,31669.507,140530.162,20230915_080517,479177,106856,80498,74078
2,KFCX20230915_110756_V06,4.845,0.142,193.514,313.706,15.179,-80.872,36.961,7589.516,53682.405,20230915_070756,479177,107527,54323,88646
2,KFCX20230915_111729_V06,14.395,0.080,188.686,313.510,30.484,-80.899,36.962,15242.007,56065.554,20230915_071729,479174,116859,62636,92769
1,KFCX20230915_110756_V06,4.845,0.316,131.171,152.765,8.676,-81.231,37.684,4337.980,112006.174,20230915_070756,479177,107527,54323,88646
4,KFCX20230915_110756_V06,4.845,0.074,324.560,144.268,42.906,-80.135,37.726,21453.201,78828.377,20230915_070756,479177,107527,54323,88646
5,KFCX20230915_110756_V06,4.845,0.072,290.478,107.329,2.374,-80.328,37.892,1186.760,96453.018,20230915_070756,479177,107527,54323,88646
2,KFCX20230917_104338_V06,-21.081,0.082,214.431,75.058,15.980,-80.762,38.037,7989.920,120333.701,20230917_064338,479190,71910,101742,20855
6,KFCX20230918_110331_V06,-2.012,0.879,200.612,321.799,9.224,-80.832,36.925,4612.207,50875.487,20230918_070331,479177,8765,44842,6570
6,KFCX20230918_111303_V06,7.522,0.834,200.582,325.545,16.129,-80.832,36.908,8064.595,51323.514,20230918_071303,479174,21623,45003,18469
6,KFCX20230918_112236_V06,17.072,0.735,201.075,329.264,20.064,-80.829,36.891,10032.233,51581.295,20230918_072236,479175,28274,47371,23272
6,KFCX20230918_113210_V06,26.638,0.107,206.422,335.981,29.075,-80.799,36.861,14537.661,50128.323,20230918_073210,479178,28532,51456,22284
10,KFCX20230918_120048_V06,55.272,0.072,258.246,147.664,5.630,-80.511,37.710,2814.983,78977.176,20230918_080048,479172,25363,56318,18239
1,KFCX20230919_111028_V06,4.123,0.779,206.451,316.321,14.984,-80.799,36.949,7491.982,47480.958,20230919_071028,479176,26970,36177,23366
1,KFCX20230919_112002_V06,13.689,0.949,208.949,317.437,26.636,-80.785,36.945,13318.206,46352.608,20230919_072002,479177,41519,36746,36256
1,KFCX20230919_112936_V06,23.256,0.639,213.200,317.153,30.594,-80.761,36.946,15297.010,44239.104,20230919_072936,479174,38507,35045,33043
2,KFCX20230919_112936_V06,23.256,0.113,386.673,313.358,16.746,-79.788,36.963,8372.795,43848.371,20230919_072936,479174,38507,35045,33043
1,KFCX20230920_110548_V06,-1.361,0.342,197.509,315.970,10.239,-80.850,36.951,5119.604,51863.814,20230920_070548,479175,48370,41339,41091
1,KFCX20230920_111521_V06,8.189,0.085,199.413,316.111,20.778,-80.839,36.950,10389.120,50934.532,20230920_071521,479176,76337,37734,67825
1,KFCX20230920_112454_V06,17.739,0.068,201.463,313.663,22.070,-80.827,36.961,11034.973,49739.952,20230920_072454,479175,84871,37883,74788
2,KFCX20230920_120417_V06,57.122,0.067,34.643,270.804,56.846,-81.768,37.146,28422.874,133479.063,20230920_080417,479175,91274,42561,74892
2,KFCX20230920_121350_V06,66.672,0.052,27.685,258.252,47.344,-81.808,37.202,23671.846,137748.529,20230920_081350,479177,90909,44439,73779
3,KFCX20230922_112256_V06,14.134,0.064,113.083,150.862,13.574,-81.334,37.691,6787.039,119561.616,20230922_072256,479174,106655,58690,91111
3,KFCX20230922_113229_V06,23.684,0.587,115.824,150.297,19.197,-81.318,37.694,9598.259,118671.505,20230922_073229,479178,108642,62223,88805
3,KFCX20230922_114203_V06,33.251,0.158,114.648,150.383,19.750,-81.325,37.694,9874.878,119101.613,20230922_074203,479175,109284,66529,85059
3,KFCX20230922_120111_V06,52.384,0.051,111.125,162.164,34.570,-81.344,37.640,17284.864,116910.537,20230922_080111,479181,111579,68245,84202
1,KFCX20230922_111322_V06,4.567,0.797,189.287,316.588,11.363,-80.896,36.948,5681.402,55974.370,20230922_071322,479178,94018,53813,80903
1,KFCX20230922_112256_V06,14.134,0.409,188.475,315.095,21.458,-80.900,36.955,10728.906,56271.175,20230922_072256,479174,106655,58690,91111
1,KFCX20230922_113229_V06,23.684,0.167,185.143,316.724,29.509,-80.919,36.947,14754.515,58034.216,20230922_073229,479178,108642,62223,88805
4,KFCX20230922_113229_V06,23.684,0.765,267.027,146.777,9.392,-80.461,37.714,4695.980,78365.267,20230922_073229,479178,108642,62223,88805
4,KFCX20230922_114203_V06,33.251,0.087,266.522,148.064,19.684,-80.464,37.709,9841.883,77790.031,20230922_074203,479175,109284,66529,85059
2,KFCX20230922_111322_V06,4.567,0.200,350.662,88.925,30.604,-79.986,37.975,15302.044,108534.833,20230922_071322,479178,94018,53813,80903
2,KFCX20230922_112256_V06,14.134,-1.000,350.662,88.925,45.815,-79.986,37.975,22907.544,108534.833,20230922_072256,479174,106655,58690,91111
2,KFCX20230922_113229_V06,23.684,0.104,340.013,100.619,40.028,-80.047,37.922,20013.844,101678.461,20230922_073229,479178,108642,62223,88805
8,KFCX20230922_120111_V06,52.384,0.052,394.989,167.813,80.453,-79.736,37.618,40226.471,81388.326,20230922_080111,479181,111579,68245,84202
2,KFCX20230923_111632_V06,6.912,0.574,189.530,326.264,13.399,-80.894,36.904,6699.604,56774.706,20230923_071632,479197,300046,308909,13850
2,KFCX20230923_112153_V06,12.262,0.513,189.311,326.571,19.547,-80.895,36.903,9773.698,56916.901,20230923_072153,479194,298251,306862,15240
2,KFCX20230923_112715_V06,17.629,0.108,187.436,326.988,21.059,-80.906,36.901,10529.394,57877.221,20230923_072715,479173,296122,303929,16539
1,KFCX20230925_111523_V06,4.113,0.811,203.207,315.277,14.211,-80.818,36.954,7105.640,48995.619,20230925_071523,479177,7431,31292,5756
1,KFCX20230925_112457_V06,13.679,0.920,206.525,315.771,24.425,-80.799,36.952,12212.602,47397.806,20230925_072457,479175,12705,31911,10833
1,KFCX20230925_113430_V06,23.229,0.888,208.221,314.474,29.082,-80.789,36.958,14540.933,46456.485,20230925_073430,479175,15049,31565,13228
1,KFCX20230925_114404_V06,32.796,0.722,208.764,314.534,33.927,-80.786,36.958,16963.283,46193.421,20230925_074404,479176,16178,32060,14389
1,KFCX20230925_120311_V06,51.913,0.321,213.561,296.342,31.571,-80.760,37.040,15785.558,43258.198,20230925_080311,479175,16834,30009,14929
3,KFCX20230925_111523_V06,4.113,0.144,227.727,291.597,23.330,-80.680,37.061,11665.104,36379.764,20230925_071523,479177,7431,31292,5756
3,KFCX20230925_112457_V06,13.679,0.125,225.071,286.648,29.494,-80.696,37.084,14747.219,38054.795,20230925_072457,479175,12705,31911,10833
1,KFCX20230926_113200_V06,19.901,0.073,28.876,420.584,46.915,-81.787,36.471,23457.403,148365.109,20230926_073200,479175,11072,53820,6017
1,KFCX20230928_120132_V06,47.769,0.144,417.395,426.174,17.118,-79.619,36.454,8558.807,86170.555,20230928_080132,479175,19117,40740,13691
1,KFCX20230929_111524_V06,0.799,0.393,194.046,317.074,7.082,-80.869,36.946,3541.155,53660.584,20230929_071524,479179,102266,39984,89896
1,KFCX20230929_112458_V06,10.365,0.131,194.773,317.456,16.812,-80.865,36.944,8406.026,53332.707,20230929_072458,479177,119819,41078,108166
3,KFCX20230929_113431_V06,19.915,0.091,54.952,389.427,67.328,-81.644,36.613,33663.841,130427.930,20230929_073431,479176,133693,45414,118359
4,KFCX20230929_120312_V06,48.599,0.185,355.038,186.520,73.043,-79.963,37.535,36521.648,63061.085,20230929_080312,479177,141596,52492,121391
2,KFCX20230930_111249_V06,-2.625,0.780,196.367,316.798,6.456,-80.856,36.947,3227.943,52492.979,20230930_071249,479173,163496,33858,150265
2,KFCX20230930_112222_V06,6.925,0.773,196.743,320.657,16.400,-80.854,36.930,8199.898,52651.385,20230930_072222,479178,200053,39121,182621
2,KFCX20230930_113156_V06,16.491,0.707,194.117,324.281,22.304,-80.868,36.913,11152.240,54315.647,20230930_073156,479175,218010,49008,193382
1,KFCX20230930_110316_V06,-12.175,0.060,297.716,304.294,11.655,-80.287,37.005,5827.366,2431.804,20230930_070316,479177,142814,35254,130205
4,KFCX20230930_122918_V06,73.858,0.104,26.480,319.754,20.348,-81.809,36.925,10173.847,137116.001,20230930_082918,479174,207185,67343,167634
1,KFCX20231001_111026_V06,-5.853,0.975,196.734,317.065,6.305,-80.854,36.946,3152.538,52333.152,20231001_071026,479176,105922,43329,91698
1,KFCX20231001_112000_V06,3.713,0.915,192.746,319.244,17.098,-80.876,36.936,8548.761,54483.147,20231001_072000,479179,165620,50854,144388
1,KFCX20231001_112934_V06,13.280,0.960,191.310,321.688,24.798,-80.884,36.925,12399.237,55416.539,20231001_072934,479173,182453,55873,160712
1,KFCX20231001_113907_V06,22.830,0.807,191.110,322.695,29.360,-80.885,36.920,14680.046,55614.888,20231001_073907,479174,185261,57262,160377
2,KFCX20231001_111026_V06,-5.853,0.288,298.974,159.077,17.755,-80.280,37.659,8877.735,70463.141,20231001_071026,479176,105922,43329,91698
2,KFCX20231001_112000_V06,3.713,0.237,299.850,160.262,24.607,-80.275,37.654,12303.502,69868.967,20231001_072000,479179,165620,50854,144388
3,KFCX20231001_112000_V06,3.713,0.336,261.723,131.257,10.301,-80.491,37.784,5150.282,86514.700,20231001_072000,479179,165620,50854,144388
3,KFCX20231001_112934_V06,13.280,0.131,262.067,130.612,18.309,-80.489,37.787,9154.654,86791.549,20231001_072934,479173,182453,55873,160712
4,KFCX20231001_112934_V06,13.280,0.107,118.925,167.607,17.253,-81.300,37.616,8626.705,112156.159,20231001_072934,479173,182453,55873,160712
4,KFCX20231001_113907_V06,22.830,0.064,116.531,170.564,32.278,-81.313,37.603,16138.996,112265.904,20231001_073907,479174,185261,57262,160377
1,KFCX20231002_111739_V06,0.515,0.881,192.436,320.933,11.209,-80.878,36.928,5604.410,54790.875,20231002_071739,479175,96832,58635,79338
1,KFCX20231002_112713_V06,10.081,0.947,190.857,326.563,23.303,-80.886,36.903,11651.272,56164.433,20231002_072713,479175,126465,61043,107994
1,KFCX20231002_113647_V06,19.648,0.933,187.062,327.864,28.842,-80.908,36.897,14421.119,58162.109,20231002_073647,479178,145420,63691,121766
1,KFCX20231002_114620_V06,29.198,0.808,185.173,331.891,32.209,-80.918,36.879,16104.544,59586.457,20231002_074620,479172,141461,68265,113609
1,KFCX20231002_120528_V06,48.331,0.314,185.273,333.306,41.630,-80.918,36.872,20814.781,59732.013,20231002_080528,479178,115402,67345,92062
2,KFCX20231002_111739_V06,0.515,0.205,305.501,77.585,7.131,-80.243,38.026,3565.552,111241.716,20231002_071739,479175,96832,58635,79338
2,KFCX20231002_112713_V06,10.081,-1.000,305.501,77.585,22.342,-80.243,38.026,11171.052,111241.716,20231002_072713,479175,126465,61043,107994
2,KFCX20231002_113647_V06,19.648,0.069,280.965,104.388,31.326,-80.382,37.905,15663.014,98268.000,20231002_073647,479178,145420,63691,121766
7,KFCX20231002_120528_V06,48.331,0.080,27.731,282.067,45.877,-81.806,37.095,22938.398,136429.577,20231002_080528,479178,115402,67345,92062
1,KFCX20231003_111518_V06,-2.688,0.915,196.236,310.994,9.899,-80.857,36.973,4949.667,52172.513,20231003_071518,479177,44709,50402,35236
1,KFCX20231003_112452_V06,6.878,0.966,195.501,309.963,19.418,-80.861,36.978,9708.997,52486.207,20231003_072452,479175,69659,60867,54880
1,KFCX20231003_113425_V06,16.428,0.973,193.901,308.887,27.188,-80.870,36.983,13593.895,53235.028,20231003_073425,479177,70696,59781,55205
1,KFCX20231003_114359_V06,25.995,0.253,191.331,313.428,29.003,-80.884,36.962,14501.355,54747.873,20231003_074359,479177,74588,65166,54389
4,KFCX20231004_121022_V06,51.521,0.156,368.488,181.740,58.466,-79.887,37.556,29232.811,68329.844,20231004_081022,479174,84994,86373,53239
4,KFCX20231004_121955_V06,61.071,0.059,366.157,182.249,71.048,-79.900,37.554,35524.117,67531.493,20231004_081955,479173,84290,86987,51524
4,KFCX20231004_122929_V06,70.637,0.452,369.923,188.549,66.561,-79.879,37.526,33280.309,65784.774,20231004_082929,479179,84020,86814,51065
4,KFCX20231004_123903_V06,80.204,0.456,375.010,191.571,64.306,-79.850,37.512,32152.912,65922.723,20231004_083903,479175,84468,87254,50938
4,KFCX20231004_124837_V06,89.771,0.311,376.782,189.488,66.665,-79.840,37.521,33332.626,67283.466,20231004_084837,479175,85459,88162,51378
1,KFCX20231004_111258_V06,-5.879,0.414,199.796,314.427,8.823,-80.837,36.958,4411.509,50618.837,20231004_071258,479178,36544,60863,20423
1,KFCX20231004_112232_V06,3.687,0.735,200.244,309.925,16.386,-80.834,36.978,8192.934,50124.406,20231004_072232,479175,74906,77504,49200
1,KFCX20231004_113206_V06,13.254,0.281,202.501,304.617,20.424,-80.822,37.002,10212.240,48803.966,20231004_073206,479178,80152,75050,58609
3,KFCX20231004_120048_V06,41.954,0.091,341.893,171.390,72.126,-80.037,37.603,36062.981,67630.458,20231004_080048,479175,86364,85135,54949
2,KFCX20231007_111105_V06,-10.365,0.172,199.039,319.046,5.616,-80.841,36.937,2807.999,51371.098,20231007_071105,479194,150864,128995,58684
2,KFCX20231007_111521_V06,-6.099,0.738,200.564,321.620,10.804,-80.832,36.925,5401.848,50879.455,20231007_071521,479199,142764,120578,57489
2,KFCX20231007_111937_V06,-1.832,0.809,204.547,325.624,14.580,-80.810,36.908,7289.943,49416.118,20231007_071937,479195,140482,115209,59912
2,KFCX20231007_112353_V06,2.435,0.790,208.754,330.703,20.410,-80.786,36.885,10205.002,48136.389,20231007_072353,479188,135705,113439,59312
2,KFCX20231007_112809_V06,6.701,0.782,210.994,335.355,24.320,-80.773,36.864,12159.868,47885.531,20231007_072809,479190,134447,111872,60426
2,KFCX20231007_113226_V06,10.985,0.122,213.250,338.905,32.924,-80.760,36.848,16462.036,47537.186,20231007_073226,479195,131678,109264,60263
2,KFCX20231007_113619_V06,14.868,0.163,213.113,342.386,39.850,-80.761,36.832,19924.813,48337.186,20231007_073619,479195,127076,106528,58741
1,KFCX20231011_112454_V06,-0.092,0.947,204.598,318.070,13.768,-80.810,36.942,6883.987,48549.357,20231011_072454,479176,3246,21733,2754
1,KFCX20231011_113429_V06,9.491,0.953,206.603,320.546,26.906,-80.798,36.930,13452.885,47815.395,20231011_073429,479179,7677,20917,6835
1,KFCX20231011_114404_V06,19.074,0.845,208.816,321.494,32.443,-80.786,36.926,16221.673,46841.645,20231011_074404,479175,10416,20911,9306
1,KFCX20231011_120313_V06,38.224,0.129,211.106,323.303,51.310,-80.773,36.918,25655.235,45948.542,20231011_080313,479176,9783,22053,8329
2,KFCX20231012_113905_V06,13.191,0.189,171.231,307.486,6.279,-80.997,36.988,3139.633,64493.380,20231012_073905,479193,38267,60787,5878
2,KFCX20231012_114321_V06,17.458,0.269,173.302,307.602,12.388,-80.986,36.988,6194.072,63462.949,20231012_074321,479201,38315,59096,6504
2,KFCX20231012_114737_V06,21.724,0.477,179.763,309.118,14.784,-80.949,36.981,7391.977,60291.317,20231012_074737,479191,37643,58052,6438
2,KFCX20231012_115154_V06,26.008,0.222,178.038,311.835,15.611,-80.959,36.969,7805.505,61267.435,20231012_075154,479186,37154,56151,6682
2,KFCX20231012_120040_V06,34.774,0.845,176.289,312.809,23.160,-80.969,36.964,11580.201,62185.961,20231012_080040,479187,37989,57071,6729
2,KFCX20231012_120455_V06,39.024,0.743,177.000,312.240,27.766,-80.965,36.967,13883.186,61803.730,20231012_080455,479182,37980,56309,7245
2,KFCX20231012_120911_V06,43.291,0.180,175.006,314.734,30.208,-80.976,36.956,15103.906,62929.646,20231012_080911,479190,38118,57117,6886
2,KFCX20231012_121318_V06,47.408,0.303,173.394,315.945,33.679,-80.985,36.950,16839.718,63803.192,20231012_081318,479190,37457,56983,6701
2,KFCX20231012_121726_V06,51.541,0.069,168.264,315.174,35.598,-81.014,36.953,17798.763,66303.740,20231012_081726,479194,36698,56642,6078
1,KFCX20231012_112158_V06,-3.926,0.322,197.740,311.809,7.177,-80.848,36.970,3588.493,51469.656,20231012_072158,479203,37730,65233,4417
5,KFCX20231012_114737_V06,21.724,0.069,103.799,348.979,17.057,-81.373,36.798,8528.457,101111.108,20231012_074737,479191,37643,58052,6438
1,KFCX20231013_112411_V06,-2.614,0.848,197.844,313.304,10.898,-80.848,36.963,5449.018,51509.103,20231013_072411,479174,70725,66644,51592
1,KFCX20231013_113345_V06,6.952,0.913,198.351,317.153,23.740,-80.845,36.946,11869.922,51542.863,20231013_073345,479178,89185,69724,66584
1,KFCX20231013_114318_V06,16.502,0.840,194.462,316.918,33.510,-80.867,36.946,16755.246,53442.550,20231013_074318,479176,94223,67621,70210
4,KFCX20231020_104721_V06,-45.944,0.051,319.617,357.738,14.576,-80.164,36.764,7288.046,30489.991,20231020_064721,479177,101118,132190,11799
4,KFCX20231022_113216_V06,-2.933,0.569,420.861,123.212,14.085,-79.588,37.819,7042.645,107076.555,20231022_073216,479178,10259,36092,3200
1,KFCX20231023_114446_V06,8.606,0.360,199.465,339.509,24.431,-80.838,36.845,12215.462,54009.550,20231023_074446,479175,11908,52666,8883
1,KFCX20231024_113731_V06,0.389,0.097,202.847,323.078,7.001,-80.819,36.919,3500.359,49928.251,20231024_073731,479177,6012,22160,4298
1,KFCX20231026_113628_V06,-2.609,0.109,194.396,321.007,4.735,-80.867,36.928,2367.456,53836.365,20231026_073628,479172,12079,46783,9607
1,KFCX20231026_114602_V06,6.957,0.487,195.200,321.251,13.203,-80.862,36.927,6601.605,53466.274,20231026_074602,479176,14576,42609,11759
1,KFCX20231030_121626_V06,33.397,0.053,24.699,163.637,26.010,-81.834,37.628,13004.783,153610.961,20231030_081626,479180,5091,33315,1689
1,KFCX20231030_122148_V06,38.764,0.331,26.703,161.189,34.403,-81.822,37.639,17201.467,153264.128,20231030_082148,479178,4892,32508,1695
1,KFCX20231030_122718_V06,44.264,0.324,34.600,156.859,39.310,-81.778,37.660,19655.023,150769.941,20231030_082718,479177,4536,33136,1613
1,KFCX20231030_123239_V06,49.614,0.160,61.748,146.537,31.804,-81.625,37.708,15902.043,141699.593,20231030_083239,479175,4177,32646,1578
1,KFCX20231104_114038_V06,-7.464,0.103,276.167,269.151,8.748,-80.408,37.163,4374.065,19491.501,20231104_074038,479181,3560,18098,2988
3,KFCX20231105_111435_V06,-34.540,0.064,49.206,284.363,61.112,-81.685,37.086,30556.026,125640.689,20231105_061435,479176,47361,52617,30976
3,KFCX20231105_112410_V06,-24.957,0.480,54.244,285.863,67.352,-81.656,37.080,33675.885,123081.011,20231105_062410,479177,33051,54272,20116
3,KFCX20231105_113346_V06,-15.357,0.053,43.262,303.941,71.859,-81.716,36.998,35929.397,128384.032,20231105_063346,479175,16848,53236,7461
6,KFCX20231105_122144_V06,32.610,0.184,44.544,390.698,78.258,-81.702,36.607,39128.807,135539.354,20231105_072144,479176,21697,50601,9818
6,KFCX20231105_123120_V06,42.210,0.249,48.370,395.196,85.997,-81.680,36.587,42998.505,134517.756,20231105_073120,479178,22361,54577,7591
8,KFCX20231105_123120_V06,42.210,0.150,202.440,322.521,18.060,-80.822,36.921,9030.132,50063.042,20231105_073120,479178,22361,54577,7591
8,KFCX20231105_124056_V06,51.810,0.075,209.598,319.063,25.894,-80.782,36.937,12946.827,46194.755,20231105_074056,479177,24075,61114,7206
7,KFCX20231105_123120_V06,42.210,0.163,427.854,179.421,21.705,-79.551,37.565,10852.581,87871.881,20231105_073120,479178,22361,54577,7591
7,KFCX20231110_112851_V06,-25.448,0.103,249.538,285.515,16.812,-80.558,37.089,8406.103,26249.868,20231110_062851,479178,199451,156865,78454
1,KFCX20231111_110936_V06,-45.740,0.293,33.600,398.541,62.946,-81.762,36.571,31473.141,142020.512,20231111_060936,479182,74176,79490,40726
1,KFCX20231111_111520_V06,-40.006,0.431,36.036,398.059,68.879,-81.749,36.573,34439.284,140794.556,20231111_061520,479178,76499,79883,42188
1,KFCX20231111_112103_V06,-34.290,0.087,43.811,394.728,77.781,-81.706,36.589,38890.468,136570.768,20231111_062103,479177,75790,80906,41105
1,KFCX20231111_112632_V06,-28.806,0.056,52.594,401.152,74.035,-81.656,36.560,37017.630,133642.802,20231111_062632,479186,71541,81453,38399
2,KFCX20231112_130519_V06,68.934,0.055,306.339,307.226,16.063,-80.239,36.992,8031.269,4806.106,20231112_080519,479179,2959,11874,2221
1,KFCX20231120_124234_V06,37.879,0.084,301.500,300.125,9.601,-80.266,37.024,4800.682,752.638,20231120_074234,479175,1971,11639,1604
1,KFCX20231122_111429_V06,-52.247,0.056,412.560,235.418,1.859,-79.639,37.313,929.749,64885.638,20231122_061429,479179,33632,76871,4261
1,KFCX20231126_122706_V06,16.364,0.146,285.372,253.097,32.783,-80.357,37.235,16391.661,24565.404,20231126_072706,479173,2508,8674,2156
2,KFCX20231128_121617_V06,3.595,0.051,289.320,313.032,28.806,-80.334,36.965,14402.962,8424.699,20231128_071617,479173,29694,106839,2748
1,KFCX20231129_121057_V06,-2.700,0.067,301.522,302.295,8.921,-80.266,37.014,4460.327,1377.055,20231129_071057,479176,894,12073,677
10,KFCX20231203_123614_V06,18.854,0.099,422.574,274.855,20.693,-79.584,37.135,10346.294,62563.218,20231203_073614,479179,18068,44870,1966
10,KFCX20231203_124144_V06,24.354,0.136,425.979,272.120,27.801,-79.565,37.148,13900.338,64513.510,20231203_074144,479174,17679,45932,1607
2,KFCX20231203_111833_V06,-58.829,0.054,165.300,100.512,16.181,-81.040,37.920,8090.748,120353.319,20231203_061833,479178,51646,92420,3808
8,KFCX20231203_123614_V06,18.854,0.434,438.711,197.918,19.617,-79.490,37.481,9808.578,86112.363,20231203_073614,479179,18068,44870,1966
8,KFCX20231225_132602_V06,53.641,0.058,416.138,329.059,12.940,-79.623,36.891,6470.062,59859.012,20231225_082602,479174,6650,47589,1740
