track_id,filename,from_sunrise,det_score,x,y,r,lon,lat,radius,geo_dist,local_time,n_radar_pixels,n_refAbove40_pixels,n_xcorrAbove0.95_pixels,n_xcorrBelow0.95_refAbove40_pixels
2,KRAX20200608_094509_V06,-12.710,0.054,380.658,363.122,9.879,-78.046,35.380,4939.348,51210.691,20200608_054509,479138,158088,36661,133818
2,KRAX20200608_095146_V06,-6.093,0.080,380.072,363.281,18.620,-78.049,35.379,9309.770,51029.283,20200608_055146,479135,167158,41747,140372
2,KRAX20200609_101141_V06,13.925,0.081,322.995,412.412,23.489,-78.364,35.159,11744.423,57369.931,20200609_061141,479140,21987,18138,18573
1,KRAX20200610_093100_V06,-26.685,0.573,304.935,374.346,15.537,-78.463,35.330,7768.700,37254.794,20200610_053100,479144,34295,7762,31545
1,KRAX20200611_090434_V06,-53.073,0.487,398.668,208.785,10.772,-77.942,36.075,5385.986,67185.492,20200611_050434,479132,59608,66518,12978
2,KRAX20200611_090434_V06,-53.073,0.289,297.527,138.092,15.767,-78.504,36.395,7883.453,80963.558,20200611_050434,479132,59608,66518,12978
5,KRAX20200611_091441_V06,-42.956,0.752,360.332,277.430,14.527,-78.156,35.767,7263.573,32207.646,20200611_051441,479137,61081,67277,14529
5,KRAX20200611_091937_V06,-38.023,-1.000,360.332,277.430,22.371,-78.156,35.767,11185.573,32207.646,20200611_051937,479128,64134,68855,16344
5,KRAX20200611_092434_V06,-33.073,0.060,367.437,267.839,18.731,-78.117,35.810,9365.593,37356.833,20200611_052434,479137,68683,69935,19343
10,KRAX20200611_110828_V06,70.827,0.068,242.136,155.362,29.090,-78.812,36.317,14544.903,77891.269,20200611_070828,479131,56842,64463,17548
9,KRAX20200612_105346_V06,56.145,0.066,377.024,222.841,29.833,-78.063,36.012,14916.336,54511.873,20200612_065346,479131,70788,70818,30184
1,KRAX20200614_094034_V06,-17.102,0.665,455.840,136.533,12.901,-77.621,36.399,6450.714,112924.361,20200614_054034,479141,83713,62766,44493
2,KRAX20200614_094034_V06,-17.102,0.073,192.876,123.926,2.832,-79.088,36.457,1416.212,103050.318,20200614_054034,479141,83713,62766,44493
7,KRAX20200616_100802_V06,10.209,0.104,154.760,455.145,22.236,-79.285,34.963,11117.966,106259.768,20200616_060802,479140,260736,282331,21326
13,KRAX20200616_103815_V06,40.426,0.148,360.684,415.779,28.801,-78.157,35.143,14400.442,65359.199,20200616_063815,479139,229062,252477,20974
9,KRAX20200617_110730_V06,69.559,0.144,24.166,440.970,35.246,-80.001,35.020,17623.028,154884.399,20200617_070730,479124,125211,140699,16555
9,KRAX20200617_111307_V06,75.175,0.503,25.718,439.185,41.066,-79.993,35.029,20532.884,153788.073,20200617_071307,479126,123025,138330,16192
9,KRAX20200617_111845_V06,80.809,0.195,30.981,433.132,42.963,-79.964,35.056,21481.376,150079.352,20200617_071845,479134,120832,135927,15330
9,KRAX20200617_112422_V06,86.425,0.085,34.993,433.283,42.749,-79.943,35.056,21374.547,148318.243,20200617_072422,479132,119163,133996,14819
1,KRAX20200620_090938_V06,-48.815,0.255,372.690,336.784,15.005,-78.089,35.499,7502.474,40733.622,20200620_050938,479132,29975,36151,15543
1,KRAX20200620_091425_V06,-44.032,0.186,374.593,336.658,20.266,-78.079,35.499,10132.928,41556.782,20200620_051425,479118,28696,35056,14856
2,KRAX20200622_092521_V06,-33.562,0.067,315.427,401.452,31.310,-78.405,35.208,15655.130,51309.217,20200622_052521,479138,39091,24468,30528
2,KRAX20200622_093059_V06,-27.928,0.088,311.622,403.131,37.892,-78.426,35.200,18945.831,51891.857,20200622_053059,479135,44580,22010,36186
4,KRAX20200622_094218_V06,-16.612,0.129,472.068,405.724,5.772,-77.545,35.185,2886.091,100976.615,20200622_054218,479147,87446,16936,78064
6,KRAX20200622_103851_V06,39.938,0.125,98.662,287.086,22.602,-79.603,35.718,11301.185,100875.776,20200622_063851,479142,85969,27703,74691
7,KRAX20200622_103851_V06,39.938,0.052,127.156,234.162,20.110,-79.448,35.958,10054.788,92479.300,20200622_063851,479142,85969,27703,74691
1,KRAX20200623_100945_V06,10.571,0.067,17.454,234.038,21.629,-80.056,35.952,10814.605,145071.581,20200623_060945,479145,81521,33686,67788
1,KRAX20200624_094358_V06,-15.504,0.144,224.977,367.091,5.143,-78.903,35.362,2571.587,50323.153,20200624_054358,479146,41181,10358,37508
7,KRAX20200625_093527_V06,-24.334,0.073,351.101,165.821,59.078,-78.206,36.270,29539.249,71790.337,20200625_053527,479146,86136,97793,29938
8,KRAX20200625_093527_V06,-24.334,0.063,4.323,110.046,7.428,-80.140,36.510,3713.827,175718.078,20200625_053527,479146,86136,97793,29938
1,KRAX20200626_091511_V06,-44.937,0.157,272.782,130.620,30.708,-78.642,36.428,15354.004,85776.614,20200626_051511,479150,148765,66536,119814
1,KRAX20200626_092148_V06,-38.320,0.196,272.446,128.307,40.043,-78.644,36.439,20021.428,86944.956,20200626_052148,479145,152206,69245,119979
1,KRAX20200626_092839_V06,-31.470,0.068,267.872,123.514,45.676,-78.669,36.460,22837.752,89693.024,20200626_052839,479143,157929,63980,127060
3,KRAX20200626_094829_V06,-11.637,0.111,203.327,66.581,6.903,-79.031,36.716,3451.353,126323.315,20200626_054829,479146,211157,52694,179709
3,KRAX20200626_100142_V06,1.580,0.192,204.838,69.393,18.253,-79.022,36.703,9126.726,124734.984,20200626_060142,479140,209038,50423,181705
5,KRAX20200626_103444_V06,34.613,0.196,382.119,150.198,69.170,-78.033,36.339,34585.236,85416.696,20200626_063444,479148,211183,54358,180748
5,KRAX20200626_104121_V06,41.230,0.081,387.297,151.241,76.354,-78.004,36.335,38177.162,86241.003,20200626_064121,479144,221433,53881,189738
2,KRAX20200626_094152_V06,-18.254,0.094,201.583,68.547,8.095,-79.041,36.707,4047.653,125754.140,20200626_054152,479145,180134,53449,153118
4,KRAX20200626_100819_V06,8.196,0.132,260.855,413.347,12.010,-78.705,35.154,6005.102,59958.119,20200626_060819,479148,219472,53389,189477
6,KRAX20200626_112101_V06,80.896,0.076,112.387,445.558,7.152,-79.518,35.005,3575.986,118728.444,20200626_072101,479147,207217,51941,178703
1,KRAX20200627_091901_V06,-41.462,0.082,303.237,405.552,29.907,-78.472,35.190,14953.411,52800.971,20200627_051901,479153,24549,35686,18250
10,KRAX20200629_104123_V06,40.126,0.060,275.982,391.651,11.980,-78.622,35.252,5989.809,47372.748,20200629_064123,479134,31934,43223,21544
3,KRAX20200630_100327_V06,1.772,0.127,148.542,499.170,5.484,-79.317,34.765,2742.184,125108.291,20200630_060327,479141,161975,59315,130790
1,KRAX20200701_100107_V06,-1.001,0.462,245.506,509.594,20.535,-78.787,34.720,10267.425,108281.120,20200701_060107,479146,83004,84732,58383
1,KRAX20200701_100644_V06,4.616,0.610,245.745,510.379,27.037,-78.786,34.717,13518.263,108631.032,20200701_060644,479149,85015,86279,60122
1,KRAX20200701_101222_V06,10.249,0.181,244.840,512.206,28.627,-78.791,34.709,14313.381,109629.083,20200701_061222,479148,89864,86683,63797
1,KRAX20200703_095230_V06,-10.554,0.175,248.923,508.486,16.333,-78.769,34.725,8166.430,107325.624,20200703_055230,479150,115611,41860,95594
2,KRAX20200703_100525_V06,2.363,0.058,333.418,401.207,16.545,-78.307,35.209,8272.274,53290.464,20200703_060525,479142,127022,41591,108459
3,KRAX20200703_110452_V06,61.813,0.520,243.612,180.608,7.276,-78.804,36.203,3637.756,66019.272,20200703_070452,479148,113987,39895,94822
3,KRAX20200704_111428_V06,70.918,0.075,436.710,173.456,76.906,-77.730,36.233,38452.923,93143.868,20200704_071428,479152,133344,36483,114836
3,KRAX20200704_112451_V06,81.301,0.164,438.621,180.050,80.959,-77.719,36.203,40479.621,91656.653,20200704_072451,479147,136620,41612,114655
1,KRAX20200704_092245_V06,-40.799,0.084,494.439,419.467,14.104,-77.423,35.122,7051.777,114104.015,20200704_052245,479153,97054,41573,76680
2,KRAX20200704_095355_V06,-9.632,0.156,273.782,91.024,9.333,-78.637,36.607,4666.389,105307.117,20200704_055355,479145,138764,42019,116452
4,KRAX20200706_100312_V06,-1.392,0.104,411.857,572.531,27.660,-77.882,34.435,13830.168,147296.602,20200706_060312,479147,70973,78430,52378
4,KRAX20200706_100834_V06,3.975,0.730,411.409,571.413,33.183,-77.884,34.441,16591.424,146694.402,20200706_060834,479148,71512,80682,53077
4,KRAX20200706_101356_V06,9.341,0.709,411.217,566.129,38.658,-77.885,34.464,19328.766,144216.892,20200706_061356,479153,75388,83154,55689
4,KRAX20200706_101918_V06,14.708,0.361,409.892,564.651,42.085,-77.892,34.471,21042.611,143279.939,20200706_061918,479142,76507,85183,56611
2,KRAX20200706_092428_V06,-40.125,0.155,287.322,46.637,21.823,-78.561,36.807,10911.613,126840.205,20200706_052428,479150,46248,73361,29825
3,KRAX20200706_094056_V06,-23.659,0.092,314.710,415.244,33.935,-78.409,35.146,16967.634,58089.374,20200706_054056,479147,36733,59791,26212
5,KRAX20200706_103034_V06,25.975,0.055,403.955,88.364,5.295,-77.909,36.618,2647.430,117894.537,20200706_063034,479145,78895,90502,55987
2,KRAX20200707_095252_V06,-12.272,0.127,463.169,247.797,8.357,-77.586,35.897,4178.501,85658.240,20200707_055252,479141,48226,45479,36452
2,KRAX20200708_090922_V06,-56.334,0.103,486.168,430.554,13.327,-77.469,35.073,6663.708,113691.249,20200708_050922,479131,32885,50678,18141
1,KRAX20200710_100511_V06,-1.688,0.056,209.391,430.156,20.542,-78.987,35.078,10271.217,79294.707,20200710_060511,479139,68195,60246,51320
5,KRAX20200711_094532_V06,-21.945,0.071,72.872,298.880,20.064,-79.744,35.664,10031.961,113565.293,20200711_054532,479144,39767,63256,22131
15,KRAX20200713_100310_V06,-5.567,0.054,179.695,336.538,18.783,-79.153,35.499,9391.739,62865.561,20200713_060310,479137,165585,112993,83557
16,KRAX20200713_100923_V06,0.650,0.122,300.980,445.319,32.941,-78.485,35.010,16470.503,72660.999,20200713_060923,479129,174029,107529,96910
24,KRAX20200713_111336_V06,64.867,0.057,465.174,283.533,49.286,-77.577,35.736,24643.059,82996.562,20200713_071336,479141,108495,69045,66326
2,KRAX20200714_100647_V06,-2.597,0.443,391.623,280.933,16.105,-77.983,35.750,8052.265,46792.915,20200714_060647,479154,140026,54389,120763
2,KRAX20200714_101712_V06,7.820,0.285,398.499,282.202,23.477,-77.946,35.744,11738.373,50047.259,20200714_061712,479150,168992,54944,147430
1,KRAX20200714_094558_V06,-23.413,0.073,319.599,376.741,28.757,-78.382,35.319,14378.656,39602.185,20200714_054558,479152,78725,60308,64087
3,KRAX20200714_100647_V06,-2.597,0.309,310.671,508.009,8.108,-78.432,34.728,4054.134,104141.173,20200714_060647,479154,140026,54389,120763
1,KRAX20200715_100256_V06,-7.105,0.191,409.374,586.840,17.098,-77.896,34.371,8549.006,153492.438,20200715_060256,479145,184626,85741,138376
1,KRAX20200715_100834_V06,-1.472,0.415,410.673,585.555,24.758,-77.888,34.377,12379.049,153125.811,20200715_060834,479145,217968,88969,165124
1,KRAX20200715_101412_V06,4.162,0.328,411.567,582.931,26.897,-77.883,34.389,13448.732,152066.897,20200715_061412,479146,211369,91563,158856
2,KRAX20200715_100256_V06,-7.105,0.057,243.733,506.157,13.274,-78.797,34.736,6636.969,106848.948,20200715_060256,479145,184626,85741,138376
3,KRAX20200715_103626_V06,26.395,0.051,211.536,416.796,10.756,-78.975,35.138,5378.036,73258.440,20200715_063626,479147,210755,92472,156825
4,KRAX20200715_112142_V06,71.662,0.051,182.787,364.594,16.892,-79.135,35.372,8445.984,66916.615,20200715_072142,479145,165434,95284,118831
1,KRAX20200716_094544_V06,-24.975,0.077,410.986,591.057,8.239,-77.887,34.352,4119.584,155749.900,20200716_054544,479146,47555,75640,30378
1,KRAX20200716_095109_V06,-19.558,0.491,410.682,590.393,14.305,-77.889,34.355,7152.576,155385.595,20200716_055109,479145,64674,76046,43074
1,KRAX20200716_100128_V06,-9.241,0.099,408.464,588.102,16.122,-77.900,34.365,8061.102,153921.605,20200716_060128,479146,128467,80032,94174
1,KRAX20200716_100639_V06,-4.058,0.143,406.280,584.168,22.230,-77.912,34.383,11114.822,151696.440,20200716_060639,479144,142689,84183,105980
2,KRAX20200716_100128_V06,-9.241,0.099,207.811,424.025,21.090,-78.996,35.105,10545.183,77267.334,20200716_060128,479146,128467,80032,94174
2,KRAX20200716_100639_V06,-4.058,0.345,208.610,423.143,27.847,-78.991,35.109,13923.265,76675.013,20200716_060639,479144,142689,84183,105980
4,KRAX20200717_101639_V06,5.262,0.220,415.431,582.521,25.985,-77.862,34.390,12992.402,152596.179,20200717_061639,479154,108636,63868,88830
4,KRAX20200717_102524_V06,14.012,0.690,414.751,578.614,35.492,-77.866,34.408,17745.790,150659.937,20200717_062524,479151,110550,62922,90991
4,KRAX20200717_103409_V06,22.762,0.572,414.363,571.799,41.750,-77.868,34.439,20875.001,147439.625,20200717_063409,479149,111912,65063,90854
4,KRAX20200717_104253_V06,31.495,0.286,411.114,569.059,45.365,-77.885,34.451,22682.541,145550.040,20200717_064253,479151,107319,65983,85940
1,KRAX20200717_100755_V06,-3.472,0.083,231.751,424.216,27.613,-78.864,35.105,13806.435,70865.478,20200717_060755,479153,101708,61194,82577
2,KRAX20200717_100755_V06,-3.472,0.066,322.949,368.613,5.480,-78.364,35.356,2739.931,36174.726,20200717_060755,479153,101708,61194,82577
2,KRAX20200718_101133_V06,-0.529,0.536,421.112,583.198,24.202,-77.832,34.387,12101.080,154004.151,20200718_061133,479152,146423,59431,124741
2,KRAX20200718_102157_V06,9.871,0.752,420.724,580.579,30.965,-77.834,34.399,15482.675,152724.533,20200718_062157,479151,156571,59035,135001
2,KRAX20200718_103222_V06,20.288,0.416,419.047,577.569,33.359,-77.843,34.413,16679.313,151010.360,20200718_063222,479154,160957,58669,137732
1,KRAX20200718_094019_V06,-31.762,0.329,318.218,160.671,13.899,-78.389,36.293,6949.417,70257.260,20200718_054019,479151,110739,66942,88408
3,KRAX20200718_101133_V06,-0.529,0.171,361.148,75.972,15.159,-78.148,36.674,7579.342,116111.674,20200718_061133,479152,146423,59431,124741
5,KRAX20200719_100303_V06,-9.729,0.553,428.439,582.216,18.500,-77.792,34.391,9249.853,155034.242,20200719_060303,479144,165039,67632,134166
5,KRAX20200719_100841_V06,-4.095,0.754,428.949,581.348,25.296,-77.789,34.395,12648.053,154745.543,20200719_060841,479144,181386,67637,149528
5,KRAX20200719_101419_V06,1.538,0.812,429.719,578.483,27.196,-77.785,34.408,13597.828,153606.505,20200719_061419,479152,200517,66889,167841
5,KRAX20200719_101956_V06,7.155,0.764,427.659,575.378,29.330,-77.796,34.422,14664.831,151764.490,20200719_061956,479144,211913,66696,177741
5,KRAX20200719_102534_V06,12.788,0.425,429.855,572.730,34.770,-77.784,34.434,17385.101,151032.882,20200719_062534,479142,220624,66753,184674
7,KRAX20200719_100841_V06,-4.095,0.212,400.111,285.537,3.440,-77.937,35.729,1720.249,50574.982,20200719_060841,479144,181386,67637,149528
7,KRAX20200719_101419_V06,1.538,0.213,400.464,286.055,9.997,-77.935,35.727,4998.265,50713.656,20200719_061419,479152,200517,66889,167841
7,KRAX20200719_101956_V06,7.155,0.121,401.467,285.978,15.531,-77.929,35.727,7765.612,51215.612,20200719_061956,479144,211913,66696,177741
2,KRAX20200719_094609_V06,-26.629,0.350,384.132,367.515,8.356,-78.027,35.360,4177.940,53936.252,20200719_054609,479145,116387,71645,89447
2,KRAX20200719_095147_V06,-20.995,0.757,383.716,368.343,15.552,-78.029,35.356,7776.124,54035.064,20200719_055147,479145,108973,67259,85587
3,KRAX20200719_094609_V06,-26.629,0.322,407.416,289.080,14.184,-77.896,35.713,7091.877,53984.927,20200719_054609,479145,116387,71645,89447
3,KRAX20200719_095147_V06,-20.995,0.228,407.000,288.994,20.862,-77.899,35.713,10430.996,53782.459,20200719_055147,479145,108973,67259,85587
1,KRAX20200719_091819_V06,-54.462,0.235,145.018,411.160,12.843,-79.341,35.161,6421.642,95362.306,20200719_051819,479147,197833,62087,166541
4,KRAX20200719_095147_V06,-20.995,0.527,297.358,59.462,12.377,-78.505,36.749,6188.580,120276.235,20200719_055147,479145,108973,67259,85587
4,KRAX20200719_100303_V06,-9.729,-1.000,297.358,59.462,30.291,-78.505,36.749,15145.580,120276.235,20200719_060303,479144,165039,67632,134166
4,KRAX20200719_100841_V06,-4.095,0.169,296.730,58.844,14.440,-78.508,36.752,7220.203,120589.208,20200719_060841,479144,181386,67637,149528
6,KRAX20200719_100303_V06,-9.729,0.096,225.390,428.024,15.501,-78.899,35.088,7750.544,74089.080,20200719_060303,479144,165039,67632,134166
10,KRAX20200719_100841_V06,-4.095,0.061,177.342,374.057,17.376,-79.165,35.330,8688.065,71640.388,20200719_060841,479144,181386,67637,149528
11,KRAX20200719_101419_V06,1.538,0.095,420.846,235.319,12.059,-77.820,35.955,6029.591,68533.345,20200719_061419,479152,200517,66889,167841
12,KRAX20200719_101956_V06,7.155,0.066,359.150,76.825,13.320,-78.159,36.670,6659.908,115440.418,20200719_061956,479144,211913,66696,177741
6,KRAX20200720_100412_V06,-9.287,0.056,430.846,580.185,16.531,-77.779,34.400,8265.577,154616.123,20200720_060412,479139,75683,61937,55975
6,KRAX20200720_100922_V06,-4.120,0.367,431.338,580.090,23.415,-77.776,34.401,11707.605,154677.037,20200720_060922,479144,88751,68135,66745
6,KRAX20200720_101500_V06,1.513,0.742,433.959,577.891,26.714,-77.762,34.411,13357.154,154247.008,20200720_061500,479144,104271,77690,78118
6,KRAX20200720_102038_V06,7.146,0.831,436.131,573.731,30.079,-77.750,34.429,15039.522,152856.399,20200720_062038,479144,113068,82012,83667
6,KRAX20200720_102559_V06,12.496,0.314,431.491,570.013,31.327,-77.775,34.446,15663.405,150164.189,20200720_062559,479151,119563,83850,89195
3,KRAX20200720_094951_V06,-23.637,0.268,233.017,427.465,13.497,-78.857,35.090,6748.352,71996.525,20200720_054951,479151,33505,45553,25287
3,KRAX20200721_100525_V06,-8.787,0.094,429.420,580.864,20.313,-77.786,34.397,10156.537,154623.813,20200721_060525,479150,65273,62448,48804
3,KRAX20200721_101549_V06,1.613,0.488,429.531,578.917,31.504,-77.786,34.406,15751.933,153763.723,20200721_061549,479152,101455,70451,79120
3,KRAX20200721_102614_V06,12.029,0.722,427.193,574.447,32.526,-77.798,34.426,16262.840,151244.244,20200721_062614,479152,117476,69701,94487
3,KRAX20200721_103639_V06,22.446,0.686,426.931,568.307,43.802,-77.799,34.454,21900.811,148408.584,20200721_063639,479152,117699,69649,93622
3,KRAX20200721_104704_V06,32.863,0.206,418.218,562.589,53.418,-77.847,34.480,26709.122,143986.280,20200721_064704,479149,118457,69585,94079
1,KRAX20200721_093434_V06,-39.637,0.100,436.083,275.109,5.616,-77.737,35.775,2808.071,69170.380,20200721_053434,479151,32934,48405,24963
2,KRAX20200722_100212_V06,-12.728,0.095,427.867,581.152,15.934,-77.795,34.396,7967.114,154431.661,20200722_060212,479140,99587,65570,73473
2,KRAX20200722_100717_V06,-7.645,0.731,428.401,580.255,22.106,-77.792,34.400,11052.777,154134.415,20200722_060717,479133,119464,70560,88575
2,KRAX20200722_101223_V06,-2.545,0.710,429.114,579.400,25.353,-77.788,34.404,12676.652,153894.820,20200722_061223,479137,129998,76174,95589
2,KRAX20200722_101728_V06,2.538,0.803,428.455,576.374,28.574,-77.791,34.418,14287.037,152383.895,20200722_061728,479131,127343,77828,93860
2,KRAX20200722_102235_V06,7.655,0.826,427.217,573.385,31.694,-77.798,34.431,15847.192,150767.515,20200722_062235,479138,131111,78352,96568
2,KRAX20200722_102741_V06,12.755,0.851,429.246,568.867,40.155,-77.787,34.451,20077.626,149159.112,20200722_062741,479129,134647,79918,99380
2,KRAX20200722_103246_V06,17.838,0.715,429.426,565.871,44.936,-77.786,34.465,22467.912,147850.120,20200722_063246,479132,126211,79703,92232
2,KRAX20200722_103751_V06,22.922,0.083,419.865,562.890,46.030,-77.838,34.479,23014.893,144463.501,20200722_063751,479119,130286,80978,94039
1,KRAX20200722_095200_V06,-22.928,0.086,405.110,288.616,14.105,-77.909,35.715,7052.460,52862.475,20200722_055200,479142,95991,67197,69310
3,KRAX20200722_102741_V06,12.755,0.319,357.690,65.087,7.064,-78.167,36.723,3531.998,120946.607,20200722_062741,479129,134647,79918,99380
1,KRAX20200723_100201_V06,-13.643,0.678,426.502,580.761,17.001,-77.802,34.398,8500.343,153972.021,20200723_060201,479153,41075,34868,34438
1,KRAX20200723_101152_V06,-3.793,0.868,429.349,579.447,26.805,-77.787,34.404,13402.387,153965.593,20200723_061152,479153,58498,52529,49434
1,KRAX20200723_102215_V06,6.590,0.914,430.237,574.476,31.814,-77.782,34.426,15906.774,151903.472,20200723_062215,479151,75723,61797,63402
1,KRAX20200723_103239_V06,16.990,0.780,433.985,566.802,44.007,-77.761,34.461,22003.612,149277.727,20200723_063239,479152,80507,64028,66775
1,KRAX20200723_104303_V06,27.390,0.439,433.281,563.500,51.476,-77.765,34.476,25737.899,147644.877,20200723_064303,479156,80799,65604,65464
5,KRAX20200723_111309_V06,57.490,0.078,22.191,420.751,33.994,-80.014,35.111,16996.754,151458.515,20200723_071309,479150,76799,67354,60725
5,KRAX20200723_112332_V06,67.874,0.173,23.817,414.373,43.459,-80.005,35.140,21729.637,149464.201,20200723_072332,479154,74889,67330,58935
2,KRAX20200723_101152_V06,-3.793,0.630,126.990,168.619,20.395,-79.453,36.253,10197.295,108620.357,20200723_061152,479153,58498,52529,49434
3,KRAX20200724_100533_V06,-10.847,0.513,425.069,583.271,18.395,-77.810,34.387,9197.416,154826.268,20200724_060533,479151,54928,74580,27389
3,KRAX20200724_101102_V06,-5.364,0.812,427.216,582.349,24.487,-77.798,34.391,12243.516,154842.608,20200724_061102,479145,61466,76652,32602
3,KRAX20200724_101631_V06,0.120,0.759,429.592,580.507,25.561,-77.785,34.399,12780.384,154497.800,20200724_061631,479149,63065,79233,34537
3,KRAX20200724_102229_V06,6.086,0.624,429.577,579.316,26.245,-77.785,34.404,13122.667,153954.297,20200724_062229,479139,71788,81613,41810
3,KRAX20200724_102757_V06,11.553,0.503,429.374,575.156,32.766,-77.786,34.423,16383.091,152026.706,20200724_062757,479142,78172,82860,46935
3,KRAX20200724_103326_V06,17.036,0.103,430.257,570.804,39.714,-77.781,34.443,19857.214,150251.170,20200724_063326,479143,83498,83199,50881
1,KRAX20200724_092629_V06,-49.914,0.125,268.592,515.949,8.494,-78.661,34.692,4246.823,109110.303,20200724_052629,479151,70356,87040,40163
8,KRAX20200724_111931_V06,63.120,0.088,222.142,510.259,16.372,-78.915,34.717,8185.966,112105.510,20200724_071931,479145,69684,91177,34535
2,KRAX20200725_102015_V06,3.110,0.600,432.434,579.766,26.211,-77.770,34.402,13105.327,154764.057,20200725_062015,479153,198130,61322,172249
2,KRAX20200725_102859_V06,11.843,0.526,433.756,577.904,33.734,-77.763,34.411,16866.997,154208.691,20200725_062859,479144,204794,81652,165036
2,KRAX20200725_103421_V06,17.210,0.067,436.423,574.115,36.982,-77.748,34.428,18490.770,153093.366,20200725_063421,479146,201998,81480,162533
1,KRAX20200725_101130_V06,-5.640,0.444,244.683,505.711,7.212,-78.792,34.738,3606.179,106509.306,20200725_061130,479156,147351,61201,127174
1,KRAX20200726_102901_V06,11.128,0.052,209.080,65.622,6.236,-78.999,36.720,3117.895,125697.537,20200726_062901,479154,268028,55216,235609
1,KRAX20200727_102535_V06,6.941,0.388,427.734,576.679,29.451,-77.795,34.416,14725.262,152370.618,20200727_062535,479150,161859,66665,137733
1,KRAX20200727_103420_V06,15.691,0.165,429.003,574.378,40.245,-77.788,34.427,20122.254,151595.825,20200727_063420,479151,176150,68858,149213
1,KRAX20200728_100140_V06,-17.733,0.078,431.053,581.866,14.821,-77.777,34.393,7410.423,155421.520,20200728_060140,479149,61015,58267,44133
1,KRAX20200728_100703_V06,-12.350,0.229,432.008,581.348,22.006,-77.772,34.395,11002.951,155388.615,20200728_060703,479146,83825,67291,61743
1,KRAX20200728_101240_V06,-6.733,0.357,434.690,579.438,23.684,-77.758,34.404,11842.214,155102.180,20200728_061240,479145,101020,76743,75012
1,KRAX20200728_101818_V06,-1.100,0.586,437.905,572.952,28.206,-77.740,34.433,14103.010,152905.911,20200728_061818,479143,110157,80826,82528
1,KRAX20200728_102356_V06,4.534,0.641,437.474,571.686,32.509,-77.742,34.438,16254.534,152243.551,20200728_062356,479154,127520,66167,106609
1,KRAX20200728_103232_V06,13.134,0.318,437.023,563.180,38.538,-77.744,34.477,19268.910,148356.774,20200728_063232,479153,139993,61655,119196
1,KRAX20200728_104117_V06,21.884,0.063,432.173,564.404,38.690,-77.771,34.471,19345.017,147800.072,20200728_064117,479153,143994,60362,121904
2,KRAX20200729_101706_V06,-3.061,0.084,431.176,584.847,19.395,-77.777,34.379,9697.392,156800.215,20200729_061706,479145,91936,60430,72769
2,KRAX20200729_102342_V06,3.539,0.492,434.117,583.143,27.444,-77.761,34.387,13721.811,156650.382,20200729_062342,479145,121545,62576,98751
2,KRAX20200729_103007_V06,9.956,0.428,436.400,579.461,28.815,-77.748,34.403,14407.411,155486.033,20200729_063007,479152,136493,66114,111712
2,KRAX20200729_103644_V06,16.573,0.051,438.631,576.628,31.024,-77.736,34.416,15512.224,154710.442,20200729_063644,479145,144572,66433,119206
1,KRAX20200729_093611_V06,-43.977,0.053,77.662,344.549,81.725,-79.715,35.458,40862.625,113378.460,20200729_053611,479136,72439,74833,49379
1,KRAX20200729_094236_V06,-37.561,-1.000,77.662,344.549,91.928,-79.715,35.458,45963.875,113378.460,20200729_054236,479151,56282,76716,36528
1,KRAX20200729_095103_V06,-29.111,0.132,84.192,329.643,95.423,-79.680,35.526,47711.364,108917.057,20200729_055103,479141,46913,71165,31883
3,KRAX20200729_101706_V06,-3.061,0.082,234.826,426.844,29.247,-78.847,35.093,14623.608,71303.914,20200729_061706,479145,91936,60430,72769
2,KRAX20200802_110914_V06,45.998,0.057,376.770,323.787,26.739,-78.067,35.557,13369.640,40185.099,20200802_070914,479150,186798,69565,154012
2,KRAX20200803_101906_V06,-4.910,0.293,404.378,571.902,23.513,-77.922,34.439,11756.653,145624.179,20200803_061906,479147,63562,53733,51235
2,KRAX20200803_102422_V06,0.356,0.858,403.338,569.704,30.017,-77.928,34.448,15008.343,144411.772,20200803_062422,479150,71370,56607,58226
2,KRAX20200803_102943_V06,5.706,0.672,403.755,563.262,35.849,-77.925,34.477,17924.479,141485.129,20200803_062943,479146,84306,59872,69241
2,KRAX20200803_103505_V06,11.073,0.724,403.944,556.915,43.165,-77.924,34.506,21582.719,138572.747,20200803_063505,479143,96728,61804,80464
2,KRAX20200803_104027_V06,16.440,0.619,404.535,555.023,47.236,-77.921,34.515,23617.902,137808.331,20200803_064027,479142,104193,63532,86762
1,KRAX20200803_101906_V06,-4.910,0.823,212.700,418.853,19.579,-78.969,35.129,9789.444,73735.191,20200803_061906,479147,63562,53733,51235
1,KRAX20200803_102422_V06,0.356,0.786,214.429,417.001,25.732,-78.959,35.137,12866.052,72476.852,20200803_062422,479150,71370,56607,58226
1,KRAX20200803_102943_V06,5.706,0.379,215.799,410.706,30.088,-78.952,35.165,15044.190,69544.025,20200803_062943,479146,84306,59872,69241
2,KRAX20200806_102326_V06,-2.910,0.070,219.851,431.755,14.358,-78.929,35.071,7178.850,77108.856,20200806_062326,479142,60387,82391,34044
2,KRAX20200806_102719_V06,0.973,0.639,220.387,432.368,19.451,-78.926,35.068,9725.304,77232.724,20200806_062719,479136,73957,90775,42769
2,KRAX20200806_103110_V06,4.823,0.731,224.509,432.411,24.567,-78.904,35.068,12283.345,76209.713,20200806_063110,479139,89291,97796,52499
2,KRAX20200806_103502_V06,8.690,0.859,225.780,430.399,29.827,-78.897,35.077,14913.309,75020.874,20200806_063502,479146,98622,99528,59526
2,KRAX20200806_103854_V06,12.556,0.718,226.193,427.815,32.370,-78.895,35.089,16185.124,73797.255,20200806_063854,479130,111487,100256,68671
2,KRAX20200806_104246_V06,16.423,0.621,228.873,425.182,37.202,-78.880,35.100,18600.960,71988.783,20200806_064246,479135,113955,99355,70766
2,KRAX20200806_104638_V06,20.290,0.106,231.668,421.569,42.788,-78.865,35.117,21394.055,69728.473,20200806_064638,479142,117239,98722,73242
16,KRAX20200807_113217_V06,65.159,0.141,26.449,264.485,29.896,-80.004,35.816,14948.196,137923.247,20200807_073217,479135,113202,100887,61551
16,KRAX20200807_113719_V06,70.193,0.141,28.129,263.819,36.176,-79.994,35.819,18088.113,137133.838,20200807_073719,479133,111606,102043,60323
3,KRAX20200808_110455_V06,37.011,0.146,460.726,215.379,6.183,-77.598,36.043,3091.530,90820.928,20200808_070455,479134,227590,69917,186581
3,KRAX20200809_111620_V06,47.646,0.122,364.084,405.617,30.256,-78.138,35.189,15127.941,61769.095,20200809_071620,479133,223389,81462,167646
5,KRAX20200810_104410_V06,14.697,0.056,254.561,328.491,11.265,-78.741,35.537,5632.353,26815.987,20200810_064410,479133,224101,86040,170856
5,KRAX20200810_104939_V06,20.181,0.194,256.341,329.025,17.928,-78.731,35.534,8963.823,26213.528,20200810_064939,479117,231143,85742,176276
7,KRAX20200810_113204_V06,62.597,0.100,304.215,326.109,11.435,-78.467,35.548,5717.594,13223.702,20200810_073204,479143,243375,50777,217578
1,KRAX20200811_103333_V06,3.298,0.194,221.011,425.547,26.960,-78.923,35.099,13479.782,74164.394,20200811_063333,479143,146496,51552,128360
1,KRAX20200812_102041_V06,-10.351,0.166,211.204,430.760,18.939,-78.977,35.075,9469.463,79029.857,20200812_062041,479139,79777,64505,58703
1,KRAX20200812_102846_V06,-2.268,0.095,212.939,430.673,29.795,-78.967,35.075,14897.441,78509.782,20200812_062846,479135,140405,70940,107911
1,KRAX20200813_100507_V06,-26.700,0.077,25.778,280.371,29.306,-80.006,35.744,14653.152,137461.739,20200813_060507,479135,47167,68766,23748
4,KRAX20200813_104817_V06,16.466,0.053,26.346,370.807,32.195,-79.995,35.337,16097.559,141333.189,20200813_064817,479138,114090,80113,77231
3,KRAX20200814_101801_V06,-14.583,0.548,215.124,433.775,16.345,-78.955,35.062,8172.430,79214.184,20200814_061801,479144,44699,44874,31731
3,KRAX20200814_102414_V06,-8.366,0.899,216.667,434.579,25.204,-78.947,35.058,12601.997,79145.256,20200814_062414,479135,47730,36494,36694
3,KRAX20200814_103027_V06,-2.149,0.693,216.126,436.467,32.629,-78.950,35.049,16314.721,80090.405,20200814_063027,479144,37242,36913,28015
3,KRAX20200814_103641_V06,4.084,0.114,216.092,433.704,38.607,-78.950,35.062,19303.593,78926.293,20200814_063641,479142,31156,41713,22632
3,KRAX20200814_104255_V06,10.317,0.067,216.733,422.802,40.466,-78.947,35.111,20232.759,74185.164,20200814_064255,479141,28174,46894,20102
6,KRAX20200816_102517_V06,-8.879,0.130,346.817,397.816,16.593,-78.233,35.224,8296.669,54221.305,20200816_062517,479138,53145,54951,29854
7,KRAX20200816_104204_V06,7.905,0.066,365.436,444.279,18.417,-78.132,35.015,9208.704,79211.952,20200816_064204,479140,47107,62535,26277
1,KRAX20200817_114039_V06,65.708,0.050,30.276,372.864,52.591,-79.973,35.328,26295.380,139696.366,20200817_074039,479131,91313,50178,77867
3,KRAX20200818_104614_V06,10.512,0.101,166.793,519.222,8.142,-79.217,34.675,4071.038,128259.803,20200818_064614,479134,314543,39356,285836
3,KRAX20200818_105153_V06,16.162,0.368,167.840,520.602,16.136,-79.211,34.669,8068.244,128580.293,20200818_065153,479140,324014,38260,295765
1,KRAX20200818_101209_V06,-23.571,0.070,359.524,95.574,2.144,-78.157,36.586,1071.926,106457.665,20200818_061209,479131,146920,68159,120765
2,KRAX20200818_104035_V06,4.862,0.280,303.978,451.849,8.456,-78.468,34.981,4228.086,75950.554,20200818_064035,479131,306604,40444,277474
4,KRAX20200818_114817_V06,72.562,0.183,354.263,158.964,43.346,-78.188,36.300,21673.100,75557.206,20200818_074817,479139,291816,40806,262920
4,KRAX20200819_113748_V06,61.301,0.158,193.206,271.677,18.086,-79.081,35.791,9042.936,55243.174,20200819_073748,479138,256674,56389,219550
4,KRAX20200819_114343_V06,67.217,0.513,195.874,269.862,23.591,-79.066,35.800,11795.455,54199.689,20200819_074343,479137,253127,55509,216492
4,KRAX20200819_114948_V06,73.301,0.079,207.902,261.065,17.897,-79.000,35.840,8948.618,49994.883,20200819_074948,479146,245101,55507,208954
2,KRAX20200819_095233_V06,-43.949,0.172,339.333,425.522,14.391,-78.274,35.099,7195.734,65769.902,20200819_055233,479134,106653,50391,84231
3,KRAX20200819_103932_V06,3.034,0.114,373.191,342.884,14.740,-78.087,35.471,7369.841,42414.612,20200819_063932,479141,172072,61077,140327
5,KRAX20200821_115247_V06,74.733,0.169,25.023,530.077,32.764,-79.989,34.619,16381.947,179267.906,20200821_075247,479126,94613,77773,59362
5,KRAX20200821_120111_V06,83.133,0.099,29.963,529.665,43.994,-79.962,34.621,21996.889,177247.291,20200821_080111,479136,94063,78859,58172
5,KRAX20200821_120524_V06,87.349,0.062,35.245,525.608,44.994,-79.934,34.640,22496.818,173921.196,20200821_080524,479131,95229,79340,58793
2,KRAX20200821_101330_V06,-24.551,0.069,215.231,428.765,10.915,-78.955,35.084,5457.483,77081.677,20200821_061330,479118,24294,47633,12799
1,KRAX20200822_101436_V06,-24.224,0.089,280.149,352.448,15.066,-78.599,35.429,7533.098,28039.597,20200822_061436,479131,36409,64845,15792
14,KRAX20200824_110558_V06,25.602,0.120,190.585,133.265,2.466,-79.100,36.415,1233.124,99715.029,20200824_070558,479140,95040,83327,58384
19,KRAX20200824_111251_V06,32.485,0.150,97.870,375.885,23.004,-79.601,35.318,11502.229,107952.657,20200824_071251,479136,100564,86649,60867
21,KRAX20200824_114416_V06,63.902,0.141,148.670,356.296,24.325,-79.323,35.409,12162.696,80730.920,20200824_074416,479143,125447,106564,66775
22,KRAX20200824_115221_V06,71.985,0.616,178.012,328.924,13.016,-79.163,35.533,6508.158,62684.784,20200824_075221,479136,128427,108173,67741
1,KRAX20200825_100805_V06,-33.049,0.121,20.019,417.961,22.285,-80.026,35.124,11142.726,151908.122,20200825_060805,479130,85323,63764,55538
2,KRAX20200825_110343_V06,22.584,0.062,178.001,104.020,29.812,-79.171,36.546,14905.912,115425.399,20200825_070343,479140,92118,73105,55895
4,KRAX20200825_120230_V06,81.367,0.075,38.212,528.708,40.866,-79.917,34.626,20432.919,173810.245,20200825_080230,479136,106118,73160,68240
1,KRAX20200826_104559_V06,4.085,0.362,243.970,551.641,8.204,-78.795,34.531,4102.087,128901.366,20200826_064559,479145,355068,25812,338611
1,KRAX20200826_110647_V06,24.885,0.068,244.620,552.964,20.499,-78.792,34.525,10249.664,129477.380,20200826_070647,479147,382453,23692,365573
1,KRAX20200827_105129_V06,8.821,0.097,220.306,491.634,21.311,-78.925,34.801,10655.342,103772.222,20200827_065129,479151,141259,48968,123224
19,KRAX20200829_111214_V06,28.049,0.053,123.903,577.854,30.089,-79.448,34.409,15044.714,164478.497,20200829_071214,479145,46759,50790,21399
19,KRAX20200829_111636_V06,32.415,-1.000,123.903,577.854,37.032,-79.448,34.409,18516.214,164478.497,20200829_071636,479141,46970,50971,21621
19,KRAX20200829_112058_V06,36.782,0.103,126.780,573.366,42.678,-79.432,34.430,21338.882,161813.210,20200829_072058,479134,47120,51372,21702
19,KRAX20200829_112510_V06,40.982,0.093,136.539,569.819,43.049,-79.379,34.446,21524.703,157735.606,20200829_072510,479139,47481,50509,22577
15,KRAX20200829_105114_V06,7.049,0.139,249.332,215.794,17.188,-78.771,36.044,8593.977,49137.506,20200829_065114,479139,41874,51306,18092
15,KRAX20200829_105527_V06,11.265,0.160,250.960,214.641,22.358,-78.762,36.050,11178.882,49221.501,20200829_065527,479132,45041,51268,20265
1,KRAX20200830_103557_V06,-8.993,0.222,322.915,370.897,4.633,-78.364,35.346,2316.635,37254.235,20200830_063557,479150,270561,33051,253851
3,KRAX20200830_104442_V06,-0.243,0.286,192.845,539.077,7.092,-79.074,34.586,3545.844,130995.934,20200830_064442,479143,349099,23400,333647
4,KRAX20200901_110336_V06,17.144,0.448,260.081,512.594,18.092,-78.708,34.707,9046.078,108154.491,20200901_070336,479138,57953,65666,31169
4,KRAX20200901_110925_V06,22.960,0.767,262.011,511.639,24.852,-78.697,34.711,12425.921,107510.624,20200901_070925,479134,64308,67853,35611
4,KRAX20200901_111515_V06,28.794,0.479,264.208,511.352,32.505,-78.685,34.713,16252.611,107180.374,20200901_071515,479127,65813,70529,36443
4,KRAX20200901_112105_V06,34.627,0.108,263.080,508.170,42.311,-78.692,34.727,21155.484,105709.426,20200901_072105,479142,67766,72026,37769
3,KRAX20200901_101111_V06,-35.273,0.077,322.833,394.258,9.141,-78.365,35.240,4570.406,48491.983,20200901_061111,479130,95549,63002,67400
3,KRAX20200901_101701_V06,-29.440,-1.000,322.833,394.258,18.416,-78.365,35.240,9207.906,48491.983,20200901_061701,479132,73575,65051,46082
3,KRAX20200901_102250_V06,-23.623,0.136,334.637,397.906,22.059,-78.300,35.224,11029.701,51926.009,20200901_062250,479137,51010,65503,25389
2,KRAX20200901_100522_V06,-41.090,0.145,318.043,391.678,10.919,-78.391,35.252,5459.450,46718.099,20200901_060522,479141,113435,61739,85046
5,KRAX20200901_110336_V06,17.144,0.063,158.463,222.323,7.143,-79.275,36.013,3571.468,80725.352,20200901_070336,479138,57953,65666,31169
5,KRAX20200902_105516_V06,8.056,0.229,162.949,374.087,15.518,-79.244,35.329,7758.932,77897.299,20200902_065516,479139,202257,71114,155834
1,KRAX20200903_104249_V06,-5.148,0.065,508.014,312.707,17.987,-77.342,35.603,8993.351,104200.650,20200903_064249,479140,288497,74859,232586
2,KRAX20200903_105333_V06,5.585,0.077,218.461,492.248,16.070,-78.935,34.798,8035.234,104412.303,20200903_065333,479144,342056,68147,286352
3,KRAX20200903_105333_V06,5.585,0.056,433.402,519.126,24.367,-77.762,34.676,12183.443,128269.450,20200903_065333,479144,342056,68147,286352
4,KRAX20200903_110228_V06,14.502,0.088,196.282,536.167,20.624,-79.055,34.600,10312.224,128969.076,20200903_070228,479135,353744,65631,299468
3,KRAX20200907_105402_V06,3.061,0.706,215.438,496.587,12.538,-78.952,34.778,6268.878,107001.126,20200907_065402,479148,250945,61388,211322
3,KRAX20200907_110518_V06,14.328,0.176,215.798,496.712,22.733,-78.950,34.778,11366.506,106988.025,20200907_070518,479147,247028,66081,204195
1,KRAX20200907_103709_V06,-13.822,0.051,444.768,182.519,2.999,-77.685,36.192,1499.268,93219.739,20200907_063709,479143,73512,49363,54612
2,KRAX20200907_104825_V06,-2.556,0.056,388.434,235.057,8.000,-78.000,35.957,3999.855,54859.126,20200907_064825,479145,215953,58418,181567
4,KRAX20200907_105402_V06,3.061,0.147,401.811,288.957,13.782,-77.927,35.714,6890.869,51204.001,20200907_065402,479148,250945,61388,211322
5,KRAX20200907_105402_V06,3.061,0.095,260.765,415.107,9.850,-78.705,35.146,4924.973,60804.923,20200907_065402,479148,250945,61388,211322
1,KRAX20200908_104443_V06,-7.007,0.069,427.012,385.592,5.881,-77.792,35.278,2940.296,76580.117,20200908_064443,479152,127953,52946,107868
8,KRAX20200909_110346_V06,11.292,0.091,341.993,394.039,35.400,-78.259,35.241,17700.045,51494.305,20200909_070346,479140,75147,95445,11531
1,KRAX20200910_112114_V06,28.007,0.213,267.572,127.841,20.293,-78.671,36.441,10146.379,87593.106,20200910_072114,479142,41215,45370,30271
1,KRAX20200910_112652_V06,33.640,-1.000,267.572,127.841,29.250,-78.671,36.441,14624.879,87593.106,20200910_072652,479145,44544,47227,32479
1,KRAX20200910_113230_V06,39.273,0.076,275.291,140.260,32.413,-78.628,36.385,16206.549,80819.935,20200910_073230,479142,46224,48988,33316
2,KRAX20200912_113013_V06,35.485,0.072,379.273,271.728,16.052,-78.052,35.792,8026.012,42081.895,20200912_073013,479142,112619,71587,83198
2,KRAX20200912_113551_V06,41.119,-1.000,379.273,271.728,25.009,-78.052,35.792,12504.512,42081.895,20200912_073551,479148,108507,74949,77928
2,KRAX20200912_114129_V06,46.752,-1.000,379.273,271.728,33.966,-78.052,35.792,16983.012,42081.895,20200912_074129,479149,100728,77743,70436
2,KRAX20200912_114707_V06,52.385,0.056,378.242,274.680,32.999,-78.057,35.779,16499.495,41118.584,20200912_074707,479143,97513,81009,66306
1,KRAX20200913_113702_V06,41.548,0.374,25.668,137.555,37.555,-80.019,36.388,18777.601,159410.131,20200913_073702,479151,177406,50870,151868
1,KRAX20200914_110240_V06,6.427,0.287,385.490,508.680,12.106,-78.023,34.724,6052.979,112756.117,20200914_070240,479152,253429,38642,232776
1,KRAX20200914_111125_V06,15.177,0.141,386.156,509.793,21.001,-78.020,34.719,10500.624,113397.253,20200914_071125,479150,265094,38919,243738
1,KRAX20200915_112834_V06,31.572,0.074,397.651,243.566,11.408,-77.949,35.918,5704.163,56392.557,20200915_072834,479150,172829,57152,145852
1,KRAX20200916_121643_V06,78.965,0.051,32.195,429.087,44.246,-79.958,35.075,22123.241,148646.423,20200916_081643,479131,37284,44599,24003
1,KRAX20200916_122042_V06,82.949,0.087,32.162,429.397,49.092,-79.958,35.073,24545.975,148728.509,20200916_082042,479124,37360,44758,23909
7,KRAX20200918_111053_V06,11.615,0.093,45.986,396.424,54.040,-79.885,35.223,27020.227,135849.945,20200918_071053,479138,154111,200664,16649
7,KRAX20200918_111643_V06,17.448,0.066,45.908,397.504,61.193,-79.885,35.218,30596.743,136078.945,20200918_071643,479137,157115,197754,19751
7,KRAX20200918_112233_V06,23.282,0.216,46.638,400.971,59.448,-79.881,35.202,29723.763,136370.173,20200918_072233,479131,155701,196773,20453
7,KRAX20200918_112823_V06,29.115,-1.000,47.205,403.912,59.602,-79.878,35.189,29800.992,136659.552,20200918_072823,479144,154035,195609,20350
7,KRAX20200918_113413_V06,34.948,0.162,44.898,388.140,66.535,-79.892,35.260,33267.405,134949.679,20200918_073413,479135,151327,194093,21276
7,KRAX20200918_114003_V06,40.782,0.359,48.337,408.229,57.743,-79.871,35.170,28871.391,136974.147,20200918_074003,479131,150435,194744,21076
7,KRAX20200918_114551_V06,46.582,0.245,48.210,410.847,63.228,-79.872,35.158,31614.036,137554.981,20200918_074551,479137,149382,195471,20783
7,KRAX20200918_115140_V06,52.398,0.395,48.766,422.062,53.627,-79.868,35.107,26813.427,139657.973,20200918_075140,479130,144458,195076,19711
6,KRAX20200918_105326_V06,-5.835,0.149,28.315,312.484,46.030,-79.989,35.600,23015.087,135985.594,20200918_065326,479135,151051,202578,10862
6,KRAX20200918_105916_V06,-0.002,0.170,28.510,312.879,52.776,-79.988,35.598,26387.763,135897.830,20200918_065916,479127,152564,202592,12024
6,KRAX20200918_110505_V06,5.815,0.086,29.819,316.986,51.985,-79.980,35.580,25992.718,135357.232,20200918_070505,479139,153426,201997,14118
3,KRAX20200918_100651_V06,-52.418,0.054,26.653,273.841,46.946,-80.002,35.774,23472.969,137297.822,20200918_060651,479129,197378,174094,61479
3,KRAX20200918_101240_V06,-46.602,-1.000,26.653,273.841,56.194,-80.002,35.774,28097.219,137297.822,20200918_061240,479138,197135,173938,60349
3,KRAX20200918_101829_V06,-40.785,0.053,22.002,313.740,29.159,-80.024,35.594,14579.338,139168.710,20200918_061829,479137,192305,175447,55335
5,KRAX20200918_103009_V06,-29.118,0.061,42.192,364.663,53.199,-79.908,35.366,26599.649,132896.753,20200918_063009,479130,178540,182529,40081
8,KRAX20200918_112823_V06,29.115,0.075,43.080,368.385,64.845,-79.903,35.349,32422.432,132932.533,20200918_072823,479144,154035,195609,20350
14,KRAX20200918_121458_V06,75.698,0.057,352.285,58.605,43.325,-78.197,36.753,21662.411,123496.209,20200918_081458,479146,140876,187582,18430
3,KRAX20200919_111437_V06,14.588,0.066,189.678,140.234,6.427,-79.105,36.384,3213.259,97077.230,20200919_071437,479155,82169,44026,68735
3,KRAX20200919_112442_V06,24.671,0.060,189.599,141.222,15.807,-79.105,36.379,7903.465,96693.911,20200919_072442,479153,75802,49559,61727
1,KRAX20200919_111437_V06,14.588,0.280,111.833,220.168,8.172,-79.534,36.021,4086.042,102200.999,20200919_071437,479155,82169,44026,68735
2,KRAX20200919_111437_V06,14.588,0.212,309.659,164.441,7.283,-78.436,36.276,3641.575,67951.382,20200919_071437,479155,82169,44026,68735
8,KRAX20200924_112112_V06,17.343,0.346,375.236,401.131,16.704,-78.077,35.209,8351.799,63023.652,20200924_072112,479134,134379,79798,86304
8,KRAX20200924_112559_V06,22.126,0.134,375.934,399.947,23.314,-78.073,35.214,11656.817,62760.208,20200924_072559,479150,137856,82816,87095
8,KRAX20200924_113048_V06,26.943,0.361,382.344,395.339,23.504,-78.038,35.235,11751.914,62988.276,20200924_073048,479130,137252,83097,85599
8,KRAX20200924_113536_V06,31.743,0.082,392.741,395.016,20.556,-77.981,35.236,10277.918,66386.833,20200924_073536,479133,134235,83917,82455
5,KRAX20200924_110225_V06,-1.441,0.073,375.060,332.584,3.031,-78.076,35.518,1515.278,40913.642,20200924_070225,479138,90029,78631,48937
5,KRAX20200924_110700_V06,3.143,0.054,375.321,331.445,10.801,-78.075,35.523,5400.483,40810.836,20200924_070700,479147,105290,77958,61393
15,KRAX20200924_122416_V06,80.409,0.053,355.699,149.236,28.000,-78.180,36.344,13999.756,80361.989,20200924_082416,479138,130304,95040,73770
15,KRAX20200924_122908_V06,85.276,0.152,358.466,148.256,33.969,-78.164,36.349,16984.342,81308.977,20200924_082908,479137,130168,96934,72774
6,KRAX20200924_110700_V06,3.143,0.102,464.826,355.942,6.885,-77.583,35.410,3442.308,87030.176,20200924_070700,479147,105290,77958,61393
9,KRAX20200924_112559_V06,22.126,0.128,305.732,501.226,16.140,-78.459,34.758,8070.065,100653.720,20200924_072559,479150,137856,82816,87095
1,KRAX20200927_103315_V06,-32.931,0.088,25.035,426.868,44.757,-79.998,35.084,22378.426,151411.030,20200927_063315,479152,208703,22177,198910
1,KRAX20200930_113805_V06,29.552,0.054,151.315,262.819,133.438,-79.313,35.830,66718.994,76631.506,20200930_073805,479153,213357,53300,186408
1,KRAX20201001_110057_V06,-8.372,0.055,375.451,499.088,3.062,-78.078,34.767,1531.082,106453.019,20201001_070057,479151,90250,60395,68396
4,KRAX20201002_111331_V06,3.400,0.696,227.348,80.861,11.942,-78.896,36.652,5971.128,115434.389,20201002_071331,479156,159631,27967,148733
4,KRAX20201002_112343_V06,13.600,0.479,228.013,78.355,16.436,-78.893,36.663,8217.932,116521.148,20201002_072343,479150,181652,26596,170777
4,KRAX20201002_113407_V06,24.000,-1.000,228.654,75.939,21.669,-78.889,36.674,10834.697,117572.818,20201002_073407,479156,193649,27049,182051
4,KRAX20201002_114431_V06,34.400,-1.000,229.295,73.524,26.903,-78.886,36.685,13451.462,118628.327,20201002_074431,479154,191089,30331,178267
4,KRAX20201002_120519_V06,55.200,0.061,229.753,95.814,31.771,-78.882,36.585,15885.587,107966.040,20201002_080519,479151,187803,35423,173616
9,KRAX20201002_112343_V06,13.600,0.386,191.500,135.801,9.288,-79.095,36.404,4643.887,98404.111,20201002_072343,479150,181652,26596,170777
9,KRAX20201002_113407_V06,24.000,0.052,191.527,136.367,18.362,-79.095,36.401,9181.086,98160.867,20201002_073407,479156,193649,27049,182051
9,KRAX20201002_114431_V06,34.400,0.177,189.384,137.570,13.026,-79.107,36.396,6513.195,98259.230,20201002_074431,479154,191089,30331,178267
1,KRAX20201002_103152_V06,-38.250,0.056,310.047,75.105,15.266,-78.434,36.679,7633.202,112559.725,20201002_063152,479155,313432,12097,307719
2,KRAX20201002_110306_V06,-7.017,0.124,312.180,161.872,4.483,-78.422,36.288,2241.329,69331.990,20201002_070306,479153,54953,33857,48656
5,KRAX20201002_111331_V06,3.400,0.242,224.730,230.901,8.246,-78.907,35.976,4123.043,51088.779,20201002_071331,479156,159631,27967,148733
8,KRAX20201002_111331_V06,3.400,0.055,245.375,376.737,8.945,-78.790,35.319,4472.404,47096.847,20201002_071331,479156,159631,27967,148733
10,KRAX20201002_113407_V06,24.000,0.134,229.065,78.599,13.845,-78.887,36.662,6922.413,116243.516,20201002_073407,479156,193649,27049,182051
2,KRAX20201003_113243_V06,21.801,0.679,22.611,238.270,26.850,-80.027,35.934,13424.952,142087.553,20201003_073243,479151,139863,38674,125767
2,KRAX20201003_114128_V06,30.551,0.215,23.305,242.409,34.645,-80.023,35.915,17322.716,141312.691,20201003_074128,479151,141060,38355,126701
2,KRAX20201003_115013_V06,39.301,0.070,27.091,244.911,27.909,-80.002,35.904,13954.577,139206.899,20201003_075013,479155,140744,37940,126554
4,KRAX20201003_120727_V06,56.534,0.085,23.442,421.967,47.373,-80.007,35.106,23686.554,151129.374,20201003_080727,479150,138987,35967,124949
4,KRAX20201003_121604_V06,65.151,0.272,24.584,416.651,53.943,-80.001,35.130,26971.533,149550.604,20201003_081604,479152,138277,34793,124639
1,KRAX20201003_112358_V06,13.051,0.088,219.703,234.293,16.614,-78.935,35.961,8306.965,51877.294,20201003_072358,479151,131286,38704,117650
5,KRAX20201004_110235_V06,-9.136,0.060,224.345,65.811,1.867,-78.913,36.720,933.355,123052.812,20201004_070235,479140,42572,81088,16671
5,KRAX20201004_110813_V06,-3.503,0.570,225.481,66.897,8.090,-78.907,36.715,4044.973,122362.181,20201004_070813,479148,55676,78757,28003
5,KRAX20201004_111352_V06,2.147,0.119,228.650,67.389,5.616,-78.889,36.713,2808.113,121654.016,20201004_071352,479144,71625,77618,42250
6,KRAX20201004_110813_V06,-3.503,0.087,312.649,156.595,2.053,-78.420,36.311,1026.546,71980.863,20201004_070813,479148,55676,78757,28003
2,KRAX20201005_111953_V06,7.355,0.732,232.726,91.948,17.153,-78.866,36.602,8576.668,109329.171,20201005_071953,479150,69983,24141,62536
2,KRAX20201005_112838_V06,16.105,0.542,232.873,91.706,23.162,-78.865,36.603,11580.811,109421.670,20201005_072838,479150,78045,24644,70480
2,KRAX20201005_113722_V06,24.839,0.156,240.122,99.512,33.203,-78.824,36.568,16601.579,104619.413,20201005_073722,479149,78808,25885,70890
2,KRAX20201005_114607_V06,33.589,0.123,238.656,98.719,34.628,-78.833,36.572,17313.834,105210.502,20201005_074607,479140,75846,26400,68086
2,KRAX20201005_120336_V06,51.072,0.104,244.168,113.022,48.746,-78.802,36.507,24372.991,97567.919,20201005_080336,479146,71928,27962,63943
1,KRAX20201005_111128_V06,-1.061,0.051,399.311,281.405,6.577,-77.941,35.748,3288.414,50518.692,20201005_071128,479154,49151,23043,42825
1,KRAX20201005_111953_V06,7.355,0.075,401.533,280.928,18.538,-77.929,35.750,9268.882,51654.392,20201005_071953,479150,69983,24141,62536
3,KRAX20201005_111953_V06,7.355,0.320,197.343,144.664,10.723,-79.062,36.364,5361.336,93096.554,20201005_071953,479150,69983,24141,62536
3,KRAX20201005_112838_V06,16.105,0.078,198.434,147.400,20.747,-79.056,36.352,10373.718,91654.670,20201005_072838,479150,78045,24644,70480
5,KRAX20201005_111953_V06,7.355,0.143,162.862,217.449,10.741,-79.251,36.035,5370.459,80033.513,20201005_071953,479150,69983,24141,62536
5,KRAX20201005_112838_V06,16.105,0.054,163.780,218.077,19.470,-79.246,36.032,9734.819,79478.397,20201005_072838,479150,78045,24644,70480
7,KRAX20201005_112838_V06,16.105,0.163,226.445,248.499,18.552,-78.897,35.897,9276.169,44896.206,20201005_072838,479150,78045,24644,70480
1,KRAX20201008_111243_V06,-2.267,0.077,218.454,500.719,9.621,-78.935,34.760,4810.399,108325.723,20201008_071243,479149,149403,43354,132683
1,KRAX20201009_111149_V06,-3.996,0.826,218.166,72.887,10.662,-78.948,36.688,5331.078,120703.148,20201009_071149,479156,178113,38680,161752
1,KRAX20201009_112032_V06,4.721,-1.000,218.166,72.887,24.522,-78.948,36.688,12260.828,120703.148,20201009_072032,479152,202031,47291,177848
1,KRAX20201009_112917_V06,13.471,0.403,213.765,68.018,31.686,-78.973,36.710,15842.963,123746.006,20201009_072917,479155,204893,46100,183700
1,KRAX20201009_113802_V06,22.221,0.193,213.960,68.134,32.109,-78.971,36.709,16054.691,123657.291,20201009_073802,479151,192852,42681,174553
3,KRAX20201009_112032_V06,4.721,0.721,300.730,155.838,16.802,-78.486,36.315,8400.818,72081.825,20201009_072032,479152,202031,47291,177848
3,KRAX20201009_112917_V06,13.471,0.154,299.839,156.060,25.255,-78.491,36.314,12627.652,71969.949,20201009_072917,479155,204893,46100,183700
1,KRAX20201013_110805_V06,-11.105,0.607,318.611,158.477,5.420,-78.386,36.303,2710.171,71370.963,20201013_070805,479152,22969,39670,18290
1,KRAX20201013_111818_V06,-0.888,0.420,320.362,160.011,11.953,-78.377,36.296,5976.651,70731.160,20201013_071818,479151,60329,51328,49543
1,KRAX20201013_112832_V06,9.345,0.285,324.194,164.510,16.470,-78.355,36.276,8235.132,68816.810,20201013_072832,479152,71066,53068,59477
1,KRAX20201013_113845_V06,19.562,0.109,329.076,162.090,26.952,-78.328,36.287,13476.016,70470.890,20201013_073845,479150,77349,54246,65261
1,KRAX20201013_114859_V06,29.795,0.060,326.664,161.679,35.870,-78.342,36.288,17934.883,70433.622,20201013_074859,479150,76084,56005,63912
6,KRAX20201013_112832_V06,9.345,0.412,232.943,229.534,10.902,-78.862,35.982,5451.206,48636.655,20201013_072832,479152,71066,53068,59477
6,KRAX20201013_113845_V06,19.562,0.593,234.950,231.544,24.053,-78.851,35.973,12026.729,47216.801,20201013_073845,479150,77349,54246,65261
6,KRAX20201013_114859_V06,29.795,0.068,239.335,230.992,29.368,-78.826,35.976,14683.912,45941.058,20201013_074859,479150,76084,56005,63912
4,KRAX20201013_111818_V06,-0.888,0.177,203.018,124.072,6.069,-79.031,36.457,3034.615,100444.406,20201013_071818,479151,60329,51328,49543
4,KRAX20201013_112832_V06,9.345,0.229,203.601,125.649,13.972,-79.028,36.450,6985.950,99613.005,20201013_072832,479152,71066,53068,59477
8,KRAX20201013_112832_V06,9.345,0.068,392.651,375.592,5.054,-77.981,35.324,2526.920,59787.885,20201013_072832,479152,71066,53068,59477
8,KRAX20201013_113845_V06,19.562,0.065,394.948,375.784,16.325,-77.968,35.323,8162.472,60742.151,20201013_073845,479150,77349,54246,65261
7,KRAX20201013_112832_V06,9.345,0.130,264.882,202.025,15.635,-78.685,36.107,7817.648,52039.394,20201013_072832,479152,71066,53068,59477
9,KRAX20201013_113845_V06,19.562,0.071,189.156,353.588,16.187,-79.100,35.422,8093.746,61559.113,20201013_073845,479150,77349,54246,65261
1,KRAX20201014_111644_V06,-3.314,0.815,317.614,166.647,6.124,-78.392,36.266,3062.008,67255.657,20201014_071644,479152,262003,53480,232068
1,KRAX20201014_112529_V06,5.436,0.703,318.829,168.053,15.081,-78.385,36.260,7540.561,66641.721,20201014_072529,479150,283253,48890,255395
1,KRAX20201014_113413_V06,14.170,0.089,319.568,168.359,20.327,-78.381,36.258,10163.672,66543.499,20201014_073413,479143,272073,57108,237079
2,KRAX20201014_111644_V06,-3.314,0.174,177.171,355.357,2.992,-79.166,35.414,1496.164,67363.487,20201014_071644,479152,262003,53480,232068
5,KRAX20201014_112529_V06,5.436,0.176,394.757,301.802,13.087,-77.967,35.656,6543.560,47387.027,20201014_072529,479150,283253,48890,255395
3,KRAX20201016_112023_V06,-1.400,0.060,36.309,176.457,74.799,-79.956,36.213,37399.410,145598.425,20201016_072023,479141,206129,214680,25454
1,KRAX20201021_115021_V06,24.124,0.069,23.960,168.797,35.568,-80.026,36.247,17783.936,152817.195,20201021_075021,479151,50691,36160,41479
1,KRAX20201021_121153_V06,45.657,-1.000,23.960,168.797,69.806,-80.026,36.247,34902.936,152817.195,20201021_081153,479154,45596,35164,36785
1,KRAX20201021_122011_V06,53.957,0.089,42.058,177.126,54.853,-79.924,36.210,27426.552,142856.730,20201021_082011,479152,42687,35336,34242
2,KRAX20201024_112512_V06,-3.761,0.281,215.908,492.778,8.929,-78.949,34.796,4464.563,105160.288,20201024_072512,479150,112324,52278,92844
2,KRAX20201024_113035_V06,1.623,0.561,216.046,493.063,17.637,-78.949,34.794,8818.272,105263.371,20201024_073035,479141,143521,47526,122908
2,KRAX20201024_113613_V06,7.256,0.275,217.461,494.732,24.102,-78.941,34.787,12051.185,105751.204,20201024_073613,479146,153984,44534,132676
1,KRAX20201024_111628_V06,-12.494,0.074,491.832,310.501,16.249,-77.431,35.613,8124.634,96059.503,20201024_071628,479153,60186,44311,48087
3,KRAX20201024_112512_V06,-3.761,0.090,418.545,218.685,14.294,-77.832,36.030,7146.904,71876.889,20201024_072512,479150,112324,52278,92844
10,KRAX20201025_113045_V06,0.867,0.064,260.158,170.428,30.189,-78.712,36.249,15094.366,67779.593,20201025_073045,479143,148849,163570,21701
10,KRAX20201025_113712_V06,7.317,0.052,257.153,167.910,41.769,-78.728,36.260,20884.345,69432.514,20201025_073712,479153,161260,171048,26763
10,KRAX20201025_114324_V06,13.517,-1.000,254.629,165.795,52.739,-78.742,36.270,26369.672,70833.209,20201025_074324,479144,175678,179489,32492
10,KRAX20201025_114937_V06,19.734,0.331,278.092,132.088,18.626,-78.612,36.422,9313.179,84667.679,20201025_074937,479143,186619,188937,33610
10,KRAX20201025_120203_V06,32.167,0.093,278.092,128.393,31.935,-78.612,36.439,15967.638,86499.782,20201025_080203,479140,198938,205910,29374
2,KRAX20201025_105139_V06,-38.233,0.080,360.951,423.887,6.269,-78.156,35.107,3134.436,69034.280,20201025_065139,479147,246475,116458,150388
17,KRAX20201025_120901_V06,39.134,0.377,235.989,213.094,30.079,-78.845,36.056,15039.549,53967.515,20201025_080901,479142,205638,215796,26789
1,KRAX20201028_124640_V06,73.984,0.143,13.608,508.323,21.774,-80.053,34.716,10886.951,177072.885,20201028_084640,479145,23864,27549,16924
1,KRAX20201028_125208_V06,79.451,0.211,14.686,507.980,28.799,-80.047,34.718,14399.614,176536.092,20201028_085208,479149,24106,27207,17058
1,KRAX20201030_112508_V06,-9.442,0.113,397.402,67.552,37.570,-77.945,36.711,18784.786,126015.268,20201030_072508,479152,91991,37043,83664
2,KRAX20201102_112425_V06,-13.034,0.126,374.246,332.489,16.146,-78.081,35.518,8073.072,40521.390,20201102_062425,479151,23159,22050,19606
2,KRAX20201102_113439_V06,-2.801,0.092,380.183,340.663,25.964,-78.048,35.481,12981.880,44952.313,20201102_063439,479153,78616,12749,74538
1,KRAX20201102_111412_V06,-23.251,0.062,293.443,302.553,14.938,-78.526,35.654,7468.800,3518.149,20201102_061412,479155,14946,31564,10542
1,KRAX20201104_112039_V06,-18.741,0.171,366.406,319.715,5.913,-78.124,35.576,2956.329,34635.247,20201104_062039,479144,61538,40509,51326
4,KRAX20201104_112924_V06,-9.991,0.094,396.924,372.938,8.415,-77.957,35.335,4207.516,60651.239,20201104_062924,479151,102906,35372,91158
1,KRAX20201105_112708_V06,-13.234,0.256,488.840,313.922,17.304,-77.448,35.598,8652.134,94676.284,20201105_062708,479139,112378,61753,87775
1,KRAX20201105_113247_V06,-7.584,0.136,489.140,313.586,24.979,-77.446,35.600,12489.340,94813.639,20201105_063247,479140,202995,44849,178681
2,KRAX20201105_113825_V06,-1.951,0.510,406.559,521.485,16.671,-77.909,34.666,8335.629,122892.781,20201105_063825,479148,257033,32442,236998
2,KRAX20201105_114403_V06,3.683,0.071,408.684,521.724,26.785,-77.897,34.665,13392.627,123464.324,20201105_064403,479155,263049,31174,243445
3,KRAX20201105_113825_V06,-1.951,0.278,302.014,413.456,9.072,-78.479,35.154,4536.009,56736.737,20201105_063825,479148,257033,32442,236998
3,KRAX20201105_114403_V06,3.683,0.161,302.738,414.339,17.085,-78.475,35.150,8542.468,57185.718,20201105_064403,479155,263049,31174,243445
5,KRAX20201105_113825_V06,-1.951,0.068,281.874,371.881,11.820,-78.590,35.341,5909.794,37065.505,20201105_063825,479148,257033,32442,236998
5,KRAX20201105_114403_V06,3.683,0.152,281.791,372.727,18.833,-78.590,35.337,9416.484,37485.821,20201105_064403,479155,263049,31174,243445
6,KRAX20201105_114403_V06,3.683,0.142,191.581,409.163,11.854,-79.085,35.172,5926.819,76927.368,20201105_064403,479155,263049,31174,243445
7,KRAX20201105_114941_V06,9.316,0.121,273.429,495.354,34.891,-78.635,34.785,17445.314,98576.400,20201105_064941,479141,244828,33949,223978
8,KRAX20201105_120057_V06,20.583,0.073,392.918,174.990,81.379,-77.973,36.227,40689.400,77880.119,20201105_070057,479146,202757,40914,180463
8,KRAX20201105_120635_V06,26.216,0.078,394.369,144.164,94.675,-77.964,36.366,47337.311,91091.007,20201105_070635,479138,196307,41273,173863
3,KRAX20201109_122517_V06,40.975,0.067,425.957,581.130,26.788,-77.805,34.396,13394.133,154028.489,20201109_072517,479151,79728,28763,68290
7,KRAX20201112_113938_V06,-7.658,0.085,272.523,272.182,16.752,-78.642,35.791,8376.162,19550.058,20201112_063938,479144,237529,258617,17014
6,KRAX20201113_122513_V06,36.929,0.109,92.471,206.369,44.660,-79.642,36.082,22330.166,113836.387,20201113_072513,479151,31306,29106,27666
6,KRAX20201113_123527_V06,47.162,0.133,110.071,196.313,61.505,-79.545,36.128,30752.271,108194.015,20201113_073527,479153,30580,31119,26792
2,KRAX20201113_112318_V06,-24.988,0.590,342.842,338.388,26.425,-78.254,35.492,13212.366,28762.166,20201113_062318,479153,27913,47709,19485
3,KRAX20201113_112318_V06,-24.988,0.127,325.922,82.827,61.584,-78.345,36.644,30791.920,109357.085,20201113_062318,479153,27913,47709,19485
4,KRAX20201113_112318_V06,-24.988,0.105,264.851,130.045,59.559,-78.686,36.431,29779.699,86775.981,20201113_062318,479153,27913,47709,19485
4,KRAX20201115_114018_V06,-9.982,0.083,318.217,344.743,8.491,-78.390,35.464,4245.611,24154.778,20201115_064018,479152,69486,16623,64245
5,KRAX20201115_114843_V06,-1.565,0.086,120.799,283.626,34.578,-79.480,35.735,17288.940,89973.596,20201115_064843,479152,93340,12295,88618
6,KRAX20201115_114843_V06,-1.565,0.068,233.827,195.495,29.997,-78.858,36.136,14998.377,61846.738,20201115_064843,479152,93340,12295,88618
6,KRAX20201115_120223_V06,12.101,-1.000,233.827,195.495,51.727,-78.858,36.136,25863.377,61846.738,20201115_070223,479148,67322,18883,59206
6,KRAX20201115_120734_V06,17.285,0.354,248.437,176.712,39.347,-78.777,36.221,19673.250,66818.463,20201115_070734,479151,59209,19911,50927
8,KRAX20201115_120223_V06,12.101,0.128,250.010,134.038,13.536,-78.769,36.413,6767.895,86663.879,20201115_070223,479148,67322,18883,59206
3,KRAX20201117_114218_V06,-9.973,0.067,266.653,434.866,12.199,-78.673,35.057,6099.319,69463.876,20201117_064218,479150,186101,24644,175764
3,KRAX20201117_115104_V06,-1.206,0.434,266.571,434.899,20.967,-78.673,35.057,10483.499,69489.779,20201117_065104,479143,225367,25151,211758
1,KRAX20201117_113342_V06,-18.573,0.624,315.719,160.995,6.678,-78.403,36.292,3338.978,69945.349,20201117_063342,479153,69642,39783,58854
1,KRAX20201118_114856_V06,-4.332,0.154,300.643,382.016,11.623,-78.486,35.296,5811.470,41009.151,20201118_064856,479143,168423,37593,151842
2,KRAX20201118_114856_V06,-4.332,0.087,263.518,456.765,15.360,-78.690,34.959,7680.240,80477.212,20201118_064856,479143,168423,37593,151842
3,KRAX20201118_115419_V06,1.051,0.088,190.285,159.524,2.106,-79.101,36.297,1052.954,89121.961,20201118_065419,479145,167787,34961,152208
1,KRAX20201121_114843_V06,-7.505,0.136,297.705,397.648,12.955,-78.503,35.225,6477.468,48837.521,20201121_064843,479152,197557,34184,182677
1,KRAX20201121_120248_V06,6.578,0.112,299.493,396.850,23.469,-78.493,35.229,11734.396,48425.549,20201121_070248,479146,177043,40845,157242
2,KRAX20201122_114031_V06,-16.682,0.277,298.523,408.078,18.473,-78.498,35.178,9236.401,54043.989,20201122_064031,479150,90845,55222,73439
2,KRAX20201122_114915_V06,-7.948,0.503,293.770,396.373,25.718,-78.524,35.231,12859.030,48287.234,20201122_064915,479152,137634,35081,123857
2,KRAX20201122_120320_V06,6.135,0.593,288.442,386.136,35.055,-78.554,35.277,17527.739,43454.095,20201122_070320,479146,88160,34904,74483
1,KRAX20201122_112304_V06,-34.132,0.728,292.486,395.218,16.537,-78.531,35.236,8268.339,47756.759,20201122_062304,479146,111959,52966,95249
3,KRAX20201123_114722_V06,-10.802,0.324,278.748,357.651,24.186,-78.607,35.405,12092.930,30721.607,20201123_064722,479155,27505,29090,24837
4,KRAX20201123_114722_V06,-10.802,0.204,331.372,271.907,8.501,-78.316,35.792,4250.362,21056.096,20201123_064722,479155,27505,29090,24837
8,KRAX20201123_121333_V06,15.381,0.255,204.930,175.093,21.043,-79.019,36.227,10521.303,78485.641,20201123_071333,479156,54956,29070,49597
1,KRAX20201124_112035_V06,-38.550,0.218,221.049,380.067,6.459,-78.924,35.304,3229.649,56222.836,20201124_062035,479146,162533,41055,144520
1,KRAX20201124_112918_V06,-29.833,0.122,221.705,380.406,17.687,-78.920,35.302,8843.617,56114.140,20201124_062918,479147,106880,46038,92565
2,KRAX20201124_112035_V06,-38.550,0.114,250.063,348.819,7.978,-78.765,35.445,3988.831,34917.836,20201124_062035,479146,162533,41055,144520
3,KRAX20201124_112035_V06,-38.550,0.110,288.462,381.033,9.931,-78.553,35.300,4965.483,40924.921,20201124_062035,479146,162533,41055,144520
4,KRAX20201124_114647_V06,-12.350,0.063,292.179,378.220,12.081,-78.533,35.313,6040.668,39304.960,20201124_064647,479150,194536,30419,181994
1,KRAX20201125_114957_V06,-10.141,0.081,293.352,397.436,10.152,-78.527,35.226,5075.813,48831.158,20201125_064957,479152,178003,29945,165448
2,KRAX20201125_121519_V06,15.226,0.144,401.758,320.689,35.187,-77.929,35.571,17593.712,51919.922,20201125_071519,479146,161025,36986,141839
6,KRAX20201126_114142_V06,-19.340,0.065,266.140,390.774,26.128,-78.676,35.256,13064.165,48441.689,20201126_064142,479145,118696,141995,9234
8,KRAX20201126_115326_V06,-7.607,0.074,338.910,371.445,29.419,-78.276,35.343,14709.528,40676.477,20201126_065326,479145,137471,134201,30785
1,KRAX20201127_111431_V06,-47.464,0.069,28.619,422.976,44.373,-79.978,35.102,22186.489,148972.110,20201127_061431,479150,32459,56831,12089
3,KRAX20201127_120749_V06,5.836,0.077,299.376,373.313,9.005,-78.493,35.335,4502.279,36657.762,20201127_070749,479147,43572,37950,29436
4,KRAX20201128_120255_V06,0.004,0.063,454.932,515.871,31.104,-77.645,34.689,15551.756,132857.499,20201128_070255,479146,170526,117702,88782
13,KRAX20201128_131126_V06,68.521,0.059,319.708,147.771,29.298,-78.380,36.351,14648.750,76749.868,20201128_081126,479145,185702,155612,62426
16,KRAX20201128_132522_V06,82.454,0.095,410.044,151.281,17.475,-77.877,36.334,8737.373,92502.832,20201128_082522,479142,192605,157437,64195
13,KRAX20201130_114209_V06,-22.596,0.065,157.940,294.449,28.905,-79.275,35.688,14452.337,71084.288,20201130_064209,479131,95578,107641,18750
13,KRAX20201130_114640_V06,-18.079,0.098,160.033,293.091,35.274,-79.263,35.694,17637.216,70068.875,20201130_064640,479137,90631,107404,14547
13,KRAX20201130_115051_V06,-13.896,0.050,179.943,272.810,30.703,-79.154,35.786,15351.585,61548.880,20201130_065051,479142,89339,107014,13198
11,KRAX20201130_113752_V06,-26.879,0.057,311.657,414.228,29.358,-78.426,35.150,14678.896,57410.575,20201130_063752,479137,101041,108988,23685
11,KRAX20201130_114209_V06,-22.596,-1.000,311.657,414.228,36.168,-78.426,35.150,18084.146,57410.575,20201130_064209,479131,95578,107641,18750
11,KRAX20201130_114640_V06,-18.079,0.184,333.506,401.406,32.271,-78.306,35.208,16135.700,53398.869,20201130_064640,479137,90631,107404,14547
16,KRAX20201130_114640_V06,-18.079,0.129,125.363,453.355,51.577,-79.446,34.970,25788.689,116206.776,20201130_064640,479137,90631,107404,14547
24,KRAX20201130_120747_V06,3.037,0.066,325.819,154.046,42.792,-78.346,36.323,21396.183,74109.860,20201130_070747,479134,126601,116012,37703
27,KRAX20201130_123948_V06,35.054,0.055,346.442,410.129,19.280,-78.235,35.169,9640.072,59760.481,20201130_073948,479137,123879,119115,34698
29,KRAX20201130_124439_V06,39.904,0.138,306.143,372.926,22.912,-78.456,35.337,11455.908,36592.264,20201130_074439,479141,117791,118501,31105
32,KRAX20201130_124945_V06,45.004,0.070,321.848,348.848,12.838,-78.370,35.445,6419.043,26755.572,20201130_074945,479130,116999,119797,29596
1,KRAX20201201_111450_V06,-50.813,0.291,382.024,414.259,16.615,-78.040,35.150,8307.638,70326.163,20201201_061450,479145,37583,52401,17139
1,KRAX20201201_112011_V06,-45.463,0.109,382.975,414.436,23.555,-78.035,35.149,11777.588,70676.202,20201201_062011,479152,39069,49684,19726
1,KRAX20201201_112534_V06,-40.080,-1.000,383.767,414.583,30.811,-78.030,35.148,15405.747,70968.581,20201201_062534,479155,40395,43209,23994
1,KRAX20201201_113411_V06,-31.463,-1.000,385.033,414.819,42.426,-78.023,35.147,21213.048,71438.799,20201201_063411,479155,28851,42659,15060
1,KRAX20201201_114255_V06,-22.730,-1.000,386.317,415.057,54.198,-78.016,35.146,27098.978,71918.134,20201201_064255,479155,16162,34297,7384
1,KRAX20201201_120024_V06,-5.246,0.132,309.429,414.665,62.523,-78.438,35.149,31261.698,57526.044,20201201_070024,479154,75410,20114,67320
4,KRAX20201201_113411_V06,-31.463,0.059,288.887,401.998,62.610,-78.551,35.206,31305.149,51300.980,20201201_063411,479155,28851,42659,15060
1,KRAX20201202_120201_V06,-4.518,0.051,289.054,300.023,13.849,-78.550,35.665,6924.419,5472.790,20201202_070201,479143,79171,11403,75551
1,KRAX20201203_115026_V06,-16.976,0.103,328.146,272.206,5.188,-78.334,35.790,2594.040,19777.911,20201203_065026,479150,83891,38144,71179
1,KRAX20201203_120755_V06,0.507,0.394,328.716,271.785,16.737,-78.331,35.792,8368.573,20128.900,20201203_070755,479147,149172,33295,134597
1,KRAX20201203_121318_V06,5.891,0.074,331.116,271.952,16.862,-78.318,35.792,8431.157,20945.932,20201203_071318,479141,126662,35185,111363
2,KRAX20201203_120755_V06,0.507,0.142,275.091,322.684,13.262,-78.627,35.563,6631.226,16845.270,20201203_070755,479147,149172,33295,134597
3,KRAX20201203_120755_V06,0.507,0.061,388.936,325.745,13.614,-78.000,35.548,6806.999,46293.921,20201203_070755,479147,149172,33295,134597
10,KRAX20201204_123437_V06,26.346,0.128,188.938,271.030,27.153,-79.104,35.794,13576.393,57389.020,20201204_073437,479143,78717,45713,53126
10,KRAX20201204_124058_V06,32.696,0.433,193.868,269.251,34.173,-79.077,35.802,17086.358,55248.533,20201204_074058,479146,75009,47730,48872
10,KRAX20201204_124719_V06,39.046,0.076,206.897,262.649,35.343,-79.005,35.832,17671.508,50157.784,20201204_074719,479148,71476,46720,45691
8,KRAX20201204_121559_V06,7.712,0.431,398.739,324.657,15.248,-77.946,35.553,7624.115,50885.394,20201204_071559,479139,111710,45506,83178
8,KRAX20201204_122212_V06,13.929,0.732,400.580,323.078,24.282,-77.935,35.560,12141.171,51596.754,20201204_072212,479142,97084,46166,69836
4,KRAX20201204_113451_V06,-33.421,0.076,166.189,225.414,8.455,-79.232,35.999,4227.695,76597.165,20201204_063451,479149,61174,67360,24003
7,KRAX20201204_121559_V06,7.712,0.501,238.767,252.643,28.544,-78.829,35.878,14272.074,38704.603,20201204_071559,479139,111710,45506,83178
9,KRAX20201204_122824_V06,20.129,0.066,165.701,278.334,31.163,-79.233,35.761,15581.537,68017.816,20201204_072824,479148,84698,45905,58548
1,KRAX20201206_114754_V06,-22.051,0.093,340.573,413.861,5.372,-78.267,35.152,2685.925,60436.834,20201206_064754,479138,26049,35402,19252
2,KRAX20201207_131548_V06,65.033,0.201,71.005,130.669,87.908,-79.767,36.422,43953.941,142400.836,20201207_081548,479151,273271,260381,59683
2,KRAX20201207_132211_V06,71.416,0.175,72.085,131.181,95.186,-79.761,36.419,47593.155,141814.255,20201207_082211,479147,257278,249202,57343
2,KRAX20201207_132804_V06,77.300,0.101,74.166,134.463,93.109,-79.749,36.405,46554.378,140003.333,20201207_082804,479144,247280,241557,55852
3,KRAX20201207_133357_V06,83.183,0.122,54.279,253.608,63.129,-79.850,35.867,31564.425,125030.960,20201207_083357,479145,236147,234144,53315
3,KRAX20201207_133935_V06,88.816,0.135,55.393,251.988,68.290,-79.844,35.874,34145.134,124636.984,20201207_083935,479141,222712,225746,51149
1,KRAX20201207_130936_V06,58.833,0.075,45.582,223.570,60.998,-79.901,36.001,30498.909,132825.260,20201207_080936,479148,281937,265578,60351
1,KRAX20201208_121926_V06,7.867,0.081,228.792,315.860,6.234,-78.883,35.593,3116.947,36476.450,20201208_071926,479141,46382,20748,40313
1,KRAX20201209_112904_V06,-43.282,0.091,298.634,301.833,12.206,-78.498,35.657,6103.004,1143.084,20201209_062904,479155,55522,38039,44746
2,KRAX20201209_121247_V06,0.434,0.084,332.743,271.751,15.977,-78.309,35.792,7988.731,21622.325,20201209_071247,479137,152151,24564,141733
1,KRAX20201210_121936_V06,6.487,0.066,404.105,409.368,25.068,-77.919,35.171,12533.981,75496.926,20201210_071936,479138,87292,29436,76333
2,KRAX20201210_123052_V06,17.753,0.067,532.763,443.180,18.560,-77.215,35.013,9280.027,136637.452,20201210_073052,479148,68741,31534,57304
4,KRAX20201211_121201_V06,-1.842,0.664,411.490,217.114,16.743,-77.871,36.037,8371.517,69462.476,20201211_071201,479142,222261,27155,207316
4,KRAX20201211_121739_V06,3.792,0.823,411.596,216.880,28.220,-77.871,36.038,14109.930,69574.598,20201211_071739,479148,201910,31439,184882
2,KRAX20201211_120638_V06,-7.225,0.070,296.102,371.902,8.632,-78.511,35.341,4316.210,36003.957,20201211_070638,479144,204336,30459,188254
3,KRAX20201211_120638_V06,-7.225,0.069,323.940,267.193,7.996,-78.358,35.813,3998.005,20306.403,20201211_070638,479144,204336,30459,188254
5,KRAX20201211_121201_V06,-1.842,0.088,261.150,335.125,23.078,-78.704,35.507,11539.223,26187.306,20201211_071201,479142,222261,27155,207316
2,KRAX20201212_132002_V06,65.450,0.172,26.597,58.700,36.106,-80.021,36.743,18053.123,182328.530,20201212_082002,479154,35409,28495,28643
2,KRAX20201212_133040_V06,76.083,0.062,34.866,58.953,49.881,-79.974,36.742,24940.294,179164.554,20201212_083040,479147,33204,27740,26754
1,KRAX20201212_121410_V06,-0.417,0.111,298.200,306.617,28.713,-78.500,35.635,14356.468,3428.658,20201212_071410,479151,99617,24650,91784
6,KRAX20201214_121017_V06,-5.687,0.065,295.691,368.475,8.264,-78.514,35.357,4132.086,34305.433,20201214_071017,479140,154620,163107,35767
1,KRAX20201217_120729_V06,-10.396,0.312,330.747,271.844,8.178,-78.320,35.792,4088.772,20845.467,20201217_070729,479147,15893,10998,13226
1,KRAX20201217_121234_V06,-5.313,0.243,330.301,272.060,14.006,-78.322,35.791,7002.891,20607.995,20201217_071234,479124,38880,14515,33838
1,KRAX20201217_121738_V06,-0.246,0.103,330.650,272.379,15.746,-78.320,35.790,7872.895,20629.460,20201217_071738,479137,51252,13847,45825
3,KRAX20201217_121738_V06,-0.246,0.077,280.495,328.343,17.680,-78.598,35.538,8840.008,17202.796,20201217_071738,479137,51252,13847,45825
1,KRAX20201218_121352_V06,-4.601,0.124,297.427,367.069,20.576,-78.504,35.363,10288.195,33558.940,20201218_071352,479141,70204,13636,66585
1,KRAX20201219_120832_V06,-10.496,0.129,330.755,268.495,10.532,-78.320,35.807,5265.995,22013.747,20201219_070832,479151,82408,20261,76706
1,KRAX20201219_121717_V06,-1.746,0.057,332.031,268.893,21.683,-78.313,35.805,10841.644,22325.035,20201219_071717,479147,104826,22023,97480
1,KRAX20201219_122240_V06,3.637,0.052,334.450,271.837,27.403,-78.299,35.792,13701.563,22248.450,20201219_072240,479149,89207,25050,80262
1,KRAX20201221_122137_V06,1.543,0.252,299.088,370.493,8.805,-78.495,35.348,4402.344,35249.239,20201221_072137,479152,42871,29665,31795
1,KRAX20201222_120647_V06,-13.772,0.120,439.101,224.458,6.886,-77.719,36.003,3443.214,79145.080,20201222_070647,479147,43563,40840,38369
2,KRAX20201222_120647_V06,-13.772,0.078,298.603,367.533,10.562,-78.498,35.361,5280.907,33773.840,20201222_070647,479147,43563,40840,38369
3,KRAX20201222_121530_V06,-5.055,0.110,401.664,321.932,9.111,-77.929,35.565,4555.290,52001.324,20201222_071530,479145,93036,23223,87448
1,KRAX20201223_112453_V06,-56.125,0.074,301.310,304.984,11.188,-78.483,35.643,5593.807,2576.529,20201223_062453,479145,34724,38809,24275
6,KRAX20201224_124812_V06,26.768,0.052,34.871,102.104,41.396,-79.971,36.548,20698.088,165420.643,20201224_074812,479135,133167,127851,25017
3,KRAX20201225_121848_V06,-3.028,0.164,305.750,367.456,13.531,-78.458,35.361,6765.390,33850.448,20201225_071848,479142,65809,60254,42466
5,KRAX20201225_123836_V06,16.772,0.061,43.562,349.023,49.769,-79.902,35.436,24884.329,130540.610,20201225_073836,479152,68239,54664,46363
5,KRAX20201225_124414_V06,22.406,0.054,54.145,352.729,38.589,-79.844,35.420,19294.348,125722.744,20201225_074414,479152,62109,58810,38185
9,KRAX20201225_124951_V06,28.022,0.054,424.530,135.152,34.059,-77.796,36.406,17029.652,103298.543,20201225_074951,479145,56637,60495,32804
1,KRAX20201226_120600_V06,-16.194,0.077,331.992,272.259,8.102,-78.313,35.790,4050.831,21171.984,20201226_070600,479153,19262,10734,17881
1,KRAX20201226_121419_V06,-7.877,0.060,330.964,272.805,17.094,-78.319,35.788,8546.845,20605.405,20201226_071419,479151,59328,11068,56227
2,KRAX20201226_121419_V06,-7.877,0.097,266.680,340.036,17.288,-78.674,35.485,8644.182,26043.898,20201226_071419,479151,59328,11068,56227
2,KRAX20201226_122249_V06,0.623,0.106,269.424,337.682,31.027,-78.658,35.495,15513.370,24263.250,20201226_072249,479152,58831,12018,55294
1,KRAX20201227_121054_V06,-11.630,0.300,329.598,270.896,6.736,-78.326,35.796,3367.970,20754.766,20201227_071054,479151,71889,24606,64331
1,KRAX20201227_121939_V06,-2.880,0.302,328.985,270.332,16.866,-78.330,35.799,8432.983,20738.428,20201227_071939,479145,103655,22301,96374
1,KRAX20201227_122823_V06,5.854,0.079,332.025,270.375,20.757,-78.313,35.799,10378.520,21813.079,20201227_072823,479149,75590,29291,65277
2,KRAX20201227_121054_V06,-11.630,0.264,266.747,338.799,16.182,-78.673,35.490,8091.171,25549.629,20201227_071054,479151,71889,24606,64331
2,KRAX20201227_121939_V06,-2.880,0.103,265.448,338.687,24.234,-78.680,35.491,12117.200,25935.208,20201227_071939,479145,103655,22301,96374
3,KRAX20201227_121054_V06,-11.630,0.100,298.156,373.471,9.090,-78.500,35.334,4544.928,36747.109,20201227_071054,479151,71889,24606,64331
4,KRAX20201227_133416_V06,71.737,0.082,235.022,298.883,22.697,-78.849,35.670,11348.318,32493.962,20201227_083416,479147,40171,22878,33303
1,KRAX20201228_113535_V06,-47.252,0.131,313.578,538.439,7.363,-78.416,34.591,3681.251,119412.861,20201228_063535,479151,40252,40928,31883
2,KRAX20201228_120148_V06,-21.035,0.094,416.172,515.623,9.972,-77.856,34.692,4985.940,122463.459,20201228_070148,479151,35250,43220,28883
3,KRAX20201228_121033_V06,-12.285,0.081,302.918,367.132,6.511,-78.474,35.363,3255.484,33597.821,20201228_071033,479154,111750,37640,102306
4,KRAX20201228_121917_V06,-3.552,0.135,417.753,210.679,12.649,-77.836,36.066,6324.341,73898.527,20201228_071917,479137,155012,35277,139669
5,KRAX20201228_121917_V06,-3.552,0.081,175.554,380.782,9.050,-79.174,35.299,4525.023,74183.127,20201228_071917,479137,155012,35277,139669
1,KRAX20201230_112929_V06,-53.871,0.103,288.088,303.213,13.025,-78.556,35.651,6512.493,6168.961,20201230_062929,479152,14461,22838,10842
2,KRAX20201230_122121_V06,-2.005,0.120,269.216,336.954,24.533,-78.660,35.499,12266.512,24048.181,20201230_072121,479138,97907,21280,90139
4,KRAX20201231_113545_V06,-47.818,0.243,338.619,428.406,29.116,-78.278,35.086,14558.157,67043.634,20201231_063545,479148,72636,116624,4831
4,KRAX20201231_114123_V06,-42.185,0.155,341.103,425.896,35.905,-78.265,35.098,17952.601,66218.145,20201231_064123,479139,72810,112444,6804
