track_id,filename,from_sunrise,det_score,x,y,r,lon,lat,radius,geo_dist,local_time,n_radar_pixels,n_refAbove40_pixels,n_xcorrAbove0.95_pixels,n_xcorrBelow0.95_refAbove40_pixels
11,KBYX20230604_100848_V06,-28.732,0.062,231.292,520.712,30.186,-82.040,23.600,15092.892,115579.690,20230604_060848,479187,108939,164659,4309
23,KBYX20230604_113014_V06,52.701,0.054,339.404,173.203,8.373,-81.508,25.169,4186.584,66389.383,20230604_073014,479180,85840,140662,7099
25,KBYX20230604_113451_V06,57.318,0.062,246.205,183.525,13.371,-81.970,25.122,6685.638,64148.965,20230604_073451,479187,81107,136518,5873
5,KBYX20230607_094222_V06,-54.988,0.051,102.078,463.153,8.712,-82.675,23.857,4356.220,128249.744,20230607_054222,479177,11533,75802,5458
18,KBYX20230608_104548_V06,8.466,0.133,306.332,379.599,13.296,-81.672,24.238,6648.142,39925.145,20230608_064548,479170,26978,89855,4502
18,KBYX20230608_105016_V06,12.932,0.097,307.417,379.801,19.655,-81.667,24.237,9827.387,40072.325,20230608_065016,479176,29085,89074,5539
3,KBYX20230608_093922_V06,-57.968,0.060,193.243,440.856,11.136,-82.228,23.960,5568.068,88370.775,20230608_053922,479178,20213,80258,2363
5,KBYX20230608_094359_V06,-53.351,0.180,285.738,301.069,6.472,-81.774,24.592,3236.229,7151.164,20230608_054359,479173,20791,83010,2800
5,KBYX20230617_100246_V06,-35.229,0.056,30.076,160.898,44.896,-83.043,25.219,22448.154,151829.074,20230617_060246,479171,13987,100895,3069
5,KBYX20230617_100725_V06,-30.579,0.137,26.438,139.678,35.754,-83.062,25.314,17877.094,158539.435,20230617_060725,479168,14584,102337,3408
7,KBYX20230617_100725_V06,-30.579,0.098,223.318,90.452,16.042,-82.085,25.542,8020.796,111568.789,20230617_060725,479168,14584,102337,3408
2,KBYX20230619_113945_V06,61.415,0.095,55.606,232.174,66.176,-82.913,24.898,33087.765,126815.751,20230619_073945,479168,7253,108397,4810
3,KBYX20230619_120028_V06,82.132,0.056,35.501,105.808,39.853,-83.018,25.468,19926.327,164065.852,20230619_080028,479168,7958,108129,5305
6,KBYX20230620_102433_V06,-13.979,0.056,284.051,303.248,8.591,-81.782,24.582,4295.555,8138.164,20230620_062433,479168,8982,122766,5271
5,KBYX20230621_100804_V06,-30.671,0.339,313.542,331.495,18.242,-81.637,24.455,9120.848,17141.392,20230621_060804,479167,17673,96675,6236
5,KBYX20230621_101226_V06,-26.304,0.200,312.674,332.257,23.362,-81.641,24.451,11681.024,17328.813,20230621_061226,479173,17144,97990,5985
5,KBYX20230621_101644_V06,-22.004,0.794,313.471,334.820,23.842,-81.637,24.440,11921.110,18667.526,20230621_061644,479171,16607,99342,5728
5,KBYX20230621_102102_V06,-17.704,0.090,311.033,336.761,28.517,-81.649,24.431,14258.747,19190.427,20230621_062102,479174,15238,101654,5246
5,KBYX20230621_102521_V06,-13.388,0.085,307.393,331.323,27.601,-81.667,24.456,13800.419,16091.683,20230621_062521,479176,15151,101802,5685
20,KBYX20230625_113600_V06,56.282,0.229,154.859,407.197,8.645,-82.417,24.111,4322.258,90217.736,20230625_073600,479176,19814,85337,3194
5,KBYX20230626_094327_V06,-56.547,0.065,475.461,274.233,9.007,-80.836,24.711,4503.487,88671.447,20230626_054327,479176,3512,62835,1407
5,KBYX20230626_094806_V06,-51.897,0.127,475.398,274.399,15.008,-80.837,24.710,7503.764,88628.217,20230626_054806,479176,3819,62878,1659
5,KBYX20230626_095246_V06,-47.231,-1.000,475.348,274.529,21.333,-80.837,24.709,10666.621,88594.303,20230626_055246,479177,4011,62241,1737
5,KBYX20230626_100151_V06,-38.147,0.328,475.322,275.517,10.893,-80.837,24.705,5446.514,88511.557,20230626_060151,479176,4399,61050,1866
5,KBYX20230626_100624_V06,-33.597,0.110,475.173,275.408,16.857,-80.838,24.705,8428.611,88445.269,20230626_060624,479174,4680,60396,1996
5,KBYX20230626_101057_V06,-29.047,0.064,474.025,274.583,12.348,-80.843,24.709,6174.149,87935.801,20230626_061057,479173,4888,59638,1976
9,KBYX20230630_094211_V06,-59.052,0.086,451.764,335.673,11.383,-80.955,24.434,5691.267,77950.091,20230630_054211,479174,17189,81463,2893
9,KBYX20230630_094720_V06,-53.902,0.169,453.092,335.123,18.548,-80.948,24.437,9274.022,78534.885,20230630_054720,479183,17805,82280,2713
11,KBYX20230630_094211_V06,-59.052,0.064,85.623,289.245,9.389,-82.762,24.642,4694.563,107323.190,20230630_054211,479174,17189,81463,2893
15,KBYX20230630_094720_V06,-53.902,0.137,26.216,267.445,19.160,-83.057,24.738,9579.974,137856.492,20230630_054720,479183,17805,82280,2713
19,KBYX20230630_101420_V06,-26.902,0.053,201.731,383.100,14.242,-82.187,24.221,7121.231,64347.724,20230630_061420,479176,18320,82313,3310
19,KBYX20230630_101958_V06,-21.268,-1.000,201.731,383.100,23.199,-82.187,24.221,11599.731,64347.724,20230630_061958,479175,18629,80824,3775
19,KBYX20230630_102551_V06,-15.385,0.106,191.565,378.544,16.345,-82.237,24.241,8172.390,66946.549,20230630_062551,479175,19235,79807,4013
30,KBYX20230630_111112_V06,29.965,0.095,199.745,353.809,13.154,-82.197,24.353,6577.160,56891.291,20230630_071112,479173,21890,82218,4579
35,KBYX20230630_112306_V06,41.865,0.092,415.282,357.085,13.003,-81.135,24.338,6501.703,64320.701,20230630_072306,479173,22342,83894,4668
12,KBYX20230701_100854_V06,-32.673,0.115,489.098,433.965,24.117,-80.774,23.989,12058.601,115871.273,20230701_060854,479173,22794,107545,2633
17,KBYX20230705_101524_V06,-27.624,0.064,406.680,473.007,16.015,-81.180,23.815,8007.282,101626.621,20230705_061524,479180,10962,83896,2833
22,KBYX20230705_102003_V06,-22.974,0.054,376.055,422.363,26.626,-81.329,24.044,13313.028,72036.450,20230705_062003,479176,11592,83994,3037
27,KBYX20230705_103930_V06,-3.524,0.064,354.351,185.255,20.436,-81.434,25.115,10217.983,63483.042,20230705_063930,479176,12420,82386,3653
35,KBYX20230705_105450_V06,11.809,0.051,417.612,105.652,6.761,-81.119,25.473,3380.657,113582.094,20230705_065450,479163,14238,82100,4782
38,KBYX20230705_110847_V06,25.759,0.148,206.097,307.526,8.763,-82.167,24.562,4381.348,47102.125,20230705_070847,479176,13034,81691,4663
1,KBYX20230706_094347_V06,-59.627,0.400,471.146,234.264,8.796,-80.856,24.891,4397.800,91668.413,20230706_054347,479171,12634,89503,1649
33,KBYX20230706_103953_V06,-3.527,0.055,328.227,104.129,12.051,-81.563,25.481,6025.337,98947.483,20230706_063953,479175,16824,83318,3708
2,KBYX20230710_100453_V06,-40.151,0.070,341.219,96.034,10.956,-81.498,25.517,5477.856,104044.802,20230710_060453,479174,11507,138894,4900
29,KBYX20230712_112631_V06,40.628,0.073,206.468,100.568,14.386,-82.168,25.496,7192.986,110137.837,20230712_072631,479177,11721,98198,5368
41,KBYX20230712_120826_V06,82.544,0.090,353.294,423.799,29.053,-81.441,24.038,14526.735,67391.322,20230712_080826,479168,12988,92625,5350
17,KBYX20230713_120046_V06,74.442,0.422,345.279,157.970,60.095,-81.479,25.238,30047.302,74536.304,20230713_080046,479176,17139,104596,6022
17,KBYX20230713_120654_V06,80.575,0.365,344.477,158.411,66.106,-81.483,25.236,33052.902,74205.314,20230713_080654,479178,16982,105084,5999
3,KBYX20230713_100523_V06,-40.942,0.061,302.525,93.051,9.060,-81.691,25.531,4530.087,103482.421,20230713_060523,479174,15294,110151,3794
5,KBYX20230713_101701_V06,-29.308,0.123,213.554,197.480,34.725,-82.132,25.059,17362.463,67050.800,20230713_061701,479171,16078,111912,3580
21,KBYX20230713_120654_V06,80.575,0.103,397.208,400.466,28.365,-81.225,24.143,14182.467,69897.883,20230713_080654,479178,16982,105084,5999
2,KBYX20230714_095106_V06,-55.666,0.184,279.914,501.720,9.772,-81.802,23.686,4886.137,101358.916,20230714_055106,479174,15463,106851,2771
3,KBYX20230714_095106_V06,-55.666,0.136,82.040,270.195,10.692,-82.781,24.728,5345.936,109993.937,20230714_055106,479174,15463,106851,2771
2,KBYX20230716_094751_V06,-59.813,0.084,350.485,85.027,28.526,-81.452,25.567,14263.062,110410.527,20230716_054751,479173,4055,97630,2015
2,KBYX20230716_100206_V06,-45.563,0.129,349.179,79.040,36.162,-81.459,25.594,18081.103,113183.303,20230716_060206,479172,4972,98299,2909
2,KBYX20230716_100914_V06,-38.429,-1.000,348.544,76.129,40.201,-81.462,25.607,20100.259,114536.840,20230716_060914,479167,5143,98695,3164
2,KBYX20230716_101621_V06,-31.313,0.062,361.215,80.966,17.566,-81.399,25.585,8782.848,113713.376,20230716_061621,479169,5332,98978,3214
47,KBYX20230719_120508_V06,76.100,0.095,269.893,500.971,24.544,-81.851,23.690,12271.787,101606.809,20230719_080508,479168,49298,104935,8379
47,KBYX20230719_121214_V06,83.200,0.167,272.167,503.260,33.987,-81.840,23.679,16993.422,102578.428,20230719_081214,479164,47182,101927,7504
6,KBYX20230719_100425_V06,-44.617,0.056,86.471,411.071,8.211,-82.753,24.092,4105.326,120344.566,20230719_060425,479173,45289,114235,4438
8,KBYX20230719_101033_V06,-38.484,0.298,535.408,466.536,39.812,-80.548,23.841,19905.752,144179.745,20230719_061033,479172,45732,114813,4040
28,KBYX20230719_104718_V06,-1.734,0.060,430.673,374.583,19.672,-81.060,24.259,9836.014,75229.533,20230719_064718,479174,55320,120417,7545
43,KBYX20230719_114349_V06,54.783,0.158,401.877,348.361,25.963,-81.201,24.378,12981.733,56386.558,20230719_074349,479172,54561,108301,8363
44,KBYX20230719_115055_V06,61.883,0.098,307.670,412.191,34.681,-81.666,24.090,17340.328,56226.614,20230719_075055,479177,47575,92569,6086
3,KBYX20230721_100137_V06,-48.343,0.107,447.147,160.865,24.576,-80.973,25.223,12287.952,101255.614,20230721_060137,479177,21278,95781,2629
25,KBYX20230721_121018_V06,80.340,0.060,279.223,132.595,50.297,-81.807,25.353,25148.550,84344.759,20230721_081018,479174,10548,92198,5327
3,KBYX20230727_101023_V06,-42.376,0.050,466.017,350.398,32.586,-80.885,24.367,16293.112,86749.016,20230727_061023,479174,80728,150658,7080
26,KBYX20230727_121145_V06,78.990,0.141,425.796,353.511,37.654,-81.083,24.354,18827.211,68352.388,20230727_081145,479165,106498,176001,9719
27,KBYX20230727_121145_V06,78.990,0.112,206.810,153.472,24.132,-82.166,25.258,12066.147,86825.893,20230727_081145,479165,106498,176001,9719
30,KBYX20230727_121145_V06,78.990,0.083,367.987,421.720,23.547,-81.369,24.047,11773.380,69710.170,20230727_081145,479165,106498,176001,9719
7,KBYX20230728_102254_V06,-30.325,0.062,311.425,317.900,8.942,-81.647,24.516,4471.100,10617.920,20230728_062254,479168,44822,102759,8070
11,KBYX20230728_104642_V06,-6.525,0.166,289.638,324.999,14.069,-81.754,24.484,7034.733,13530.672,20230728_064642,479170,62299,110527,11353
12,KBYX20230728_105243_V06,-0.509,0.064,162.404,271.830,15.060,-82.383,24.723,7530.209,70225.004,20230728_065243,479166,65670,113218,12458
1,KBYX20230729_100055_V06,-52.774,0.408,364.100,470.276,8.840,-81.389,23.828,4420.188,90970.705,20230729_060055,479171,18418,87517,6961
25,KBYX20230729_104541_V06,-8.007,0.070,379.816,275.304,6.767,-81.309,24.708,3383.545,41774.846,20230729_064541,479172,15615,81443,6314
39,KBYX20230730_115028_V06,56.313,0.447,424.161,250.101,10.615,-81.089,24.821,5307.384,66906.383,20230730_075028,479166,28158,94983,8770
43,KBYX20230730_120503_V06,70.896,0.170,392.765,346.587,11.899,-81.246,24.386,5949.263,51902.823,20230730_080503,479165,29422,96097,8928
17,KBYX20230804_115357_V06,57.505,0.053,347.269,457.978,16.769,-81.471,23.884,8384.478,82448.835,20230804_075357,479172,17661,75265,7574
19,KBYX20230804_120457_V06,68.505,0.195,533.957,474.967,23.855,-80.555,23.803,11927.697,146073.190,20230804_080457,479173,18660,76830,7358
11,KBYX20230805_111553_V06,18.986,0.088,322.972,500.662,16.998,-81.591,23.691,8498.994,100986.530,20230805_071553,479178,13368,87750,6434
3,KBYX20230810_122214_V06,83.109,0.059,461.872,522.721,17.725,-80.910,23.589,8862.640,137665.754,20230810_082214,479175,20884,105299,9982
4,KBYX20230811_100943_V06,-49.845,0.058,176.598,82.345,15.653,-82.317,25.578,7826.612,125101.630,20230811_060943,479172,16393,88258,7600
4,KBYX20230813_100055_V06,-59.510,0.051,66.216,129.375,11.782,-82.865,25.363,5891.064,144713.535,20230813_060055,479177,27382,88595,10464
17,KBYX20230813_103722_V06,-23.060,0.123,261.167,96.314,12.047,-81.896,25.516,6023.607,103677.286,20230813_063722,479176,19355,88089,8332
14,KBYX20230815_111221_V06,11.072,0.163,431.932,148.473,32.260,-81.048,25.279,16129.902,100457.073,20230815_071221,479169,24960,99246,12327
14,KBYX20230815_111701_V06,15.738,0.089,431.048,146.274,37.978,-81.053,25.289,18989.078,101001.499,20230815_071701,479178,25571,99429,12575
1,KBYX20230815_100258_V06,-58.312,0.225,79.141,90.034,14.701,-82.802,25.541,7350.467,152368.486,20230815_060258,479170,21886,90445,10865
6,KBYX20230816_103731_V06,-24.182,0.226,395.053,290.187,5.822,-81.234,24.641,2910.946,47779.046,20230816_063731,479175,31693,76157,17573
6,KBYX20230816_104210_V06,-19.532,-1.000,395.053,290.187,13.215,-81.234,24.641,6607.696,47779.046,20230816_064210,479174,28076,75589,15350
6,KBYX20230816_104704_V06,-14.632,0.358,393.888,290.343,15.554,-81.240,24.640,7777.189,47191.684,20230816_064704,479167,28838,71210,19206
6,KBYX20230816_110109_V06,-0.549,0.063,388.444,282.944,5.409,-81.266,24.673,2704.277,45036.822,20230816_070109,479166,38263,78250,26786
6,KBYX20230816_110814_V06,6.534,0.119,388.746,283.088,13.603,-81.265,24.673,6801.622,45171.337,20230816_070814,479179,35632,85599,21050
6,KBYX20230816_111257_V06,11.251,-1.000,388.925,283.173,19.278,-81.264,24.672,9639.069,45251.445,20230816_071257,479169,34942,84662,20797
6,KBYX20230816_111751_V06,16.151,0.061,391.728,280.560,6.821,-81.250,24.684,3410.557,46882.498,20230816_071751,479176,35176,86145,20597
6,KBYX20230816_112245_V06,21.051,-1.000,391.728,280.560,14.612,-81.250,24.684,7306.057,46882.498,20230816_072245,479164,37934,88040,22010
6,KBYX20230816_112808_V06,26.434,0.281,392.052,279.056,19.128,-81.249,24.691,9563.973,47202.536,20230816_072808,479175,33747,86317,18846
12,KBYX20230816_111751_V06,16.151,0.173,453.541,135.423,31.683,-80.941,25.338,15841.682,112539.261,20230816_071751,479176,35176,86145,20597
12,KBYX20230816_112245_V06,21.051,-1.000,453.541,135.423,39.474,-80.941,25.338,19737.182,112539.261,20230816_072245,479164,37934,88040,22010
12,KBYX20230816_112808_V06,26.434,-1.000,453.541,135.423,48.034,-80.941,25.338,24016.932,112539.261,20230816_072808,479175,33747,86317,18846
12,KBYX20230816_113316_V06,31.568,0.154,452.640,124.687,44.593,-80.945,25.386,22296.353,116225.769,20230816_073316,479175,32369,85689,18144
13,KBYX20230816_111751_V06,16.151,0.092,224.587,402.830,6.523,-82.074,24.132,3261.370,63759.597,20230816_071751,479176,35176,86145,20597
16,KBYX20230816_112245_V06,21.051,0.059,379.415,329.892,11.681,-81.312,24.461,5840.508,42427.128,20230816_072245,479164,37934,88040,22010
18,KBYX20230816_114346_V06,42.068,0.131,374.724,370.238,31.764,-81.335,24.279,15882.017,51276.138,20230816_074346,479174,32312,85513,17351
23,KBYX20230816_120434_V06,62.868,0.070,393.019,100.343,38.243,-81.241,25.497,19121.723,110131.261,20230816_080434,479177,30304,84952,14660
14,KBYX20230818_111739_V06,15.120,0.436,438.973,139.889,34.419,-81.013,25.318,17209.709,106005.926,20230818_071739,479174,23729,87477,10991
14,KBYX20230818_112331_V06,20.987,0.396,439.093,138.603,42.206,-81.013,25.324,21103.248,106531.566,20230818_072331,479172,24965,88272,11552
14,KBYX20230818_112923_V06,26.854,0.571,439.049,135.132,45.793,-81.013,25.340,22896.547,107837.835,20230818_072923,479172,24849,88913,11036
14,KBYX20230818_113524_V06,32.870,0.130,438.976,126.012,43.994,-81.013,25.381,21997.111,111339.900,20230818_073524,479174,25653,88886,10987
13,KBYX20230818_111202_V06,9.504,0.109,438.437,154.616,38.392,-81.016,25.252,19196.159,100375.774,20230818_071202,479173,25043,87393,11956
11,KBYX20230819_103954_V06,-23.040,0.133,433.132,172.562,9.761,-81.043,25.171,4880.733,92147.407,20230819_063954,479171,35418,109460,12733
11,KBYX20230819_104505_V06,-17.856,0.224,432.952,173.609,17.014,-81.044,25.166,8506.892,91721.035,20230819_064505,479173,35619,108453,12843
11,KBYX20230819_105021_V06,-12.590,0.232,428.356,173.786,25.229,-81.067,25.165,12614.513,90007.293,20230819_065021,479177,41389,108722,16750
11,KBYX20230819_110038_V06,-2.306,0.112,433.397,173.948,32.176,-81.042,25.164,16087.814,91765.817,20230819_070038,479173,44863,112698,17803
11,KBYX20230819_110539_V06,2.710,0.102,436.531,168.591,37.725,-81.026,25.189,18862.334,94748.389,20230819_070539,479174,47942,117561,18892
11,KBYX20230819_111046_V06,7.827,0.428,433.925,165.688,41.499,-81.039,25.202,20749.338,94836.198,20230819_071046,479172,51131,121149,20169
11,KBYX20230819_111553_V06,12.944,0.054,435.626,167.128,44.982,-81.031,25.195,22491.207,94933.051,20230819_071553,479178,52151,124441,19809
4,KBYX20230820_101227_V06,-50.896,0.061,301.374,477.434,12.053,-81.697,23.796,6026.652,88719.550,20230820_061227,479167,128121,164350,19687
3,KBYX20230821_104814_V06,-15.515,0.060,431.396,155.451,13.496,-81.051,25.248,6748.100,97672.269,20230821_064814,479194,46948,85841,15437
3,KBYX20230821_105218_V06,-11.448,-1.000,431.396,155.451,19.962,-81.051,25.248,9981.100,97672.269,20230821_065218,479183,50622,85819,17781
3,KBYX20230821_110026_V06,-3.315,0.273,432.597,148.193,20.220,-81.045,25.281,10109.781,100781.148,20230821_070026,479181,50974,87707,17353
4,KBYX20230821_105218_V06,-11.448,0.124,434.220,148.450,11.977,-81.037,25.280,5988.483,101220.662,20230821_065218,479183,50622,85819,17781
5,KBYX20230822_105055_V06,-13.230,0.804,429.105,164.244,14.625,-81.063,25.208,7312.328,93671.981,20230822_065055,479178,34067,81524,17166
5,KBYX20230822_110027_V06,-3.697,0.342,431.340,165.209,28.690,-81.052,25.204,14344.782,94099.727,20230822_070027,479176,39249,83231,21864
5,KBYX20230822_110513_V06,1.070,0.203,432.208,167.540,35.264,-81.047,25.193,17631.926,93574.587,20230822_070513,479168,42085,83166,23858
5,KBYX20230822_111015_V06,6.103,0.128,428.170,166.400,38.185,-81.067,25.199,19092.323,92569.499,20230822_071015,479175,38483,84972,20512
5,KBYX20230822_111523_V06,11.237,0.149,428.919,162.409,39.967,-81.064,25.217,19983.546,94275.411,20230822_071523,479173,34007,87791,16079
5,KBYX20230822_112101_V06,16.870,0.206,428.190,146.842,34.955,-81.067,25.287,17477.543,99862.491,20230822_072101,479176,35206,87486,16712
5,KBYX20230822_112623_V06,22.237,0.181,428.020,144.975,40.675,-81.068,25.295,20337.267,100525.966,20230822_072623,479181,30996,90233,12467
2,KBYX20230822_100822_V06,-55.780,0.167,358.239,385.969,9.060,-81.417,24.209,4530.199,51919.509,20230822_060822,479172,32754,81941,15410
2,KBYX20230822_101300_V06,-51.147,0.060,357.669,385.650,14.695,-81.419,24.210,7347.450,51627.656,20230822_061300,479174,35663,81398,17584
13,KBYX20230822_120127_V06,57.303,0.111,316.626,357.004,21.833,-81.621,24.340,10916.365,29689.381,20230822_080127,479172,32654,89737,13156
16,KBYX20230822_120657_V06,62.803,0.057,35.838,302.082,28.159,-83.007,24.582,14079.488,132085.151,20230822_080657,479179,31008,90549,11519
19,KBYX20230822_122230_V06,78.353,0.097,297.204,420.746,53.349,-81.717,24.052,26674.726,60389.099,20230822_082230,479173,28127,91908,9576
4,KBYX20230823_110106_V06,-3.442,0.077,431.497,146.718,17.744,-81.051,25.287,8871.815,100978.860,20230823_070106,479180,59572,99789,35080
4,KBYX20230823_110559_V06,1.442,0.221,430.733,147.577,25.124,-81.054,25.284,12562.133,100404.157,20230823_070559,479179,63265,103652,36913
4,KBYX20230823_111037_V06,6.075,0.418,429.528,153.659,32.953,-81.060,25.256,16476.590,97715.387,20230823_071037,479168,62808,106590,36119
7,KBYX20230824_104024_V06,-24.533,0.837,436.165,161.545,11.556,-81.028,25.220,5777.813,97096.216,20230824_064024,479176,63870,86148,33204
7,KBYX20230824_104503_V06,-19.883,0.414,434.491,161.659,18.654,-81.036,25.220,9326.853,96470.074,20230824_064503,479174,66037,87484,35559
7,KBYX20230824_104956_V06,-14.999,0.628,428.069,163.292,27.585,-81.068,25.213,13792.434,93662.526,20230824_064956,479179,63556,88557,34055
7,KBYX20230824_105504_V06,-9.866,0.641,427.461,163.427,32.792,-81.071,25.212,16395.898,93405.763,20230824_065504,479171,73771,90515,41777
7,KBYX20230824_110451_V06,-0.083,0.450,425.422,162.215,41.665,-81.081,25.218,20832.437,93160.342,20230824_070451,479167,74404,98004,40305
7,KBYX20230824_110944_V06,4.801,0.137,425.275,162.919,47.459,-81.082,25.214,23729.311,92850.727,20230824_070944,479172,68747,98415,36190
7,KBYX20230824_111437_V06,9.684,0.084,426.508,148.477,42.490,-81.075,25.280,21245.052,98696.135,20230824_071437,479167,73490,100860,39505
7,KBYX20230824_112000_V06,15.067,0.114,427.709,146.695,48.175,-81.069,25.288,24087.317,99764.799,20230824_072000,479173,65734,100891,33923
20,KBYX20230824_120528_V06,60.534,0.203,241.806,392.851,20.798,-81.990,24.178,10399.233,54790.240,20230824_080528,479177,50272,98010,24419
20,KBYX20230824_121036_V06,65.667,0.265,240.615,392.809,27.166,-81.996,24.178,13583.250,55091.260,20230824_081036,479184,45887,97637,21670
20,KBYX20230824_121612_V06,71.267,0.182,241.320,396.713,32.141,-81.992,24.160,16070.555,56561.518,20230824_081612,479175,46557,96931,22115
14,KBYX20230824_113455_V06,29.984,0.115,291.551,443.772,24.371,-81.745,23.948,12185.711,72010.075,20230824_073455,479171,61738,101248,31648
14,KBYX20230824_113949_V06,34.884,0.065,290.898,442.030,31.426,-81.748,23.956,15712.810,71160.648,20230824_073949,479176,58502,100007,29694
14,KBYX20230824_114442_V06,39.767,-1.000,290.378,440.641,38.603,-81.751,23.962,19301.318,70484.821,20230824_074442,479170,58052,99871,29539
14,KBYX20230824_115004_V06,45.134,0.075,272.214,423.753,15.460,-81.840,24.038,7730.104,63417.112,20230824_075004,479164,56112,99492,28581
2,KBYX20230825_105044_V06,-14.587,0.153,437.839,158.464,18.025,-81.019,25.234,9012.714,98782.335,20230825_065044,479166,42366,85669,21573
2,KBYX20230825_110113_V06,-4.104,0.668,434.696,159.457,30.372,-81.035,25.230,15186.044,97333.661,20230825_070113,479172,42570,86737,23031
2,KBYX20230825_110621_V06,1.030,0.518,433.688,160.313,40.710,-81.040,25.226,20354.994,96675.891,20230825_070621,479169,44966,88570,25196
2,KBYX20230825_111129_V06,6.163,0.499,426.596,160.832,46.861,-81.075,25.224,23430.373,94066.955,20230825_071129,479177,40814,88281,22664
2,KBYX20230825_111637_V06,11.296,0.354,419.903,160.618,55.474,-81.108,25.225,27737.071,91929.312,20230825_071637,479170,45484,90338,26487
2,KBYX20230825_112132_V06,16.213,0.263,405.869,164.249,67.338,-81.178,25.209,33669.180,86076.233,20230825_072132,479181,39338,89824,21875
3,KBYX20230825_105044_V06,-14.587,0.082,293.485,367.269,34.099,-81.735,24.293,17049.284,33791.959,20230825_065044,479166,42366,85669,21573
4,KBYX20230825_110113_V06,-4.104,0.239,247.826,430.159,15.585,-81.960,24.009,7792.416,70113.091,20230825_070113,479172,42570,86737,23031
4,KBYX20230825_110621_V06,1.030,0.080,244.454,423.700,12.509,-81.976,24.038,6254.553,67799.522,20230825_070621,479169,44966,88570,25196
3,KBYX20230826_103433_V06,-31.154,0.438,444.100,166.602,4.888,-80.988,25.197,2444.023,98183.509,20230826_063433,479181,44333,90715,21965
3,KBYX20230826_103906_V06,-26.604,0.097,444.018,167.354,11.037,-80.989,25.194,5518.380,97898.116,20230826_063906,479184,41869,90831,20822
3,KBYX20230826_104400_V06,-21.704,0.902,437.867,165.506,19.800,-81.019,25.202,9900.175,96301.693,20230826_064400,479171,47191,91677,24926
3,KBYX20230826_104853_V06,-16.821,0.777,438.310,168.824,25.919,-81.017,25.187,12959.440,95311.020,20230826_064853,479172,47924,90227,26322
3,KBYX20230826_105331_V06,-12.187,0.498,438.415,168.643,33.867,-81.017,25.188,16933.579,95411.549,20230826_065331,479169,51003,90776,29251
3,KBYX20230826_110317_V06,-2.421,0.622,435.002,172.210,44.506,-81.034,25.172,22253.039,92945.840,20230826_070317,479178,48769,90998,28375
3,KBYX20230826_110803_V06,2.346,0.489,437.695,170.269,47.195,-81.020,25.181,23597.339,94591.259,20230826_070803,479182,48404,91965,27936
3,KBYX20230826_111256_V06,7.229,0.524,434.454,168.978,53.296,-81.036,25.187,26647.932,93867.777,20230826_071256,479176,54015,94759,31008
3,KBYX20230826_111727_V06,11.746,0.383,435.537,173.551,60.766,-81.031,25.166,30382.863,92681.818,20230826_071727,479177,55420,96690,30950
3,KBYX20230826_112220_V06,16.629,0.452,431.513,176.843,67.246,-81.051,25.151,33622.899,90087.842,20230826_072220,479170,55373,96467,30615
3,KBYX20230826_112715_V06,21.546,0.411,441.888,161.871,54.601,-80.999,25.219,27300.308,99009.740,20230826_072715,479183,46682,96120,24456
3,KBYX20230826_113209_V06,26.446,0.165,442.197,161.639,62.141,-80.998,25.220,31070.659,99201.667,20230826_073209,479180,46614,96668,23822
10,KBYX20230826_110803_V06,2.346,0.067,196.118,300.114,7.332,-82.216,24.596,3665.983,51940.995,20230826_070803,479182,48404,91965,27936
10,KBYX20230826_111256_V06,7.229,0.252,196.133,299.906,12.698,-82.216,24.596,6349.011,51933.370,20230826_071256,479176,54015,94759,31008
10,KBYX20230826_111727_V06,11.746,0.268,204.283,295.108,18.091,-82.176,24.618,9045.579,47920.831,20230826_071727,479177,55420,96690,30950
12,KBYX20230826_111727_V06,11.746,0.080,210.755,276.186,12.602,-82.144,24.704,6301.188,46183.879,20230826_071727,479177,55420,96690,30950
15,KBYX20230826_112715_V06,21.546,0.054,364.041,401.614,27.282,-81.388,24.138,13641.155,60055.513,20230826_072715,479183,46682,96120,24456
15,KBYX20230826_113209_V06,26.446,-1.000,364.041,401.614,35.073,-81.388,24.138,17536.655,60055.513,20230826_073209,479180,46614,96668,23822
15,KBYX20230826_113702_V06,31.329,0.125,345.707,408.447,16.675,-81.479,24.107,8337.326,58842.629,20230826_073702,479174,47681,97720,23861
1,KBYX20230827_104325_V06,-22.668,0.499,441.936,156.532,12.350,-80.999,25.243,6175.247,100906.852,20230827_064325,479176,35284,75461,17225
1,KBYX20230827_104840_V06,-17.418,-1.000,441.936,156.532,20.698,-80.999,25.243,10348.997,100906.852,20230827_064840,479168,36459,78509,18246
1,KBYX20230827_105356_V06,-12.151,0.634,441.183,160.630,30.008,-81.003,25.224,15003.785,99192.451,20230827_065356,479167,32380,76284,15912
1,KBYX20230827_110357_V06,-2.135,0.509,439.660,164.958,42.168,-81.010,25.205,21083.802,97135.470,20230827_070357,479166,37510,82117,20502
1,KBYX20230827_110845_V06,2.665,0.351,444.509,160.802,43.960,-80.986,25.224,21979.839,100322.975,20230827_070845,479177,34636,79088,18689
1,KBYX20230827_111332_V06,7.449,-1.000,447.547,158.698,47.134,-80.971,25.233,23567.045,102147.654,20230827_071332,479169,33580,80869,18074
1,KBYX20230827_111803_V06,11.965,-1.000,450.416,156.710,50.132,-80.957,25.242,25065.766,103871.369,20230827_071803,479183,32525,80509,17685
1,KBYX20230827_112235_V06,16.499,-1.000,453.296,154.715,53.140,-80.943,25.251,26570.018,105602.151,20230827_072235,479178,30713,80957,16394
1,KBYX20230827_112714_V06,21.149,0.077,445.577,142.819,48.797,-80.981,25.305,24398.552,107119.753,20230827_072714,479167,32422,83621,17849
4,KBYX20230827_111332_V06,7.449,0.140,421.517,175.909,65.706,-81.101,25.156,32853.001,86840.516,20230827_071332,479169,33580,80869,18074
4,KBYX20230827_111803_V06,11.965,0.077,422.077,175.298,71.700,-81.098,25.159,35850.051,87254.443,20230827_071803,479183,32525,80509,17685
5,KBYX20230829_103634_V06,-30.269,0.199,307.807,349.574,33.798,-81.665,24.373,16899.170,25092.561,20230829_063634,479179,96338,145863,26537
5,KBYX20230829_104239_V06,-24.185,0.118,310.044,349.145,40.306,-81.654,24.375,20152.890,25080.180,20230829_064239,479163,97707,142018,28397
5,KBYX20230829_104859_V06,-17.852,0.069,311.033,347.580,43.209,-81.649,24.382,21604.645,24421.188,20230829_064859,479181,94929,144746,25168
1,KBYX20230829_101158_V06,-54.869,0.142,307.789,348.206,35.411,-81.665,24.379,17705.418,24415.670,20230829_061158,479178,97866,149004,24676
1,KBYX20230829_101818_V06,-48.535,0.123,307.654,346.849,41.689,-81.666,24.385,20844.465,23735.141,20230829_061818,479172,97841,148539,24937
1,KBYX20230829_102423_V06,-42.452,0.281,306.423,349.647,32.748,-81.672,24.373,16374.166,25030.208,20230829_062423,479175,96858,149522,24548
14,KBYX20230829_110933_V06,2.715,0.289,336.240,302.667,16.939,-81.524,24.585,8469.490,18168.763,20230829_070933,479175,108545,142711,33279
14,KBYX20230829_111637_V06,9.781,0.085,333.409,296.268,25.237,-81.538,24.614,12618.652,16808.251,20230829_071637,479179,108747,144456,31976
6,KBYX20230829_103634_V06,-30.269,0.189,421.634,403.942,19.956,-81.105,24.127,9978.178,79998.056,20230829_063634,479179,96338,145863,26537
10,KBYX20230829_104859_V06,-17.852,0.081,451.579,425.136,17.672,-80.958,24.030,8835.752,98279.439,20230829_064859,479181,94929,144746,25168
10,KBYX20230829_110237_V06,-4.219,-1.000,451.579,425.136,39.349,-80.958,24.030,19674.252,98279.439,20230829_070237,479172,102558,143147,30718
10,KBYX20230829_110933_V06,2.715,0.057,504.328,434.929,90.921,-80.699,23.985,45460.438,122429.217,20230829_070933,479175,108545,142711,33279
27,KBYX20230829_113650_V06,29.998,0.098,425.803,347.086,31.330,-81.083,24.383,15665.117,67163.167,20230829_073650,479168,112518,142108,33076
34,KBYX20230829_120214_V06,55.398,0.061,337.406,107.219,25.849,-81.517,25.467,12924.583,98188.245,20230829_080214,479174,125205,147194,34372
41,KBYX20230829_122213_V06,75.381,0.065,312.466,349.279,41.060,-81.642,24.374,20530.060,25415.654,20230829_082213,479171,134447,154857,31884
45,KBYX20230829_122847_V06,81.948,0.052,328.781,105.155,30.578,-81.560,25.476,15288.818,98479.668,20230829_082847,479174,138935,157219,32236
5,KBYX20230830_101154_V06,-55.306,0.097,301.072,347.773,28.978,-81.698,24.381,14489.170,23892.747,20230830_061154,479193,27057,57657,21231
5,KBYX20230830_101531_V06,-51.690,0.096,302.324,347.480,34.313,-81.692,24.383,17156.275,23768.262,20230830_061531,479182,25736,58310,20131
5,KBYX20230830_101908_V06,-48.073,0.052,306.227,344.666,30.413,-81.673,24.395,15206.318,22548.799,20230830_061908,479203,27456,58139,21352
7,KBYX20230830_103338_V06,-33.573,0.062,303.170,347.393,31.376,-81.688,24.383,15687.925,23749.465,20230830_063338,479184,29004,57648,22850
7,KBYX20230830_103716_V06,-29.940,0.064,302.767,347.208,36.173,-81.690,24.384,18086.324,23644.370,20230830_063716,479189,25608,58797,20255
7,KBYX20230830_104053_V06,-26.323,0.083,304.773,346.804,31.555,-81.680,24.386,15777.691,23523.477,20230830_064053,479182,28500,58297,22852
7,KBYX20230830_104431_V06,-22.690,0.058,304.972,346.670,36.357,-81.679,24.386,18178.470,23466.904,20230830_064431,479199,24383,59195,19730
11,KBYX20230830_110226_V06,-4.773,0.068,306.202,344.752,30.058,-81.673,24.395,15028.845,22590.043,20230830_070226,479195,26769,57331,21377
15,KBYX20230830_114756_V06,40.727,0.070,304.860,345.262,29.384,-81.679,24.393,14691.837,22761.021,20230830_074756,479184,28135,58712,21016
19,KBYX20230830_115513_V06,48.010,0.051,285.510,102.354,12.325,-81.775,25.489,6162.281,99088.316,20230830_075513,479194,24721,60418,18231
23,KBYX20230830_121638_V06,69.427,0.155,290.177,97.318,15.875,-81.752,25.512,7937.466,101459.809,20230830_081638,479173,28718,75503,23282
24,KBYX20230830_121638_V06,69.427,0.051,304.051,343.183,28.865,-81.683,24.402,14432.537,21686.178,20230830_081638,479173,28718,75503,23282
24,KBYX20230830_122105_V06,73.877,-1.000,304.051,343.183,35.941,-81.683,24.402,17970.287,21686.178,20230830_082105,479172,30122,76765,24408
24,KBYX20230830_122543_V06,78.510,0.053,302.334,341.552,28.351,-81.692,24.409,14175.594,20808.913,20230830_082543,479176,30398,77172,24333
2,KBYX20230831_100753_V06,-59.691,0.161,83.745,278.536,9.119,-82.772,24.690,4559.393,108659.024,20230831_060753,479171,18826,93814,5894
2,KBYX20230901_111412_V06,6.260,0.480,446.364,141.496,41.070,-80.977,25.311,20534.786,107872.663,20230901_071412,479174,120174,70340,89372
2,KBYX20230901_112118_V06,13.360,0.510,449.491,135.420,47.596,-80.961,25.338,23798.173,111168.914,20230901_072118,479170,117897,74415,86244
2,KBYX20230901_112824_V06,20.460,0.118,451.682,131.523,53.382,-80.950,25.356,26691.130,113349.150,20230901_072824,479169,113645,78107,81955
2,KBYX20230901_113530_V06,27.560,0.111,454.379,121.325,51.374,-80.936,25.401,25686.953,118065.595,20230901_073530,479166,109195,81039,77698
3,KBYX20230902_112104_V06,12.763,0.112,452.566,172.037,51.384,-80.947,25.173,25692.009,99562.647,20230902_072104,479195,120077,102675,75823
3,KBYX20230902_112434_V06,16.263,0.202,452.822,171.580,55.899,-80.945,25.175,27949.448,99807.696,20230902_072434,479189,122660,104388,76757
3,KBYX20230902_112804_V06,19.763,0.201,454.359,177.061,61.019,-80.938,25.150,30509.627,98667.014,20230902_072804,479174,125892,108648,77535
3,KBYX20230902_113142_V06,23.396,0.052,455.122,178.957,63.537,-80.934,25.141,31768.725,98379.712,20230902_073142,479189,113499,107446,68215
2,KBYX20230902_111025_V06,2.113,0.222,434.653,184.641,60.803,-81.036,25.116,30401.619,88655.654,20230902_071025,479181,121646,95222,80379
2,KBYX20230902_111355_V06,5.613,0.241,434.292,185.422,65.774,-81.038,25.113,32886.856,88264.750,20230902_071355,479185,121781,97973,78965
1,KBYX20230902_110654_V06,-1.404,0.061,450.756,167.729,37.885,-80.955,25.192,18942.688,100278.304,20230902_070654,479183,118051,91882,78693
1,KBYX20230902_111025_V06,2.113,-1.000,450.756,167.729,43.477,-80.955,25.192,21738.438,100278.304,20230902_071025,479181,121646,95222,80379
1,KBYX20230902_111355_V06,5.613,-1.000,450.756,167.729,49.042,-80.955,25.192,24520.938,100278.304,20230902_071355,479185,121781,97973,78965
1,KBYX20230902_111726_V06,9.130,0.174,446.714,177.495,57.155,-80.976,25.148,28577.568,95567.231,20230902_071726,479183,123194,99271,79408
1,KBYX20230903_103323_V06,-35.282,0.232,436.700,162.976,8.458,-81.025,25.214,4228.840,96776.180,20230903_063323,479180,88367,75161,62598
1,KBYX20230903_103750_V06,-30.832,0.231,436.169,163.405,14.710,-81.028,25.212,7355.051,96437.036,20230903_063750,479175,87863,75038,62941
1,KBYX20230903_104217_V06,-26.382,0.776,431.982,167.166,17.994,-81.049,25.195,8997.140,93627.137,20230903_064217,479174,84715,76092,60572
1,KBYX20230903_104644_V06,-21.932,0.560,429.791,167.749,21.362,-81.059,25.193,10681.153,92649.757,20230903_064644,479170,88253,76589,63962
1,KBYX20230903_105111_V06,-17.482,0.415,425.273,171.217,29.713,-81.082,25.177,14856.576,89830.957,20230903_065111,479176,100372,75936,75496
1,KBYX20230903_105538_V06,-13.032,0.695,416.607,169.868,37.779,-81.125,25.183,18889.561,87366.498,20230903_065538,479178,108534,76300,82830
1,KBYX20230903_110442_V06,-3.965,0.667,416.361,173.422,43.127,-81.126,25.167,21563.556,85967.949,20230903_070442,479172,122690,79076,94660
1,KBYX20230903_110915_V06,0.585,0.666,421.451,168.378,44.758,-81.101,25.190,22378.760,89547.080,20230903_070915,479179,132533,82337,102126
1,KBYX20230903_111347_V06,5.118,0.711,429.441,166.166,47.390,-81.061,25.200,23694.770,93094.497,20230903_071347,479175,130603,85274,100029
1,KBYX20230903_111826_V06,9.768,0.324,431.235,161.724,51.008,-81.052,25.220,25503.863,95319.188,20230903_071826,479176,136844,87142,104996
1,KBYX20230903_112305_V06,14.418,0.095,428.759,158.833,54.419,-81.064,25.233,27209.420,95534.187,20230903_072305,479164,138208,89438,106038
1,KBYX20230903_112744_V06,19.068,0.078,425.909,155.019,54.302,-81.078,25.250,27151.173,96010.996,20230903_072744,479168,137059,89912,105182
3,KBYX20230903_114106_V06,32.435,0.085,415.357,116.404,39.120,-81.130,25.425,19559.872,108414.146,20230903_074106,479171,131001,89941,99959
3,KBYX20230903_114524_V06,36.735,0.170,415.495,115.546,45.320,-81.129,25.428,22659.908,108814.406,20230903_074524,479168,128737,90835,97347
13,KBYX20230904_112219_V06,13.292,0.106,423.993,124.924,30.837,-81.087,25.386,15418.484,107267.938,20230904_072219,479170,114196,144783,32438
13,KBYX20230904_112924_V06,20.375,0.319,422.288,123.787,38.449,-81.096,25.391,19224.650,107244.208,20230904_072924,479174,117522,146874,34820
13,KBYX20230904_113629_V06,27.458,0.173,420.036,115.210,37.505,-81.107,25.430,18752.372,110177.062,20230904_073629,479178,112860,149936,27522
14,KBYX20230904_112219_V06,13.292,0.076,179.077,391.932,28.381,-82.298,24.181,14190.392,75950.402,20230904_072219,479170,114196,144783,32438
14,KBYX20230904_112924_V06,20.375,0.058,179.577,388.973,38.623,-82.296,24.194,19311.450,74863.136,20230904_072924,479174,117522,146874,34820
14,KBYX20230904_113629_V06,27.458,0.062,182.506,380.674,44.827,-82.282,24.232,22413.271,71262.130,20230904_073629,479178,112860,149936,27522
7,KBYX20230904_103903_V06,-29.975,0.059,459.058,488.536,17.928,-80.923,23.744,8963.894,123334.213,20230904_063903,479167,103259,139585,19333
22,KBYX20230904_120448_V06,55.775,0.082,361.038,398.125,28.154,-81.403,24.154,14077.171,57780.030,20230904_080448,479172,107826,140637,25213
24,KBYX20230904_120448_V06,55.775,0.073,429.838,188.331,38.790,-81.060,25.100,19394.764,85626.627,20230904_080448,479172,107826,140637,25213
25,KBYX20230904_121153_V06,62.858,0.052,441.231,353.732,33.090,-81.007,24.353,16544.867,75553.524,20230904_081153,479175,106399,139150,23736
8,KBYX20230905_110026_V06,-8.950,0.170,431.730,140.715,29.114,-81.049,25.314,14557.243,103349.321,20230905_070026,479174,49057,80228,25602
8,KBYX20230905_110505_V06,-4.300,0.301,433.034,139.441,34.899,-81.043,25.320,17449.309,104255.730,20230905_070505,479170,47790,80406,24950
8,KBYX20230905_110937_V06,0.234,0.054,431.882,145.411,41.869,-81.049,25.293,20934.518,101600.322,20230905_070937,479168,49065,80596,26189
8,KBYX20230905_111416_V06,4.884,0.180,432.575,133.327,40.252,-81.045,25.348,20125.842,106484.848,20230905_071416,479176,50423,81483,27759
8,KBYX20230905_111855_V06,9.534,0.161,425.422,133.073,45.253,-81.080,25.349,22626.294,104397.311,20230905_071855,479179,47499,81071,26178
8,KBYX20230905_112334_V06,14.184,0.168,422.486,129.643,49.763,-81.095,25.365,24881.395,104909.647,20230905_072334,479176,47505,80059,26684
8,KBYX20230905_112827_V06,19.067,0.089,420.528,126.691,54.936,-81.105,25.378,27468.033,105549.751,20230905_072827,479166,46296,79234,26436
8,KBYX20230905_113305_V06,23.700,0.149,419.814,119.718,57.027,-81.108,25.410,28513.704,108232.556,20230905_073305,479173,43072,78383,24184
8,KBYX20230905_113814_V06,28.850,-1.000,418.325,113.645,60.412,-81.115,25.437,30205.893,110373.368,20230905_073814,479172,40298,77561,22368
8,KBYX20230905_114307_V06,33.734,0.078,423.978,111.159,60.414,-81.087,25.448,30206.943,112950.797,20230905_074307,479173,36855,76324,19331
14,KBYX20230905_120749_V06,58.434,0.185,555.297,492.260,9.329,-80.452,23.724,4664.573,159797.198,20230905_080749,479171,32168,76600,15608
4,KBYX20230906_104006_V06,-29.640,0.931,439.768,155.555,11.844,-81.010,25.247,5922.230,100497.917,20230906_064006,479174,61115,89631,34759
4,KBYX20230906_104500_V06,-24.740,0.923,436.541,155.991,20.359,-81.026,25.245,10179.698,99224.526,20230906_064500,479173,69207,93293,40937
4,KBYX20230906_104954_V06,-19.840,0.871,435.543,156.947,27.041,-81.031,25.241,13520.372,98534.324,20230906_064954,479170,76356,96767,46497
4,KBYX20230906_105448_V06,-14.940,0.601,436.250,156.066,32.835,-81.027,25.245,16417.339,99097.338,20230906_065448,479170,80052,97493,49682
4,KBYX20230906_110435_V06,-5.156,0.467,434.535,151.885,43.022,-81.036,25.264,21511.005,100047.086,20230906_070435,479176,80635,100105,49856
4,KBYX20230906_110930_V06,-0.240,0.381,435.162,144.185,43.419,-81.032,25.299,21709.374,103134.738,20230906_070930,479171,80528,101786,49113
4,KBYX20230906_111423_V06,4.644,0.321,434.518,138.227,44.058,-81.035,25.326,22029.082,105196.920,20230906_071423,479168,78568,103469,46471
4,KBYX20230906_111916_V06,9.527,0.414,437.581,131.289,43.357,-81.020,25.357,21678.513,108848.252,20230906_071916,479174,74200,105676,42169
4,KBYX20230906_112409_V06,14.410,0.224,438.438,128.696,44.686,-81.016,25.369,22343.175,110125.370,20230906_072409,479176,71273,106898,38919
4,KBYX20230906_112918_V06,19.560,0.151,436.478,132.823,54.420,-81.025,25.350,27209.981,107905.502,20230906_072918,479174,67227,107074,36046
4,KBYX20230906_113410_V06,24.427,0.190,431.944,134.804,61.973,-81.048,25.341,30986.582,105710.665,20230906_073410,479161,67943,106712,36195
4,KBYX20230906_113905_V06,29.344,0.051,433.221,135.823,66.048,-81.042,25.337,33024.101,105714.059,20230906_073905,479171,61150,106577,31330
6,KBYX20230906_110435_V06,-5.156,0.066,116.115,412.140,16.448,-82.608,24.088,8224.154,107690.380,20230906_070435,479176,80635,100105,49856
12,KBYX20230906_115318_V06,43.560,0.081,387.072,428.046,28.197,-81.275,24.018,14098.373,77423.201,20230906_075318,479169,58438,105793,28562
6,KBYX20230907_112057_V06,10.855,0.693,437.965,106.512,18.148,-81.017,25.469,9073.902,118819.065,20230907_072057,479173,109475,115546,69359
6,KBYX20230907_112559_V06,15.888,0.388,438.494,106.548,25.898,-81.015,25.469,12948.959,118958.358,20230907_072559,479174,102799,120480,62408
6,KBYX20230907_113120_V06,21.238,0.237,439.222,104.729,31.631,-81.011,25.477,15815.607,119909.893,20230907_073120,479165,103528,127577,60520
6,KBYX20230907_113628_V06,26.371,0.078,440.866,98.435,34.998,-81.003,25.505,17499.029,122954.845,20230907_073628,479181,96868,128971,54813
9,KBYX20230907_112559_V06,15.888,0.322,172.839,151.954,18.060,-82.334,25.264,9030.159,97580.139,20230907_072559,479174,102799,120480,62408
9,KBYX20230907_113120_V06,21.238,0.253,172.289,153.502,24.473,-82.337,25.257,12236.516,97174.782,20230907_073120,479165,103528,127577,60520
3,KBYX20230907_101802_V06,-52.062,0.091,126.426,316.796,17.416,-82.560,24.519,8707.834,87192.391,20230907_061802,479175,104920,101525,62053
2,KBYX20230908_111338_V06,3.183,0.138,444.756,117.445,23.348,-80.984,25.419,11673.786,116490.941,20230908_071338,479169,179147,104662,127071
2,KBYX20230908_111801_V06,7.567,0.142,444.739,117.426,30.317,-80.984,25.419,15158.508,116492.998,20230908_071801,479171,171648,109272,119035
2,KBYX20230908_112224_V06,11.950,0.207,444.776,118.356,35.977,-80.984,25.415,17988.273,116140.505,20230908_072224,479177,164013,112800,110712
2,KBYX20230908_112648_V06,16.350,0.180,440.574,111.018,35.192,-81.005,25.448,17596.222,117765.863,20230908_072648,479176,160280,115942,106375
2,KBYX20230908_113110_V06,20.717,0.111,437.732,107.049,37.916,-81.019,25.466,18957.927,118532.844,20230908_073110,479172,153171,118136,99760
4,KBYX20230909_103431_V06,-36.287,0.479,443.699,168.429,7.414,-80.991,25.189,3707.062,97416.986,20230909_063431,479169,63575,71213,41856
4,KBYX20230909_103909_V06,-31.654,0.182,444.129,169.064,13.114,-80.988,25.186,6556.934,97362.114,20230909_063909,479172,60327,70310,40450
4,KBYX20230909_104347_V06,-27.021,-1.000,444.466,169.560,19.178,-80.987,25.184,9588.901,97320.260,20230909_064347,479172,59316,71658,40263
4,KBYX20230909_104826_V06,-22.371,-1.000,444.804,170.058,25.264,-80.985,25.182,12631.775,97279.167,20230909_064826,479178,54799,71736,37618
4,KBYX20230909_105305_V06,-17.721,-1.000,445.142,170.556,31.349,-80.983,25.179,15674.649,97238.987,20230909_065305,479181,56674,73629,38849
4,KBYX20230909_110223_V06,-8.421,-1.000,445.817,171.553,43.521,-80.980,25.175,21760.397,97161.375,20230909_070223,479180,55094,76627,38455
4,KBYX20230909_110702_V06,-3.771,-1.000,446.155,172.051,49.607,-80.978,25.173,24803.271,97123.945,20230909_070702,479187,55305,78825,38220
4,KBYX20230909_111141_V06,0.879,-1.000,446.493,172.549,55.692,-80.977,25.170,27846.145,97087.433,20230909_071141,479178,53704,80673,37026
4,KBYX20230909_111619_V06,5.513,-1.000,446.829,173.045,61.756,-80.975,25.168,30878.113,97051.967,20230909_071619,479171,58343,84046,40070
4,KBYX20230909_112058_V06,10.163,0.195,440.029,156.286,59.740,-81.008,25.244,29870.213,100326.498,20230909_072058,479176,59631,88109,40986
4,KBYX20230909_112537_V06,14.813,0.177,442.903,157.378,62.792,-80.994,25.239,31395.828,100948.208,20230909_072537,479176,60649,90220,40511
4,KBYX20230909_113016_V06,19.463,0.062,443.726,152.610,65.087,-80.990,25.261,32543.746,102933.390,20230909_073016,479179,57327,90547,37524
9,KBYX20230909_110702_V06,-3.771,0.260,457.314,178.399,21.066,-80.923,25.144,10532.970,99416.437,20230909_070702,479187,55305,78825,38220
9,KBYX20230909_111141_V06,0.879,-1.000,457.314,178.399,28.459,-80.923,25.144,14229.720,99416.437,20230909_071141,479178,53704,80673,37026
9,KBYX20230909_111619_V06,5.513,0.077,451.131,175.095,39.048,-80.954,25.159,19524.055,98032.842,20230909_071619,479171,58343,84046,40070
13,KBYX20230909_121205_V06,61.279,0.210,445.803,216.659,11.203,-80.981,24.971,5601.570,83970.490,20230909_081205,479174,33808,80592,18440
13,KBYX20230909_121644_V06,65.929,0.133,445.971,216.696,16.661,-80.981,24.971,8330.616,84034.314,20230909_081644,479174,32533,78229,17894
8,KBYX20230909_104826_V06,-22.371,0.204,444.453,175.529,16.234,-80.987,25.157,8116.859,95341.299,20230909_064826,479178,54799,71736,37618
11,KBYX20230909_113934_V06,28.763,0.051,347.501,415.709,10.406,-81.470,24.074,5202.810,62540.066,20230909_073934,479165,54276,91415,34429
1,KBYX20230910_104654_V06,-24.257,0.171,424.922,156.366,32.911,-81.083,25.244,16455.276,95178.975,20230910_064654,479173,40991,66654,29667
1,KBYX20230910_110059_V06,-10.174,0.339,427.955,159.207,43.456,-81.068,25.231,21728.155,95125.179,20230910_070059,479174,45810,72579,33278
1,KBYX20230910_110805_V06,-3.074,-1.000,429.440,160.597,48.948,-81.061,25.225,24474.118,95115.390,20230910_070805,479170,48262,76227,34832
1,KBYX20230910_111512_V06,4.043,0.136,437.244,149.230,57.090,-81.022,25.276,28544.815,101940.647,20230910_071512,479179,47933,80675,33698
1,KBYX20230910_112217_V06,11.126,0.297,423.625,151.126,71.412,-81.090,25.268,35705.768,96755.669,20230910_072217,479168,51702,85179,35303
2,KBYX20230910_110805_V06,-3.074,0.150,404.239,160.765,67.562,-81.186,25.225,33780.956,86965.773,20230910_070805,479170,48262,76227,34832
4,KBYX20230911_104543_V06,-25.793,0.149,436.575,173.172,14.653,-81.026,25.168,7326.527,93190.781,20230911_064543,479184,60897,85634,38850
4,KBYX20230911_105022_V06,-21.143,0.172,436.697,173.248,21.667,-81.025,25.168,10833.420,93209.700,20230911_065022,479175,73130,89356,47569
4,KBYX20230911_105455_V06,-16.593,0.103,436.259,172.150,26.052,-81.028,25.173,13026.114,93423.867,20230911_065455,479172,74843,92679,49057
4,KBYX20230911_110411_V06,-7.326,0.089,435.315,175.848,32.623,-81.032,25.156,16311.402,91820.424,20230911_070411,479170,75775,95073,50340
3,KBYX20230911_101310_V06,-58.343,0.054,395.549,313.949,6.867,-81.232,24.533,3433.640,48281.049,20230911_061310,479179,57324,85881,34706
5,KBYX20230911_110850_V06,-2.676,0.080,355.486,408.122,20.461,-81.430,24.109,10230.356,60764.021,20230911_070850,479168,79892,97987,52629
5,KBYX20230911_111329_V06,1.974,0.053,353.468,399.586,14.793,-81.440,24.147,7396.601,56515.877,20230911_071329,479173,74911,99529,48169
2,KBYX20230912_102452_V06,-46.995,0.254,443.475,167.939,3.361,-80.992,25.191,1680.309,97500.039,20230912_062452,479178,41710,80714,26847
2,KBYX20230912_102923_V06,-42.479,0.419,443.950,168.469,9.005,-80.989,25.189,4502.435,97496.163,20230912_062923,479173,39972,80087,25930
2,KBYX20230912_103355_V06,-37.945,-1.000,444.318,168.879,15.021,-80.987,25.187,7510.305,97494.050,20230912_063355,479176,39148,81220,25303
2,KBYX20230912_103827_V06,-33.412,-1.000,444.687,169.290,21.036,-80.986,25.185,10518.175,97492.718,20230912_063827,479177,37174,80451,24505
2,KBYX20230912_104300_V06,-28.862,0.936,431.319,164.553,22.563,-81.052,25.207,11281.470,94327.191,20230912_064300,479178,33932,81619,22741
2,KBYX20230912_104732_V06,-24.329,0.815,428.557,165.418,29.691,-81.066,25.203,14845.313,93058.309,20230912_064732,479172,37718,84238,25940
2,KBYX20230912_105204_V06,-19.795,0.759,426.980,165.768,35.984,-81.073,25.202,17991.977,92387.967,20230912_065204,479168,37896,87230,25987
2,KBYX20230912_110121_V06,-10.512,0.809,416.221,168.582,47.471,-81.127,25.189,23735.434,87718.185,20230912_070121,479175,40498,91926,27921
2,KBYX20230912_110553_V06,-5.979,-1.000,411.295,169.863,53.158,-81.151,25.183,26579.222,85618.530,20230912_070553,479171,44596,95972,30483
2,KBYX20230912_111032_V06,-1.329,-1.000,406.242,171.177,58.992,-81.176,25.177,29496.196,83490.574,20230912_071032,479178,46399,98983,31198
2,KBYX20230912_111511_V06,3.321,-1.000,401.190,172.492,64.826,-81.201,25.172,32413.170,81390.706,20230912_071511,479173,47103,102822,30755
2,KBYX20230912_111950_V06,7.971,-1.000,396.137,173.806,70.660,-81.227,25.166,35330.144,79321.156,20230912_071950,479181,47227,104717,30020
2,KBYX20230912_112428_V06,12.605,0.685,406.922,168.834,81.216,-81.173,25.188,40608.200,84612.024,20230912_072428,479169,47908,107533,29573
2,KBYX20230912_112907_V06,17.255,0.398,408.957,169.020,87.281,-81.163,25.187,43640.680,85187.346,20230912_072907,479168,45726,106990,27348
2,KBYX20230912_113346_V06,21.905,0.103,421.192,167.745,85.457,-81.102,25.193,42728.610,89692.431,20230912_073346,479174,43816,107146,25467
2,KBYX20230912_113825_V06,26.555,0.130,444.214,95.046,30.777,-80.986,25.520,15388.744,125303.429,20230912_073825,479167,42027,106511,24279
2,KBYX20230912_114304_V06,31.205,0.128,443.966,93.518,36.345,-80.987,25.527,18172.437,125858.052,20230912_074304,479176,39312,104892,22155
2,KBYX20230912_114743_V06,35.855,0.173,441.214,83.943,28.909,-81.001,25.571,14454.350,129056.259,20230912_074743,479177,37734,104422,20959
5,KBYX20230912_110553_V06,-5.979,0.728,401.862,164.101,65.296,-81.198,25.210,32648.102,84918.125,20230912_070553,479171,44596,95972,30483
5,KBYX20230912_111032_V06,-1.329,0.644,400.948,164.124,70.756,-81.202,25.209,35378.020,84635.698,20230912_071032,479178,46399,98983,31198
5,KBYX20230912_111511_V06,3.321,0.697,396.653,167.593,75.959,-81.224,25.194,37979.354,81965.474,20230912_071511,479173,47103,102822,30755
5,KBYX20230912_111950_V06,7.971,0.524,395.882,166.323,81.788,-81.228,25.200,40894.046,82253.941,20230912_071950,479181,47227,104717,30020
3,KBYX20230912_103355_V06,-37.945,0.209,444.390,171.370,7.875,-80.987,25.176,3937.428,96687.864,20230912_063355,479176,39148,81220,25303
3,KBYX20230912_103827_V06,-33.412,0.420,442.899,170.782,14.330,-80.995,25.179,7165.020,96329.427,20230912_063827,479177,37174,80451,24505
4,KBYX20230913_104407_V06,-28.097,0.169,448.237,183.870,15.670,-80.968,25.119,7834.984,94154.395,20230913_064407,479176,176095,87237,129350
4,KBYX20230913_104846_V06,-23.447,0.175,448.465,184.066,22.642,-80.967,25.118,11321.046,94184.066,20230913_064846,479170,172612,88353,128104
4,KBYX20230913_105325_V06,-18.797,0.340,450.900,188.316,25.354,-80.955,25.099,12677.007,93867.163,20230913_065325,479176,169066,90280,125266
4,KBYX20230913_110243_V06,-9.497,0.055,458.357,182.239,43.847,-80.918,25.126,21923.532,98671.842,20230913_070243,479172,160090,94258,118183
4,KBYX20230913_110723_V06,-4.831,-1.000,461.811,180.200,52.246,-80.901,25.136,26122.863,100666.324,20230913_070723,479170,156578,97182,114638
4,KBYX20230913_111202_V06,-0.181,0.149,413.340,185.274,71.002,-81.141,25.114,35500.839,80634.988,20230913_071202,479169,151895,101199,109548
4,KBYX20230913_111640_V06,4.453,-1.000,413.340,185.274,78.369,-81.141,25.114,39184.339,80634.988,20230913_071640,479169,146298,107813,102269
4,KBYX20230913_112119_V06,9.103,0.070,415.853,189.036,81.498,-81.129,25.097,40749.160,80210.526,20230913_072119,479171,139398,111424,95005
7,KBYX20230913_113956_V06,27.719,0.201,486.420,421.509,6.687,-80.787,24.046,3343.687,111262.139,20230913_073956,479175,118868,116956,74670
7,KBYX20230914_114841_V06,36.117,0.151,356.378,248.013,10.055,-81.424,24.831,5027.660,38344.195,20230914_074841,479173,141084,115669,91132
7,KBYX20230914_120055_V06,48.351,0.123,364.269,221.262,17.265,-81.385,24.952,8632.610,50818.433,20230914_080055,479178,127730,115721,80192
11,KBYX20230914_120701_V06,54.451,0.191,190.558,420.241,8.008,-82.241,24.053,4004.198,81294.757,20230914_080701,479179,132740,116640,83022
11,KBYX20230914_121306_V06,60.534,0.541,191.539,420.962,13.070,-82.236,24.050,6534.761,81233.686,20230914_081306,479176,130072,115706,81124
2,KBYX20230914_110554_V06,-6.666,0.063,347.118,215.655,11.889,-81.470,24.977,5944.317,48306.666,20230914_070554,479174,163752,82135,127479
3,KBYX20230914_111200_V06,-0.566,0.117,356.729,341.959,11.066,-81.424,24.407,5532.896,35280.033,20230914_071200,479176,153026,88677,115334
6,KBYX20230914_114841_V06,36.117,0.198,327.910,84.440,5.181,-81.564,25.570,2590.343,108679.704,20230914_074841,479173,141084,115669,91132
10,KBYX20230914_120055_V06,48.351,0.157,362.171,257.344,2.798,-81.396,24.789,1399.216,37698.523,20230914_080055,479178,127730,115721,80192
2,KBYX20230915_105050_V06,-22.085,0.269,447.526,173.149,10.674,-80.972,25.168,5337.082,97281.910,20230915_065050,479164,174337,76791,138977
2,KBYX20230915_105529_V06,-17.435,0.135,447.383,173.550,17.659,-80.972,25.166,8829.731,97097.358,20230915_065529,479172,173317,77922,138843
2,KBYX20230915_110440_V06,-8.252,0.210,444.030,181.336,29.918,-80.989,25.131,14958.921,93308.261,20230915_070440,479179,171122,82608,134982
2,KBYX20230915_110919_V06,-3.602,0.081,446.316,186.214,33.190,-80.978,25.109,16594.791,92676.609,20230915_070919,479173,169701,87666,131946
3,KBYX20230915_113232_V06,19.615,0.054,436.318,361.403,8.002,-81.032,24.318,4001.078,74754.552,20230915_073232,479178,159533,114604,108950
3,KBYX20230915_113711_V06,24.265,0.100,436.568,361.049,14.543,-81.031,24.320,7271.428,74796.176,20230915_073711,479169,153814,115886,103880
3,KBYX20230915_114149_V06,28.898,0.439,436.564,359.958,11.862,-81.031,24.325,5930.996,74573.192,20230915_074149,479172,149084,117200,98761
3,KBYX20230915_114628_V06,33.548,0.260,435.588,359.638,17.778,-81.035,24.326,8889.159,74062.039,20230915_074628,479178,145362,118154,94300
12,KBYX20230916_111249_V06,-0.454,0.123,413.627,254.592,7.439,-81.141,24.801,3719.341,61182.302,20230916_071249,479172,124139,98460,85562
12,KBYX20230916_111728_V06,4.196,0.218,413.453,255.175,14.050,-81.142,24.798,7025.177,60993.631,20230916_071728,479169,123643,102657,83904
12,KBYX20230916_112207_V06,8.846,0.110,414.031,255.002,16.253,-81.139,24.799,8126.263,61294.095,20230916_072207,479169,121320,106573,80508
12,KBYX20230916_112647_V06,13.512,0.055,417.619,254.624,15.907,-81.122,24.801,7953.714,63034.337,20230916_072647,479173,114198,107192,73248
1,KBYX20230916_101702_V06,-56.238,0.249,427.194,339.894,8.717,-81.076,24.416,4358.349,66651.612,20230916_061702,479164,145362,92525,98178
1,KBYX20230916_102141_V06,-51.588,0.061,427.422,339.516,14.422,-81.075,24.417,7210.894,66704.081,20230916_062141,479174,147741,90485,101030
8,KBYX20230916_104935_V06,-23.688,0.149,415.940,259.504,11.845,-81.130,24.779,5922.504,61404.377,20230916_064935,479170,113486,86443,79407
8,KBYX20230916_105414_V06,-19.038,0.117,416.080,259.130,17.626,-81.129,24.780,8812.884,61532.288,20230916_065414,479177,119319,88846,83916
3,KBYX20230916_101702_V06,-56.238,0.076,441.065,425.005,2.922,-81.010,24.031,1460.785,94241.380,20230916_061702,479164,145362,92525,98178
4,KBYX20230916_101702_V06,-56.238,0.058,85.670,386.387,6.889,-82.758,24.203,3444.367,115541.998,20230916_061702,479164,145362,92525,98178
12,KBYX20230917_111133_V06,-2.074,0.054,460.014,166.465,8.051,-80.910,25.198,4025.616,104206.662,20230917_071133,479173,49767,91652,32758
12,KBYX20230917_111612_V06,2.576,0.422,459.605,167.403,13.403,-80.912,25.193,6701.563,103749.306,20230917_071612,479171,50650,95276,32630
12,KBYX20230917_112050_V06,7.209,0.304,459.672,168.744,15.533,-80.911,25.187,7766.673,103347.968,20230917_072050,479172,47839,97877,30301
4,KBYX20230917_101618_V06,-57.324,0.100,304.343,507.411,6.009,-81.682,23.661,3004.410,103728.192,20230917_061618,479178,41449,81374,24130
10,KBYX20230917_110229_V06,-11.141,0.122,427.288,146.483,38.842,-81.071,25.289,19421.131,99711.719,20230917_070229,479169,51609,86695,34330
22,KBYX20230917_120219_V06,48.693,0.053,457.312,409.132,8.495,-80.930,24.102,4247.572,95729.658,20230917_080219,479175,35265,100600,20457
25,KBYX20230917_123450_V06,81.209,0.385,395.260,394.813,8.035,-81.235,24.168,4017.584,67201.225,20230917_083450,479170,26901,96544,14882
10,KBYX20230918_111422_V06,0.389,0.794,454.125,162.892,24.139,-80.939,25.214,12069.580,103142.314,20230918_071422,479162,105865,94907,72341
10,KBYX20230918_111931_V06,5.539,0.791,454.133,165.327,34.605,-80.939,25.203,17302.258,102339.696,20230918_071931,479178,92172,95938,60738
10,KBYX20230918_112439_V06,10.672,0.732,455.159,166.207,41.314,-80.934,25.199,20657.237,102438.846,20230918_072439,479173,96209,102717,61843
10,KBYX20230918_113000_V06,16.022,0.615,455.676,166.273,47.308,-80.931,25.199,23654.114,102613.326,20230918_073000,479170,96288,107060,60037
10,KBYX20230918_113508_V06,21.156,0.363,458.498,162.764,50.857,-80.917,25.214,25428.722,104827.674,20230918_073508,479178,86859,106374,52383
10,KBYX20230918_114016_V06,26.289,0.118,459.992,160.408,55.993,-80.909,25.225,27996.321,106163.900,20230918_074016,479175,85227,108600,50368
12,KBYX20230919_110707_V06,-7.216,0.074,436.389,164.489,34.883,-81.027,25.207,17441.280,96131.472,20230919_070707,479173,220653,73182,179666
12,KBYX20230919_111303_V06,-1.282,0.466,438.952,163.574,41.048,-81.014,25.211,20524.142,97364.982,20230919_071303,479174,224297,78680,179432
12,KBYX20230919_111857_V06,4.618,0.652,440.972,160.655,42.913,-81.004,25.224,21456.519,99108.824,20230919_071857,479172,232001,85610,182298
12,KBYX20230919_112457_V06,10.618,0.838,441.781,158.242,49.031,-81.000,25.235,24515.535,100246.133,20230919_072457,479183,224355,91917,171801
12,KBYX20230919_113104_V06,16.734,0.717,447.142,156.192,53.843,-80.973,25.244,26921.513,102872.909,20230919_073104,479171,221427,95550,167207
12,KBYX20230919_113710_V06,22.834,0.441,450.816,147.902,54.857,-80.955,25.282,27428.665,107097.184,20230919_073710,479176,207261,99588,153070
12,KBYX20230919_114317_V06,28.951,0.241,449.862,145.851,60.451,-80.959,25.291,30225.335,107494.835,20230919_074317,479174,196983,102359,142528
12,KBYX20230919_114911_V06,34.851,0.075,448.805,139.255,63.810,-80.964,25.321,31904.909,109523.574,20230919_074911,479177,194549,104106,139051
28,KBYX20230919_120711_V06,52.851,0.205,387.160,280.565,19.594,-81.273,24.684,9797.050,44650.136,20230919_080711,479169,176339,104263,121741
28,KBYX20230919_121310_V06,58.834,-1.000,387.160,280.565,29.108,-81.273,24.684,14553.800,44650.136,20230919_081310,479174,173435,104428,118507
28,KBYX20230919_121916_V06,64.934,0.236,384.213,281.004,29.444,-81.287,24.682,14721.946,43164.346,20230919_081916,479164,172871,104082,119192
13,KBYX20230919_111303_V06,-1.282,0.075,153.507,137.588,16.434,-82.431,25.328,8216.829,109359.206,20230919_071303,479174,224297,78680,179432
24,KBYX20230919_114317_V06,28.951,0.087,259.492,542.748,9.017,-81.902,23.501,4508.531,123052.288,20230919_074317,479174,196983,102359,142528
2,KBYX20230920_110137_V06,-13.071,0.720,434.949,154.984,17.502,-81.034,25.250,8750.935,99046.464,20230920_070137,479177,109110,94858,64290
2,KBYX20230920_110633_V06,-8.138,0.935,431.031,152.844,26.344,-81.053,25.260,13171.835,98519.030,20230920_070633,479164,117831,94104,72893
2,KBYX20230920_111105_V06,-3.605,0.941,433.434,148.954,29.405,-81.041,25.277,14702.739,100771.730,20230920_071105,479173,117866,94334,74118
2,KBYX20230920_111559_V06,1.295,0.915,436.101,145.842,33.166,-81.028,25.291,16583.248,102820.191,20230920_071559,479177,121070,96618,76182
2,KBYX20230920_112045_V06,6.062,0.886,437.178,144.209,37.921,-81.022,25.299,18960.277,103789.005,20230920_072045,479178,119569,98882,74802
2,KBYX20230920_112516_V06,10.579,0.893,433.815,141.522,44.847,-81.039,25.311,22423.526,103708.659,20230920_072516,479167,121824,100727,75808
2,KBYX20230920_113016_V06,15.579,0.777,433.380,141.866,52.155,-81.041,25.309,26077.258,103436.992,20230920_073016,479173,117258,102117,71764
2,KBYX20230920_113449_V06,20.129,0.657,430.759,140.823,59.401,-81.054,25.314,29700.515,102998.965,20230920_073449,479175,117098,103882,71420
2,KBYX20230920_113922_V06,24.679,0.474,429.175,141.665,65.391,-81.062,25.310,32695.717,102171.512,20230920_073922,479174,114240,103857,69267
2,KBYX20230920_114409_V06,29.462,0.397,433.153,140.410,67.848,-81.042,25.316,33924.193,103921.530,20230920_074409,479176,111168,104460,66276
2,KBYX20230920_114842_V06,34.012,0.162,442.411,130.575,65.353,-80.996,25.360,32676.367,110663.496,20230920_074842,479181,112371,105242,67569
2,KBYX20230920_115314_V06,38.545,0.303,450.600,123.222,62.938,-80.955,25.393,31468.917,116115.047,20230920_075314,479168,108932,105590,64381
2,KBYX20230920_120315_V06,48.562,0.095,455.321,121.594,67.446,-80.932,25.400,33723.128,118272.164,20230920_080315,479171,110838,106230,65216
10,KBYX20230921_110037_V06,-14.428,0.916,435.576,159.936,20.478,-81.031,25.228,10238.892,97466.617,20230921_070037,479172,88008,110967,36456
10,KBYX20230921_110636_V06,-8.445,0.953,433.597,158.455,30.047,-81.040,25.234,15023.397,97318.220,20230921_070636,479169,90902,112925,37773
10,KBYX20230921_111221_V06,-2.695,0.810,434.482,156.797,36.112,-81.036,25.242,18056.005,98224.741,20230921_071221,479182,87146,113147,34098
10,KBYX20230921_111806_V06,3.055,0.783,435.278,157.965,44.107,-81.032,25.237,22053.617,98073.953,20230921_071806,479179,87936,112584,33077
10,KBYX20230921_112352_V06,8.822,0.606,435.445,158.655,50.745,-81.031,25.233,25372.703,97882.341,20230921_072352,479168,91085,114395,33721
10,KBYX20230921_112947_V06,14.738,0.240,436.318,156.310,55.457,-81.027,25.244,27728.577,99031.997,20230921_072947,479174,88056,115404,28746
2,KBYX20230921_102529_V06,-49.562,0.501,237.373,237.521,14.365,-82.013,24.879,7182.257,44231.828,20230921_062529,479176,85810,117907,32327
11,KBYX20230921_110037_V06,-14.428,0.061,282.320,404.663,31.219,-81.790,24.124,15609.333,53072.692,20230921_070037,479172,88008,110967,36456
18,KBYX20230921_112947_V06,14.738,0.059,258.869,386.726,19.082,-81.906,24.205,9540.855,47992.411,20230921_072947,479174,88056,115404,28746
6,KBYX20230922_104841_V06,-26.720,0.068,438.348,165.886,13.183,-81.017,25.201,6591.381,96341.580,20230922_064841,479173,98250,67037,76635
6,KBYX20230922_105320_V06,-22.070,0.250,437.967,166.417,19.365,-81.019,25.198,9682.250,96019.887,20230922_065320,479171,93667,67579,73727
6,KBYX20230922_110238_V06,-12.770,0.489,438.124,167.858,20.407,-81.018,25.192,10203.513,95576.934,20230922_070238,479174,91071,71539,71415
6,KBYX20230922_110717_V06,-8.120,0.859,441.936,166.785,23.974,-80.999,25.197,11986.854,97329.178,20230922_070717,479176,93761,73037,73431
6,KBYX20230922_111155_V06,-3.486,0.891,442.925,167.037,28.789,-80.994,25.195,14394.700,97604.908,20230922_071155,479176,92795,76290,72228
6,KBYX20230922_111704_V06,1.664,0.775,446.199,167.869,34.881,-80.978,25.192,17440.449,98530.116,20230922_071704,479166,94208,81965,72673
6,KBYX20230922_112142_V06,6.297,0.712,443.730,166.583,40.666,-80.990,25.197,20332.757,98054.054,20230922_072142,479167,92417,85260,70008
6,KBYX20230922_112635_V06,11.180,0.261,441.385,165.740,44.688,-81.002,25.201,22344.236,97487.872,20230922_072635,479173,87251,88018,65353
6,KBYX20230922_113114_V06,15.830,0.130,442.801,163.957,49.134,-80.995,25.209,24567.082,98615.145,20230922_073114,479181,83588,92047,61696
4,KBYX20230922_104403_V06,-31.353,0.085,112.769,398.826,19.302,-82.624,24.148,9651.192,105856.163,20230922_064403,479174,112730,67820,87800
5,KBYX20230922_104403_V06,-31.353,0.050,433.035,167.220,15.277,-81.043,25.195,7638.512,93979.731,20230922_064403,479174,112730,67820,87800
7,KBYX20230922_110238_V06,-12.770,0.301,454.494,191.258,8.187,-80.938,25.086,4093.510,94463.286,20230922_070238,479174,91071,71539,71415
8,KBYX20230922_112635_V06,11.180,0.080,468.068,311.121,20.270,-80.874,24.544,10134.899,84217.848,20230922_072635,479173,87251,88018,65353
2,KBYX20230923_104038_V06,-35.130,0.128,193.028,234.216,15.285,-82.233,24.893,7642.271,62790.654,20230923_064038,479171,191670,103634,119094
2,KBYX20230923_104645_V06,-29.013,0.144,193.674,234.769,22.123,-82.229,24.890,11061.364,62370.579,20230923_064645,479170,183346,104658,112671
10,KBYX20230923_112343_V06,7.954,0.176,436.866,170.548,40.298,-81.024,25.180,20149.242,94194.114,20230923_072343,479175,171224,108681,114408
10,KBYX20230923_113003_V06,14.287,0.141,438.752,166.717,48.478,-81.015,25.197,24239.014,96198.504,20230923_073003,479171,163638,113132,107712
4,KBYX20230923_105304_V06,-22.696,0.233,438.118,393.646,13.291,-81.024,24.173,6645.580,83435.850,20230923_065304,479178,176225,104854,108876
13,KBYX20230923_120050_V06,45.070,0.124,437.597,387.018,27.686,-81.026,24.203,13843.012,81402.016,20230923_080050,479178,136784,124017,85745
13,KBYX20230924_111831_V06,2.392,0.129,441.227,156.449,35.766,-81.002,25.243,17882.973,100687.790,20230924_071831,479174,205199,139032,98230
13,KBYX20230924_112519_V06,9.192,0.198,441.448,151.351,42.857,-81.001,25.266,21428.296,102596.439,20230924_072519,479167,195017,143169,90682
13,KBYX20230924_113208_V06,16.009,0.146,441.394,137.171,44.044,-81.001,25.330,22021.827,107825.996,20230924_073208,479169,185272,145674,83931
13,KBYX20230924_113912_V06,23.075,0.255,443.894,125.660,46.729,-80.988,25.382,23364.348,113026.675,20230924_073912,479163,173690,145602,76426
6,KBYX20230924_103633_V06,-39.575,0.064,239.454,266.124,20.332,-82.003,24.750,10165.770,34689.281,20230924_063633,479170,194713,130120,93599
6,KBYX20230924_104336_V06,-32.525,0.098,240.582,263.350,27.784,-81.997,24.762,13892.038,34905.822,20230924_064336,479174,197435,120324,101749
6,KBYX20230924_105031_V06,-25.608,0.235,245.655,254.205,23.322,-81.972,24.803,11661.123,35533.580,20230924_065031,479168,225666,120014,128719
4,KBYX20230924_102950_V06,-46.291,0.053,244.279,305.058,23.254,-81.978,24.574,11626.827,27975.126,20230924_062950,479175,200595,133958,98076
17,KBYX20230924_120016_V06,44.142,0.084,437.117,328.670,18.492,-81.027,24.466,9245.975,70041.117,20230924_080016,479166,154463,140057,67752
9,KBYX20230925_110122_V06,-15.122,0.101,424.368,156.093,21.781,-81.086,25.245,10890.541,95100.877,20230925_070122,479176,29158,74200,19187
9,KBYX20230925_110600_V06,-10.489,-1.000,424.368,156.093,29.148,-81.086,25.245,14574.041,95100.877,20230925_070600,479175,31034,74515,21120
9,KBYX20230925_111053_V06,-5.605,0.110,414.422,155.574,39.648,-81.135,25.248,19823.861,92129.265,20230925_071053,479174,30731,75423,20936
9,KBYX20230925_111546_V06,-0.722,0.063,408.238,147.145,44.355,-81.166,25.286,22177.721,93648.360,20230925_071546,479174,29582,77683,19324
6,KBYX20230925_105151_V06,-24.639,0.182,399.477,255.475,16.417,-81.211,24.797,8208.359,54493.511,20230925_065151,479170,31768,71776,21686
10,KBYX20230925_110600_V06,-10.489,0.070,448.626,266.999,13.319,-80.969,24.744,6659.504,76123.085,20230925_070600,479175,31034,74515,21120
16,KBYX20230927_110702_V06,-10.191,0.260,390.912,99.043,21.321,-81.251,25.503,10660.694,110282.264,20230927_070702,479171,123981,176926,17343
16,KBYX20230927_111246_V06,-4.457,0.074,391.499,98.212,28.521,-81.248,25.507,14260.747,110781.998,20230927_071246,479169,125081,177768,17513
4,KBYX20230927_102740_V06,-49.557,0.235,314.508,127.027,24.650,-81.631,25.378,12325.222,86790.213,20230927_062740,479176,112634,177731,13240
9,KBYX20230928_112710_V06,9.571,0.140,191.299,390.066,44.293,-82.238,24.189,22146.448,70582.945,20230928_072710,479177,123734,178532,18865
9,KBYX20230928_113232_V06,14.937,0.094,192.396,389.764,50.160,-82.233,24.191,25080.214,70064.647,20230928_073232,479175,118577,175259,17281
9,KBYX20230928_113754_V06,20.304,0.192,200.104,388.550,39.951,-82.195,24.196,19975.683,66746.379,20230928_073754,479168,114804,171861,17256
9,KBYX20230928_114317_V06,25.687,0.135,200.968,388.263,46.186,-82.191,24.198,23093.101,66328.207,20230928_074317,479173,108003,166232,15862
23,KBYX20230928_121414_V06,56.637,0.060,280.023,157.649,12.703,-81.802,25.239,6351.364,71872.712,20230928_081414,479171,73380,138288,11612
23,KBYX20230928_121922_V06,61.771,0.051,280.660,157.282,19.031,-81.799,25.241,9515.457,72011.403,20230928_081922,479173,70668,137293,11660
19,KBYX20230928_120906_V06,51.504,0.102,218.467,380.554,44.777,-82.105,24.233,22388.622,57307.500,20230928_080906,479173,77341,141813,12507
10,KBYX20230929_110401_V06,-13.955,0.340,437.943,156.275,10.948,-81.019,25.244,5473.789,99605.630,20230929_070401,479168,123793,79363,87220
10,KBYX20230929_110840_V06,-9.305,-1.000,437.943,156.275,18.341,-81.019,25.244,9170.539,99605.630,20230929_070840,479174,120388,81808,84616
10,KBYX20230929_111319_V06,-4.655,0.315,426.870,159.463,29.781,-81.074,25.230,14890.576,94666.118,20230929_071319,479174,122582,86214,85694
10,KBYX20230929_111757_V06,-0.021,0.299,429.767,157.810,30.631,-81.059,25.237,15315.410,96251.341,20230929_071757,479170,121520,90428,84482
10,KBYX20230929_112224_V06,4.429,0.254,429.812,157.253,34.850,-81.059,25.240,17424.998,96472.765,20230929_072224,479163,120376,94568,82341
10,KBYX20230929_112651_V06,8.879,0.104,435.056,151.028,34.436,-81.033,25.268,17218.096,100539.368,20230929_072651,479168,115389,97408,77401
10,KBYX20230929_113116_V06,13.295,0.137,434.856,149.120,39.684,-81.034,25.276,19842.177,101181.654,20230929_073116,479172,112190,100616,74258
10,KBYX20230929_113554_V06,17.929,0.115,437.140,144.026,41.644,-81.022,25.299,20822.227,103845.341,20230929_073554,479173,110285,102786,72452
10,KBYX20230929_114032_V06,22.562,0.143,439.158,127.206,37.244,-81.012,25.375,18621.910,110930.675,20230929_074032,479168,104112,104716,66785
29,KBYX20230929_122544_V06,67.762,0.326,227.178,428.989,17.742,-82.061,24.014,8871.176,74063.086,20230929_082544,479178,72954,110797,38216
29,KBYX20230929_123015_V06,72.279,0.428,227.240,427.770,23.025,-82.061,24.020,11512.317,73517.201,20230929_083015,479169,70526,110106,36526
29,KBYX20230929_123455_V06,76.945,0.459,228.782,425.991,23.697,-82.053,24.028,11848.648,72363.189,20230929_083455,479174,68186,108899,34835
29,KBYX20230929_123949_V06,81.845,0.071,234.918,426.524,27.650,-82.023,24.025,13825.060,71140.584,20230929_083949,479176,65689,107805,33492
7,KBYX20230930_112311_V06,4.833,0.472,397.012,251.181,17.704,-81.224,24.817,8852.077,54301.693,20230930_072311,479166,100934,106889,53692
7,KBYX20230930_112848_V06,10.450,0.216,394.858,250.940,24.388,-81.234,24.818,12194.030,53396.830,20230930_072848,479173,95859,108958,48494
1,KBYX20231002_102302_V06,-56.087,0.167,376.237,410.238,9.632,-81.328,24.099,4815.771,67015.739,20231002_062302,479175,146658,87709,91195
1,KBYX20231002_102853_V06,-50.237,0.052,376.066,408.583,7.972,-81.329,24.106,3985.769,66287.711,20231002_062853,479183,141350,89073,84754
9,KBYX20231002_115418_V06,35.179,0.058,333.408,403.906,30.828,-81.539,24.128,15414.085,54572.512,20231002_075418,479173,85104,120521,32952
4,KBYX20231003_114936_V06,30.087,0.052,399.578,365.721,11.842,-81.213,24.299,5920.891,59655.157,20231003_074936,479179,79996,85208,45235
4,KBYX20231003_115414_V06,34.721,0.056,399.148,365.994,18.463,-81.215,24.298,9231.466,59551.496,20231003_075414,479163,78884,85946,43981
1,KBYX20231003_103532_V06,-43.979,0.062,437.571,395.087,12.113,-81.026,24.166,6056.356,83617.209,20231003_063532,479165,171110,62829,134417
3,KBYX20231003_114458_V06,25.454,0.055,406.266,358.530,13.939,-81.180,24.332,6969.555,60659.205,20231003_074458,479180,86125,84608,50860
6,KBYX20231004_123424_V06,74.490,0.082,281.385,430.331,5.759,-81.795,24.009,2879.684,65826.851,20231004_083424,479165,57648,102424,23406
8,KBYX20231006_123357_V06,73.231,0.145,200.995,316.691,13.575,-82.192,24.521,6787.508,50201.155,20231006_083357,479166,37856,99315,13757
8,KBYX20231006_123836_V06,77.881,0.052,203.188,316.060,19.677,-82.181,24.524,9838.626,49067.526,20231006_083836,479168,36733,99881,12721
6,KBYX20231006_121046_V06,50.048,0.122,213.970,316.662,16.057,-82.128,24.521,8028.336,43814.433,20231006_081046,479165,42717,104334,17849
10,KBYX20231007_104818_V06,-32.832,0.402,388.460,345.999,11.249,-81.267,24.389,5624.716,49852.564,20231007_064818,479164,115822,69141,89693
10,KBYX20231007_105247_V06,-28.349,0.207,388.639,345.386,17.547,-81.266,24.391,8773.633,49791.288,20231007_065247,479169,107860,69696,84290
10,KBYX20231007_110135_V06,-19.549,0.210,392.899,342.760,22.207,-81.245,24.403,11103.337,51133.473,20231007_070135,479168,101852,74737,81066
10,KBYX20231007_110602_V06,-15.099,0.086,395.873,343.522,23.881,-81.231,24.400,11940.717,52644.645,20231007_070602,479168,101359,77204,80863
10,KBYX20231007_111041_V06,-10.449,-1.000,398.537,343.451,26.107,-81.218,24.400,13053.596,53845.796,20231007_071041,479168,98640,81288,77774
10,KBYX20231007_111520_V06,-5.799,0.089,384.731,351.489,13.478,-81.286,24.364,6739.111,49574.112,20231007_071520,479165,100692,85737,78233
9,KBYX20231008_110759_V06,-13.567,0.237,174.890,121.527,8.343,-82.325,25.401,4171.595,108978.367,20231008_070759,479171,354560,44194,322544
9,KBYX20231008_111237_V06,-8.934,0.131,175.082,121.942,14.129,-82.324,25.399,7064.448,108753.471,20231008_071237,479167,358692,47761,323471
9,KBYX20231008_111716_V06,-4.284,0.105,179.024,127.397,16.747,-82.304,25.375,8373.606,105388.576,20231008_071716,479170,360328,51412,322157
9,KBYX20231008_112210_V06,0.616,0.147,182.187,130.631,16.732,-82.289,25.360,8366.131,103157.469,20231008_072210,479173,353638,55313,313315
5,KBYX20231008_104008_V06,-41.417,0.533,297.944,172.230,9.468,-81.714,25.174,4734.047,63893.464,20231008_064008,479169,349167,36666,323493
5,KBYX20231008_104447_V06,-36.767,-1.000,297.944,172.230,16.862,-81.714,25.174,8430.797,63893.464,20231008_064447,479163,347629,35626,322693
5,KBYX20231008_104925_V06,-32.134,0.057,298.913,170.818,19.882,-81.709,25.180,9940.808,64593.216,20231008_064925,479170,347037,35763,322195
8,KBYX20231008_110759_V06,-13.567,0.590,305.996,175.671,6.320,-81.674,25.158,3160.152,62236.734,20231008_070759,479171,354560,44194,322544
8,KBYX20231008_111237_V06,-8.934,0.113,306.148,175.954,12.333,-81.673,25.157,6166.555,62099.234,20231008_071237,479167,358692,47761,323471
8,KBYX20231008_111716_V06,-4.284,-1.000,306.266,176.176,18.664,-81.672,25.156,9332.208,61991.460,20231008_071716,479170,360328,51412,322157
8,KBYX20231008_112210_V06,0.616,0.148,310.623,174.896,7.883,-81.651,25.162,3941.490,62776.930,20231008_072210,479173,353638,55313,313315
8,KBYX20231008_112703_V06,5.499,0.195,311.567,175.077,13.419,-81.646,25.161,6709.687,62728.506,20231008_072703,479166,353398,61731,308083
13,KBYX20231008_120612_V06,44.649,0.056,130.815,98.309,62.203,-82.545,25.505,31101.582,131627.289,20231008_080612,479160,328829,84553,267273
2,KBYX20231009_103313_V06,-48.759,0.613,244.781,411.370,16.054,-81.975,24.094,8027.061,62153.841,20231009_063313,479166,236282,45473,210887
3,KBYX20231009_103313_V06,-48.759,0.067,259.631,475.093,12.509,-81.901,23.806,6254.692,89843.082,20231009_063313,479166,236282,45473,210887
3,KBYX20231009_103806_V06,-43.876,-1.000,259.631,475.093,20.274,-81.901,23.806,10136.942,89843.082,20231009_063806,479173,235200,45359,209710
3,KBYX20231009_104300_V06,-38.976,0.091,261.017,478.564,15.211,-81.895,23.791,7605.650,91384.718,20231009_064300,479169,244552,45891,218326
7,KBYX20231009_104754_V06,-34.076,0.244,101.029,361.705,20.946,-82.683,24.315,10473.069,104159.682,20231009_064754,479165,244333,47401,217536
8,KBYX20231009_104754_V06,-34.076,0.074,251.465,410.315,15.392,-81.942,24.099,7695.984,60260.077,20231009_064754,479165,244333,47401,217536
9,KBYX20231009_110235_V06,-19.392,0.056,75.109,252.143,41.228,-82.815,24.809,20613.853,114963.398,20231009_070235,479169,240877,52535,212573
13,KBYX20231009_112125_V06,-0.559,0.107,421.969,238.095,24.339,-81.100,24.875,12169.308,68389.981,20231009_072125,479166,254845,64274,220600
17,KBYX20231009_115158_V06,29.991,0.115,407.570,255.411,22.327,-81.171,24.797,11163.601,58222.792,20231009_075158,479169,225425,79271,185937
17,KBYX20231009_120258_V06,40.991,0.062,415.328,254.474,17.375,-81.133,24.801,8687.469,61994.525,20231009_080258,479170,213226,85022,170100
3,KBYX20231011_103942_V06,-43.143,0.056,246.707,358.316,23.472,-81.966,24.333,11736.156,39499.805,20231011_063942,479180,47638,87813,15043
3,KBYX20231011_104506_V06,-37.743,0.070,247.406,358.068,30.896,-81.962,24.335,15447.774,39172.799,20231011_064506,479169,52953,88211,19556
3,KBYX20231011_105028_V06,-32.377,0.054,249.778,345.267,26.082,-81.951,24.392,13041.155,33806.086,20231011_065028,479177,52924,89131,19822
3,KBYX20231011_110103_V06,-21.793,0.341,241.409,345.373,31.122,-81.992,24.392,15561.124,37052.992,20231011_070103,479172,53358,91516,19820
13,KBYX20231011_122003_V06,57.207,0.091,395.835,170.393,17.599,-81.228,25.181,8799.473,80595.265,20231011_082003,479173,34080,87217,12554
1,KBYX20231012_114748_V06,24.513,0.052,307.854,343.376,29.620,-81.665,24.401,14810.135,22040.668,20231012_074748,479172,26946,82597,23286
1,KBYX20231012_120048_V06,37.513,0.187,307.254,345.285,36.477,-81.668,24.393,18238.308,22931.189,20231012_080048,479171,30769,74441,28302
1,KBYX20231012_120742_V06,44.413,0.081,302.273,347.746,29.218,-81.692,24.381,14608.982,23899.812,20231012_080742,479166,31199,73442,28696
3,KBYX20231012_123527_V06,72.163,0.073,303.540,349.418,38.669,-81.686,24.374,19334.379,24772.350,20231012_083527,479170,29159,69278,27310
1,KBYX20231015_110408_V06,-20.524,0.362,420.216,201.719,15.021,-81.108,25.039,7510.250,77638.667,20231015_070408,479168,219628,113215,138331
1,KBYX20231015_111015_V06,-14.407,0.172,420.130,199.929,24.269,-81.108,25.047,12134.695,78174.972,20231015_071015,479176,218256,115289,136610
3,KBYX20231015_111015_V06,-14.407,0.074,159.636,349.514,19.261,-82.395,24.372,9630.426,74420.627,20231015_071015,479176,218256,115289,136610
4,KBYX20231015_112834_V06,3.910,0.104,351.063,317.481,23.143,-81.451,24.518,11571.415,26986.285,20231015_072834,479178,203323,127585,122467
4,KBYX20231015_113441_V06,10.026,0.083,356.264,313.713,19.404,-81.426,24.535,9701.790,28955.634,20231015_073441,479183,196593,131523,116240
9,KBYX20231015_121122_V06,46.710,0.132,25.634,410.683,45.703,-83.052,24.091,22851.637,147925.126,20231015_081122,479177,177308,143072,100372
9,KBYX20231015_121729_V06,52.826,-1.000,25.634,410.683,55.429,-83.052,24.091,27714.387,147925.126,20231015_081729,479183,171834,143571,96022
9,KBYX20231015_122335_V06,58.926,0.051,27.982,422.116,40.601,-83.040,24.040,20300.312,149085.789,20231015_082335,479177,171357,142716,97438
10,KBYX20231015_121729_V06,52.826,0.137,200.198,358.009,16.528,-82.195,24.334,8264.067,57717.959,20231015_081729,479183,171834,143571,96022
15,KBYX20231015_124155_V06,77.260,0.057,335.899,357.320,31.506,-81.526,24.338,15752.834,33816.752,20231015_084155,479173,161276,138356,94923
3,KBYX20231016_115431_V06,29.389,0.085,46.993,183.438,69.235,-82.958,25.118,34617.462,139283.228,20231016_075431,479173,352876,49355,322387
3,KBYX20231016_120446_V06,39.639,0.309,44.551,197.664,72.350,-82.969,25.054,36175.045,137592.655,20231016_080446,479173,347199,51675,315841
3,KBYX20231016_120940_V06,44.539,0.155,45.953,210.761,67.844,-82.962,24.994,33922.242,134632.349,20231016_080940,479170,348203,51212,317064
3,KBYX20231016_121433_V06,49.423,0.189,53.238,214.130,72.460,-82.925,24.980,36230.031,130638.014,20231016_081433,479172,342044,52545,311174
2,KBYX20231016_103038_V06,-54.494,0.061,168.487,115.328,5.383,-82.357,25.429,2691.442,113357.133,20231016_063038,479171,317944,24938,304781
1,KBYX20231019_111415_V06,-12.330,0.137,316.599,309.889,6.728,-81.621,24.552,3364.140,9660.745,20231019_071415,479173,26640,64021,13351
16,KBYX20231020_110600_V06,-21.078,0.054,18.844,243.655,15.349,-83.094,24.845,7674.541,143373.161,20231020_070600,479171,128719,198171,7049
16,KBYX20231020_111156_V06,-15.145,0.146,19.383,242.563,21.954,-83.092,24.850,10977.228,143217.260,20231020_071156,479173,125942,195344,8104
26,KBYX20231020_114920_V06,22.255,0.054,28.471,354.529,24.203,-83.041,24.345,12101.397,138475.148,20231020_074920,479166,100687,167339,8948
26,KBYX20231020_120122_V06,34.288,0.070,32.128,353.350,36.796,-83.023,24.350,18397.907,136566.462,20231020_080122,479175,92411,163694,7627
26,KBYX20231020_120646_V06,39.688,-1.000,33.704,352.842,42.564,-83.016,24.353,21281.873,135744.121,20231020_080646,479167,88989,162313,8571
26,KBYX20231020_121236_V06,45.522,0.053,44.594,350.275,37.444,-82.962,24.365,18721.954,130153.747,20231020_081236,479171,83546,159948,7825
26,KBYX20231020_121800_V06,50.922,0.051,50.208,352.585,29.889,-82.934,24.355,14944.537,127633.531,20231020_081800,479170,80928,160350,8028
28,KBYX20231020_120122_V06,34.288,0.051,44.025,422.370,52.675,-82.962,24.039,26337.715,141860.695,20231020_080122,479175,92411,163694,7627
28,KBYX20231020_120646_V06,39.688,0.058,45.457,423.207,59.574,-82.954,24.036,29787.165,141396.838,20231020_080646,479167,88989,162313,8571
8,KBYX20231020_104805_V06,-38.995,0.230,192.998,415.516,9.189,-82.229,24.075,4594.355,78729.553,20231020_064805,479175,134301,202957,6764
43,KBYX20231020_123354_V06,66.822,0.114,363.711,99.360,27.105,-81.386,25.502,13552.738,105256.227,20231020_083354,479181,78687,162665,8044
1,KBYX20231021_104556_V06,-41.651,0.067,357.793,424.145,32.398,-81.419,24.036,16198.771,68469.011,20231021_064556,479165,23004,74443,16595
3,KBYX20231024_122740_V06,58.523,0.153,351.264,361.069,13.401,-81.451,24.321,6700.418,39866.642,20231024_082740,479170,30018,74499,19582
5,KBYX20231025_121759_V06,48.305,0.060,377.077,410.350,34.784,-81.324,24.098,17392.191,67301.620,20231025_081759,479168,34666,44679,25623
4,KBYX20231026_104423_V06,-45.837,0.283,289.262,427.153,20.308,-81.756,24.023,10154.062,63802.779,20231026_064423,479172,58588,119053,8009
6,KBYX20231026_104917_V06,-40.937,0.067,351.476,125.282,57.461,-81.448,25.385,28730.659,91071.567,20231026_064917,479174,55600,124037,5526
6,KBYX20231026_105412_V06,-36.020,-1.000,351.476,125.282,65.279,-81.448,25.385,32639.409,91071.567,20231026_065412,479178,54171,123407,5563
6,KBYX20231026_110344_V06,-26.487,0.228,343.114,113.592,54.225,-81.489,25.438,27112.690,95664.643,20231026_070344,479174,54062,121015,5827
13,KBYX20231026_112649_V06,-3.404,0.066,294.578,333.576,12.803,-81.730,24.445,6401.739,17005.643,20231026_072649,479165,60281,127934,9250
14,KBYX20231026_112649_V06,-3.404,0.051,99.035,173.046,19.488,-82.700,25.167,9744.178,118853.106,20231026_072649,479165,60281,127934,9250
23,KBYX20231026_114524_V06,15.180,0.185,337.500,309.579,19.609,-81.518,24.554,9804.337,19352.146,20231026_074524,479172,67030,140319,9067
35,KBYX20231026_121031_V06,40.296,0.121,415.964,514.510,32.008,-81.135,23.628,16004.036,121924.298,20231026_081031,479172,83318,150551,9680
40,KBYX20231026_122706_V06,56.880,0.098,206.904,420.969,13.452,-82.161,24.050,6725.822,76322.099,20231026_082706,479175,89630,155101,9474
3,KBYX20231027_120133_V06,30.780,0.090,227.622,374.362,20.757,-82.060,24.261,10378.675,51885.212,20231027_080133,479170,63500,64584,47485
3,KBYX20231027_120612_V06,35.430,0.068,228.818,374.561,26.516,-82.054,24.260,13258.236,51541.939,20231027_080612,479167,63349,65885,47479
3,KBYX20231027_121204_V06,41.297,-1.000,229.999,374.758,34.230,-82.048,24.259,17115.178,51207.706,20231027_081204,479174,60562,68550,43652
3,KBYX20231027_121642_V06,45.930,0.057,219.608,383.457,20.342,-82.099,24.220,10171.005,57939.404,20231027_081642,479174,55688,70385,39062
3,KBYX20231027_122119_V06,50.547,0.102,217.882,384.124,26.202,-82.108,24.217,13100.907,58779.781,20231027_082119,479166,56313,72587,39157
3,KBYX20231027_122558_V06,55.197,0.057,208.468,389.244,19.997,-82.154,24.193,9998.495,63919.277,20231027_082558,479170,51811,74671,34863
10,KBYX20231029_124135_V06,69.691,0.065,517.420,496.171,27.290,-80.637,23.708,13645.242,146419.428,20231029_084135,479173,15597,64170,3615
5,KBYX20231030_103448_V06,-57.666,0.051,519.976,472.969,13.358,-80.624,23.812,6679.073,139917.481,20231030_063448,479182,25623,74730,2857
14,KBYX20231030_124413_V06,71.751,0.093,263.513,386.995,31.214,-81.883,24.204,15607.122,47168.531,20231030_084413,479165,32720,85504,3811
7,KBYX20231031_110243_V06,-30.330,0.145,449.513,142.062,40.648,-80.961,25.308,20324.135,108741.262,20231031_070243,479169,108526,117970,52609
7,KBYX20231031_110750_V06,-25.213,0.064,449.997,144.118,46.765,-80.959,25.299,23382.533,108164.620,20231031_070750,479164,92903,116518,43216
9,KBYX20231031_113259_V06,-0.063,0.250,419.739,174.359,23.159,-81.109,25.163,11579.678,86780.168,20231031_073259,479168,86044,131564,38995
10,KBYX20231031_114739_V06,14.603,0.051,444.302,174.588,36.752,-80.988,25.161,18375.763,95591.799,20231031_074739,479167,80930,139437,35496
1,KBYX20231103_114730_V06,12.663,0.077,392.016,169.627,35.995,-81.247,25.185,17997.398,79787.455,20231103_074730,479173,22688,24946,21397
2,KBYX20231103_114730_V06,12.663,0.069,510.948,519.583,33.692,-80.670,23.602,16845.873,152245.986,20231103_074730,479173,22688,24946,21397
10,KBYX20231109_122726_V06,48.810,0.063,540.568,435.514,20.632,-80.521,23.981,10315.832,138055.295,20231109_072726,479173,21948,84786,5153
10,KBYX20231109_123205_V06,53.460,0.118,539.672,435.497,26.335,-80.526,23.981,13167.309,137661.055,20231109_073205,479169,21638,84063,5425
10,KBYX20231109_123636_V06,57.977,0.064,534.345,435.803,20.719,-80.552,23.980,10359.409,135425.080,20231109_073636,479177,20357,83995,4871
9,KBYX20231109_122726_V06,48.810,0.108,533.138,481.364,27.866,-80.560,23.774,13932.754,147687.243,20231109_072726,479173,21948,84786,5153
1,KBYX20231110_112444_V06,-14.546,0.114,508.378,122.829,12.870,-80.668,25.393,6435.051,136758.032,20231110_062444,479179,6719,42581,4509
2,KBYX20231113_120635_V06,25.300,0.087,341.989,414.746,34.087,-81.497,24.079,17043.268,61093.395,20231113_070635,479172,7547,86296,5222
5,KBYX20231114_114209_V06,0.188,0.071,506.798,141.186,7.965,-80.676,25.310,3982.380,130371.785,20231114_064209,479173,11080,66132,8603
8,KBYX20231115_111225_V06,-30.230,0.107,221.778,197.546,16.913,-82.091,25.059,8456.697,64450.601,20231115_061225,479171,172053,210775,10628
8,KBYX20231115_111811_V06,-24.463,0.252,219.549,195.572,22.740,-82.102,25.068,11370.106,65911.908,20231115_061811,479168,180316,216876,11193
3,KBYX20231115_104311_V06,-59.463,0.069,343.893,149.177,9.242,-81.485,25.278,4620.754,78540.070,20231115_054311,479180,128616,176225,8723
4,KBYX20231115_104311_V06,-59.463,0.056,102.831,340.994,11.104,-82.675,24.409,5551.872,100692.630,20231115_054311,479180,128616,176225,8723
7,KBYX20231115_110035_V06,-42.063,0.055,184.746,390.515,23.679,-82.270,24.187,11839.300,73274.146,20231115_060035,479178,152887,197778,8501
4,KBYX20231117_130152_V06,77.839,0.322,103.989,392.488,14.025,-82.668,24.176,7012.698,108367.850,20231117_080152,479172,7566,62504,3018
5,KBYX20231118_110452_V06,-39.858,0.654,253.174,118.548,39.682,-81.936,25.416,19840.918,93698.155,20231118_060452,479173,31094,97314,3886
39,KBYX20231118_121433_V06,29.826,0.144,316.308,461.239,23.477,-81.623,23.869,11738.564,81030.750,20231118_071433,479174,32122,94537,6947
60,KBYX20231118_124133_V06,56.826,0.052,175.963,355.054,17.215,-82.314,24.347,8607.580,67852.769,20231118_074133,479171,35043,92048,7941
62,KBYX20231118_124610_V06,61.442,0.083,452.176,364.979,19.462,-80.954,24.302,9731.096,82734.324,20231118_074610,479182,34910,91187,7502
64,KBYX20231118_124610_V06,61.442,0.054,339.150,477.535,25.778,-81.511,23.795,12889.095,90900.466,20231118_074610,479182,34910,91187,7502
67,KBYX20231118_125042_V06,65.976,0.070,252.238,133.081,30.070,-81.941,25.350,15035.179,86809.190,20231118_075042,479185,33817,93155,5994
73,KBYX20231118_130419_V06,79.592,0.200,390.292,181.618,16.088,-81.256,25.131,8043.915,74442.804,20231118_080419,479180,30650,92526,5559
73,KBYX20231118_130851_V06,84.126,0.179,384.898,168.146,33.763,-81.282,25.192,16881.302,78410.781,20231118_080851,479170,28718,91116,6088
76,KBYX20231118_130419_V06,79.592,0.056,379.976,155.775,16.678,-81.306,25.247,8339.081,82457.477,20231118_080419,479180,30650,92526,5559
77,KBYX20231118_130851_V06,84.126,0.430,25.108,191.641,45.140,-83.066,25.080,22569.839,147739.113,20231118_080851,479170,28718,91116,6088
3,KBYX20231120_114700_V06,0.874,0.061,513.593,172.776,28.189,-80.644,25.167,14094.627,124306.007,20231120_064700,479179,16099,69700,5144
3,KBYX20231120_115132_V06,5.407,0.349,513.976,169.238,34.475,-80.642,25.183,17237.707,125383.724,20231120_065132,479178,15496,69457,5092
3,KBYX20231120_120041_V06,14.557,0.328,510.609,154.538,43.231,-80.658,25.250,21615.539,127979.781,20231120_070041,479174,14945,68860,4776
25,KBYX20231121_121614_V06,29.402,0.275,324.889,349.745,14.123,-81.581,24.372,7061.255,27811.881,20231121_071614,479178,28366,58339,14886
25,KBYX20231121_122052_V06,34.036,0.494,323.950,348.168,19.892,-81.585,24.379,9945.799,26896.656,20231121_072052,479180,28847,58443,15047
23,KBYX20231121_120722_V06,20.536,0.080,334.284,355.778,12.220,-81.534,24.345,6109.884,32735.861,20231121_070722,479187,28573,57424,15238
30,KBYX20231121_131051_V06,84.019,0.072,432.898,499.884,20.671,-81.052,23.693,10335.530,120016.251,20231121_081051,479175,38500,61287,19299
2,KBYX20231123_105049_V06,-57.428,0.073,425.434,184.157,5.643,-81.081,25.119,2821.671,85371.572,20231123_055049,479176,16262,72589,2370
2,KBYX20231123_105515_V06,-52.995,-1.000,425.434,184.157,12.692,-81.081,25.119,6346.171,85371.572,20231123_055515,479177,15743,73185,2113
2,KBYX20231123_110413_V06,-44.028,0.102,436.942,165.017,26.559,-81.024,25.205,13279.320,96142.324,20231123_060413,479177,16110,75293,2325
3,KBYX20231125_110254_V06,-46.763,0.315,105.140,379.891,16.389,-82.663,24.233,8194.572,105300.814,20231125_060254,479177,31066,86655,2633
6,KBYX20231125_110254_V06,-46.763,0.124,50.206,510.398,38.092,-82.927,23.642,19045.811,163297.558,20231125_060254,479177,31066,86655,2633
12,KBYX20231125_111648_V06,-32.863,0.063,57.726,518.704,24.860,-82.890,23.605,12429.804,163193.127,20231125_061648,479177,31134,85611,2815
6,KBYX20231203_123225_V06,37.116,0.115,351.463,307.999,13.228,-81.449,24.561,6614.132,26040.290,20231203_073225,479174,19888,70240,10273
7,KBYX20231203_130012_V06,64.900,0.058,346.477,308.790,10.875,-81.474,24.557,5437.592,23650.354,20231203_080012,479177,16913,66308,9325
3,KBYX20231204_120626_V06,10.441,0.095,357.892,240.416,37.606,-81.417,24.866,18802.914,41538.362,20231204_070626,479172,11032,38413,6084
1,KBYX20231205_131059_V06,74.304,0.598,350.481,59.640,36.264,-81.452,25.682,18132.095,122801.911,20231205_081059,479178,13278,57342,9036
1,KBYX20231205_131538_V06,78.954,0.187,348.775,63.404,42.688,-81.460,25.665,21343.835,120785.375,20231205_081538,479173,17040,60672,11654
3,KBYX20231205_132016_V06,83.587,0.056,182.898,82.893,47.692,-82.286,25.576,23846.020,123337.176,20231205_082016,479174,17479,61268,12485
3,KBYX20231208_125114_V06,52.527,0.067,417.225,159.852,20.920,-81.122,25.228,10460.037,91355.258,20231208_075114,479179,32862,43774,25951
1,KBYX20231210_113807_V06,-21.904,0.073,422.716,190.957,22.372,-81.095,25.088,11186.134,82081.500,20231210_063807,479180,18141,39872,12890
1,KBYX20231210_114245_V06,-17.271,0.417,421.567,189.993,29.020,-81.101,25.092,14509.936,81975.628,20231210_064245,479180,19844,39207,14374
1,KBYX20231210_114724_V06,-12.621,0.162,409.255,182.125,24.706,-81.162,25.128,12353.088,80360.655,20231210_064724,479179,23339,39424,17473
1,KBYX20231210_115201_V06,-8.004,0.161,408.296,182.054,31.727,-81.166,25.128,15863.665,80061.219,20231210_065201,479176,19378,38914,13978
3,KBYX20231213_111134_V06,-50.357,0.060,23.830,116.890,37.053,-83.076,25.417,18526.506,165679.659,20231213_061134,479171,345918,361888,5107
3,KBYX20231213_111838_V06,-43.291,0.281,25.042,118.972,45.886,-83.070,25.408,22942.838,164600.195,20231213_061838,479172,348043,363789,4853
4,KBYX20231213_112542_V06,-36.224,0.094,554.919,478.247,21.751,-80.453,23.787,10875.560,155527.918,20231213_062542,479171,348460,362081,5236
5,KBYX20231214_130524_V06,62.863,0.179,194.665,435.290,42.677,-82.221,23.985,21338.640,85730.283,20231214_080524,479177,30487,59331,2428
5,KBYX20231214_131003_V06,67.513,0.053,193.080,436.483,48.245,-82.229,23.980,24122.517,86688.453,20231214_081003,479183,30024,57682,2334
5,KBYX20231214_131441_V06,72.146,0.062,172.552,439.049,38.593,-82.329,23.968,19296.711,94310.282,20231214_081441,479176,29126,56618,2145
8,KBYX20231214_131441_V06,72.146,0.069,389.005,318.520,25.370,-81.264,24.513,12684.937,45455.629,20231214_081441,479176,29126,56618,2145
9,KBYX20231215_114510_V06,-17.972,0.056,335.691,487.473,13.478,-81.528,23.751,6739.080,95420.238,20231215_064510,479171,181799,218715,14039
9,KBYX20231215_115116_V06,-11.872,0.138,338.116,486.906,24.807,-81.516,23.753,12403.731,95376.531,20231215_065116,479183,175349,208517,16253
20,KBYX20231215_123843_V06,35.578,0.059,27.263,413.236,45.233,-83.044,24.080,22616.737,147654.996,20231215_073843,479174,140258,181305,10609
20,KBYX20231215_124449_V06,41.678,-1.000,27.263,413.236,54.932,-83.044,24.080,27466.237,147654.996,20231215_074449,479179,142268,183021,8946
20,KBYX20231215_125055_V06,47.778,0.068,26.521,395.275,47.144,-83.049,24.161,23571.915,144800.105,20231215_075055,479182,143493,182001,8846
29,KBYX20231215_130906_V06,65.961,0.053,369.433,246.507,23.278,-81.360,24.838,11638.920,43825.003,20231215_080906,479178,143144,182692,8016
10,KBYX20231217_123846_V06,34.464,0.062,304.094,314.654,21.210,-81.683,24.531,10605.247,7607.352,20231217_073846,479170,94617,129368,10902
10,KBYX20231217_124521_V06,41.047,0.158,306.850,313.171,29.257,-81.670,24.537,14628.548,7422.989,20231217_074521,479171,90549,127740,9376
15,KBYX20231217_132324_V06,79.097,0.065,375.630,284.653,29.202,-81.330,24.666,14601.013,38585.732,20231217_082324,479177,68864,109505,7064
3,KBYX20231218_111554_V06,-48.964,0.059,407.238,188.824,13.477,-81.172,25.098,6738.491,77233.576,20231218_061554,479174,15303,53900,10832
3,KBYX20231218_112252_V06,-41.997,0.104,424.810,167.271,39.287,-81.084,25.195,19643.532,91096.646,20231218_062252,479174,11510,55170,7619
9,KBYX20231218_122636_V06,21.736,0.086,301.553,114.392,29.980,-81.696,25.435,14990.124,92807.064,20231218_072636,479174,10785,46663,8033
12,KBYX20231218_124750_V06,42.970,0.054,200.292,331.503,38.201,-82.195,24.454,19100.737,52283.379,20231218_074750,479173,8861,46392,6248
13,KBYX20231218_130853_V06,64.020,0.061,216.717,296.798,22.704,-82.115,24.611,11351.959,41672.272,20231218_080853,479174,13362,44899,10995
1,KBYX20231221_110853_V06,-57.573,0.087,196.428,294.353,4.838,-82.215,24.622,2418.983,51862.826,20231221_060853,479173,28864,92691,2093
2,KBYX20231222_120048_V06,-6.155,0.308,377.655,45.779,4.817,-81.316,25.744,2408.504,132908.543,20231222_070048,479180,24631,69586,5544
9,KBYX20231222_130545_V06,58.795,0.119,309.098,432.262,32.773,-81.659,24.000,16386.467,66287.486,20231222_080545,479175,21283,63595,5417
13,KBYX20231224_114906_V06,-18.801,0.076,340.259,378.541,7.840,-81.505,24.242,3919.819,44128.909,20231224_064906,479177,15663,42151,10782
13,KBYX20231224_115442_V06,-13.201,-1.000,340.259,378.541,16.744,-81.505,24.242,8371.819,44128.909,20231224_065442,479172,16251,39883,11876
13,KBYX20231224_120541_V06,-2.217,0.073,343.058,373.412,17.566,-81.491,24.265,8783.060,42553.550,20231224_070541,479170,21220,36911,16502
13,KBYX20231224_121147_V06,3.883,0.057,336.994,372.859,17.068,-81.521,24.268,8534.085,40856.575,20231224_071147,479172,23668,36134,18659
4,KBYX20231224_112752_V06,-40.034,0.082,364.848,419.360,29.199,-81.385,24.058,14599.733,67919.106,20231224_062752,479174,11796,48510,5460
7,KBYX20231224_113315_V06,-34.651,0.107,275.541,194.216,3.998,-81.825,25.074,1998.756,54287.466,20231224_063315,479176,12656,47767,6443
10,KBYX20231224_114344_V06,-24.167,0.176,165.948,396.475,30.455,-82.363,24.160,15227.722,82579.222,20231224_064344,479171,13995,44818,8490
10,KBYX20231226_131455_V06,66.142,0.057,71.327,378.631,22.876,-82.829,24.238,11438.126,120907.015,20231226_081455,479173,9175,36593,2001
10,KBYX20231230_131812_V06,67.908,0.221,56.665,372.484,86.316,-82.902,24.265,43157.848,126950.763,20231230_081812,479172,37468,74345,7106
10,KBYX20231230_132412_V06,73.908,0.105,60.707,373.347,92.344,-82.882,24.261,46171.757,125140.692,20231230_082412,479177,39964,74314,7679
10,KBYX20231230_133012_V06,79.908,0.109,76.220,359.378,101.611,-82.806,24.325,50805.337,115762.011,20231230_083012,479177,42123,75208,7812
10,KBYX20231230_133555_V06,85.625,0.176,88.044,353.521,106.815,-82.748,24.352,53407.570,109304.187,20231230_083555,479173,45325,77192,7973
8,KBYX20231230_124223_V06,32.091,0.154,28.849,450.003,54.464,-83.035,23.914,27232.098,154938.481,20231230_074223,479176,61654,103018,8326
8,KBYX20231230_124829_V06,38.191,0.132,31.250,449.035,63.286,-83.023,23.918,31642.795,153653.922,20231230_074829,479173,56712,99355,8503
2,KBYX20231230_120619_V06,-3.975,0.069,21.154,337.091,29.063,-83.078,24.423,14531.672,140650.929,20231230_070619,479172,89969,131454,10917
2,KBYX20231230_121220_V06,2.041,0.103,35.034,325.374,66.349,-83.010,24.477,33174.366,133088.979,20231230_071220,479171,89781,126489,10436
7,KBYX20231230_123018_V06,20.008,0.067,62.143,317.174,86.336,-82.877,24.515,43168.106,119237.920,20231230_073018,479176,78710,121758,8467
9,KBYX20231230_130028_V06,50.175,0.072,28.241,373.020,46.557,-83.041,24.261,23278.299,140698.998,20231230_080028,479175,43751,88509,7281
