track_id,filename,from_sunrise,det_score,x,y,r,lon,lat,radius,geo_dist,local_time,n_radar_pixels,n_refAbove40_pixels,n_xcorrAbove0.95_pixels,n_xcorrBelow0.95_refAbove40_pixels
2,KFCX20190603_100607_V06,3.700,0.066,241.405,282.022,10.680,-80.604,37.105,5339.840,30645.687,20190603_060607,479171,6410,21192,5112
2,KFCX20190610_091631_V06,-44.524,0.067,37.616,192.268,51.989,-81.758,37.500,25994.640,141819.835,20190610_051631,479182,31051,49440,8790
2,KFCX20190610_092050_V06,-40.207,0.171,38.518,191.378,58.315,-81.753,37.504,29157.395,141573.128,20190610_052050,479184,29265,47386,7709
2,KFCX20190610_092509_V06,-35.891,0.311,41.266,184.732,60.268,-81.738,37.534,30133.937,141624.216,20190610_052509,479179,27643,45027,6762
2,KFCX20190610_092928_V06,-31.574,0.249,42.690,183.076,60.744,-81.730,37.542,30371.764,141314.856,20190610_052928,479172,25695,41122,5618
1,KFCX20190610_091631_V06,-44.524,0.097,332.181,174.359,21.117,-80.092,37.590,10558.456,64848.700,20190610_051631,479182,31051,49440,8790
1,KFCX20190610_092050_V06,-40.207,0.098,332.224,173.012,26.465,-80.092,37.596,13232.678,65506.323,20190610_052050,479184,29265,47386,7709
1,KFCX20190610_092509_V06,-35.891,0.091,333.842,166.171,20.539,-80.082,37.627,10269.299,69020.601,20190610_052509,479179,27643,45027,6762
1,KFCX20190610_092928_V06,-31.574,0.160,333.627,165.786,27.153,-80.084,37.629,13576.397,69181.069,20190610_052928,479172,25695,41122,5618
1,KFCX20190611_090649_V06,-54.143,0.306,160.523,303.799,13.327,-81.058,37.004,6663.353,69764.275,20190611_050649,479169,6607,35776,5163
2,KFCX20190611_090649_V06,-54.143,0.096,283.693,125.355,5.435,-80.367,37.811,2717.300,87702.110,20190611_050649,479169,6607,35776,5163
5,KFCX20190618_095327_V06,-7.737,0.092,224.084,273.803,17.904,-80.701,37.141,8952.057,40154.536,20190618_055327,479193,29651,41486,8187
4,KFCX20190620_103610_V06,34.666,0.230,209.293,303.279,16.627,-80.784,37.008,8313.362,45383.146,20190620_063610,479175,8952,28443,5736
4,KFCX20190620_104036_V06,39.099,0.100,211.339,302.114,22.178,-80.772,37.014,11088.954,44342.965,20190620_064036,479191,8859,29818,5488
4,KFCX20190620_104502_V06,43.532,0.092,221.470,290.939,17.501,-80.716,37.064,8750.416,39525.575,20190620_064502,479170,9548,30939,5785
1,KFCX20190620_092940_V06,-31.834,0.206,248.468,101.567,20.567,-80.567,37.918,10283.632,102507.614,20190620_052940,479189,9417,24446,4852
7,KFCX20190620_111639_V06,75.149,0.079,4.073,235.891,5.930,-81.943,37.301,2965.235,151395.624,20190620_071639,479190,11958,33600,5132
4,KFCX20190622_092127_V06,-40.471,0.096,264.291,270.805,87.139,-80.475,37.156,43569.336,23062.489,20190622_052127,479178,142850,151512,19436
4,KFCX20190622_092757_V06,-33.971,0.105,266.431,272.889,95.665,-80.463,37.146,47832.695,21574.565,20190622_052757,479177,124301,137638,16268
3,KFCX20190622_092127_V06,-40.471,0.644,39.992,43.227,20.723,-81.758,38.172,10361.466,182713.469,20190622_052127,479178,142850,151512,19436
1,KFCX20190701_110925_V06,64.371,0.351,25.154,442.247,32.240,-81.806,36.373,16120.182,154737.146,20190701_070925,479172,18663,49455,14672
10,KFCX20190704_100422_V06,-2.124,0.105,484.095,295.199,34.640,-79.239,37.041,17320.015,92078.940,20190704_060422,479172,24053,33656,17159
10,KFCX20190704_101356_V06,7.443,0.199,491.835,296.919,43.195,-79.196,37.033,21597.507,95930.115,20190704_061356,479173,25669,37138,18497
11,KFCX20190704_103303_V06,26.559,0.052,298.267,138.914,58.971,-80.284,37.750,29485.657,80547.810,20190704_063303,479170,21024,41489,13281
11,KFCX20190704_104236_V06,36.109,0.052,301.186,137.444,66.869,-80.267,37.757,33434.714,81280.255,20190704_064236,479173,21113,41264,13963
4,KFCX20190704_091633_V06,-49.941,0.267,511.983,428.893,13.549,-79.092,36.438,6774.418,124046.400,20190704_051633,479174,25587,39795,16004
5,KFCX20190704_091633_V06,-49.941,0.255,528.684,446.873,15.685,-79.000,36.356,7842.585,135893.537,20190704_051633,479174,25587,39795,16004
9,KFCX20190704_094515_V06,-21.241,0.089,231.084,337.621,20.158,-80.661,36.854,10078.939,39257.809,20190704_054515,479172,15947,37147,8861
1,KFCX20190705_100856_V06,1.921,0.103,304.191,129.904,49.132,-80.250,37.790,24565.866,85073.904,20190705_060856,479173,12335,33878,8447
4,KFCX20190709_100846_V06,-0.509,0.302,495.976,312.613,17.135,-79.174,36.962,8567.524,98190.693,20190709_060846,479186,10378,29102,6582
4,KFCX20190709_101305_V06,3.808,0.448,496.603,312.260,23.120,-79.170,36.964,11559.840,98492.470,20190709_061305,479186,11779,29406,7253
4,KFCX20190709_101724_V06,8.125,0.191,500.196,313.874,24.510,-79.150,36.956,12255.030,100337.875,20190709_061724,479185,10901,29886,6678
1,KFCX20190710_100148_V06,-8.083,0.063,489.282,298.646,16.712,-79.211,37.026,8356.102,94643.335,20190710_060148,479173,6898,31573,5535
1,KFCX20190710_101121_V06,1.467,0.206,492.263,299.983,27.463,-79.194,37.019,13731.725,96131.425,20190710_061121,479169,10613,37010,7695
2,KFCX20190710_101121_V06,1.467,0.442,192.699,324.756,5.402,-80.876,36.911,2701.145,55059.708,20190710_061121,479169,10613,37010,7695
2,KFCX20190710_102055_V06,11.034,0.169,190.304,324.636,16.948,-80.890,36.912,8473.750,56214.401,20190710_062055,479172,9371,37124,7300
3,KFCX20190713_101507_V06,3.323,0.715,187.682,338.508,9.869,-80.904,36.849,4934.317,59367.844,20190713_061507,479173,53482,34945,46351
3,KFCX20190713_102439_V06,12.856,0.917,188.854,339.518,15.608,-80.897,36.844,7804.124,58981.306,20190713_062439,479173,55758,41872,46596
3,KFCX20190713_103412_V06,22.406,0.904,192.779,345.331,21.821,-80.875,36.818,10910.329,58205.026,20190713_063412,479174,56060,47628,44821
3,KFCX20190713_104345_V06,31.956,0.614,194.150,346.010,22.620,-80.867,36.815,11310.048,57708.440,20190713_064345,479174,55338,52005,42635
2,KFCX20190713_100534_V06,-6.227,0.507,482.964,318.883,30.727,-79.247,36.935,15363.417,91967.803,20190713_060534,479172,39216,28503,34442
2,KFCX20190713_101507_V06,3.323,0.517,485.731,316.074,40.753,-79.232,36.947,20376.625,93212.804,20190713_061507,479173,53482,34945,46351
2,KFCX20190713_102439_V06,12.856,0.445,494.779,305.064,44.089,-79.180,36.996,22044.677,97422.177,20190713_062439,479173,55758,41872,46596
1,KFCX20190713_094629_V06,-25.310,0.153,368.170,376.110,32.809,-79.893,36.681,16404.539,51087.862,20190713_054629,479171,4929,31790,3408
1,KFCX20190714_100444_V06,-7.725,0.432,494.168,320.134,31.593,-79.184,36.928,15796.352,97604.342,20190714_060444,479172,32388,31773,28399
1,KFCX20190714_101418_V06,1.841,0.334,493.892,316.039,40.692,-79.186,36.947,20346.158,97277.055,20190714_061418,479175,52012,30322,46909
1,KFCX20190714_102351_V06,11.391,0.302,493.943,310.584,41.274,-79.185,36.971,20637.073,97115.923,20190714_062351,479170,51340,36424,44948
3,KFCX20190714_101418_V06,1.841,0.195,194.748,342.509,9.751,-80.864,36.831,4875.406,56756.193,20190714_061418,479175,52012,30322,46909
3,KFCX20190714_102351_V06,11.391,0.061,197.680,342.698,19.962,-80.848,36.830,9980.774,55435.816,20190714_062351,479170,51340,36424,44948
2,KFCX20190715_100906_V06,-4.036,0.169,191.158,338.091,8.791,-80.884,36.851,4395.689,57657.450,20190715_060906,479172,20226,28214,17007
2,KFCX20190715_101838_V06,5.497,0.871,190.461,340.227,14.314,-80.888,36.841,7156.850,58345.915,20190715_061838,479172,23495,32964,19131
2,KFCX20190715_102812_V06,15.064,0.807,190.392,342.542,18.886,-80.889,36.831,9442.931,58786.955,20190715_062812,479173,23255,34851,18688
2,KFCX20190715_103745_V06,24.614,0.059,191.444,346.836,28.968,-80.882,36.812,14484.117,59114.126,20190715_063745,479170,21712,35888,16918
1,KFCX20190715_100906_V06,-4.036,0.900,476.868,318.924,30.996,-79.281,36.935,15497.763,88938.811,20190715_060906,479172,20226,28214,17007
1,KFCX20190715_101838_V06,5.497,0.769,479.407,319.856,42.278,-79.267,36.930,21139.028,90250.979,20190715_061838,479172,23495,32964,19131
1,KFCX20190715_102812_V06,15.064,0.418,481.531,317.520,52.967,-79.255,36.941,26483.305,91187.109,20190715_062812,479173,23255,34851,18688
1,KFCX20190716_100349_V06,-10.010,0.517,497.232,296.474,20.809,-79.166,37.035,10404.324,98631.843,20190716_060349,479173,7893,28058,6152
1,KFCX20190716_101323_V06,-0.443,0.867,496.306,295.539,29.742,-79.171,37.039,14871.059,98178.207,20190716_061323,479174,14297,30998,11487
1,KFCX20190716_102256_V06,9.107,0.824,500.510,294.728,41.475,-79.147,37.043,20737.507,100289.419,20190716_062256,479173,14915,31487,12040
1,KFCX20190716_103229_V06,18.657,0.749,505.260,289.821,50.464,-79.120,37.064,25232.143,102756.104,20190716_063229,479171,11132,31893,8382
1,KFCX20190716_104202_V06,28.207,0.065,517.361,295.108,62.892,-79.053,37.040,31446.222,108708.015,20190716_064202,479169,9267,32394,6630
2,KFCX20190716_100349_V06,-10.010,0.071,232.527,275.280,6.278,-80.654,37.135,3139.149,35929.175,20190716_060349,479173,7893,28058,6152
2,KFCX20190716_101323_V06,-0.443,0.732,230.345,281.368,21.534,-80.666,37.107,10767.203,36051.707,20190716_061323,479174,14297,30998,11487
2,KFCX20190716_102256_V06,9.107,0.099,233.044,285.579,30.010,-80.651,37.089,15005.245,34245.881,20190716_062256,479173,14915,31487,12040
2,KFCX20190717_102512_V06,10.671,0.504,196.341,328.224,13.684,-80.856,36.896,6841.780,53716.353,20190717_062512,479173,16655,34442,13024
2,KFCX20190717_103445_V06,20.221,0.386,197.381,329.027,19.872,-80.850,36.892,9935.817,53322.771,20190717_063445,479170,15659,34899,11847
1,KFCX20190717_101540_V06,1.138,0.051,519.360,283.937,33.153,-79.040,37.090,16576.313,109973.616,20190717_061540,479171,15712,34041,12054
3,KFCX20190718_100551_V06,-9.392,0.756,502.179,304.938,21.721,-79.139,36.996,10860.535,101119.528,20190718_060551,479174,7494,24541,4856
3,KFCX20190718_101058_V06,-4.275,0.911,504.034,303.242,29.307,-79.128,37.004,14653.311,102030.095,20190718_061058,479176,9724,26599,6378
3,KFCX20190718_101632_V06,1.292,0.777,509.407,300.542,37.274,-79.098,37.016,18636.830,104703.805,20190718_061632,479175,11227,27605,7401
3,KFCX20190718_102206_V06,6.858,0.792,514.625,297.374,44.198,-79.068,37.030,22099.115,107320.294,20190718_062206,479176,11988,26608,7886
3,KFCX20190718_102739_V06,12.408,0.695,519.237,297.751,49.781,-79.042,37.028,24890.713,109624.460,20190718_062739,479177,11257,25361,7181
4,KFCX20190718_104821_V06,33.108,0.258,24.951,389.292,30.788,-81.811,36.612,15394.223,144589.829,20190718_064821,479173,7807,25321,4629
1,KFCX20190719_100605_V06,-9.882,0.669,498.635,314.597,25.653,-79.159,36.953,12826.530,99585.125,20190719_060605,479168,6218,25091,4786
1,KFCX20190719_101538_V06,-0.332,0.682,501.885,319.694,36.765,-79.141,36.930,18382.402,101421.853,20190719_061538,479174,11540,29062,8794
1,KFCX20190719_102512_V06,9.234,0.365,504.587,320.856,40.465,-79.126,36.925,20232.428,102823.795,20190719_062512,479173,13829,32289,10367
1,KFCX20190719_103445_V06,18.784,0.090,505.113,315.656,39.902,-79.123,36.948,19951.011,102854.765,20190719_063445,479176,12896,32434,9532
3,KFCX20190720_102641_V06,9.983,0.903,193.542,347.666,16.318,-80.871,36.808,8158.930,58320.891,20190720_062641,479174,76921,33668,67402
3,KFCX20190720_103613_V06,19.517,0.899,189.951,347.947,16.926,-80.891,36.807,8462.938,60020.290,20190720_063613,479172,75661,37323,65281
3,KFCX20190720_104546_V06,29.067,0.925,191.088,351.815,19.129,-80.884,36.789,9564.587,60304.618,20190720_064546,479173,75288,37443,64689
3,KFCX20190720_110453_V06,48.183,0.617,191.931,352.849,23.086,-80.880,36.785,11542.809,60149.850,20190720_070453,479173,70986,37998,60045
1,KFCX20190720_100734_V06,-9.133,0.422,508.225,319.046,30.164,-79.106,36.933,15082.186,104547.332,20190720_060734,479173,33894,23049,29543
1,KFCX20190720_101707_V06,0.417,0.723,509.098,320.706,37.915,-79.101,36.925,18957.485,105060.495,20190720_061707,479173,65251,26758,57847
1,KFCX20190720_102641_V06,9.983,0.538,515.657,323.746,47.316,-79.064,36.911,23658.207,108480.283,20190720_062641,479174,76921,33668,67402
1,KFCX20190721_100949_V06,-7.627,0.799,499.734,300.471,27.630,-79.152,37.017,13815.090,99867.480,20190721_060949,479175,27289,26582,22122
1,KFCX20190721_101923_V06,1.940,0.741,504.049,299.050,40.886,-79.128,37.023,20442.998,102025.376,20190721_061923,479172,51080,28693,43050
1,KFCX20190721_102856_V06,11.490,0.634,507.104,301.590,49.880,-79.111,37.011,24939.971,103554.811,20190721_062856,479172,59691,30629,50094
1,KFCX20190721_103830_V06,21.056,0.174,520.363,299.673,62.465,-79.036,37.019,31232.480,110181.797,20190721_063830,479172,62799,31433,52500
3,KFCX20190721_101923_V06,1.940,0.260,188.672,338.670,13.315,-80.898,36.848,6657.560,58926.590,20190721_061923,479172,51080,28693,43050
3,KFCX20190721_102856_V06,11.490,0.181,190.705,338.891,23.818,-80.887,36.847,11909.236,58004.184,20190721_062856,479172,59691,30629,50094
2,KFCX20190721_100949_V06,-7.627,0.083,292.471,163.663,56.307,-80.317,37.638,28153.719,68272.229,20190721_060949,479175,27289,26582,22122
4,KFCX20190721_101923_V06,1.940,0.051,214.897,297.389,35.095,-80.752,37.035,17547.581,42571.412,20190721_061923,479172,51080,28693,43050
1,KFCX20190722_100800_V06,-10.197,0.245,505.350,302.065,23.881,-79.121,37.009,11940.445,102680.273,20190722_060800,479175,55177,55545,19152
1,KFCX20190722_101215_V06,-5.947,0.527,506.335,301.179,29.713,-79.115,37.013,14856.690,103169.397,20190722_061215,479175,77799,57466,38389
1,KFCX20190722_101631_V06,-1.680,0.223,508.898,300.502,34.581,-79.100,37.016,17290.551,104449.373,20190722_061631,479179,96626,58939,55618
13,KFCX20190722_114250_V06,84.637,0.060,190.965,277.615,20.310,-80.888,37.123,10155.170,55654.488,20190722_074250,479182,99909,81880,44242
13,KFCX20190722_114725_V06,89.220,0.136,192.580,277.289,25.418,-80.879,37.125,12709.118,54897.144,20190722_074725,479188,98671,83105,42346
6,KFCX20190722_103924_V06,21.203,0.096,278.526,219.692,29.672,-80.395,37.386,14836.103,41564.874,20190722_063924,479176,108585,67843,59711
12,KFCX20190722_114250_V06,84.637,0.088,318.939,175.058,29.081,-80.167,37.587,14540.737,63184.866,20190722_074250,479182,99909,81880,44242
1,KFCX20190724_100625_V06,-13.311,0.829,481.180,313.230,12.053,-79.257,36.960,6026.306,90831.041,20190724_060625,479172,7734,23679,6192
1,KFCX20190724_101558_V06,-3.761,0.857,479.006,320.431,22.477,-79.270,36.928,11238.614,90084.184,20190724_061558,479173,39370,28872,33821
1,KFCX20190724_102531_V06,5.789,0.918,479.131,325.890,29.715,-79.269,36.903,14857.588,90496.303,20190724_062531,479170,60530,33297,52735
1,KFCX20190724_103505_V06,15.355,0.850,481.149,327.550,33.371,-79.258,36.896,16685.448,91615.753,20190724_063505,479170,65466,33098,56362
1,KFCX20190724_104438_V06,24.905,0.150,478.527,329.048,38.116,-79.273,36.889,19057.778,90437.252,20190724_064438,479174,65708,35603,54099
2,KFCX20190724_101558_V06,-3.761,0.321,223.633,281.210,8.696,-80.704,37.108,4348.000,39322.575,20190724_061558,479173,39370,28872,33821
2,KFCX20190724_102531_V06,5.789,0.306,224.202,280.918,16.101,-80.701,37.109,8050.567,39081.435,20190724_062531,479170,60530,33297,52735
2,KFCX20190724_103505_V06,15.355,0.051,227.234,279.847,16.898,-80.684,37.114,8449.187,37752.637,20190724_063505,479170,65466,33098,56362
3,KFCX20190724_102531_V06,5.789,0.873,188.863,343.311,12.755,-80.897,36.827,6377.399,59639.165,20190724_062531,479170,60530,33297,52735
3,KFCX20190724_103505_V06,15.355,0.903,188.000,348.718,18.789,-80.902,36.803,9394.321,61068.730,20190724_063505,479170,65466,33098,56362
3,KFCX20190724_104438_V06,24.905,0.107,189.491,353.561,22.975,-80.893,36.781,11487.531,61402.363,20190724_064438,479174,65708,35603,54099
4,KFCX20190724_103505_V06,15.355,0.717,79.203,94.949,27.259,-81.530,37.941,13629.575,150663.092,20190724_063505,479170,65466,33098,56362
4,KFCX20190724_104438_V06,24.905,0.550,78.960,95.346,33.449,-81.531,37.940,16724.584,150616.864,20190724_064438,479174,65708,35603,54099
4,KFCX20190724_110346_V06,44.039,0.098,78.677,94.377,29.530,-81.533,37.944,14765.163,151050.193,20190724_070346,479174,61674,37639,49339
5,KFCX20190724_103505_V06,15.355,0.113,419.746,505.139,16.335,-79.609,36.098,8167.666,118765.905,20190724_063505,479170,65466,33098,56362
1,KFCX20190727_100442_V06,-17.380,0.160,221.203,272.188,5.542,-80.718,37.149,2771.046,41780.775,20190727_060442,479171,6500,26813,4785
1,KFCX20190727_101414_V06,-7.847,0.512,222.777,270.172,13.676,-80.709,37.158,6837.830,41391.677,20190727_061414,479174,20977,29740,16275
1,KFCX20190727_102347_V06,1.703,0.266,223.857,271.612,16.980,-80.703,37.151,8489.948,40631.411,20190727_062347,479173,66677,38633,54820
4,KFCX20190727_103320_V06,11.253,0.678,87.872,88.385,27.431,-81.481,37.971,13715.464,149815.772,20190727_063320,479170,85201,41727,71001
4,KFCX20190727_104252_V06,20.786,0.750,89.231,82.788,43.003,-81.474,37.997,21501.664,151331.142,20190727_064252,479175,84330,44118,67715
4,KFCX20190727_110158_V06,39.886,0.280,85.641,77.686,59.005,-81.495,38.019,29502.367,154412.945,20190727_070158,479173,67909,48025,50681
3,KFCX20190727_102347_V06,1.703,0.059,495.151,298.397,38.237,-79.178,37.026,19118.343,97578.930,20190727_062347,479173,66677,38633,54820
1,KFCX20190728_100230_V06,-20.377,0.880,496.159,295.833,17.184,-79.172,37.038,8592.083,98101.687,20190728_060230,479170,8128,34272,5339
1,KFCX20190728_101202_V06,-10.844,0.908,496.797,296.022,28.572,-79.168,37.037,14286.096,98418.628,20190728_061202,479172,11838,30454,9240
1,KFCX20190728_102134_V06,-1.311,0.882,497.435,301.510,38.196,-79.165,37.012,19097.859,98720.249,20190728_062134,479172,38649,32651,32386
1,KFCX20190728_103106_V06,8.223,0.788,500.439,305.115,50.076,-79.148,36.996,25037.833,100252.381,20190728_063106,479169,55677,40887,47269
1,KFCX20190728_104038_V06,17.756,0.553,505.313,304.227,57.261,-79.121,37.000,28630.697,102678.057,20190728_064038,479171,59471,44188,49648
1,KFCX20190728_105011_V06,27.306,0.126,498.022,297.438,66.163,-79.161,37.030,33081.691,99019.166,20190728_065011,479170,56828,43209,46423
2,KFCX20190728_103106_V06,8.223,0.459,90.554,85.919,26.538,-81.466,37.983,13269.113,149748.470,20190728_063106,479169,55677,40887,47269
2,KFCX20190728_104038_V06,17.756,0.824,90.049,86.973,42.784,-81.469,37.978,21391.801,149549.543,20190728_064038,479171,59471,44188,49648
2,KFCX20190728_105011_V06,27.306,0.490,89.989,93.452,55.191,-81.469,37.949,27595.301,147281.011,20190728_065011,479170,56828,43209,46423
4,KFCX20190728_105011_V06,27.306,0.069,326.297,121.455,9.007,-80.125,37.828,4503.574,90235.373,20190728_065011,479170,56828,43209,46423
4,KFCX20190728_110915_V06,46.373,0.057,330.656,125.471,23.867,-80.100,37.810,11933.312,88600.479,20190728_070915,479175,50655,44669,40247
1,KFCX20190729_100843_V06,-14.963,0.719,499.481,294.866,27.167,-79.153,37.042,13583.317,99773.504,20190729_060843,479172,11326,37268,8586
1,KFCX20190729_101815_V06,-5.430,0.774,499.008,295.724,34.484,-79.156,37.038,17242.008,99527.068,20190729_061815,479173,32886,30444,28303
1,KFCX20190729_102747_V06,4.103,0.841,501.965,297.372,42.720,-79.139,37.031,21359.838,100990.882,20190729_062747,479172,61248,32492,53971
1,KFCX20190729_103720_V06,13.653,0.626,500.749,292.851,53.921,-79.146,37.051,26960.470,100438.290,20190729_063720,479172,62563,35677,54441
1,KFCX20190729_104653_V06,23.203,0.483,503.138,294.729,62.939,-79.132,37.042,31469.629,101603.034,20190729_064653,479171,55239,40386,45150
3,KFCX20190729_102747_V06,4.103,0.863,84.795,77.630,27.430,-81.500,38.020,13714.829,154726.739,20190729_062747,479172,61248,32492,53971
3,KFCX20190729_103720_V06,13.653,0.830,88.462,78.196,40.051,-81.479,38.017,20025.657,153252.443,20190729_063720,479172,62563,35677,54441
3,KFCX20190729_104653_V06,23.203,0.765,87.700,80.873,50.029,-81.483,38.005,25014.271,152551.441,20190729_064653,479171,55239,40386,45150
3,KFCX20190729_110558_V06,42.287,0.681,83.398,76.373,59.776,-81.508,38.025,29887.827,155664.256,20190729_070558,479171,46888,43486,36348
2,KFCX20190729_100843_V06,-14.963,0.061,223.233,272.695,6.437,-80.706,37.146,3218.689,40738.929,20190729_060843,479172,11326,37268,8586
2,KFCX20190729_101815_V06,-5.430,0.822,223.639,273.279,15.066,-80.704,37.144,7533.184,40450.616,20190729_061815,479173,32886,30444,28303
2,KFCX20190729_102747_V06,4.103,0.587,224.788,274.788,23.904,-80.697,37.137,11952.177,39662.802,20190729_062747,479172,61248,32492,53971
6,KFCX20190730_100658_V06,-17.521,0.345,498.766,291.152,15.075,-79.157,37.059,7537.727,99481.415,20190730_060658,479186,13469,31579,7413
6,KFCX20190730_101116_V06,-13.221,0.835,501.630,291.168,21.361,-79.141,37.059,10680.630,100911.491,20190730_061116,479192,15241,31609,8810
6,KFCX20190730_101535_V06,-8.904,0.799,504.428,288.926,27.338,-79.125,37.068,13669.232,102363.829,20190730_061535,479180,20455,31944,13029
6,KFCX20190730_101953_V06,-4.604,0.834,505.490,288.276,33.164,-79.119,37.071,16582.033,102912.270,20190730_061953,479193,27322,32402,18669
6,KFCX20190730_102403_V06,-0.437,0.832,504.703,287.149,37.125,-79.123,37.076,18562.661,102552.815,20190730_062403,479166,35685,34079,25044
6,KFCX20190730_102822_V06,3.879,0.765,507.901,285.520,43.036,-79.105,37.084,21517.795,104202.098,20190730_062822,479189,41413,35337,29380
6,KFCX20190730_103241_V06,8.196,0.685,508.621,277.983,50.805,-79.100,37.118,25402.364,104889.604,20190730_063241,479186,41284,35820,29053
6,KFCX20190730_103659_V06,12.496,0.694,505.181,277.182,56.727,-79.120,37.121,28363.272,103223.125,20190730_063659,479173,40518,36258,28276
6,KFCX20190730_104117_V06,16.796,0.181,504.389,277.284,64.542,-79.124,37.121,32270.815,102823.616,20190730_064117,479197,37803,35914,26113
9,KFCX20190730_103241_V06,8.196,0.703,93.069,81.242,25.615,-81.452,38.004,12807.479,150561.717,20190730_063241,479186,41284,35820,29053
9,KFCX20190730_103659_V06,12.496,0.752,92.784,75.788,35.221,-81.454,38.028,17610.667,152650.995,20190730_063659,479173,40518,36258,28276
9,KFCX20190730_104117_V06,16.796,0.627,94.957,67.001,44.399,-81.442,38.068,22199.436,155186.231,20190730_064117,479197,37803,35914,26113
9,KFCX20190730_104536_V06,21.113,0.678,92.769,64.194,51.456,-81.455,38.081,25728.025,156962.792,20190730_064536,479181,36029,35978,24611
9,KFCX20190730_104954_V06,25.413,0.640,94.109,67.485,54.893,-81.447,38.066,27446.489,155285.263,20190730_064954,479180,34269,36317,23067
9,KFCX20190730_105413_V06,29.729,0.055,102.530,72.022,56.249,-81.399,38.046,28124.624,150804.849,20190730_065413,479192,32500,36177,21788
7,KFCX20190730_100658_V06,-17.521,0.091,222.913,272.800,6.155,-80.708,37.146,3077.377,40872.663,20190730_060658,479186,13469,31579,7413
7,KFCX20190730_101116_V06,-13.221,0.606,224.153,271.927,11.353,-80.701,37.150,5676.479,40437.620,20190730_061116,479192,15241,31609,8810
7,KFCX20190730_101535_V06,-8.904,0.610,225.898,269.717,12.922,-80.691,37.160,6460.888,40025.430,20190730_061535,479180,20455,31944,13029
7,KFCX20190730_101953_V06,-4.604,0.649,228.424,267.839,20.140,-80.677,37.168,10069.937,39234.874,20190730_061953,479193,27322,32402,18669
1,KFCX20190731_100813_V06,-17.083,0.799,495.020,297.019,15.246,-79.178,37.033,7622.982,97521.202,20190731_060813,479170,26469,49627,11597
1,KFCX20190731_101748_V06,-7.499,0.858,500.068,295.640,27.392,-79.150,37.038,13696.014,100057.906,20190731_061748,479174,21560,48028,9232
1,KFCX20190731_102721_V06,2.051,0.885,508.829,295.029,36.454,-79.100,37.041,18226.864,104444.326,20190731_062721,479171,22608,45178,11189
1,KFCX20190731_103655_V06,11.617,0.745,520.540,290.264,49.567,-79.034,37.062,24783.713,110377.574,20190731_063655,479169,21538,45322,10327
1,KFCX20190731_104628_V06,21.167,0.290,521.948,288.825,54.571,-79.026,37.068,27285.406,111114.518,20190731_064628,479170,22584,45665,10339
2,KFCX20190731_102721_V06,2.051,0.709,224.301,275.040,16.925,-80.700,37.136,8462.290,39853.662,20190731_062721,479171,22608,45178,11189
4,KFCX20190731_104628_V06,21.167,0.211,101.379,91.151,28.129,-81.404,37.960,14064.549,144107.856,20190731_064628,479170,22584,45665,10339
5,KFCX20190731_104628_V06,21.167,0.154,325.398,152.511,1.912,-80.130,37.689,955.936,74830.110,20190731_064628,479170,22584,45665,10339
1,KFCX20190801_100825_V06,-17.699,0.927,494.449,297.319,17.655,-79.181,37.031,8827.564,97233.877,20190801_060825,479169,16835,36425,11648
1,KFCX20190801_101955_V06,-6.199,0.865,497.752,297.474,32.166,-79.163,37.030,16082.871,98884.010,20190801_061955,479169,39193,32115,31029
1,KFCX20190801_102929_V06,3.368,0.781,499.745,294.861,44.056,-79.152,37.042,22028.188,99905.692,20190801_062929,479174,63704,35386,53676
1,KFCX20190801_103901_V06,12.901,0.618,505.573,295.195,54.397,-79.119,37.040,27198.583,102814.752,20190801_063901,479171,69722,38581,59235
1,KFCX20190801_104834_V06,22.451,0.411,515.087,293.576,62.791,-79.065,37.047,31395.474,107591.675,20190801_064834,479171,69146,41524,57989
4,KFCX20190801_104834_V06,22.451,0.236,85.128,86.444,45.092,-81.497,37.980,22546.036,151472.927,20190801_064834,479171,69146,41524,57989
1,KFCX20190802_100458_V06,-21.968,0.056,493.921,299.655,13.226,-79.185,37.021,6612.877,96960.679,20190802_060458,479174,29515,37489,16141
1,KFCX20190802_100846_V06,-18.168,0.389,494.721,299.812,19.142,-79.180,37.020,9571.249,97360.618,20190802_060846,479188,25284,37580,13098
1,KFCX20190802_101236_V06,-14.334,0.724,497.560,300.350,22.435,-79.164,37.017,11217.654,98780.292,20190802_061236,479176,22043,36016,11263
1,KFCX20190802_101625_V06,-10.518,0.690,498.625,299.478,25.890,-79.158,37.021,12944.851,99312.904,20190802_061625,479187,21953,36382,11009
1,KFCX20190802_102016_V06,-6.668,0.658,498.094,299.192,26.572,-79.161,37.023,13285.924,99047.652,20190802_062016,479191,23239,36858,11938
1,KFCX20190802_102601_V06,-0.918,0.405,499.779,299.656,29.628,-79.152,37.020,14813.837,99889.529,20190802_062601,479190,31315,40278,17932
1,KFCX20190802_102950_V06,2.899,0.193,500.829,298.932,32.537,-79.146,37.024,16268.324,100415.692,20190802_062950,479183,33651,40809,19490
3,KFCX20190802_101625_V06,-10.518,0.537,224.242,269.425,6.909,-80.701,37.161,3454.714,40847.471,20190802_061625,479187,21953,36382,11009
3,KFCX20190802_102016_V06,-6.668,0.543,224.717,269.416,11.946,-80.698,37.161,5972.961,40628.975,20190802_062016,479191,23239,36858,11938
3,KFCX20190802_102601_V06,-0.918,0.224,223.731,272.641,16.847,-80.703,37.147,8423.501,40513.717,20190802_062601,479190,31315,40278,17932
6,KFCX20190802_102601_V06,-0.918,0.071,82.035,72.432,15.470,-81.516,38.043,7735.235,157556.337,20190802_062601,479190,31315,40278,17932
6,KFCX20190802_102950_V06,2.899,0.734,78.425,74.407,21.934,-81.536,38.034,10967.235,158104.181,20190802_062950,479183,33651,40809,19490
6,KFCX20190802_103339_V06,6.716,0.283,75.791,75.987,23.920,-81.551,38.027,11960.162,158470.611,20190802_063339,479173,37481,41853,22134
2,KFCX20190802_101236_V06,-14.334,0.125,241.886,212.701,8.364,-80.602,37.417,4182.199,52436.333,20190802_061236,479176,22043,36016,11263
8,KFCX20190802_112312_V06,56.266,0.597,378.688,42.596,17.012,-79.825,38.183,8505.859,134581.664,20190802_072312,479176,29557,34250,19697
1,KFCX20190803_102910_V06,1.410,0.652,79.477,84.395,23.735,-81.529,37.989,11867.386,154204.230,20190803_062910,479171,57383,41806,46372
1,KFCX20190803_105009_V06,22.393,0.737,85.249,86.986,50.575,-81.496,37.978,25287.291,151239.005,20190803_065009,479174,79742,57627,61478
1,KFCX20190804_101648_V06,-11.781,0.241,220.620,277.148,9.140,-80.721,37.126,4570.244,41301.856,20190804_061648,479171,23890,37831,19051
1,KFCX20190804_102621_V06,-2.231,0.302,221.341,277.269,18.518,-80.717,37.126,9258.781,40938.615,20190804_062621,479173,78038,37739,68490
1,KFCX20190804_103555_V06,7.335,0.215,221.329,279.283,22.663,-80.717,37.117,11331.604,40676.501,20190804_063555,479172,118932,42469,102907
5,KFCX20190804_103555_V06,7.335,0.222,71.038,96.087,43.300,-81.576,37.936,21650.238,153300.551,20190804_063555,479172,118932,42469,102907
5,KFCX20190804_104528_V06,16.885,0.739,84.263,95.004,51.328,-81.501,37.941,25663.751,148800.009,20190804_064528,479171,129903,45894,111051
5,KFCX20190804_110640_V06,38.085,0.227,83.303,100.071,64.590,-81.506,37.918,32295.040,147418.704,20190804_070640,479171,129814,49000,107677
6,KFCX20190804_103555_V06,7.335,0.211,196.172,351.918,17.233,-80.856,36.789,8616.507,58042.655,20190804_063555,479172,118932,42469,102907
6,KFCX20190804_104528_V06,16.885,0.089,196.538,352.961,31.195,-80.854,36.784,15597.302,58114.441,20190804_064528,479171,129903,45894,111051
6,KFCX20190804_110640_V06,38.085,-1.000,197.302,355.132,62.355,-80.849,36.774,31177.724,58280.500,20190804_070640,479171,129814,49000,107677
6,KFCX20190804_111613_V06,47.635,0.077,184.189,341.725,17.547,-80.923,36.834,8773.333,61549.210,20190804_071613,479172,129378,51062,105681
7,KFCX20190804_103555_V06,7.335,0.058,25.174,340.017,21.781,-81.815,36.834,10890.612,138862.288,20190804_063555,479172,118932,42469,102907
7,KFCX20190804_104528_V06,16.885,-1.000,25.174,340.017,36.966,-81.815,36.834,18482.862,138862.288,20190804_064528,479171,129903,45894,111051
7,KFCX20190804_110640_V06,38.085,0.061,54.622,410.259,45.664,-81.644,36.519,22832.056,134505.909,20190804_070640,479171,129814,49000,107677
2,KFCX20190804_102621_V06,-2.231,0.229,407.947,136.529,29.166,-79.662,37.759,14583.191,97947.939,20190804_062621,479173,78038,37739,68490
3,KFCX20190804_102621_V06,-2.231,0.220,248.660,224.436,9.127,-80.564,37.364,4563.353,45677.737,20190804_062621,479173,78038,37739,68490
4,KFCX20190804_102621_V06,-2.231,0.062,290.720,154.551,1.822,-80.327,37.679,911.209,72872.194,20190804_062621,479173,78038,37739,68490
5,KFCX20190805_103548_V06,6.392,0.462,65.174,92.413,26.063,-81.610,37.952,13031.729,156712.845,20190805_063548,479188,70275,49655,48347
5,KFCX20190805_103936_V06,10.192,0.595,66.990,89.974,29.623,-81.600,37.963,14811.486,156847.498,20190805_063936,479187,74366,51043,51572
5,KFCX20190805_104325_V06,14.009,0.617,69.034,86.596,29.530,-81.589,37.978,14765.045,157230.939,20190805_064325,479178,74458,51149,51744
5,KFCX20190805_104713_V06,17.809,0.393,67.328,89.878,32.036,-81.598,37.963,16018.197,156754.117,20190805_064713,479184,74601,51829,51732
5,KFCX20190805_105102_V06,21.625,0.312,58.946,97.990,40.319,-81.645,37.926,20159.743,157254.066,20190805_065102,479185,72060,51502,49588
4,KFCX20190805_102808_V06,-1.275,0.239,217.724,277.649,12.492,-80.737,37.124,6245.935,42628.919,20190805_062808,479180,52400,46646,33933
4,KFCX20190805_103158_V06,2.559,0.205,217.768,277.731,18.075,-80.737,37.124,9037.586,42597.110,20190805_063158,479191,62712,48326,42520
4,KFCX20190805_103548_V06,6.392,0.178,217.965,278.607,21.691,-80.736,37.120,10845.435,42389.357,20190805_063548,479188,70275,49655,48347
2,KFCX20190805_102030_V06,-8.908,0.118,218.325,277.221,10.324,-80.734,37.126,5161.976,42396.202,20190805_062030,479193,31497,45916,16545
2,KFCX20190805_102419_V06,-5.091,0.281,218.040,276.894,14.839,-80.735,37.127,7419.402,42577.352,20190805_062419,479186,41909,46265,25369
8,KFCX20190805_110425_V06,35.009,0.495,182.060,337.185,8.180,-80.935,36.855,4089.886,61831.810,20190805_070425,479183,67343,53313,44890
8,KFCX20190805_110815_V06,38.842,-1.000,182.060,337.185,14.275,-80.935,36.855,7137.386,61831.810,20190805_070815,479182,64864,52867,43101
8,KFCX20190805_111205_V06,42.675,-1.000,182.060,337.185,20.370,-80.935,36.855,10184.886,61831.810,20190805_071205,479172,62334,53609,40434
8,KFCX20190805_111554_V06,46.492,0.067,183.426,343.198,20.101,-80.928,36.828,10050.484,62160.313,20190805_071554,479187,61182,52968,39460
3,KFCX20190805_102419_V06,-5.091,0.067,187.604,342.248,2.709,-80.904,36.832,1354.681,60037.090,20190805_062419,479186,41909,46265,25369
6,KFCX20190805_103548_V06,6.392,0.080,482.118,308.109,31.715,-79.251,36.983,15857.578,91149.439,20190805_063548,479188,70275,49655,48347
9,KFCX20190805_111205_V06,42.675,0.070,183.764,337.909,11.694,-80.926,36.852,5847.176,61130.766,20190805_071205,479172,62334,53609,40434
1,KFCX20190806_102713_V06,-3.019,0.812,83.873,81.980,17.867,-81.504,38.000,8933.532,153495.793,20190806_062713,479169,29506,38291,22234
1,KFCX20190806_103646_V06,6.531,0.838,79.390,80.666,28.220,-81.530,38.006,14109.932,155544.027,20190806_063646,479170,66604,46089,53185
1,KFCX20190806_104620_V06,16.097,0.684,88.322,83.303,39.794,-81.479,37.994,19896.858,151463.913,20190806_064620,479170,76925,43158,63774
1,KFCX20190806_111652_V06,46.631,0.153,84.010,76.955,45.496,-81.504,38.023,22747.800,155242.250,20190806_071652,479172,63264,41812,51655
4,KFCX20190806_102713_V06,-3.019,0.223,224.409,275.761,10.691,-80.700,37.133,5345.419,39691.246,20190806_062713,479169,29506,38291,22234
4,KFCX20190806_103646_V06,6.531,0.549,225.557,276.258,19.993,-80.693,37.130,9996.648,39068.441,20190806_063646,479170,66604,46089,53185
2,KFCX20190806_102713_V06,-3.019,0.641,247.670,129.418,8.924,-80.571,37.792,4462.128,89214.008,20190806_062713,479169,29506,38291,22234
5,KFCX20190806_102713_V06,-3.019,0.139,255.791,171.417,7.119,-80.524,37.603,3559.307,67985.428,20190806_062713,479169,29506,38291,22234
1,KFCX20190807_101904_V06,-11.999,0.247,229.246,274.608,8.522,-80.672,37.138,4261.126,37586.332,20190807_061904,479197,39162,50248,9000
1,KFCX20190807_102312_V06,-7.866,0.380,228.789,275.013,14.158,-80.675,37.136,7078.844,37733.656,20190807_062312,479183,45859,52513,13459
1,KFCX20190807_102714_V06,-3.832,0.106,228.665,274.538,17.284,-80.676,37.138,8642.028,37871.598,20190807_062714,479185,51493,55064,17743
3,KFCX20190807_103124_V06,0.334,0.124,504.379,297.125,28.683,-79.126,37.032,14341.629,102199.503,20190807_063124,479188,53602,55901,19650
3,KFCX20190807_103526_V06,4.368,0.169,505.347,297.211,35.164,-79.120,37.031,17581.846,102682.833,20190807_063526,479183,54165,56794,19821
3,KFCX20190808_103620_V06,4.437,0.127,94.610,91.398,30.007,-81.443,37.958,15003.582,146372.797,20190808_063620,479172,33530,36637,27427
3,KFCX20190808_104553_V06,13.987,0.716,105.115,95.115,43.139,-81.383,37.942,21569.614,141384.322,20190808_064553,479169,37034,35180,30182
3,KFCX20190808_110458_V06,33.071,0.072,118.746,96.727,55.709,-81.305,37.935,27854.708,136173.572,20190808_070458,479167,34018,34364,27234
1,KFCX20190808_102647_V06,-5.113,0.617,223.100,277.912,13.709,-80.707,37.123,6854.546,40004.633,20190808_062647,479172,17708,30101,13781
1,KFCX20190808_103620_V06,4.437,0.058,226.855,281.030,25.402,-80.686,37.109,12700.922,37782.464,20190808_063620,479172,33530,36637,27427
6,KFCX20190808_103620_V06,4.437,0.092,512.532,312.156,41.424,-79.081,36.963,20711.864,106439.880,20190808_063620,479172,33530,36637,27427
6,KFCX20190808_104553_V06,13.987,0.067,516.108,309.189,50.977,-79.061,36.977,25488.420,108151.388,20190808_064553,479169,37034,35180,30182
2,KFCX20190808_103620_V06,4.437,0.173,319.784,169.557,2.012,-80.162,37.612,1006.157,65967.573,20190808_063620,479172,33530,36637,27427
3,KFCX20190809_101635_V06,-16.144,0.281,227.614,278.937,7.713,-80.681,37.118,3856.457,37694.099,20190809_061635,479176,16522,31249,6190
3,KFCX20190809_102024_V06,-12.327,0.469,227.981,278.643,12.695,-80.679,37.120,6347.600,37559.336,20190809_062024,479194,18513,30209,7965
3,KFCX20190809_102413_V06,-8.510,0.220,228.787,278.653,15.812,-80.675,37.120,7905.953,37171.980,20190809_062413,479191,21712,29961,10949
7,KFCX20190809_103928_V06,6.740,0.607,114.749,101.589,28.390,-81.327,37.913,14195.207,135724.815,20190809_063928,479181,25317,32031,15751
7,KFCX20190809_104316_V06,10.540,0.542,114.339,101.439,35.646,-81.330,37.914,17823.144,135919.597,20190809_064316,479173,23422,30693,14552
7,KFCX20190809_104705_V06,14.356,0.159,114.553,101.798,42.823,-81.329,37.912,21411.718,135715.230,20190809_064705,479172,23814,29435,15501
8,KFCX20190809_103928_V06,6.740,0.350,351.715,93.856,23.193,-79.980,37.952,11596.684,106265.993,20190809_063928,479181,25317,32031,15751
8,KFCX20190809_104316_V06,10.540,0.381,353.409,94.200,27.699,-79.970,37.951,13849.740,106308.698,20190809_064316,479173,23422,30693,14552
4,KFCX20190809_101635_V06,-16.144,0.254,315.355,75.154,22.366,-80.187,38.037,11182.755,112684.998,20190809_061635,479176,16522,31249,6190
2,KFCX20190810_103259_V06,-0.575,0.153,488.366,314.199,29.249,-79.217,36.955,14624.683,94449.988,20190810_063259,479171,19067,29096,14422
2,KFCX20190810_104231_V06,8.958,0.129,492.438,315.313,41.485,-79.194,36.950,20742.717,96523.126,20190810_064231,479170,24065,31670,18391
3,KFCX20190810_104231_V06,8.958,0.366,101.625,83.758,28.513,-81.403,37.993,14256.518,146725.242,20190810_064231,479170,24065,31670,18391
5,KFCX20190810_111111_V06,37.625,0.079,174.144,84.678,27.826,-80.991,37.992,13913.063,124702.990,20190810_071111,479173,22446,34375,16643
1,KFCX20190811_104102_V06,6.643,0.806,68.718,92.373,33.840,-81.590,37.952,16919.994,155403.226,20190811_064102,479170,98581,35002,86834
1,KFCX20190811_110009_V06,25.760,0.643,80.896,97.152,50.476,-81.520,37.932,25238.079,149293.143,20190811_070009,479172,101487,45472,83314
1,KFCX20190811_110941_V06,35.293,0.286,86.753,102.742,58.094,-81.487,37.907,29046.816,145245.623,20190811_070941,479171,95128,49296,75141
2,KFCX20190811_104102_V06,6.643,0.118,235.825,87.250,12.072,-80.639,37.982,6035.925,111109.061,20190811_064102,479170,98581,35002,86834
3,KFCX20190811_104102_V06,6.643,0.062,170.367,339.693,12.791,-81.001,36.843,6395.699,67786.696,20190811_064102,479170,98581,35002,86834
1,KFCX20190812_101943_V06,-15.505,0.466,213.916,276.707,9.172,-80.759,37.128,4585.827,44589.678,20190812_061943,479175,5340,21386,3812
1,KFCX20190812_102914_V06,-5.988,0.282,216.415,275.112,17.261,-80.745,37.135,8630.578,43605.736,20190812_062914,479172,10509,24190,7817
1,KFCX20190812_103848_V06,3.579,0.113,223.438,271.806,24.343,-80.705,37.150,12171.489,40794.069,20190812_063848,479171,11669,23058,8563
2,KFCX20190812_102914_V06,-5.988,0.664,491.717,288.820,23.797,-79.196,37.070,11898.659,96021.287,20190812_062914,479172,10509,24190,7817
2,KFCX20190812_103848_V06,3.579,0.754,490.353,291.828,36.477,-79.204,37.056,18238.326,95264.024,20190812_063848,479171,11669,23058,8563
2,KFCX20190812_104820_V06,13.112,0.626,492.034,292.484,47.533,-79.195,37.053,23766.424,96090.277,20190812_064820,479172,9627,21238,7198
4,KFCX20190812_104820_V06,13.112,0.805,81.823,76.112,46.198,-81.517,38.026,23099.163,156306.633,20190812_064820,479172,9627,21238,7198
4,KFCX20190812_110725_V06,32.195,0.672,103.627,88.396,62.604,-81.392,37.972,31301.867,144342.004,20190812_070725,479171,9907,18912,7174
4,KFCX20190812_111658_V06,41.745,0.343,108.791,93.684,70.412,-81.362,37.949,35205.952,140647.740,20190812_071658,479174,8222,17864,5956
3,KFCX20190812_103848_V06,3.579,0.191,252.827,262.695,24.971,-80.540,37.192,12485.649,30070.632,20190812_063848,479171,11669,23058,8563
1,KFCX20190813_094703_V06,-49.003,0.486,282.924,343.203,14.028,-80.370,36.829,7013.863,23227.715,20190813_054703,479194,37071,54601,11639
4,KFCX20190813_102511_V06,-10.869,0.067,220.438,33.842,45.507,-80.728,38.222,22753.370,138897.719,20190813_062511,479188,41566,55703,7785
4,KFCX20190813_102900_V06,-7.053,0.086,232.160,36.421,38.864,-80.661,38.211,19431.839,136084.638,20190813_062900,479179,43250,56592,8136
4,KFCX20190814_103558_V06,-0.917,0.371,187.484,349.882,7.852,-80.905,36.798,3925.810,61538.787,20190814_063558,479188,30148,42422,10282
4,KFCX20190814_103947_V06,2.899,0.119,188.093,349.908,13.694,-80.901,36.798,6846.976,61265.778,20190814_063947,479184,32073,43675,11971
4,KFCX20190814_104336_V06,6.716,0.063,192.235,352.383,19.667,-80.878,36.787,9833.629,59910.948,20190814_064336,479176,33671,44033,13486
2,KFCX20190815_103026_V06,-7.281,0.164,170.164,355.078,13.111,-81.001,36.774,6555.698,70517.764,20190815_063026,479171,69385,32246,61867
2,KFCX20190815_103959_V06,2.269,0.229,170.113,356.175,25.306,-81.002,36.769,12652.831,70757.223,20190815_063959,479172,114338,33319,103122
2,KFCX20190815_104932_V06,11.819,0.727,173.055,354.376,24.386,-80.985,36.777,12192.963,69050.441,20190815_064932,479173,135270,33872,121857
1,KFCX20190815_103026_V06,-7.281,0.570,478.825,319.754,35.528,-79.271,36.931,17763.914,89956.258,20190815_063026,479171,69385,32246,61867
4,KFCX20190815_103959_V06,2.269,0.450,217.958,292.619,22.670,-80.735,37.057,11335.243,41186.879,20190815_063959,479172,114338,33319,103122
5,KFCX20190815_104932_V06,11.819,0.079,87.199,101.250,44.529,-81.484,37.913,22264.502,145590.276,20190815_064932,479173,135270,33872,121857
1,KFCX20190816_103633_V06,-1.995,0.136,177.385,362.051,17.245,-80.961,36.743,8622.419,68711.137,20190816_063633,479173,104628,23298,96715
1,KFCX20190816_104606_V06,7.555,0.056,174.230,365.118,24.315,-80.978,36.729,12157.282,70814.243,20190816_064606,479171,136082,24000,126368
1,KFCX20190816_110511_V06,26.639,0.481,174.449,344.387,29.640,-80.978,36.822,14820.233,66583.228,20190816_070511,479172,132616,27041,121925
2,KFCX20190816_103633_V06,-1.995,0.062,259.036,166.074,5.991,-80.506,37.627,2995.718,70025.581,20190816_063633,479173,104628,23298,96715
4,KFCX20190816_104606_V06,7.555,0.213,89.898,82.522,34.022,-81.470,37.998,17010.897,151194.765,20190816_064606,479171,136082,24000,126368
5,KFCX20190816_104606_V06,7.555,0.094,129.863,378.473,8.849,-81.226,36.667,4424.293,93681.205,20190816_064606,479171,136082,24000,126368
6,KFCX20190816_104606_V06,7.555,0.075,212.631,278.760,13.591,-80.766,37.119,6795.485,44956.934,20190816_064606,479171,136082,24000,126368
14,KFCX20190817_111323_V06,34.009,0.085,94.210,462.527,37.541,-81.420,36.286,18770.737,131115.060,20190817_071323,479173,96961,46082,78639
14,KFCX20190817_112256_V06,43.559,-1.000,94.210,462.527,52.726,-81.420,36.286,26362.987,131115.060,20190817_072256,479173,90696,48315,71226
14,KFCX20190817_113228_V06,53.093,0.127,110.002,429.150,70.025,-81.334,36.438,35012.344,114868.489,20190817_073228,479173,85789,49813,66569
7,KFCX20190817_100633_V06,-32.824,0.059,315.795,101.424,73.071,-80.184,37.919,36535.271,99601.484,20190817_060633,479173,44257,40279,33858
11,KFCX20190817_102538_V06,-13.741,0.067,350.969,321.302,6.681,-79.988,36.928,3340.694,27620.737,20190817_062538,479173,19639,31335,14140
12,KFCX20190817_103510_V06,-4.207,0.059,221.362,276.416,13.272,-80.717,37.130,6635.939,41048.986,20190817_063510,479172,71926,38881,59619
13,KFCX20190817_104443_V06,5.343,0.123,177.561,341.276,18.558,-80.960,36.836,9279.028,64604.491,20190817_064443,479171,113897,42670,96875
15,KFCX20190817_112256_V06,43.559,0.128,105.649,411.796,72.263,-81.359,36.515,36131.306,112105.775,20190817_072256,479173,90696,48315,71226
1,KFCX20190818_104440_V06,4.464,0.457,82.866,99.040,29.501,-81.509,37.923,14750.624,147929.193,20190818_064440,479171,83534,38808,70647
1,KFCX20190818_110345_V06,23.547,0.195,92.846,96.293,47.981,-81.452,37.936,23990.492,145266.400,20190818_070345,479170,98414,41302,80699
2,KFCX20190818_104440_V06,4.464,0.103,223.783,283.943,23.001,-80.703,37.096,11500.433,38945.211,20190818_064440,479171,83534,38808,70647
3,KFCX20190818_110345_V06,23.547,0.051,435.479,196.317,2.730,-79.508,37.489,1364.868,85300.446,20190818_070345,479170,98414,41302,80699
3,KFCX20190819_104739_V06,6.619,0.058,90.201,102.742,32.763,-81.467,37.907,16381.454,143984.748,20190819_064739,479180,62098,42059,47555
3,KFCX20190819_105149_V06,10.786,0.190,91.314,104.244,37.267,-81.461,37.900,18633.512,143065.097,20190819_065149,479190,65732,42162,50561
4,KFCX20190819_110811_V06,27.153,0.055,97.463,149.633,25.320,-81.422,37.696,12659.953,126126.513,20190819_070811,479173,64598,41570,50053
4,KFCX20190819_111221_V06,31.319,0.088,97.841,150.672,30.902,-81.420,37.691,15450.845,125665.511,20190819_071221,479188,62364,41317,47981
3,KFCX20190820_104928_V06,7.609,0.761,77.825,92.882,33.594,-81.538,37.951,16797.056,151871.502,20190820_064928,479172,73884,42037,62238
3,KFCX20190820_110835_V06,26.725,0.454,76.117,90.105,59.269,-81.548,37.963,29634.731,153443.259,20190820_070835,479173,86100,43113,70782
3,KFCX20190820_111808_V06,36.275,0.119,77.555,91.512,70.434,-81.540,37.957,35216.885,152437.525,20190820_071808,479172,84678,42422,69362
1,KFCX20190820_103022_V06,-11.491,0.167,175.798,350.908,3.002,-80.970,36.793,1500.769,67115.319,20190820_063022,479170,28653,39994,21050
7,KFCX20190821_104531_V06,2.832,0.589,97.799,110.416,13.690,-81.423,37.873,6844.830,138588.784,20190821_064531,479187,26758,30841,19553
7,KFCX20190821_104933_V06,6.866,0.357,98.160,109.889,20.903,-81.421,37.875,10451.533,138637.762,20190821_064933,479182,31126,33106,23093
7,KFCX20190821_105343_V06,11.032,-1.000,98.432,109.491,28.132,-81.420,37.877,14066.067,138675.202,20190821_065343,479193,34344,34616,25494
7,KFCX20190821_110203_V06,19.366,-1.000,98.977,108.696,42.590,-81.417,37.881,21295.136,138751.307,20190821_070203,479186,38123,36211,27921
7,KFCX20190821_110612_V06,23.516,0.083,106.705,99.775,45.140,-81.373,37.921,22569.801,139152.035,20190821_070612,479187,39697,36310,29124
7,KFCX20190821_111030_V06,27.816,0.051,108.479,101.330,48.399,-81.363,37.914,24199.391,137976.325,20190821_071030,479178,40067,36340,29043
3,KFCX20190821_100614_V06,-36.451,0.132,250.589,101.244,16.106,-80.555,37.919,8053.146,102402.835,20190821_060614,479187,73592,48329,54015
3,KFCX20190821_101016_V06,-32.418,0.155,251.712,100.474,21.283,-80.549,37.923,10641.533,102643.190,20190821_061016,479180,66991,46358,49353
6,KFCX20190821_104122_V06,-1.318,0.060,221.996,284.615,15.727,-80.713,37.093,7863.302,39753.375,20190821_064122,479183,21930,28563,15026
1,KFCX20190822_103112_V06,-12.310,0.573,231.068,281.638,13.631,-80.662,37.106,6815.369,35667.955,20190822_063112,479171,12804,24326,9371
1,KFCX20190822_104046_V06,-2.743,0.317,236.319,286.336,22.101,-80.632,37.085,11050.707,32565.206,20190822_064046,479174,48611,24377,42090
3,KFCX20190822_110928_V06,25.957,0.466,377.344,284.130,44.083,-79.839,37.095,22041.512,39477.480,20190822_070928,479172,72848,37185,61148
9,KFCX20190823_113538_V06,51.299,0.085,438.425,336.177,27.847,-79.498,36.859,13923.693,71537.006,20190823_073538,479178,65995,73144,19736
9,KFCX20190823_113954_V06,55.565,0.085,438.302,336.185,32.854,-79.499,36.859,16426.777,71478.429,20190823_073954,479176,64077,71666,19231
12,KFCX20190823_120740_V06,83.332,0.223,225.437,236.777,19.199,-80.695,37.308,9599.705,48879.559,20190823_080740,479173,53806,61314,18572
12,KFCX20190823_121128_V06,87.132,0.283,225.550,237.840,25.409,-80.694,37.303,12704.379,48493.799,20190823_081128,479187,51554,60114,17404
3,KFCX20190823_100222_V06,-41.968,0.070,239.627,54.304,17.823,-80.618,38.131,8911.531,126502.636,20190823_060222,479178,115240,107862,34646
3,KFCX20190824_110453_V06,19.725,0.051,253.279,143.608,8.656,-80.539,37.728,4328.110,81610.930,20190824_070453,479203,146074,144509,29369
3,KFCX20190825_103957_V06,-6.031,0.134,207.168,305.980,16.737,-80.796,36.996,8368.738,46512.083,20190825_063957,479169,24611,22932,21167
3,KFCX20190825_104931_V06,3.535,0.322,210.591,289.801,23.116,-80.777,37.069,11557.781,44994.572,20190825_064931,479171,65472,31349,55669
3,KFCX20190825_110838_V06,22.652,0.263,204.588,280.966,27.798,-80.811,37.109,13899.248,48646.128,20190825_070838,479173,79642,34924,66440
8,KFCX20190825_104931_V06,3.535,0.239,167.991,338.138,11.956,-81.014,36.850,5978.020,68703.700,20190825_064931,479171,65472,31349,55669
8,KFCX20190825_110838_V06,22.652,0.721,169.226,339.584,18.845,-81.007,36.844,9422.695,68317.024,20190825_070838,479173,79642,34924,66440
8,KFCX20190825_111812_V06,32.219,0.069,169.966,341.020,23.177,-81.003,36.837,11588.470,68175.462,20190825_071812,479174,76511,35608,62679
1,KFCX20190825_103957_V06,-6.031,0.761,264.827,175.778,8.070,-80.473,37.584,4035.248,64552.836,20190825_063957,479169,24611,22932,21167
1,KFCX20190825_104931_V06,3.535,0.084,268.220,182.600,15.490,-80.454,37.553,7744.881,60812.825,20190825_064931,479171,65472,31349,55669
6,KFCX20190825_103957_V06,-6.031,0.082,270.712,185.131,6.012,-80.440,37.542,3006.012,59271.889,20190825_063957,479169,24611,22932,21167
7,KFCX20190825_104931_V06,3.535,0.454,258.410,115.190,6.004,-80.510,37.857,3001.974,94715.830,20190825_064931,479171,65472,31349,55669
11,KFCX20190825_110838_V06,22.652,0.075,66.387,107.124,28.442,-81.602,37.886,14221.190,151472.952,20190825_070838,479173,79642,34924,66440
12,KFCX20190825_110838_V06,22.652,0.073,376.406,223.647,16.630,-79.843,37.367,8315.216,54008.758,20190825_070838,479173,79642,34924,66440
13,KFCX20190825_110838_V06,22.652,0.071,30.137,408.729,44.675,-81.781,36.525,22337.561,145471.573,20190825_070838,479173,79642,34924,66440
1,KFCX20190826_110834_V06,21.763,0.193,67.340,110.916,18.605,-81.596,37.869,9302.298,149902.862,20190826_070834,479169,12484,38517,8277
1,KFCX20190826_111807_V06,31.313,0.387,66.512,112.703,32.314,-81.601,37.861,16156.821,149663.778,20190826_071807,479173,11220,39291,7059
1,KFCX20190826_112742_V06,40.897,0.321,60.128,111.249,46.589,-81.637,37.867,23294.724,152614.810,20190826_072742,479176,10431,38111,6611
2,KFCX20190826_110834_V06,21.763,0.164,349.306,355.791,22.861,-79.998,36.772,11430.731,37228.320,20190826_070834,479169,12484,38517,8277
3,KFCX20190826_112742_V06,40.897,0.096,66.502,350.353,13.796,-81.582,36.790,6897.977,119432.972,20190826_072742,479176,10431,38111,6611
7,KFCX20190827_102140_V06,-25.958,0.269,419.554,268.956,20.963,-79.601,37.162,10481.270,61759.220,20190827_062140,479173,90317,110864,21275
7,KFCX20190827_102530_V06,-22.124,0.441,421.136,268.456,25.240,-79.592,37.164,12619.757,62587.759,20190827_062530,479177,92199,113180,20919
6,KFCX20190827_101401_V06,-33.608,0.059,301.894,129.057,30.511,-80.263,37.794,15255.737,85476.620,20190827_061401,479176,88522,103345,23297
10,KFCX20190827_104112_V06,-6.424,0.053,400.172,218.987,18.468,-79.709,37.388,9234.043,64415.671,20190827_064112,479183,103730,124477,20177
29,KFCX20190827_114948_V06,62.176,0.109,399.990,140.416,17.511,-79.707,37.742,8755.432,94160.692,20190827_074948,479189,126785,164812,16057
1,KFCX20190828_102356_V06,-24.511,0.073,23.016,160.169,35.980,-81.843,37.644,17989.765,155139.210,20190828_062356,479179,87195,46635,63693
1,KFCX20190828_102746_V06,-20.678,0.142,23.488,159.402,42.402,-81.841,37.647,21200.959,155102.120,20190828_062746,479187,60070,47565,38210
1,KFCX20190828_103134_V06,-16.878,0.154,25.073,158.813,42.592,-81.832,37.650,21295.872,154530.472,20190828_063134,479184,40425,45802,20183
1,KFCX20190828_103523_V06,-13.061,0.161,27.508,157.579,40.407,-81.818,37.656,20203.599,153733.279,20190828_063523,479183,28990,41601,10409
1,KFCX20190829_102935_V06,-19.680,0.060,315.556,149.891,10.908,-80.186,37.700,5453.995,75456.355,20190829_062935,479172,37784,26247,32047
2,KFCX20190829_104840_V06,-0.596,0.158,175.629,350.745,16.055,-80.971,36.793,8027.428,67162.803,20190829_064840,479174,153501,18399,144976
11,KFCX20190830_114443_V06,54.636,0.056,45.184,359.701,62.521,-81.701,36.747,31260.353,130857.974,20190830_074443,479171,107730,38277,90180
11,KFCX20190830_120350_V06,73.752,0.409,46.089,369.205,70.145,-81.695,36.704,35072.726,131586.377,20190830_080350,479170,95602,42341,76114
11,KFCX20190830_121323_V06,83.302,0.205,48.422,371.027,71.354,-81.682,36.696,35677.063,130706.100,20190830_081323,479174,88350,43963,68915
7,KFCX20190830_103749_V06,-12.264,0.714,389.762,51.489,12.251,-79.762,38.143,6125.401,132112.621,20190830_063749,479172,30062,27201,24937
7,KFCX20190830_104723_V06,-2.698,0.141,391.064,51.745,19.809,-79.755,38.141,9904.300,132214.879,20190830_064723,479172,91712,25843,82088
10,KFCX20190830_111603_V06,25.969,0.147,274.250,141.726,25.019,-80.420,37.737,12509.333,80177.539,20190830_071603,479173,121506,31188,107869
10,KFCX20190830_112537_V06,35.536,0.204,275.463,140.592,34.841,-80.413,37.742,17420.599,80642.604,20190830_072537,479172,115732,34047,100693
1,KFCX20190830_101843_V06,-31.364,0.126,325.452,147.757,2.488,-80.130,37.710,1243.786,77178.095,20190830_061843,479174,64693,40721,56464
3,KFCX20190830_101843_V06,-31.364,0.113,306.423,147.109,2.051,-80.238,37.713,1025.646,76512.798,20190830_061843,479174,64693,40721,56464
6,KFCX20190830_102816_V06,-21.814,0.078,236.301,317.287,15.096,-80.632,36.946,7547.812,33001.356,20190830_062816,479169,28693,42065,24641
8,KFCX20190830_103749_V06,-12.264,0.104,263.428,154.134,2.118,-80.481,37.681,1059.052,75190.162,20190830_063749,479172,30062,27201,24937
9,KFCX20190830_104723_V06,-2.698,0.312,181.249,344.227,16.338,-80.940,36.823,8168.776,63359.594,20190830_064723,479172,91712,25843,82088
1,KFCX20190831_103640_V06,-14.231,0.053,301.471,147.382,1.982,-80.266,37.712,991.123,76312.442,20190831_063640,479172,26563,33197,20367
1,KFCX20190901_100106_V06,-50.613,0.171,487.847,129.958,10.361,-79.208,37.785,5180.672,126689.203,20190901_060106,479172,118870,21724,107201
2,KFCX20190901_102947_V06,-21.929,0.055,255.095,136.257,2.518,-80.529,37.762,1258.875,84894.258,20190901_062947,479174,52172,36421,40642
3,KFCX20190901_102947_V06,-21.929,0.051,252.814,137.573,2.431,-80.542,37.756,1215.693,84571.298,20190901_062947,479174,52172,36421,40642
4,KFCX20190901_110801_V06,16.304,0.107,211.817,292.095,13.989,-80.770,37.059,6994.455,44268.212,20190901_070801,479172,57116,34247,46070
3,KFCX20190902_104038_V06,-11.894,0.069,178.998,428.447,6.714,-80.949,36.444,3356.949,88232.915,20190902_064038,479184,20437,26308,14404
3,KFCX20190902_104440_V06,-7.860,0.080,179.316,428.635,11.931,-80.947,36.443,5965.545,88192.194,20190902_064440,479191,33168,29197,24554
1,KFCX20190902_102407_V06,-28.410,0.051,304.004,145.853,1.804,-80.251,37.719,902.168,77099.408,20190902_062407,479181,64443,43739,49168
2,KFCX20190902_103227_V06,-20.077,0.067,305.452,148.526,2.564,-80.243,37.707,1281.853,75786.257,20190902_063227,479183,32675,35813,24264
4,KFCX20190902_105243_V06,0.190,0.076,209.875,288.596,14.589,-80.781,37.074,7294.619,45421.865,20190902_065243,479175,82566,49673,60089
5,KFCX20190902_112308_V06,30.606,0.074,27.308,442.824,31.003,-81.794,36.371,15501.427,153915.112,20190902_072308,479171,109679,59937,80216
3,KFCX20190903_110425_V06,11.077,0.931,265.545,136.272,19.339,-80.470,37.762,9669.418,83657.240,20190903_070425,479173,183809,37894,163144
3,KFCX20190903_111359_V06,20.644,0.943,269.811,138.044,25.329,-80.445,37.754,12664.603,82372.996,20190903_071359,479172,192775,39403,170831
3,KFCX20190903_112332_V06,30.194,0.866,277.103,142.008,29.499,-80.404,37.736,14749.459,79821.179,20190903_072332,479171,194890,41979,170399
5,KFCX20190903_111359_V06,20.644,0.408,86.266,99.161,15.369,-81.490,37.923,7684.384,146644.530,20190903_071359,479172,192775,39403,170831
5,KFCX20190903_112332_V06,30.194,0.497,87.097,101.529,26.398,-81.485,37.912,13199.048,145532.412,20190903_072332,479171,194890,41979,170399
5,KFCX20190903_113306_V06,39.760,0.561,95.135,109.695,30.605,-81.438,37.876,15302.336,139808.349,20190903_073306,479171,199668,46628,171087
7,KFCX20190903_120147_V06,68.444,0.230,226.862,35.936,15.166,-80.692,38.213,7582.838,137002.711,20190903_080147,479173,211914,56915,174249
7,KFCX20190903_121122_V06,78.027,0.061,240.916,40.395,26.949,-80.611,38.193,13474.310,133121.685,20190903_081122,479173,215028,58121,176200
1,KFCX20190903_104517_V06,-8.056,0.133,179.540,421.286,4.505,-80.946,36.476,2252.337,85470.461,20190903_064517,479172,82356,22651,73934
4,KFCX20190903_110425_V06,11.077,0.100,309.324,286.751,33.103,-80.222,37.084,16551.701,8100.560,20190903_070425,479173,183809,37894,163144
1,KFCX20190904_104359_V06,-10.168,0.190,267.419,153.141,2.441,-80.459,37.686,1220.646,75214.736,20190904_064359,479175,35143,30440,27209
3,KFCX20190904_120022_V06,66.215,0.051,488.444,264.368,115.163,-79.213,37.180,57581.665,95891.782,20190904_080022,479173,141945,54680,114079
1,KFCX20190905_111040_V06,15.705,0.360,203.452,261.143,20.829,-80.818,37.198,10414.518,52037.133,20190905_071040,479183,90766,38546,72439
1,KFCX20190905_111450_V06,19.871,0.226,203.578,260.841,26.713,-80.817,37.199,13356.358,52035.108,20190905_071450,479182,93891,39309,74214
1,KFCX20190905_111858_V06,24.005,0.089,199.296,266.514,20.358,-80.841,37.174,10178.801,53062.692,20190905_071858,479173,94616,39395,74704
3,KFCX20190906_110600_V06,10.229,0.083,207.824,286.116,12.274,-80.793,37.086,6136.799,46608.009,20190906_070600,479171,119734,27116,107593
3,KFCX20190906_111533_V06,19.779,0.151,210.925,285.710,20.050,-80.775,37.087,10024.883,45106.992,20190906_071533,479172,147096,30424,132097
4,KFCX20190906_110600_V06,10.229,0.058,69.101,352.177,10.249,-81.568,36.782,5124.537,118360.253,20190906_070600,479171,119734,27116,107593
4,KFCX20190906_111533_V06,19.779,0.098,69.491,353.355,19.125,-81.565,36.777,9562.400,118301.429,20190906_071533,479172,147096,30424,132097
1,KFCX20190906_104651_V06,-8.921,0.098,377.692,31.902,5.823,-79.831,38.231,2911.560,139564.175,20190906_064651,479172,26892,25041,21563
2,KFCX20190906_104651_V06,-8.921,0.051,257.493,148.903,2.814,-80.515,37.705,1407.194,78481.222,20190906_064651,479172,26892,25041,21563
5,KFCX20190906_113440_V06,38.895,0.085,294.098,99.619,29.508,-80.308,37.927,14754.215,100234.082,20190906_073440,479171,170425,33619,152512
6,KFCX20190906_120321_V06,67.579,0.106,102.717,119.942,26.466,-81.395,37.830,13232.985,133549.053,20190906_080321,479169,192466,38573,168492
1,KFCX20190907_110208_V06,5.553,0.607,258.369,161.364,5.333,-80.510,37.649,2666.443,72375.865,20190907_070208,479171,71206,27067,61499
1,KFCX20190907_111142_V06,15.120,0.360,257.706,160.510,11.833,-80.514,37.652,5916.716,72880.656,20190907_071142,479173,81453,30450,71129
1,KFCX20190907_112114_V06,24.653,0.667,262.778,162.261,12.426,-80.485,37.645,6212.906,71339.997,20190907_072114,479170,71437,32325,61775
1,KFCX20190907_113047_V06,34.203,0.339,268.770,163.040,19.569,-80.451,37.641,9784.390,70237.711,20190907_073047,479168,57823,34151,49331
1,KFCX20190907_114021_V06,43.770,0.108,269.076,169.873,28.792,-80.449,37.610,14396.207,66875.567,20190907_074021,479172,49999,35556,41355
1,KFCX20190907_114954_V06,53.320,0.052,269.266,165.899,28.444,-80.448,37.628,14222.054,68789.102,20190907_074954,479171,40553,36385,32512
3,KFCX20190907_110208_V06,5.553,0.139,193.987,327.547,18.744,-80.869,36.899,9372.047,54766.802,20190907_070208,479171,71206,27067,61499
3,KFCX20190907_111142_V06,15.120,0.391,194.741,325.265,25.944,-80.865,36.909,12972.122,54124.525,20190907_071142,479173,81453,30450,71129
3,KFCX20190907_112114_V06,24.653,0.154,196.897,335.685,30.382,-80.852,36.862,15191.213,54551.884,20190907_072114,479170,71437,32325,61775
6,KFCX20190907_111142_V06,15.120,0.121,218.776,270.257,13.298,-80.731,37.157,6648.855,43249.278,20190907_071142,479173,81453,30450,71129
1,KFCX20190908_110031_V06,3.129,0.765,178.754,315.398,16.484,-80.955,36.953,8242.096,61109.879,20190908_070031,479173,44601,32410,36107
1,KFCX20190908_111004_V06,12.679,0.885,181.100,314.656,25.906,-80.942,36.956,12952.808,59899.917,20190908_071004,479173,58328,32668,47787
1,KFCX20190908_111938_V06,22.246,0.387,180.861,314.091,35.393,-80.943,36.959,17696.486,59984.492,20190908_071938,479173,56360,33135,45365
2,KFCX20190908_110031_V06,3.129,0.222,206.912,265.701,9.207,-80.798,37.178,4603.260,49602.920,20190908_070031,479173,44601,32410,36107
3,KFCX20190908_111938_V06,22.246,0.072,275.677,167.052,29.250,-80.412,37.623,14624.826,67577.506,20190908_071938,479173,56360,33135,45365
1,KFCX20190909_112245_V06,24.555,0.074,169.298,287.810,80.230,-81.009,37.077,40115.177,65634.595,20190909_072245,479190,71582,39918,57688
2,KFCX20190909_115207_V06,53.922,0.052,39.738,281.409,67.711,-81.738,37.099,33855.686,130462.613,20190909_075207,479195,69025,41791,52252
1,KFCX20190912_110156_V06,1.319,0.182,296.849,292.781,36.428,-80.292,37.057,18214.008,3938.275,20190912_070156,479171,119023,17961,111429
1,KFCX20190912_111129_V06,10.869,0.103,295.825,291.248,47.438,-80.298,37.064,23718.996,4848.400,20190912_071129,479172,147123,22036,137077
3,KFCX20190913_110212_V06,0.779,0.217,172.330,318.841,13.431,-80.991,36.937,6715.719,64526.327,20190913_070212,479180,157747,49397,124597
3,KFCX20190913_110644_V06,5.312,0.273,172.046,318.058,19.651,-80.992,36.941,9825.539,64611.023,20190913_070644,479168,184297,57156,141520
3,KFCX20190915_114701_V06,43.980,0.065,300.710,135.845,13.923,-80.270,37.764,6961.254,82078.100,20190915_074701,479183,299266,71117,239906
3,KFCX20190915_115120_V06,48.297,0.090,301.446,136.348,19.791,-80.266,37.761,9895.589,81829.419,20190915_075120,479186,300630,72331,239766
3,KFCX20190915_115540_V06,52.630,0.077,296.068,137.382,10.232,-80.296,37.757,5116.184,81332.980,20190915_075540,479189,302484,74016,240060
3,KFCX20190915_120417_V06,61.247,0.175,299.422,137.784,20.591,-80.277,37.755,10295.357,81108.674,20190915_080417,479187,304560,78134,238823
4,KFCX20190915_115540_V06,52.630,0.218,94.440,466.267,66.547,-81.418,36.269,33273.384,132192.676,20190915_075540,479189,302484,74016,240060
4,KFCX20190915_120417_V06,61.247,0.066,94.324,469.984,73.404,-81.418,36.253,36702.017,133413.813,20190915_080417,479187,304560,78134,238823
1,KFCX20190915_110631_V06,3.480,0.222,302.561,89.266,5.534,-80.260,37.974,2766.762,105374.874,20190915_070631,479173,241379,37256,214134
2,KFCX20190915_111605_V06,13.047,0.158,180.372,330.719,19.352,-80.945,36.884,9676.167,61754.581,20190915_071605,479170,279939,33997,256245
1,KFCX20190916_112754_V06,24.055,0.059,474.504,520.755,40.825,-79.306,36.026,20412.493,140698.607,20190916_072754,479182,277572,83113,212389
1,KFCX20190917_111042_V06,6.044,0.349,181.350,327.096,17.928,-80.940,36.900,8963.930,60852.144,20190917_071042,479173,182216,26889,165308
1,KFCX20190917_112015_V06,15.594,0.329,182.396,328.615,28.012,-80.934,36.893,14006.100,60517.784,20190917_072015,479171,207777,35770,182197
3,KFCX20190917_113922_V06,34.711,0.058,464.431,111.176,43.478,-79.340,37.871,21738.838,125192.151,20190917_073922,479178,211887,39579,183139
3,KFCX20190917_114857_V06,44.294,0.461,467.413,118.321,46.754,-79.323,37.839,23377.237,123525.639,20190917_074857,479174,209237,42030,179064
2,KFCX20190917_112015_V06,15.594,0.052,381.433,98.663,6.415,-79.811,37.930,3207.420,108591.048,20190917_072015,479171,207777,35770,182197
7,KFCX20190918_112413_V06,18.750,0.119,19.898,308.388,20.950,-81.847,36.976,10475.023,140113.886,20190918_072413,479172,61756,59543,42112
7,KFCX20190918_113347_V06,28.316,0.203,23.269,295.035,37.977,-81.829,37.036,18988.284,138387.597,20190918_073347,479173,68966,61286,48990
7,KFCX20190918_114320_V06,37.866,0.137,27.408,286.663,45.262,-81.807,37.074,22631.047,136458.915,20190918_074320,479175,69670,62276,49621
8,KFCX20190918_113347_V06,28.316,0.173,508.117,74.136,55.105,-79.089,38.036,27552.284,153563.676,20190918_073347,479173,68966,61286,48990
8,KFCX20190918_114320_V06,37.866,0.208,508.614,75.162,64.121,-79.086,38.031,32060.540,153355.483,20190918_074320,479175,69670,62276,49621
9,KFCX20190918_120227_V06,56.983,0.347,377.021,261.858,13.209,-79.840,37.195,6604.473,42974.242,20190918_080227,479172,70864,63535,49825
9,KFCX20190918_121200_V06,66.533,0.084,379.314,266.881,26.725,-79.828,37.173,13362.686,42975.599,20190918_081200,479172,72557,65359,51003
3,KFCX20190918_110506_V06,-0.367,0.641,169.188,391.157,8.398,-81.005,36.611,4198.961,79720.652,20190918_070506,479174,16289,44427,7229
7,KFCX20190919_113307_V06,26.836,0.153,331.591,500.548,10.898,-80.099,36.120,5449.011,101510.474,20190919_073307,479176,33122,40145,23321
7,KFCX20190919_114240_V06,36.386,0.156,331.459,501.280,20.022,-80.099,36.117,10010.965,101861.843,20190919_074240,479172,33395,41384,23342
7,KFCX20190919_120148_V06,55.520,0.321,325.800,506.401,23.822,-80.131,36.094,11911.145,104003.795,20190919_080148,479174,36722,44129,25588
8,KFCX20190919_114240_V06,36.386,0.063,287.633,502.213,9.641,-80.343,36.113,4820.618,101295.179,20190919_074240,479172,33395,41384,23342
8,KFCX20190919_120148_V06,55.520,0.248,288.683,504.881,19.789,-80.337,36.101,9894.588,102596.710,20190919_080148,479174,36722,44129,25588
1,KFCX20190919_110427_V06,-1.830,0.120,190.753,320.353,6.332,-80.887,36.931,3165.964,55563.520,20190919_070427,479171,20697,26833,15355
4,KFCX20190919_111400_V06,7.720,0.269,270.593,94.168,23.083,-80.441,37.951,11541.666,103961.242,20190919_071400,479169,35161,35916,26540
5,KFCX20190919_111400_V06,7.720,0.089,485.635,142.446,17.850,-79.221,37.729,8925.156,121741.309,20190919_071400,479169,35161,35916,26540
1,KFCX20190920_111318_V06,6.205,0.880,157.642,356.175,10.619,-81.071,36.768,5309.671,76520.331,20190920_071318,479174,95702,61828,59872
1,KFCX20190920_112251_V06,15.755,0.866,159.388,362.865,20.317,-81.061,36.738,10158.468,77012.724,20190920_072251,479172,105633,49664,79018
2,KFCX20190920_111318_V06,6.205,0.309,198.844,317.086,12.221,-80.842,36.946,6110.312,51294.362,20190920_071318,479174,95702,61828,59872
2,KFCX20190920_112251_V06,15.755,0.422,198.192,314.659,21.929,-80.846,36.957,10964.265,51428.815,20190920_072251,479172,105633,49664,79018
4,KFCX20190921_112850_V06,20.921,0.604,100.132,103.887,16.165,-81.410,37.902,8082.720,140006.552,20190921_072850,479174,151758,27800,137520
4,KFCX20190921_113824_V06,30.487,0.438,99.429,102.567,30.905,-81.415,37.908,15452.639,140719.895,20190921_073824,479172,154182,27504,139672
4,KFCX20190921_114757_V06,40.037,0.577,107.318,112.170,33.575,-81.369,37.865,16787.616,134542.301,20190921_074757,479173,152415,28157,138080
3,KFCX20190921_110943_V06,1.804,0.065,192.263,328.164,19.093,-80.879,36.896,9546.711,55678.675,20190921_070943,479171,115449,25461,104940
2,KFCX20190922_113553_V06,27.151,0.066,99.092,94.789,17.611,-81.417,37.943,8805.674,143592.868,20190922_073553,479192,189644,51336,154705
2,KFCX20190922_114012_V06,31.468,0.207,99.903,94.836,23.736,-81.412,37.943,11867.946,143292.776,20190922_074012,479184,186155,49425,152938
2,KFCX20190922_114431_V06,35.784,0.130,100.998,96.931,27.861,-81.406,37.934,13930.473,142160.817,20190922_074431,479180,182747,48568,150256
2,KFCX20190922_114849_V06,40.084,0.222,108.085,101.357,23.137,-81.365,37.914,11568.272,138103.676,20190922_074849,479188,178154,47769,146350
2,KFCX20190922_115307_V06,44.384,-1.000,108.085,101.357,29.974,-81.365,37.914,14986.772,138103.676,20190922_075307,479186,176700,47887,144104
2,KFCX20190922_120145_V06,53.018,0.077,115.662,105.366,31.580,-81.322,37.896,15790.021,134036.350,20190922_080145,479185,172061,50861,136888
1,KFCX20190922_110311_V06,-5.549,0.083,267.699,173.031,2.308,-80.457,37.596,1154.194,65506.815,20190922_070311,479173,121141,20834,111733
1,KFCX20190923_115432_V06,44.979,0.065,188.007,298.818,75.139,-80.903,37.028,37569.382,55999.532,20190923_075432,479181,178102,64360,132578
3,KFCX20190924_110642_V06,-3.680,0.304,148.622,354.170,6.091,-81.122,36.777,3045.446,80389.341,20190924_070642,479170,118277,22931,105943
3,KFCX20190924_111615_V06,5.870,0.787,149.210,353.156,13.613,-81.119,36.782,6806.350,79942.344,20190924_071615,479171,144162,25711,131544
3,KFCX20190924_112547_V06,15.403,0.679,151.956,360.180,17.403,-81.103,36.750,8701.605,79904.311,20190924_072547,479171,155623,30430,141017
3,KFCX20190924_113520_V06,24.953,0.063,155.482,360.699,23.769,-81.083,36.748,11884.383,78373.899,20190924_073520,479174,168168,35123,149666
2,KFCX20190924_110642_V06,-3.680,0.394,190.959,318.099,2.869,-80.886,36.941,1434.532,55266.230,20190924_070642,479170,118277,22931,105943
2,KFCX20190924_111615_V06,5.870,0.247,191.686,321.597,13.378,-80.882,36.925,6689.100,55223.053,20190924_071615,479171,144162,25711,131544
2,KFCX20190924_112547_V06,15.403,0.167,192.232,325.885,17.289,-80.879,36.906,8644.391,55416.359,20190924_072547,479171,155623,30430,141017
1,KFCX20190924_110642_V06,-3.680,0.615,277.011,177.980,5.386,-80.404,37.574,2693.192,62083.376,20190924_070642,479170,118277,22931,105943
1,KFCX20190924_111615_V06,5.870,0.389,275.123,178.291,11.218,-80.415,37.572,5609.164,62112.914,20190924_071615,479171,144162,25711,131544
6,KFCX20190924_110642_V06,-3.680,0.084,207.231,318.918,8.342,-80.795,36.938,4170.788,47339.018,20190924_070642,479170,118277,22931,105943
9,KFCX20190924_111615_V06,5.870,0.494,226.748,372.562,9.482,-80.684,36.697,4741.213,51553.525,20190924_071615,479171,144162,25711,131544
4,KFCX20190925_121119_V06,60.109,0.068,26.019,240.251,32.085,-81.819,37.283,16042.299,140210.230,20190925_081119,479171,158373,60191,122317
4,KFCX20190925_122052_V06,69.659,0.101,28.459,240.776,40.945,-81.805,37.281,20472.623,138962.254,20190925_082052,479174,152151,60965,116255
1,KFCX20190925_104518_V06,-25.908,0.116,298.682,302.027,7.683,-80.282,37.015,3841.278,1208.771,20190925_064518,479171,166973,21983,153820
2,KFCX20190925_111358_V06,2.759,0.088,233.928,322.629,12.815,-80.645,36.922,6407.270,34919.593,20190925_071358,479173,173856,58558,136229
3,KFCX20190925_112330_V06,12.292,0.159,258.220,370.477,24.560,-80.508,36.706,12280.212,40965.362,20190925_072330,479170,179706,56012,145318
2,KFCX20190926_104040_V06,-31.372,0.355,212.670,210.407,20.691,-80.767,37.427,10345.388,62557.081,20190926_064040,479190,136698,31681,115633
2,KFCX20190926_104429_V06,-27.556,0.415,213.779,210.404,25.463,-80.761,37.427,12731.545,62172.271,20190926_064429,479180,111318,35645,89788
2,KFCX20190926_104817_V06,-23.756,0.181,219.429,210.341,26.504,-80.729,37.427,13251.958,60271.224,20190926_064817,479188,85694,36633,66965
2,KFCX20190926_105206_V06,-19.939,0.118,236.359,215.373,16.376,-80.634,37.405,8188.049,52942.903,20190926_065206,479171,63206,34982,47346
4,KFCX20190926_110723_V06,-4.656,0.257,298.718,296.085,30.732,-80.281,37.042,15365.807,2059.834,20190926_070723,479182,76758,35582,58927
4,KFCX20190926_111125_V06,-0.622,-1.000,298.718,296.085,37.145,-80.281,37.042,18572.307,2059.834,20190926_071125,479183,97942,36810,78693
4,KFCX20190926_111514_V06,3.194,-1.000,298.718,296.085,43.213,-80.281,37.042,21606.557,2059.834,20190926_071514,479182,108357,37079,88047
4,KFCX20190926_111902_V06,6.994,0.065,296.832,296.067,44.424,-80.292,37.042,22212.248,2525.025,20190926_071902,479180,117095,37585,95382
5,KFCX20190926_111514_V06,3.194,0.153,290.468,282.310,49.859,-80.328,37.104,24929.443,10047.441,20190926_071514,479182,108357,37079,88047
9,KFCX20190926_114348_V06,31.761,0.080,414.421,290.474,17.663,-79.631,37.065,8831.676,57408.604,20190926_074348,479177,117693,30041,102485
10,KFCX20190926_114348_V06,31.761,0.075,401.566,277.247,13.256,-79.703,37.125,6627.800,52041.681,20190926_074348,479177,117693,30041,102485
11,KFCX20190926_120431_V06,52.478,0.094,439.032,303.847,12.308,-79.493,37.004,6154.152,69542.702,20190926_080431,479175,111206,30582,96383
1,KFCX20190927_111955_V06,7.043,0.384,141.754,332.736,14.000,-81.162,36.873,7000.065,80798.316,20190927_071955,479173,116417,27030,105299
1,KFCX20190927_112928_V06,16.593,0.207,142.587,330.987,24.077,-81.157,36.881,12038.312,80216.793,20190927_072928,479173,124009,26216,112037
3,KFCX20190927_113901_V06,26.143,0.068,350.214,301.822,35.222,-79.992,37.016,17611.080,25123.463,20190927_073901,479172,123928,25972,110890
4,KFCX20190927_120741_V06,54.810,0.129,69.333,105.324,35.521,-81.585,37.894,17760.330,150918.835,20190927_080741,479175,123525,28036,108094
10,KFCX20190928_114747_V06,34.072,0.138,114.271,350.001,22.292,-81.315,36.794,11146.132,96170.961,20190928_074747,479186,53462,38361,35684
10,KFCX20190928_115142_V06,37.989,0.132,114.944,349.731,27.613,-81.311,36.796,13806.354,95810.995,20190928_075142,479177,51328,38055,34044
10,KFCX20190928_115537_V06,41.906,-1.000,115.427,349.537,33.188,-81.308,36.796,16594.089,95552.248,20190928_075537,479176,50446,37901,33364
10,KFCX20190928_120335_V06,49.872,0.059,124.777,348.427,26.904,-81.256,36.802,13451.752,90896.027,20190928_080335,479194,47082,36690,31135
2,KFCX20190928_101550_V06,-57.878,0.093,381.456,512.373,15.445,-79.822,36.066,7722.301,113729.418,20190928_061550,479173,123594,37666,99072
12,KFCX20190928_115537_V06,41.906,0.073,294.144,350.235,17.514,-80.307,36.798,8756.784,25287.402,20190928_075537,479176,50446,37901,33364
2,KFCX20190929_111701_V06,2.464,0.898,147.850,352.665,14.927,-81.126,36.784,7463.512,80503.395,20190929_071701,479171,169661,29105,153082
2,KFCX20190929_112634_V06,12.014,0.857,148.256,354.254,23.922,-81.124,36.777,11960.792,80575.750,20190929_072634,479174,197894,32575,175356
2,KFCX20190929_113608_V06,21.581,0.434,148.604,355.630,31.174,-81.122,36.770,15587.186,80646.733,20190929_073608,479171,205850,32181,183502
4,KFCX20190929_114543_V06,31.164,0.863,100.239,108.564,20.553,-81.409,37.881,10276.596,138340.448,20190929_074543,479171,209499,33383,186225
4,KFCX20190929_120449_V06,50.264,0.282,99.227,106.328,29.488,-81.415,37.891,14744.177,139480.007,20190929_080449,479169,208365,39850,180658
1,KFCX20190929_110727_V06,-7.102,0.053,292.043,301.028,30.083,-80.319,37.020,15041.576,4011.472,20190929_070727,479172,116929,21792,107161
3,KFCX20190929_111701_V06,2.464,0.054,262.867,171.910,2.664,-80.484,37.601,1331.989,66681.900,20190929_071701,479171,169661,29105,153082
11,KFCX20190930_113341_V06,18.287,0.078,455.350,245.868,39.654,-79.398,37.265,19826.782,82255.531,20190930_073341,479188,128325,69579,86251
12,KFCX20190930_113341_V06,18.287,0.055,499.434,134.945,14.473,-79.143,37.762,7236.458,129438.466,20190930_073341,479188,128325,69579,86251
14,KFCX20190930_120230_V06,47.103,0.123,253.184,21.318,19.283,-80.542,38.279,9641.348,141293.212,20190930_080230,479183,122659,71879,78356
16,KFCX20190930_121345_V06,58.353,0.064,24.049,318.079,36.056,-81.823,36.933,18028.217,138271.177,20190930_081345,479184,119710,71216,76355
4,KFCX20191001_113247_V06,16.538,0.054,101.138,121.119,14.507,-81.404,37.825,7253.609,133738.856,20191001_073247,479175,188947,73650,141317
4,KFCX20191001_114220_V06,26.088,0.144,99.334,112.671,23.710,-81.414,37.863,11854.785,137257.752,20191001_074220,479173,187351,73562,142264
1,KFCX20191001_112313_V06,6.972,0.196,31.173,433.474,37.692,-81.773,36.413,18845.961,150069.368,20191001_072313,479173,185899,78972,128753
2,KFCX20191001_113247_V06,16.538,0.067,188.258,136.547,8.047,-80.908,37.759,4023.418,98998.724,20191001_073247,479175,188947,73650,141317
3,KFCX20191001_113247_V06,16.538,0.056,328.932,145.204,33.260,-80.110,37.721,16629.963,78738.497,20191001_073247,479175,188947,73650,141317
3,KFCX20191002_112932_V06,12.437,0.493,99.134,109.237,9.819,-81.416,37.878,4909.440,138507.908,20191002_072932,479170,151014,41256,127178
3,KFCX20191002_113906_V06,22.003,0.763,109.465,108.353,25.968,-81.357,37.883,12983.921,135122.514,20191002_073906,479173,153998,39891,132701
3,KFCX20191002_114839_V06,31.553,0.715,115.845,111.302,40.117,-81.321,37.870,20058.314,131833.018,20191002_074839,479173,156004,41391,133560
2,KFCX20191002_111959_V06,2.887,0.096,150.028,350.507,15.759,-81.114,36.794,7879.347,79124.329,20191002_071959,479174,140578,37940,118315
2,KFCX20191002_112932_V06,12.437,0.139,151.396,351.841,24.239,-81.107,36.788,12119.609,78693.654,20191002_072932,479170,151014,41256,127178
1,KFCX20191002_111026_V06,-6.663,0.109,298.835,290.748,33.419,-80.281,37.066,16709.545,4662.736,20191002_071026,479167,91686,24873,80495
4,KFCX20191002_113906_V06,22.003,0.244,445.685,113.599,2.078,-79.446,37.861,1038.807,118289.203,20191002_073906,479173,153998,39891,132701
5,KFCX20191002_113906_V06,22.003,0.063,447.924,112.875,2.262,-79.434,37.864,1130.867,119265.760,20191002_073906,479173,153998,39891,132701
1,KFCX20191003_112306_V06,5.148,0.914,154.981,354.485,19.762,-81.086,36.776,9880.777,77458.225,20191003_072306,479171,77077,35679,67072
1,KFCX20191003_113240_V06,14.714,0.921,158.957,357.088,28.499,-81.064,36.764,14249.478,76079.221,20191003_073240,479173,81719,36989,70456
1,KFCX20191003_114213_V06,24.264,0.769,160.399,360.141,33.840,-81.056,36.751,16920.207,76002.405,20191003_074213,479174,84232,37996,72724
1,KFCX20191003_120119_V06,43.364,0.154,160.777,358.164,39.713,-81.054,36.760,19856.460,75442.419,20191003_080119,479169,87072,41139,73615
4,KFCX20191003_114213_V06,24.264,0.310,337.984,514.820,24.981,-80.063,36.056,12490.604,109075.887,20191003_074213,479174,84232,37996,72724
4,KFCX20191003_120119_V06,43.364,0.406,330.751,511.720,31.462,-80.103,36.070,15730.815,106970.817,20191003_080119,479169,87072,41139,73615
4,KFCX20191003_121053_V06,52.931,0.730,330.744,511.558,36.133,-80.104,36.071,18066.287,106890.265,20191003_081053,479173,87302,41663,72759
4,KFCX20191003_122027_V06,62.498,0.106,326.503,509.457,37.405,-80.127,36.080,18702.347,105563.562,20191003_082027,479170,82129,41900,67545
2,KFCX20191003_113240_V06,14.714,0.692,86.170,363.871,23.847,-81.471,36.730,11923.651,111582.852,20191003_073240,479173,81719,36989,70456
2,KFCX20191003_114213_V06,24.264,0.612,87.839,363.355,32.303,-81.462,36.733,16151.434,110709.122,20191003_074213,479174,84232,37996,72724
2,KFCX20191003_120119_V06,43.364,0.171,89.134,362.686,37.740,-81.455,36.736,18869.932,109993.128,20191003_080119,479169,87072,41139,73615
3,KFCX20191003_114213_V06,24.264,0.882,106.843,107.281,25.004,-81.372,37.887,12501.900,136427.805,20191003_074213,479174,84232,37996,72724
3,KFCX20191003_120119_V06,43.364,0.167,110.017,105.583,36.075,-81.354,37.895,18037.378,135915.147,20191003_080119,479169,87072,41139,73615
3,KFCX20191003_121053_V06,52.931,0.111,109.456,103.500,29.733,-81.357,37.904,14866.366,136856.898,20191003_081053,479173,87302,41663,72759
6,KFCX20191003_122027_V06,62.498,0.113,441.889,435.393,34.027,-79.483,36.411,17013.607,98060.678,20191003_082027,479170,82129,41900,67545
12,KFCX20191004_113906_V06,20.288,0.645,339.490,498.804,11.571,-80.055,36.128,5785.306,101344.052,20191004_073906,479172,86059,31844,77053
12,KFCX20191004_120010_V06,41.355,0.765,343.487,503.224,29.644,-80.033,36.108,14821.833,103912.462,20191004_080010,479174,94492,38897,82419
12,KFCX20191004_120944_V06,50.922,0.203,339.010,508.614,43.311,-80.058,36.084,21655.477,106114.953,20191004_080944,479173,95011,41411,81551
12,KFCX20191004_121917_V06,60.472,0.053,320.164,515.810,59.576,-80.162,36.052,29787.948,108374.992,20191004_081917,479172,96817,43554,81042
6,KFCX20191004_112002_V06,1.222,0.842,145.667,351.331,13.744,-81.139,36.790,6872.210,81322.768,20191004_072002,479175,70200,24311,64845
6,KFCX20191004_112934_V06,10.755,0.860,151.257,356.865,22.899,-81.107,36.765,11449.389,79621.352,20191004_072934,479172,81853,29274,74301
6,KFCX20191004_113906_V06,20.288,0.591,157.037,360.681,29.637,-81.075,36.748,14818.731,77654.103,20191004_073906,479172,86059,31844,77053
8,KFCX20191004_112002_V06,1.222,0.706,76.541,357.788,11.423,-81.525,36.757,5711.299,115405.305,20191004_072002,479175,70200,24311,64845
8,KFCX20191004_112934_V06,10.755,0.883,81.884,364.639,23.648,-81.495,36.727,11823.941,113746.068,20191004_072934,479172,81853,29274,74301
8,KFCX20191004_113906_V06,20.288,0.829,88.603,364.393,29.786,-81.457,36.728,14893.083,110493.316,20191004_073906,479172,86059,31844,77053
1,KFCX20191004_111029_V06,-8.328,0.956,294.555,96.282,8.202,-80.305,37.942,4100.758,101895.377,20191004_071029,479173,53327,25543,45046
1,KFCX20191004_112002_V06,1.222,0.685,294.308,97.952,12.414,-80.307,37.934,6206.955,101063.932,20191004_072002,479175,70200,24311,64845
2,KFCX20191004_111029_V06,-8.328,0.705,281.310,177.349,5.226,-80.380,37.577,2612.850,62033.345,20191004_071029,479173,53327,25543,45046
2,KFCX20191004_112002_V06,1.222,0.686,280.918,177.151,9.881,-80.382,37.578,4940.257,62161.123,20191004_072002,479175,70200,24311,64845
13,KFCX20191004_113906_V06,20.288,0.300,369.676,268.132,6.062,-79.882,37.167,3031.120,38308.900,20191004_073906,479172,86059,31844,77053
13,KFCX20191004_120010_V06,41.355,0.100,368.434,268.564,16.393,-79.889,37.165,8196.580,37654.278,20191004_080010,479174,94492,38897,82419
7,KFCX20191004_112002_V06,1.222,0.794,228.234,368.772,8.956,-80.676,36.714,4477.875,49698.666,20191004_072002,479175,70200,24311,64845
16,KFCX20191004_122850_V06,70.022,0.074,260.712,134.769,2.459,-80.497,37.768,1229.668,84918.818,20191004_082850,479173,96809,46568,79669
2,KFCX20191005_112042_V06,1.025,0.373,394.414,282.062,36.757,-79.743,37.104,18378.639,48051.530,20191005_072042,479173,30396,27820,25686
2,KFCX20191005_113015_V06,10.575,0.062,388.857,283.767,44.806,-79.774,37.096,22402.966,45163.846,20191005_073015,479172,27856,31652,24046
5,KFCX20191005_121028_V06,50.791,0.410,43.606,272.983,61.764,-81.717,37.137,30881.786,128906.579,20191005_081028,479170,19513,31513,14143
5,KFCX20191005_122002_V06,60.358,0.256,41.560,277.233,69.257,-81.728,37.118,34628.590,129720.536,20191005_082002,479171,16739,29667,11801
1,KFCX20191005_111107_V06,-8.559,0.099,387.763,347.393,15.412,-79.782,36.810,7706.192,49870.822,20191005_071107,479172,10667,23107,7889
1,KFCX20191005_112042_V06,1.025,-1.000,387.763,347.393,30.650,-79.782,36.810,15324.942,49870.822,20191005_072042,479173,30396,27820,25686
1,KFCX20191005_113015_V06,10.575,0.315,383.402,346.153,20.190,-79.807,36.815,10095.226,47660.105,20191005_073015,479172,27856,31652,24046
4,KFCX20191005_114923_V06,29.708,0.115,29.182,426.990,35.283,-81.784,36.442,17641.407,149556.742,20191005_074923,479172,23217,32043,17966
6,KFCX20191006_120547_V06,45.240,0.081,26.805,279.212,33.094,-81.811,37.108,16546.911,136992.561,20191006_080547,479174,7411,14599,3433
7,KFCX20191006_122339_V06,63.107,0.181,250.323,239.216,20.974,-80.554,37.298,10487.007,39250.718,20191006_082339,479191,7011,15195,3544
14,KFCX20191008_115258_V06,30.675,0.206,43.298,241.235,72.640,-81.722,37.280,36320.145,131671.422,20191008_075258,479178,114313,129137,26181
14,KFCX20191008_120102_V06,38.742,0.082,44.981,238.470,81.810,-81.712,37.293,40905.236,131168.210,20191008_080102,479186,114126,131356,25542
1,KFCX20191008_104104_V06,-41.225,0.062,271.830,250.284,20.199,-80.433,37.248,10099.659,28571.095,20191008_064104,479183,138753,97170,63654
3,KFCX20191008_104942_V06,-32.592,0.054,71.911,226.121,26.764,-81.561,37.350,13382.170,119877.655,20191008_064942,479187,128860,99443,53477
3,KFCX20191008_105357_V06,-28.342,0.059,78.142,223.454,23.794,-81.526,37.362,11897.129,117345.869,20191008_065357,479179,123431,101406,47064
10,KFCX20191008_111941_V06,-2.608,0.085,24.075,346.961,28.708,-81.820,36.803,14354.061,139946.203,20191008_071941,479186,99662,120298,18820
5,KFCX20191009_112237_V06,-0.556,0.672,216.761,274.185,9.222,-80.743,37.140,4611.082,43575.205,20191009_072237,479174,15901,29474,7758
5,KFCX20191009_113210_V06,8.994,0.898,215.220,277.378,17.027,-80.751,37.125,8513.482,43873.260,20191009_073210,479170,21174,30630,13232
5,KFCX20191009_114144_V06,18.560,0.613,217.233,277.387,21.964,-80.740,37.125,10982.238,42900.499,20191009_074144,479172,27794,31809,19969
5,KFCX20191009_120052_V06,37.694,0.641,166.125,340.898,36.919,-81.025,36.838,18459.648,69991.235,20191009_080052,479172,32430,35705,23862
7,KFCX20191009_112237_V06,-0.556,0.306,372.169,312.119,5.538,-79.869,36.969,2768.894,36589.629,20191009_072237,479174,15901,29474,7758
7,KFCX20191009_113210_V06,8.994,0.133,370.301,312.493,13.035,-79.879,36.967,6517.699,35701.166,20191009_073210,479170,21174,30630,13232
7,KFCX20191009_114144_V06,18.560,0.890,367.291,317.502,14.335,-79.896,36.945,7167.273,34765.054,20191009_074144,479172,27794,31809,19969
7,KFCX20191009_120052_V06,37.694,0.087,356.303,258.964,20.976,-79.957,37.209,10487.973,34835.089,20191009_080052,479172,32430,35705,23862
6,KFCX20191009_112237_V06,-0.556,0.497,163.026,334.521,5.562,-81.042,36.866,2781.231,70628.382,20191009_072237,479174,15901,29474,7758
6,KFCX20191009_113210_V06,8.994,0.797,164.855,334.600,13.709,-81.032,36.866,6854.696,69751.995,20191009_073210,479170,21174,30630,13232
6,KFCX20191009_114144_V06,18.560,0.906,165.060,340.257,28.785,-81.031,36.840,14392.424,70408.413,20191009_074144,479172,27794,31809,19969
15,KFCX20191009_120052_V06,37.694,0.087,440.174,228.414,21.378,-79.483,37.344,10689.030,78697.653,20191009_080052,479172,32430,35705,23862
16,KFCX20191009_122000_V06,56.827,0.124,246.759,357.584,8.454,-80.572,36.764,4227.144,39212.531,20191009_082000,479174,32020,37422,24193
1,KFCX20191010_111248_V06,-11.259,0.102,274.553,177.114,1.766,-80.418,37.578,882.816,62746.758,20191010_071248,479173,9922,28426,6347
1,KFCX20191010_112221_V06,-1.709,-1.000,274.553,177.114,16.950,-80.418,37.578,8475.066,62746.758,20191010_072221,479170,39406,43722,24223
1,KFCX20191010_113155_V06,7.858,0.494,280.660,177.139,25.331,-80.384,37.578,12665.346,62187.022,20191010_073155,479174,53080,42864,39224
1,KFCX20191010_114128_V06,17.408,0.081,294.759,180.578,32.588,-80.304,37.562,16294.033,59768.263,20191010_074128,479172,55787,38626,44577
1,KFCX20191010_120035_V06,36.524,0.101,289.501,180.825,38.807,-80.334,37.561,19403.569,59818.376,20191010_080035,479169,59911,37442,48840
6,KFCX20191010_113155_V06,7.858,0.059,355.778,152.987,2.160,-79.958,37.686,1079.823,78619.086,20191010_073155,479174,53080,42864,39224
6,KFCX20191010_114128_V06,17.408,0.886,353.043,156.782,9.491,-79.974,37.669,4745.341,76362.483,20191010_074128,479172,55787,38626,44577
3,KFCX20191010_112221_V06,-1.709,0.100,307.667,376.736,6.237,-80.231,36.678,3118.345,38559.158,20191010_072221,479170,39406,43722,24223
3,KFCX20191011_113423_V06,9.433,0.961,169.758,333.429,13.193,-81.005,36.871,6596.632,67231.662,20191011_073423,479172,29020,20573,22808
3,KFCX20191011_114356_V06,18.983,0.943,171.563,332.169,19.960,-80.994,36.877,9979.891,66201.984,20191011_074356,479168,37446,20158,28176
3,KFCX20191011_120304_V06,38.116,0.598,174.208,338.491,35.021,-80.979,36.849,17510.710,65774.330,20191011_080304,479171,39357,22165,27810
1,KFCX20191011_111516_V06,-9.684,0.197,231.080,280.680,2.702,-80.662,37.111,1351.196,35788.429,20191011_071516,479175,6633,16114,4433
4,KFCX20191011_113423_V06,9.433,0.051,26.080,390.813,48.339,-81.805,36.605,24169.434,144290.579,20191011_073423,479172,29020,20573,22808
3,KFCX20191012_113317_V06,7.437,0.961,182.317,341.551,14.071,-80.934,36.835,7035.320,62401.610,20191012_073317,479170,22217,30658,10927
3,KFCX20191012_114251_V06,17.003,0.964,191.613,341.514,24.270,-80.882,36.836,12135.147,58032.606,20191012_074251,479173,25379,31560,11881
3,KFCX20191012_120157_V06,36.103,0.651,195.923,346.175,30.792,-80.857,36.815,15395.818,56930.270,20191012_080157,479198,30925,33121,13578
3,KFCX20191012_120601_V06,40.170,-1.000,196.866,347.158,32.209,-80.852,36.810,16104.380,56701.982,20191012_080601,479177,31390,34623,13063
3,KFCX20191012_121020_V06,44.487,0.053,216.943,323.705,66.560,-80.740,36.916,33280.140,43186.643,20191012_081020,479170,31320,36132,11944
1,KFCX20191014_112246_V06,-4.889,0.913,171.083,343.518,13.605,-80.997,36.826,6802.572,68032.083,20191014_072246,479171,5172,21391,4316
1,KFCX20191014_113220_V06,4.677,0.956,176.211,347.927,21.263,-80.968,36.806,10631.443,66371.473,20191014_073220,479174,8955,23619,7680
1,KFCX20191014_114153_V06,14.227,0.926,185.482,352.766,29.693,-80.916,36.785,14846.612,63044.904,20191014_074153,479170,10941,27232,9301
1,KFCX20191014_120101_V06,33.361,0.150,191.628,347.800,34.019,-80.881,36.807,17009.401,59222.899,20191014_080101,479169,12470,29912,10473
5,KFCX20191014_120101_V06,33.361,0.142,188.898,417.831,9.469,-80.894,36.492,4734.291,80974.809,20191014_080101,479169,12470,29912,10473
1,KFCX20191015_112131_V06,-7.052,0.592,166.110,334.377,7.059,-81.025,36.867,3529.577,69116.585,20191015_072131,479174,11195,22325,7610
1,KFCX20191015_113106_V06,2.531,0.978,172.808,338.447,19.919,-80.987,36.849,9959.572,66437.966,20191015_073106,479170,15410,19041,11985
1,KFCX20191015_114040_V06,12.098,0.967,174.084,337.276,27.081,-80.980,36.854,13540.713,65658.749,20191015_074040,479173,14443,15879,11329
1,KFCX20191015_115014_V06,21.664,0.737,175.732,333.978,29.633,-80.971,36.869,14816.365,64414.783,20191015_075014,479168,13807,14993,10660
1,KFCX20191015_120925_V06,40.848,0.744,182.582,326.276,38.476,-80.933,36.904,19237.779,60161.111,20191015_080925,479172,10827,13270,8245
1,KFCX20191015_121900_V06,50.431,0.078,174.821,329.546,36.411,-80.976,36.889,18205.409,64309.163,20191015_081900,479173,9818,12792,7492
8,KFCX20191022_122656_V06,51.804,0.166,408.116,191.590,31.340,-79.663,37.511,15670.013,76553.594,20191022_082656,479179,156609,170257,18947
8,KFCX20191022_123207_V06,56.987,0.058,408.898,191.190,40.195,-79.658,37.513,20097.578,76971.353,20191022_083207,479177,154895,174754,17175
2,KFCX20191022_104948_V06,-45.329,0.052,27.470,169.212,35.273,-81.817,37.603,17636.452,151144.033,20191022_064948,479193,68409,91817,8885
10,KFCX20191022_122656_V06,51.804,0.161,358.765,174.982,33.919,-79.942,37.587,16959.415,69070.176,20191022_082656,479179,156609,170257,18947
1,KFCX20191023_112555_V06,-10.175,0.290,165.408,351.029,6.048,-81.028,36.792,3023.834,71970.477,20191023_072555,479171,4165,20898,3314
1,KFCX20191023_113529_V06,-0.608,0.080,169.340,353.988,15.626,-81.006,36.779,7813.024,70686.940,20191023_073529,479171,6318,19006,5286
1,KFCX20191023_114504_V06,8.975,0.433,185.661,358.467,28.288,-80.914,36.759,14143.793,64209.930,20191023_074504,479170,8321,15596,7101
1,KFCX20191024_112807_V06,-8.943,0.075,162.899,343.948,2.865,-81.043,36.824,1432.537,71986.272,20191024_072807,479172,3912,4778,3110
2,KFCX20191024_123512_V06,58.140,0.087,419.340,296.074,14.306,-79.603,37.040,7153.030,59702.060,20191024_083512,479172,4338,4424,3759
1,KFCX20191025_114925_V06,11.383,0.209,251.367,220.879,8.715,-80.549,37.380,4357.540,46436.303,20191025_074925,479172,9650,7228,8156
7,KFCX20191027_121148_V06,31.800,0.120,238.722,234.622,21.824,-80.620,37.318,10911.764,44803.071,20191027_081148,479183,90109,110351,9929
7,KFCX20191027_121624_V06,36.400,0.181,238.913,233.801,29.070,-80.619,37.322,14534.834,45038.666,20191027_081624,479185,85510,106436,9492
7,KFCX20191027_122059_V06,40.983,0.151,257.987,236.141,19.292,-80.511,37.312,9646.126,38219.798,20191027_082059,479184,80208,102675,8841
1,KFCX20191028_113231_V06,-8.475,0.160,250.478,69.479,8.807,-80.556,38.062,4403.725,117890.028,20191028_073231,479174,20659,25007,14882
2,KFCX20191028_120114_V06,20.242,0.077,271.342,343.652,11.045,-80.435,36.827,5522.465,26109.394,20191028_080114,479172,29962,18599,25619
3,KFCX20191029_120208_V06,20.145,0.076,258.093,259.320,29.607,-80.510,37.207,14803.274,29202.297,20191029_080208,479173,3504,30354,2792
3,KFCX20191029_121142_V06,29.712,0.103,262.045,253.853,36.266,-80.488,37.232,18132.795,29874.939,20191029_081142,479173,3462,29548,2770
2,KFCX20191030_104643_V06,-56.273,0.059,315.075,503.432,22.780,-80.190,36.108,11389.817,101995.155,20191030_064643,479176,33238,67947,9537
7,KFCX20191031_112632_V06,-17.463,0.082,247.689,231.592,18.758,-80.569,37.332,9378.853,43058.416,20191031_072632,479190,116968,135878,11416
7,KFCX20191031_113126_V06,-12.563,0.238,251.146,231.083,26.381,-80.550,37.334,13190.304,42238.282,20191031_073126,479179,123073,141394,12064
7,KFCX20191031_113635_V06,-7.413,0.666,267.882,224.180,30.464,-80.455,37.366,15231.831,41171.111,20191031_073635,479171,127981,146377,12494
7,KFCX20191031_114126_V06,-2.563,0.201,283.191,218.394,32.746,-80.369,37.392,16372.972,41659.394,20191031_074126,479185,133694,148295,14300
6,KFCX20191031_110718_V06,-36.696,0.067,289.704,227.684,21.185,-80.332,37.350,10592.335,36522.671,20191031_070718,479194,108287,125205,12104
6,KFCX20191031_111207_V06,-31.879,-1.000,289.704,227.684,28.843,-80.332,37.350,14421.585,36522.671,20191031_071207,479173,109305,126609,12083
6,KFCX20191031_111656_V06,-27.063,0.059,297.866,220.167,32.079,-80.286,37.384,16039.485,39930.618,20191031_071656,479191,111180,129675,11759
4,KFCX20191031_105247_V06,-51.213,0.135,257.550,251.125,20.401,-80.513,37.244,10200.394,32368.028,20191031_065247,479184,100701,119646,11622
5,KFCX20191031_110718_V06,-36.696,0.087,29.573,139.442,42.494,-81.808,37.738,21246.876,157249.623,20191031_070718,479194,108287,125205,12104
1,KFCX20191102_112456_V06,-21.088,0.202,303.173,301.909,6.025,-80.256,37.016,3012.623,1851.577,20191102_072456,479173,5942,11768,3983
1,KFCX20191106_114658_V06,-3.150,0.315,248.994,222.508,9.193,-80.562,37.373,4596.685,46386.032,20191106_064658,479172,33525,29978,25717
3,KFCX20191107_121007_V06,18.969,0.115,278.723,334.292,20.062,-80.393,36.870,10031.139,20178.491,20191107_071007,479170,13319,20855,9229
1,KFCX20191109_130543_V06,72.500,0.067,297.560,298.779,13.716,-80.288,37.030,6857.849,1363.962,20191109_080543,479173,5823,6918,5048
2,KFCX20191119_112514_V06,-38.357,0.074,26.609,358.196,32.679,-81.805,36.752,16339.737,139757.985,20191119_062514,479175,20906,21773,11730
2,KFCX20191119_113449_V06,-28.774,-1.000,26.609,358.196,47.917,-81.805,36.752,23958.487,139757.985,20191119_063449,479173,17646,20489,9159
2,KFCX20191119_114423_V06,-19.207,0.290,36.419,340.898,54.126,-81.752,36.831,27062.969,133367.423,20191119_064423,479172,14278,16325,7037
2,KFCX20191119_120230_V06,-1.090,0.070,48.978,317.271,80.602,-81.683,36.938,40301.083,125807.478,20191119_070230,479169,19275,16852,10257
5,KFCX20191120_131308_V06,68.514,0.122,189.254,242.223,10.602,-80.899,37.283,5300.798,62455.902,20191120_081308,479174,7162,12418,5556
1,KFCX20191121_121645_V06,11.106,0.779,242.024,285.858,26.599,-80.600,37.087,13299.570,29837.952,20191121_071645,479171,26449,15669,22665
8,KFCX20191122_124507_V06,38.452,0.181,47.988,437.179,56.841,-81.679,36.398,28420.670,143464.157,20191122_074507,479171,214977,198769,37662
1,KFCX20191125_112629_V06,-43.208,0.050,299.644,302.095,8.642,-80.276,37.015,4321.156,1062.332,20191125_062629,479174,9570,18504,6406
1,KFCX20191126_121505_V06,4.397,0.274,240.091,284.607,14.558,-80.611,37.093,7278.833,30927.694,20191126_071505,479174,20713,9546,18166
1,KFCX20191126_122440_V06,13.981,0.080,240.846,284.714,30.054,-80.607,37.093,15027.161,30548.519,20191126_072440,479172,13775,8448,11838
2,KFCX20191126_132209_V06,71.464,0.056,310.775,307.772,10.541,-80.214,36.989,5270.748,6642.758,20191126_082209,479170,6442,7652,5429
2,KFCX20191129_122137_V06,8.003,0.124,241.665,287.780,14.898,-80.602,37.079,7448.973,29800.677,20191129_072137,479173,12412,10812,9937
2,KFCX20191129_123111_V06,17.570,0.069,243.473,287.056,29.714,-80.592,37.082,14857.228,28995.083,20191129_073111,479174,8605,10876,6826
4,KFCX20191202_121320_V06,-3.106,0.632,34.107,129.302,35.978,-81.783,37.784,17988.785,157984.734,20191202_071320,479175,34485,67108,6826
4,KFCX20191202_122255_V06,6.477,0.750,40.080,136.849,44.643,-81.749,37.750,22321.297,153441.206,20191202_072255,479172,40209,68958,9710
4,KFCX20191202_123230_V06,16.061,0.436,52.858,132.344,55.807,-81.677,37.771,27903.627,149321.413,20191202_073230,479169,44416,78489,9471
4,KFCX20191202_124204_V06,25.627,0.393,58.272,149.333,58.366,-81.645,37.695,29183.059,142419.228,20191202_074204,479175,53623,90512,9269
2,KFCX20191202_113501_V06,-41.423,0.053,396.109,185.166,22.930,-79.730,37.540,11464.916,74872.929,20191202_063501,479172,21131,53541,4357
3,KFCX20191204_112159_V06,-56.272,0.051,248.586,218.163,12.251,-80.564,37.393,6125.425,48323.672,20191204_062159,479172,3732,7209,3141
3,KFCX20191206_122328_V06,3.459,0.356,298.834,301.063,17.220,-80.281,37.019,8609.802,788.776,20191206_072328,479172,67768,68266,12102
3,KFCX20191206_123303_V06,13.042,0.067,299.126,302.704,28.382,-80.279,37.012,14191.199,1421.083,20191206_073303,479166,63188,65453,10227
6,KFCX20191206_132058_V06,60.959,0.053,20.489,430.640,26.484,-81.833,36.425,13241.945,154266.976,20191206_082058,479171,69243,82699,9792
6,KFCX20191206_133032_V06,70.525,0.202,25.823,432.205,39.429,-81.803,36.419,19714.676,152193.492,20191206_083032,479173,74374,90550,10447
1,KFCX20191206_112559_V06,-54.025,0.059,299.328,302.086,8.821,-80.278,37.015,4410.351,1095.850,20191206_062559,479174,54857,57496,7368
1,KFCX20191212_122434_V06,-0.259,0.593,281.524,295.092,7.991,-80.378,37.046,3995.327,9558.423,20191212_072434,479172,6688,3925,5870
1,KFCX20191212_123409_V06,9.324,0.096,282.731,297.558,18.725,-80.371,37.035,9362.490,8720.519,20191212_073409,479175,5866,3445,5099
6,KFCX20191213_131244_V06,47.177,0.059,40.995,155.831,46.079,-81.742,37.665,23039.631,148213.230,20191213_081244,479175,360730,343762,27750
5,KFCX20191214_123909_V06,12.885,0.050,16.267,304.135,22.157,-81.868,36.995,11078.735,141881.431,20191214_073909,479171,278058,301173,24278
5,KFCX20191217_125221_V06,24.103,0.147,217.816,252.954,20.170,-80.737,37.235,10084.774,47348.489,20191217_075221,479173,66200,75929,10001
7,KFCX20191217_132648_V06,58.553,0.090,29.201,528.081,35.017,-81.776,35.987,17508.595,177026.081,20191217_082648,479178,65377,67987,9767
1,KFCX20191221_122717_V06,-3.250,0.264,282.166,300.158,5.736,-80.374,37.023,2868.172,8917.375,20191221_072717,479172,6052,2933,5292
1,KFCX20191221_123854_V06,8.367,0.153,283.793,305.099,21.327,-80.365,37.001,10663.711,8495.225,20191221_073854,479172,9492,3271,8641
2,KFCX20191222_122738_V06,-3.403,0.412,283.744,300.322,5.978,-80.366,37.023,2989.006,8129.590,20191222_072738,479171,8300,4545,7456
2,KFCX20191222_123916_V06,8.230,0.254,286.033,303.691,20.898,-80.353,37.008,10448.994,7223.154,20191222_073916,479172,9861,4815,8948
2,KFCX20191222_124850_V06,17.797,0.084,289.738,308.741,29.861,-80.332,36.985,14930.707,6740.063,20191222_074850,479174,5729,4659,5103
1,KFCX20191222_114924_V06,-41.636,0.098,303.475,300.912,8.631,-80.255,37.020,4315.331,1796.365,20191222_064924,479172,5269,5524,4616
3,KFCX20191223_124350_V06,12.323,0.252,284.729,292.078,11.631,-80.360,37.060,5815.514,8601.696,20191223_074350,479175,174575,183034,14513
2,KFCX20191225_122924_V06,-2.972,0.138,285.902,303.028,9.991,-80.353,37.011,4995.319,7209.880,20191225_072924,479172,14217,5487,12507
2,KFCX20191225_123858_V06,6.595,0.194,289.121,305.202,22.956,-80.335,37.001,11477.895,6029.284,20191225_073858,479169,13851,5940,12138
2,KFCX20191225_124831_V06,16.145,0.077,294.629,308.149,31.557,-80.304,36.987,15778.321,4879.910,20191225_074831,479172,9739,6501,8315
1,KFCX20191225_120044_V06,-31.638,0.170,120.376,413.503,6.477,-81.277,36.509,3238.747,106239.840,20191225_070044,479172,8077,5689,6277
4,KFCX20191226_122807_V06,-4.640,0.454,282.825,301.626,6.672,-80.371,37.017,3335.892,8625.845,20191226_072807,479175,5205,5356,4725
4,KFCX20191226_123741_V06,4.926,0.317,286.795,305.123,18.874,-80.348,37.001,9437.020,7082.110,20191226_073741,479174,6414,4797,5876
1,KFCX20191226_114019_V06,-52.440,0.310,247.033,218.570,11.880,-80.573,37.391,5939.913,48570.533,20191226_064019,479172,3146,4525,2660
2,KFCX20191226_114019_V06,-52.440,0.073,334.481,309.109,5.125,-80.081,36.983,2562.294,17832.196,20191226_064019,479172,3146,4525,2660
3,KFCX20191226_121833_V06,-14.207,0.109,248.245,219.801,11.244,-80.566,37.385,5621.964,47724.333,20191226_071833,479170,3284,5310,2957
1,KFCX20191227_113917_V06,-53.828,0.169,247.295,219.652,11.595,-80.572,37.386,5797.268,48045.611,20191227_063917,479169,4585,15479,3587
1,KFCX20191228_122651_V06,-6.584,0.555,284.058,300.832,5.673,-80.364,37.020,2836.533,7982.069,20191228_072651,479175,4262,4551,3913
1,KFCX20191228_123625_V06,2.983,0.125,286.099,302.372,17.813,-80.352,37.013,8906.576,7050.863,20191228_073625,479175,5061,3960,4607
1,KFCX20191228_124558_V06,12.533,0.051,295.585,306.076,29.393,-80.299,36.997,14696.492,3755.291,20191228_074558,479175,3444,4044,3160
1,KFCX20191231_113933_V06,-54.659,0.063,245.966,219.497,13.264,-80.579,37.386,6632.046,48477.876,20191231_063933,479172,3410,3598,2988
1,KFCX20191231_114906_V06,-45.109,0.072,246.451,219.497,20.213,-80.577,37.386,10106.603,48343.261,20191231_064906,479174,3422,3848,3030
2,KFCX20191231_123652_V06,2.658,0.067,295.938,305.146,18.943,-80.297,37.001,9471.634,3278.218,20191231_073652,479174,5291,4862,4741
