track_id,filename,from_sunrise,det_score,x,y,r,lon,lat,radius,geo_dist,local_time,n_radar_pixels,n_refAbove40_pixels,n_xcorrAbove0.95_pixels,n_xcorrBelow0.95_refAbove40_pixels
2,KRAX20190601_110825_V06,68.821,0.163,388.613,117.980,54.470,-77.996,36.484,27234.909,101221.884,20190601_070825,479173,50073,29350,44038
2,KRAX20190601_111338_V06,74.038,0.335,388.001,119.468,60.267,-77.999,36.478,30133.585,100419.089,20190601_071338,479176,49769,29034,43801
2,KRAX20190601_111857_V06,79.354,0.053,375.961,121.721,54.174,-78.066,36.468,27087.154,96893.802,20190601_071857,479167,48942,29446,42741
2,KRAX20190601_112421_V06,84.754,0.065,376.213,122.567,60.832,-78.065,36.464,30415.789,96554.363,20190601_072421,479172,48482,29631,42347
1,KRAX20190601_110245_V06,63.154,0.155,403.898,128.158,61.337,-77.911,36.438,30668.728,100404.820,20190601_070245,479173,53238,28755,46815
2,KRAX20190602_093645_V06,-22.530,0.249,380.516,517.926,16.165,-78.051,34.682,8082.264,116162.203,20190602_053645,479172,65018,26553,52087
2,KRAX20190602_094226_V06,-16.846,0.069,380.540,519.814,26.430,-78.051,34.674,13215.099,117052.070,20190602_054226,479176,67045,23170,56229
2,KRAX20190602_094822_V06,-10.913,-1.000,380.561,521.476,36.946,-78.051,34.666,18473.204,117836.242,20190602_054822,479177,123029,18830,112769
2,KRAX20190602_095403_V06,-5.230,0.129,382.062,516.978,38.372,-78.042,34.687,19185.957,115988.794,20190602_055403,479180,193329,20438,180352
1,KRAX20190602_091943_V06,-39.563,0.219,336.239,433.793,24.116,-78.291,35.062,12058.050,69306.956,20190602_051943,479171,56604,25820,44414
1,KRAX20190602_092523_V06,-33.896,0.080,338.440,432.747,29.857,-78.279,35.067,14928.598,69100.518,20190602_052523,479170,65116,27229,52043
3,KRAX20190602_103927_V06,40.170,0.350,269.605,90.214,13.777,-78.660,36.610,6888.382,105988.153,20190602_063927,479168,160022,31200,144362
3,KRAX20190602_104508_V06,45.854,0.099,268.107,88.595,22.541,-78.668,36.618,11270.522,106898.357,20190602_064508,479169,166587,21667,156663
1,KRAX20190603_092833_V06,-30.441,0.112,239.072,574.472,22.556,-78.821,34.428,11277.810,140576.366,20190603_052833,479177,63274,21852,56207
4,KRAX20190604_110049_V06,62.085,0.058,421.480,117.926,63.194,-77.812,36.484,31596.760,109439.561,20190604_070049,479172,104390,17803,97227
5,KRAX20190604_111827_V06,79.718,0.119,505.607,268.163,20.918,-77.353,35.803,10458.977,104028.850,20190604_071827,479176,89466,25941,79928
2,KRAX20190606_091225_V06,-45.879,0.054,353.829,404.774,30.195,-78.194,35.193,15097.382,58896.522,20190606_051225,479176,11269,18127,8354
25,KRAX20190607_110242_V06,64.580,0.159,251.164,409.004,23.965,-78.758,35.174,11982.750,59721.742,20190607_070242,479181,63986,73628,18683
25,KRAX20190607_110811_V06,70.064,0.129,253.144,406.624,29.898,-78.747,35.184,14949.229,58232.897,20190607_070811,479181,62987,77697,16269
3,KRAX20190607_090442_V06,-53.420,0.144,233.998,182.186,6.746,-78.857,36.196,3373.014,67521.111,20190607_050442,479173,34511,31609,14486
11,KRAX20190607_091510_V06,-42.953,0.068,240.625,177.448,6.656,-78.820,36.217,3328.148,68088.791,20190607_051510,479173,35762,32562,15600
16,KRAX20190607_094633_V06,-11.570,0.228,210.794,325.307,11.826,-78.982,35.550,5912.949,46363.032,20190607_054633,479179,57540,36182,36582
3,KRAX20190609_100301_V06,5.166,0.243,347.739,391.233,21.739,-78.228,35.254,10869.261,51484.334,20190609_060301,479167,122560,128589,22990
3,KRAX20190609_100709_V06,9.299,0.109,347.530,389.632,26.570,-78.229,35.261,13285.126,50727.186,20190609_060709,479169,122876,130693,21908
4,KRAX20190609_100301_V06,5.166,0.070,243.397,98.310,34.680,-78.806,36.574,17340.141,104740.897,20190609_060301,479167,122560,128589,22990
14,KRAX20190610_101520_V06,17.576,0.101,403.606,281.087,18.648,-77.917,35.749,9323.849,52659.298,20190610_061520,479176,28143,46516,13934
14,KRAX20190610_102003_V06,22.292,-1.000,403.606,281.087,26.147,-77.917,35.749,13073.599,52659.298,20190610_062003,479174,25366,47945,11279
14,KRAX20190610_102432_V06,26.776,0.074,405.741,270.793,16.527,-77.905,35.795,8263.401,54850.087,20190610_062432,479182,25613,48392,11827
11,KRAX20190611_102727_V06,29.758,0.052,324.897,387.547,16.099,-78.353,35.271,8049.320,45509.260,20190611_062727,479181,150901,67665,107587
11,KRAX20190611_103135_V06,33.891,0.223,325.328,386.920,21.269,-78.351,35.273,10634.448,45267.461,20190611_063135,479189,150150,66674,107151
13,KRAX20190611_105206_V06,54.408,0.219,343.710,382.772,16.749,-78.250,35.292,8374.352,46802.289,20190611_065206,479172,121112,66835,82145
13,KRAX20190611_110029_V06,62.791,0.179,343.532,378.304,28.113,-78.251,35.312,14056.312,44795.357,20190611_070029,479173,117293,62667,81197
13,KRAX20190611_110437_V06,66.925,-1.000,343.451,376.274,33.792,-78.251,35.321,16895.870,43891.004,20190611_070437,479188,113299,60979,79685
13,KRAX20190611_110846_V06,71.075,0.605,358.035,382.070,18.019,-78.171,35.295,9009.298,50258.043,20190611_070846,479176,110893,60127,78093
13,KRAX20190611_111254_V06,75.208,0.300,359.166,382.868,22.848,-78.165,35.291,11424.163,50910.966,20190611_071254,479170,105233,58270,74007
2,KRAX20190611_091341_V06,-44.009,0.076,202.912,318.476,16.885,-79.026,35.581,8442.516,49415.045,20190611_051341,479180,82873,82017,25460
10,KRAX20190611_100027_V06,2.758,0.104,427.303,206.210,10.392,-77.783,36.086,5196.194,79061.248,20190611_060027,479184,196219,58572,152395
14,KRAX20190611_110437_V06,66.925,0.606,354.868,381.212,20.525,-78.188,35.299,10262.705,49004.825,20190611_070437,479188,113299,60979,79685
1,KRAX20190612_090639_V06,-51.003,0.082,211.655,151.097,7.920,-78.982,36.335,3959.929,86569.135,20190612_050639,479172,47400,28937,31265
1,KRAX20190612_091220_V06,-45.320,0.262,211.735,151.396,14.061,-78.982,36.334,7030.345,86420.168,20190612_051220,479173,49566,30446,32627
1,KRAX20190615_094352_V06,-13.834,0.075,415.955,359.640,23.309,-77.852,35.395,11654.533,65196.913,20190615_054352,479172,58393,24683,45766
2,KRAX20190615_101758_V06,20.266,0.061,211.806,149.285,8.368,-78.981,36.343,4184.210,87311.270,20190615_061758,479175,52049,26169,41484
3,KRAX20190615_102338_V06,25.933,0.162,193.994,63.324,4.534,-79.083,36.730,2267.145,129665.696,20190615_062338,479167,41524,24512,33485
5,KRAX20190615_103500_V06,37.300,0.066,319.898,394.053,24.535,-78.381,35.241,12267.258,48067.364,20190615_063500,479174,48927,28729,37831
6,KRAX20190615_105204_V06,54.366,0.167,444.304,240.605,25.761,-77.690,35.930,12880.680,78024.770,20190615_065204,479176,60517,30930,46881
6,KRAX20190615_110326_V06,65.733,0.104,445.010,227.951,22.852,-77.686,35.987,11425.915,80961.148,20190615_070326,479170,57712,28738,45701
8,KRAX20190615_112030_V06,82.800,0.214,354.369,134.609,6.724,-78.187,36.410,3361.767,87049.269,20190615_072030,479177,61639,27875,49432
4,KRAX20190617_092809_V06,-29.715,0.053,420.437,514.819,14.492,-77.833,34.695,7245.999,123138.355,20190617_052809,479174,24590,8486,21258
4,KRAX20190617_093700_V06,-20.865,-1.000,420.437,514.819,28.563,-77.833,34.695,14281.749,123138.355,20190617_053700,479171,29129,9250,25877
4,KRAX20190617_094548_V06,-12.065,0.051,439.010,517.142,46.931,-77.732,34.684,23465.694,128913.128,20190617_054548,479169,54793,13306,50145
1,KRAX20190617_091927_V06,-38.415,0.221,318.698,445.047,3.268,-78.388,35.012,1634.230,73123.542,20190617_051927,479169,21988,10289,17684
2,KRAX20190618_103534_V06,37.581,0.069,438.807,197.185,72.859,-77.719,36.126,36429.634,86369.157,20190618_063534,479172,72087,25285,63328
12,KRAX20190619_111458_V06,76.833,0.071,207.872,152.823,34.289,-79.003,36.327,17144.413,86817.004,20190619_071458,479173,29442,35036,16310
14,KRAX20190619_112012_V06,82.067,0.079,372.144,369.609,39.001,-78.093,35.351,19500.517,50125.461,20190619_072012,479172,30248,36085,15696
1,KRAX20190621_091629_V06,-42.021,0.068,76.026,400.989,6.558,-79.720,35.204,3279.075,122844.757,20190621_051629,479175,29451,21502,25071
10,KRAX20190622_093607_V06,-22.610,0.098,431.467,215.002,68.903,-77.761,36.046,34451.530,78275.244,20190622_053607,479178,133153,95862,58137
10,KRAX20190622_094047_V06,-17.944,0.083,432.618,215.698,75.445,-77.754,36.043,37722.620,78572.468,20190622_054047,479171,128640,100813,50827
10,KRAX20190622_094513_V06,-13.510,0.077,440.588,214.029,80.215,-77.710,36.050,40107.591,82395.338,20190622_054513,479177,132443,95083,59594
10,KRAX20190622_094947_V06,-8.944,0.121,453.098,208.975,85.619,-77.640,36.072,42809.480,89056.794,20190622_054947,479177,133606,97983,61223
10,KRAX20190622_095434_V06,-4.160,0.107,465.935,213.177,85.538,-77.569,36.053,42768.791,93638.317,20190622_055434,479182,143956,83838,82042
10,KRAX20190622_100329_V06,4.756,0.110,488.569,211.830,87.962,-77.444,36.058,43981.175,104082.048,20190622_060329,479172,145982,79135,87449
10,KRAX20190622_100737_V06,8.890,0.074,499.243,205.716,92.784,-77.384,36.085,46391.843,110212.612,20190622_060737,479175,159498,79798,98984
33,KRAX20190622_110703_V06,68.323,0.127,124.290,129.690,63.637,-79.470,36.429,31818.403,122351.158,20190622_070703,479192,115850,73206,64023
33,KRAX20190622_111021_V06,71.623,0.200,125.033,129.143,68.796,-79.466,36.431,34397.828,122275.919,20190622_071021,479179,123723,72654,71110
33,KRAX20190622_111339_V06,74.923,0.118,131.214,130.233,70.426,-79.431,36.427,35212.759,119696.892,20190622_071339,479184,129589,72535,76374
33,KRAX20190622_111657_V06,78.223,-1.000,135.818,130.924,73.041,-79.405,36.424,36520.368,117837.417,20190622_071657,479171,114877,72008,63381
33,KRAX20190622_112015_V06,81.523,-1.000,140.421,131.614,75.656,-79.380,36.421,37827.977,115994.835,20190622_072015,479174,118450,68611,68835
33,KRAX20190622_112333_V06,84.823,0.256,149.537,131.396,77.531,-79.329,36.422,38765.259,112989.391,20190622_072333,479182,124436,68539,74446
33,KRAX20190622_112651_V06,88.123,0.078,157.333,134.552,75.843,-79.285,36.408,37921.703,109232.483,20190622_072651,479177,117278,66063,70117
4,KRAX20190622_091618_V06,-42.427,0.272,13.211,274.227,21.594,-80.076,35.771,10796.851,143972.340,20190622_051618,479177,125199,91278,53832
4,KRAX20190622_092044_V06,-37.994,0.304,13.678,275.869,27.708,-80.073,35.764,13854.182,143668.728,20190622_052044,479193,125796,92012,53987
4,KRAX20190622_092700_V06,-31.727,0.308,23.852,280.633,36.490,-80.016,35.743,18245.129,138412.973,20190622_052700,479181,130505,95670,55190
4,KRAX20190622_093126_V06,-27.294,0.139,27.364,284.571,38.577,-79.997,35.725,19288.675,136535.964,20190622_053126,479185,127920,96924,52039
8,KRAX20190622_092700_V06,-31.727,0.507,10.933,370.822,17.426,-80.080,35.336,8712.789,148808.310,20190622_052700,479181,130505,95670,55190
8,KRAX20190622_093126_V06,-27.294,0.526,12.828,371.560,23.726,-80.069,35.332,11863.099,147976.779,20190622_053126,479185,127920,96924,52039
8,KRAX20190622_093607_V06,-22.610,0.257,20.252,378.214,27.195,-80.028,35.303,13597.599,145238.001,20190622_053607,479178,133153,95862,58137
8,KRAX20190622_094047_V06,-17.944,0.206,30.813,383.571,26.673,-79.969,35.280,13336.570,140930.465,20190622_054047,479171,128640,100813,50827
17,KRAX20190622_100737_V06,8.890,0.092,51.900,82.378,57.094,-79.877,36.638,28547.241,165009.714,20190622_060737,479175,159498,79798,98984
17,KRAX20190622_101132_V06,12.806,0.085,52.233,82.153,62.384,-79.875,36.639,31191.780,164958.927,20190622_061132,479186,143577,76252,88231
17,KRAX20190622_101527_V06,16.723,0.150,57.548,84.682,61.934,-79.845,36.628,30967.187,162130.482,20190622_061527,479186,148656,76370,92662
17,KRAX20190622_101907_V06,20.390,0.101,62.834,84.704,63.853,-79.816,36.628,31926.550,160156.344,20190622_061907,479171,148194,74811,93415
2,KRAX20190622_090756_V06,-50.794,0.207,362.418,201.271,56.274,-78.143,36.110,28137.047,58402.718,20190622_050756,479167,131151,90434,59519
2,KRAX20190622_091207_V06,-46.610,0.682,362.060,204.275,64.268,-78.145,36.096,32134.014,57040.930,20190622_051207,479180,135004,87512,65413
2,KRAX20190622_091618_V06,-42.427,-1.000,361.793,206.513,71.919,-78.147,36.086,35959.609,56031.866,20190622_051618,479177,125199,91278,53832
2,KRAX20190622_092044_V06,-37.994,0.403,374.801,207.918,74.239,-78.075,36.080,37119.549,59317.337,20190622_052044,479193,125796,92012,53987
2,KRAX20190622_092700_V06,-31.727,0.281,405.219,205.995,67.841,-77.906,36.087,33920.483,70547.856,20190622_052700,479181,130505,95670,55190
2,KRAX20190622_093126_V06,-27.294,0.276,405.468,207.253,75.412,-77.905,36.082,37706.032,70223.687,20190622_053126,479185,127920,96924,52039
26,KRAX20190622_103011_V06,31.456,0.065,407.930,159.983,65.602,-77.889,36.295,32800.819,88393.597,20190622_063011,479178,141066,72580,87899
26,KRAX20190622_103339_V06,34.923,0.094,408.772,159.792,69.863,-77.885,36.296,34931.680,88726.708,20190622_063339,479178,127902,75399,74361
26,KRAX20190622_103702_V06,38.306,0.076,415.549,164.455,71.658,-77.847,36.274,35829.166,89056.146,20190622_063702,479177,132745,69924,82459
18,KRAX20190622_101527_V06,16.723,0.173,415.135,417.487,19.280,-77.858,35.134,9640.198,82248.430,20190622_061527,479186,148656,76370,92662
18,KRAX20190622_101907_V06,20.390,0.594,418.433,418.495,22.839,-77.840,35.130,11419.647,83766.521,20190622_061907,479171,148194,74811,93415
18,KRAX20190622_102248_V06,24.073,0.125,431.440,420.041,19.521,-77.769,35.122,9760.439,89003.529,20190622_062248,479187,133489,73380,81242
18,KRAX20190622_102630_V06,27.773,0.196,433.348,420.494,24.432,-77.759,35.120,12215.771,89861.727,20190622_062630,479176,139563,75343,85486
34,KRAX20190622_110703_V06,68.323,0.072,314.172,143.964,47.742,-78.411,36.368,23871.044,78338.949,20190622_070703,479192,115850,73206,64023
34,KRAX20190622_111021_V06,71.623,-1.000,314.172,143.964,52.989,-78.411,36.368,26494.544,78338.949,20190622_071021,479179,123723,72654,71110
34,KRAX20190622_111339_V06,74.923,0.240,316.574,139.654,59.318,-78.398,36.388,29659.155,80600.361,20190622_071339,479184,129589,72535,76374
3,KRAX20190622_091618_V06,-42.427,0.669,360.224,201.772,78.495,-78.156,36.107,39247.276,57610.073,20190622_051618,479177,125199,91278,53832
13,KRAX20190622_095434_V06,-4.160,0.114,428.986,301.507,22.774,-77.778,35.656,11387.024,64497.627,20190622_055434,479182,143956,83838,82042
14,KRAX20190622_100329_V06,4.756,0.121,45.385,396.130,72.127,-79.888,35.224,36063.484,136078.812,20190622_060329,479172,145982,79135,87449
14,KRAX20190622_100737_V06,8.890,0.094,53.189,429.094,52.696,-79.843,35.076,26347.889,139266.634,20190622_060737,479175,159498,79798,98984
15,KRAX20190622_100737_V06,8.890,0.101,398.870,416.948,17.821,-77.948,35.137,8910.694,76570.363,20190622_060737,479175,159498,79798,98984
19,KRAX20190622_101527_V06,16.723,0.053,395.215,189.776,43.657,-77.961,36.161,21828.518,72827.299,20190622_061527,479186,148656,76370,92662
22,KRAX20190622_102630_V06,27.773,0.068,250.565,170.882,30.656,-78.765,36.247,15327.946,69128.946,20190622_062630,479176,139563,75343,85486
35,KRAX20190622_110703_V06,68.323,0.071,508.578,144.981,55.714,-77.328,36.358,27857.143,129938.151,20190622_070703,479192,115850,73206,64023
1,KRAX20190623_112044_V06,81.759,0.082,304.602,130.999,28.443,-78.464,36.427,14221.336,84531.781,20190623_072044,479175,123026,44360,100964
1,KRAX20190623_112624_V06,87.426,0.110,303.720,131.456,36.458,-78.469,36.425,18228.947,84292.629,20190623_072624,479175,125598,45221,102347
1,KRAX20190624_093249_V06,-26.429,0.060,427.582,390.342,8.651,-77.789,35.256,4325.401,78164.361,20190624_053249,479176,27236,14092,21330
1,KRAX20190624_094335_V06,-15.663,0.726,430.663,387.870,17.733,-77.772,35.267,8866.636,78730.546,20190624_054335,479174,35181,17163,28217
1,KRAX20190624_100112_V06,1.954,0.058,431.820,391.294,23.012,-77.766,35.252,11505.785,80173.181,20190624_060112,479173,80527,23010,71276
2,KRAX20190624_094335_V06,-15.663,0.391,409.449,177.622,6.203,-77.881,36.215,3101.299,82090.492,20190624_054335,479174,35181,17163,28217
1,KRAX20190625_092150_V06,-37.708,0.384,450.760,47.634,55.211,-77.645,36.799,27605.354,146984.158,20190625_052150,479171,28120,16558,23591
1,KRAX20190627_100027_V06,0.249,0.284,314.841,166.620,17.765,-78.407,36.266,8882.565,67101.381,20190627_060027,479175,80824,31227,69407
1,KRAX20190627_100607_V06,5.916,0.109,319.639,171.229,15.906,-78.381,36.246,7953.243,65130.120,20190627_060607,479178,81903,29894,70992
1,KRAX20190628_095325_V06,-7.148,0.115,290.008,420.909,5.170,-78.545,35.120,2585.217,60660.458,20190628_055325,479176,109580,29870,94740
2,KRAX20190629_094325_V06,-17.533,0.367,88.290,465.074,5.789,-79.648,34.916,2894.650,134229.944,20190629_054325,479181,40871,30912,31513
2,KRAX20190629_094750_V06,-13.116,0.169,89.029,464.976,11.881,-79.644,34.916,5940.255,133908.569,20190629_054750,479171,47744,32148,37196
2,KRAX20190629_095215_V06,-8.700,0.087,92.457,464.667,16.870,-79.626,34.918,8434.760,132466.123,20190629_055215,479191,55531,35764,43676
1,KRAX20190629_090809_V06,-52.800,0.058,273.296,382.282,2.778,-78.637,35.294,1389.042,43253.598,20190629_050809,479187,31795,28729,23376
1,KRAX20190630_092830_V06,-32.856,0.077,447.145,520.285,37.120,-77.687,34.670,18560.026,132455.133,20190630_052830,479169,45781,25043,35455
2,KRAX20190630_100236_V06,1.244,0.580,192.508,65.487,5.277,-79.092,36.721,2638.435,128987.346,20190630_060236,479172,90127,33018,76266
2,KRAX20190701_100217_V06,0.500,0.240,421.251,402.246,13.095,-77.824,35.203,6547.289,79303.189,20190701_060217,479176,199711,31599,182594
2,KRAX20190701_100758_V06,6.184,0.222,421.921,401.594,20.011,-77.821,35.206,10005.648,79350.730,20190701_060758,479176,196114,34001,178249
1,KRAX20190701_094516_V06,-16.516,0.120,424.224,177.702,22.067,-77.799,36.214,11033.634,87161.405,20190701_054516,479174,142573,28821,128109
3,KRAX20190701_100758_V06,6.184,0.115,85.687,149.666,9.610,-79.684,36.337,4805.244,130891.632,20190701_060758,479176,196114,34001,178249
4,KRAX20190701_100758_V06,6.184,0.093,242.303,517.650,22.389,-78.805,34.684,11194.313,112583.752,20190701_060758,479176,196114,34001,178249
1,KRAX20190703_095134_V06,-11.130,0.555,376.402,362.696,7.200,-78.070,35.382,3600.033,49416.485,20190703_055134,479169,127945,25786,113971
1,KRAX20190703_100254_V06,0.204,0.065,377.126,363.006,18.198,-78.066,35.381,9099.184,49794.920,20190703_060254,479176,131744,23404,119697
2,KRAX20190703_095134_V06,-11.130,0.164,427.255,392.941,9.507,-77.791,35.244,4753.597,78790.658,20190703_055134,479169,127945,25786,113971
2,KRAX20190704_093946_V06,-23.414,0.057,135.350,342.983,6.162,-79.397,35.468,3080.935,85083.878,20190704_053946,479172,31131,46491,22374
3,KRAX20190704_100557_V06,2.769,0.109,289.223,421.422,10.135,-78.549,35.118,5067.686,60949.655,20190704_060557,479181,91060,44519,75162
4,KRAX20190704_101910_V06,15.986,0.132,27.596,181.042,37.869,-80.004,36.192,18934.387,148622.783,20190704_061910,479191,88613,46111,72259
5,KRAX20190704_103225_V06,29.236,0.129,442.809,342.120,54.924,-77.703,35.473,27461.958,74445.474,20190704_063225,479181,90448,49813,72332
7,KRAX20190705_100733_V06,3.866,0.149,425.137,385.668,13.710,-77.802,35.277,6855.217,75825.907,20190705_060733,479180,23315,37500,14193
7,KRAX20190705_101127_V06,7.766,0.260,425.416,385.065,19.414,-77.801,35.280,9707.098,75771.330,20190705_061127,479187,22891,36024,14561
7,KRAX20190705_101522_V06,11.683,0.073,426.671,380.531,25.024,-77.794,35.300,12511.877,75051.360,20190705_061522,479180,22987,35272,14822
1,KRAX20190709_095349_V06,-12.044,0.445,262.348,394.785,6.487,-78.697,35.238,3243.368,50994.710,20190709_055349,479178,80212,25973,70370
1,KRAX20190709_100035_V06,-5.277,0.063,262.191,394.940,14.249,-78.698,35.237,7124.446,51095.777,20190709_060035,479179,97876,26301,87091
1,KRAX20190710_090719_V06,-59.126,0.203,469.234,243.040,9.218,-77.552,35.918,4609.131,89281.472,20190710_050719,479177,104875,24954,90450
2,KRAX20190710_093107_V06,-35.326,0.151,470.846,210.232,34.326,-77.542,36.066,17162.933,96497.219,20190710_053107,479176,89108,30428,74187
2,KRAX20190710_093549_V06,-30.626,-1.000,470.846,210.232,41.799,-77.542,36.066,20899.433,96497.219,20190710_053549,479174,67248,29301,54602
2,KRAX20190710_094032_V06,-25.910,0.197,521.563,187.428,65.757,-77.259,36.166,32878.712,124260.299,20190710_054032,479176,69254,32700,56085
4,KRAX20190710_095440_V06,-11.776,0.055,262.734,391.168,9.654,-78.695,35.254,4826.876,49245.418,20190710_055440,479174,132124,30194,116496
5,KRAX20190710_100849_V06,2.374,0.601,179.648,514.654,29.358,-79.147,34.696,14678.780,123045.437,20190710_060849,479178,187363,31040,168791
6,KRAX20190710_102738_V06,21.190,0.067,25.584,420.341,3.411,-79.995,35.114,1705.421,149821.834,20190710_062738,479179,170913,31919,153491
7,KRAX20190710_102738_V06,21.190,0.059,331.424,158.266,27.053,-78.315,36.304,13526.417,72588.046,20190710_062738,479179,170913,31919,153491
8,KRAX20190710_103220_V06,25.890,0.081,287.350,154.630,15.617,-78.560,36.320,7808.395,72959.465,20190710_063220,479173,167349,32814,149495
9,KRAX20190710_105108_V06,44.690,0.421,300.009,170.088,31.143,-78.490,36.251,15571.381,64956.162,20190710_065108,479175,151173,34059,133586
7,KRAX20190711_101829_V06,11.444,0.450,208.040,485.994,16.715,-78.993,34.826,8357.442,103742.915,20190711_061829,479174,35762,40432,20722
7,KRAX20190711_102251_V06,15.810,0.380,208.365,485.810,24.184,-78.991,34.827,12092.208,103588.373,20190711_062251,479177,36370,40384,21040
7,KRAX20190711_102713_V06,20.177,0.198,211.973,484.340,30.027,-78.971,34.834,15013.531,102139.596,20190711_062713,479173,36662,40710,21114
7,KRAX20190711_103135_V06,24.544,0.121,217.132,481.642,33.816,-78.943,34.846,16908.184,99825.917,20190711_063135,479169,36943,41449,21167
8,KRAX20190711_103559_V06,28.944,0.089,302.053,413.189,15.093,-78.479,35.155,7546.289,56603.729,20190711_063559,479176,35665,41366,19994
8,KRAX20190711_104020_V06,33.294,-1.000,302.053,413.189,22.009,-78.479,35.155,11004.539,56603.729,20190711_064020,479173,34614,41631,19273
8,KRAX20190711_104447_V06,37.744,0.102,301.558,408.354,12.909,-78.481,35.177,6454.723,54182.590,20190711_064447,479173,30216,41419,15203
10,KRAX20190711_104910_V06,42.127,0.691,400.040,352.755,18.848,-77.939,35.426,9424.109,56548.964,20190711_064910,479172,34312,42325,18283
1,KRAX20190712_091136_V06,-56.050,0.212,246.822,128.723,2.161,-78.787,36.437,1080.536,89671.409,20190712_051136,479178,161430,152480,24214
1,KRAX20190712_091647_V06,-50.867,0.080,247.796,128.441,9.101,-78.781,36.438,4550.384,89662.784,20190712_051647,479175,160507,153533,22827
1,KRAX20190712_092219_V06,-45.333,-1.000,248.645,128.196,16.763,-78.776,36.439,8381.379,89657.597,20190712_052219,479183,157527,152194,22065
1,KRAX20190712_092729_V06,-40.167,0.075,255.162,130.816,7.853,-78.740,36.427,3926.277,87512.502,20190712_052729,479183,155259,151285,21833
1,KRAX20190712_093233_V06,-35.100,0.225,255.692,130.967,13.769,-78.737,36.427,6884.252,87371.980,20190712_053233,479176,152089,150988,21371
1,KRAX20190712_093735_V06,-30.067,0.055,258.069,130.520,9.133,-78.724,36.429,4566.278,87294.814,20190712_053735,479189,147250,146779,21360
4,KRAX20190712_091647_V06,-50.867,0.079,266.769,284.581,21.038,-78.674,35.735,10519.079,18317.259,20190712_051647,479175,160507,153533,22827
4,KRAX20190712_092219_V06,-45.333,0.244,266.178,285.212,28.251,-78.677,35.732,14125.395,18456.513,20190712_052219,479183,157527,152194,22065
1,KRAX20190713_100515_V06,-3.023,0.127,279.709,391.086,16.459,-78.601,35.255,8229.263,46659.478,20190713_060515,479175,95764,33458,81829
1,KRAX20190714_093855_V06,-29.992,0.517,466.380,137.214,17.592,-77.563,36.395,8795.975,116384.782,20190714_053855,479170,51512,26628,41566
3,KRAX20190714_100718_V06,-1.609,0.053,167.172,22.949,19.396,-79.235,36.911,9697.994,153623.512,20190714_060718,479172,177244,30415,159446
4,KRAX20190714_101300_V06,4.091,0.051,70.241,224.113,35.888,-79.764,36.001,17943.836,120983.755,20190714_061300,479176,189740,32353,170364
1,KRAX20190715_101615_V06,6.694,0.417,195.655,498.319,23.474,-79.060,34.770,11737.045,112047.384,20190715_061615,479175,155634,34069,136840
1,KRAX20190715_102155_V06,12.361,0.407,194.656,501.057,32.239,-79.065,34.758,16119.659,113491.288,20190715_062155,479173,161789,36141,141922
1,KRAX20190715_102735_V06,18.027,0.295,194.387,504.592,35.770,-79.067,34.742,17884.883,115121.380,20190715_062735,479174,174835,36421,154163
2,KRAX20190715_101615_V06,6.694,0.075,242.916,505.536,21.555,-78.802,34.739,10777.549,106658.055,20190715_061615,479175,155634,34069,136840
1,KRAX20190716_095132_V06,-18.681,0.423,342.863,106.846,3.565,-78.251,36.535,1782.291,98926.523,20190716_055132,479178,124831,39662,105171
3,KRAX20190716_100254_V06,-7.315,0.061,375.317,363.477,5.840,-78.076,35.379,2919.811,49249.253,20190716_060254,479178,183938,36739,162193
4,KRAX20190716_100836_V06,-1.615,0.096,506.593,320.503,8.506,-77.351,35.567,4252.785,103803.801,20190716_060836,479176,193138,35409,172245
5,KRAX20190716_100836_V06,-1.615,0.079,209.882,482.819,13.221,-78.983,34.840,6610.445,101911.916,20190716_060836,479176,193138,35409,172245
1,KRAX20190717_094526_V06,-25.451,0.566,386.437,369.316,5.338,-78.015,35.352,2668.926,55398.658,20190717_054526,479180,48929,40789,35789
1,KRAX20190717_095004_V06,-20.818,0.245,386.518,369.626,10.818,-78.014,35.351,5408.937,55527.442,20190717_055004,479183,51197,41323,37926
3,KRAX20190717_101217_V06,1.399,0.210,198.765,490.588,25.184,-79.043,34.805,12591.985,107903.336,20190717_061217,479179,110724,45289,91876
4,KRAX20190717_102131_V06,10.632,0.089,201.905,536.879,13.757,-79.025,34.597,6878.373,128193.445,20190717_062131,479175,120174,45812,99661
2,KRAX20190718_100350_V06,-7.731,0.153,205.191,484.475,10.745,-79.008,34.833,5372.702,103705.789,20190718_060350,479175,41276,25115,34059
2,KRAX20190718_100918_V06,-2.264,0.736,207.983,483.344,17.722,-78.993,34.838,8860.814,102569.536,20190718_060918,479176,47304,26496,39472
2,KRAX20190718_101458_V06,3.403,0.316,212.090,481.955,22.209,-78.971,34.844,11104.685,101039.202,20190718_061458,479176,53861,28086,45447
2,KRAX20190718_102040_V06,9.103,0.290,213.983,483.508,28.597,-78.960,34.837,14298.652,101333.700,20190718_062040,479175,57373,28281,48930
2,KRAX20190718_102620_V06,14.769,0.141,218.763,481.146,34.556,-78.934,34.848,17278.039,99263.904,20190718_062620,479170,58715,20141,53174
3,KRAX20190718_100918_V06,-2.264,0.145,183.619,13.265,19.115,-79.143,36.956,9557.400,154726.861,20190718_060918,479176,47304,26496,39472
3,KRAX20190718_101458_V06,3.403,0.386,184.783,15.260,26.119,-79.137,36.947,13059.626,153583.669,20190718_061458,479176,53861,28086,45447
1,KRAX20190718_094616_V06,-25.297,0.151,386.059,368.033,4.843,-78.017,35.358,2421.310,54850.996,20190718_054616,479173,28544,17238,24146
2,KRAX20190719_101203_V06,-0.203,0.565,214.209,489.759,17.189,-78.959,34.809,8594.489,104125.696,20190719_061203,479174,58109,17305,53245
2,KRAX20190719_102050_V06,8.580,0.684,217.803,488.605,26.741,-78.939,34.814,13370.726,102868.908,20190719_062050,479173,65847,18224,60855
2,KRAX20190719_102938_V06,17.380,0.403,223.686,496.751,38.919,-78.907,34.778,19459.486,105516.122,20190719_062938,479171,67444,18538,62434
1,KRAX20190719_100340_V06,-8.587,0.066,264.641,384.401,5.419,-78.684,35.285,2709.370,45754.236,20190719_060340,479170,46447,16144,41661
1,KRAX20190720_100316_V06,-9.685,0.789,200.700,491.185,11.566,-79.033,34.802,5782.912,107717.712,20190720_060316,479177,89416,24418,79626
1,KRAX20190720_100844_V06,-4.219,0.781,202.794,491.647,18.171,-79.021,34.800,9085.380,107444.646,20190720_060844,479175,125019,28902,110880
1,KRAX20190720_101423_V06,1.431,0.752,204.506,492.318,24.418,-79.012,34.797,12208.839,107360.709,20190720_061423,479170,123946,28417,111220
1,KRAX20190720_102003_V06,7.098,0.604,206.904,492.203,30.897,-78.999,34.798,15448.333,106780.870,20190720_062003,479170,127180,29350,114252
1,KRAX20190720_102544_V06,12.781,0.293,208.834,492.621,39.803,-78.988,34.796,19901.265,106552.920,20190720_062544,479175,127874,28830,115303
3,KRAX20190720_100316_V06,-9.685,0.065,276.216,391.373,12.473,-78.621,35.253,6236.446,47208.992,20190720_060316,479177,89416,24418,79626
3,KRAX20190720_100844_V06,-4.219,0.539,277.981,389.871,18.543,-78.611,35.260,9271.333,46264.564,20190720_060844,479175,125019,28902,110880
1,KRAX20190721_094844_V06,-24.926,0.162,208.221,490.086,12.088,-78.992,34.808,6043.772,105541.800,20190721_054844,479173,30028,16249,24678
1,KRAX20190721_100620_V06,-7.326,0.114,206.072,486.967,17.914,-79.003,34.822,8956.784,104617.468,20190721_060620,479173,131400,18214,123415
2,KRAX20190721_102356_V06,10.274,0.112,27.461,427.735,46.151,-79.984,35.080,23075.272,150493.952,20190721_062356,479174,149436,20451,139493
3,KRAX20190721_102356_V06,10.274,0.053,279.530,413.696,16.194,-78.602,35.153,8096.888,57761.933,20190721_062356,479174,149436,20451,139493
1,KRAX20190722_100658_V06,-7.409,0.104,425.820,102.160,19.592,-77.787,36.555,9795.898,117229.780,20190722_060658,479174,133354,22216,122384
1,KRAX20190722_101545_V06,1.375,0.151,420.739,109.474,39.640,-77.816,36.522,19820.043,112780.698,20190722_061545,479172,130971,24054,119350
1,KRAX20190724_101614_V06,0.404,0.948,160.117,23.809,20.935,-79.275,36.907,10467.379,154797.283,20190724_061614,479172,51536,29771,41766
1,KRAX20190724_102128_V06,5.637,0.932,160.749,26.558,26.685,-79.271,36.895,13342.534,153428.577,20190724_062128,479181,52821,31139,42657
1,KRAX20190724_102641_V06,10.854,0.890,162.857,26.917,27.865,-79.259,36.893,13932.299,152792.557,20190724_062641,479172,57940,30805,47674
1,KRAX20190724_103155_V06,16.087,0.920,162.015,30.508,31.647,-79.264,36.877,15823.607,151381.663,20190724_063155,479174,57632,30190,48041
1,KRAX20190724_103709_V06,21.321,0.850,164.552,32.478,32.388,-79.249,36.868,16193.808,149928.499,20190724_063709,479173,58967,30407,49284
1,KRAX20190724_104222_V06,26.537,0.241,165.783,33.775,32.861,-79.243,36.863,16430.313,149071.864,20190724_064222,479178,56347,30911,46482
2,KRAX20190724_101614_V06,0.404,0.624,185.958,506.518,14.637,-79.113,34.733,7318.353,117956.851,20190724_061614,479172,51536,29771,41766
2,KRAX20190724_102128_V06,5.637,0.646,184.480,508.889,21.472,-79.121,34.722,10736.246,119351.935,20190724_062128,479181,52821,31139,42657
2,KRAX20190724_102641_V06,10.854,0.705,181.563,513.272,24.276,-79.136,34.702,12138.134,121975.730,20190724_062641,479172,57940,30805,47674
2,KRAX20190724_103155_V06,16.087,0.620,176.705,515.050,26.673,-79.163,34.694,13336.412,123943.576,20190724_063155,479174,57632,30190,48041
2,KRAX20190724_103709_V06,21.321,0.423,175.257,517.337,29.493,-79.171,34.684,14746.457,125295.911,20190724_063709,479173,58967,30407,49284
2,KRAX20190724_104222_V06,26.537,0.401,172.757,519.911,34.405,-79.184,34.672,17202.650,127035.266,20190724_064222,479178,56347,30911,46482
4,KRAX20190724_102128_V06,5.637,0.077,98.445,193.443,8.145,-79.610,36.140,4072.387,113993.994,20190724_062128,479181,52821,31139,42657
1,KRAX20190725_100503_V06,-11.517,0.797,187.637,499.125,11.735,-79.104,34.766,5867.363,114320.022,20190725_060503,479174,194959,22593,180838
1,KRAX20190725_101043_V06,-5.850,0.516,187.216,499.219,17.969,-79.106,34.766,8984.703,114464.528,20190725_061043,479172,266771,20960,251099
1,KRAX20190725_101825_V06,1.850,0.233,186.031,501.177,20.771,-79.112,34.757,10385.555,115608.333,20190725_061825,479176,312253,20982,295165
3,KRAX20190725_102405_V06,7.516,0.198,563.198,403.023,38.963,-77.045,35.192,19481.457,141321.515,20190725_062405,479174,318690,20105,302606
3,KRAX20190725_102945_V06,13.183,0.371,560.579,405.320,47.671,-77.060,35.182,23835.357,140528.887,20190725_062945,479178,315285,20106,299447
3,KRAX20190725_103526_V06,18.866,0.093,551.546,412.063,50.290,-77.110,35.152,25144.943,137689.626,20190725_063526,479178,307854,20613,291990
2,KRAX20190725_100503_V06,-11.517,0.101,102.891,187.737,13.316,-79.585,36.166,6657.924,113418.401,20190725_060503,479174,194959,22593,180838
2,KRAX20190725_101043_V06,-5.850,0.245,103.079,187.178,20.584,-79.584,36.169,10291.943,113475.185,20190725_061043,479172,266771,20960,251099
4,KRAX20190726_101153_V06,-5.427,0.326,187.673,494.679,9.757,-79.104,34.786,4878.344,112380.167,20190726_061153,479166,315351,27586,292934
4,KRAX20190726_101734_V06,0.256,0.270,187.605,495.138,17.820,-79.104,34.784,8910.243,112596.142,20190726_061734,479171,335850,26012,314098
4,KRAX20190726_102529_V06,8.173,0.162,186.245,496.620,22.077,-79.111,34.778,11038.412,113577.638,20190726_062529,479163,341655,21997,323481
7,KRAX20190726_112757_V06,70.639,0.057,482.048,502.578,34.338,-77.496,34.748,17168.888,136179.140,20190726_072757,479178,320053,26948,298273
7,KRAX20190726_113338_V06,76.323,0.311,480.660,506.354,41.548,-77.504,34.731,20774.016,137131.477,20190726_073338,479170,317249,27487,295315
7,KRAX20190726_113919_V06,82.006,0.079,454.167,508.242,33.182,-77.648,34.724,16590.952,129549.509,20190726_073919,479173,314109,29001,291037
7,KRAX20190726_114459_V06,87.673,0.068,448.830,510.521,38.943,-77.678,34.714,19471.673,128908.330,20190726_074459,479177,312810,30091,288426
8,KRAX20190726_113919_V06,82.006,0.577,199.530,69.269,8.870,-79.052,36.704,4434.866,125828.225,20190726_073919,479173,314109,29001,291037
8,KRAX20190726_114459_V06,87.673,0.389,199.302,69.072,14.159,-79.053,36.705,7079.409,125964.132,20190726_074459,479177,312810,30091,288426
1,KRAX20190726_092048_V06,-56.511,0.374,315.807,178.224,9.687,-78.402,36.214,4843.296,61398.760,20190726_052048,479175,154837,39265,131875
2,KRAX20190726_100032_V06,-16.777,0.075,189.965,496.026,6.953,-79.091,34.780,3476.349,112398.958,20190726_060032,479170,158603,42479,134895
3,KRAX20190726_100613_V06,-11.094,0.066,401.179,536.805,7.986,-77.939,34.597,3992.983,128757.456,20190726_060613,479175,260186,33542,235756
5,KRAX20190726_101153_V06,-5.427,0.091,104.378,184.376,9.643,-79.577,36.181,4821.647,113618.755,20190726_061153,479166,315351,27586,292934
6,KRAX20190726_112216_V06,64.956,0.086,307.483,558.170,27.639,-78.449,34.502,13819.378,129139.107,20190726_072216,479173,329038,26285,307410
1,KRAX20190727_104355_V06,25.857,0.054,551.698,397.156,37.572,-77.108,35.219,18786.127,134899.116,20190727_064355,479175,222504,38252,196780
1,KRAX20190727_104935_V06,31.523,0.212,552.793,398.670,46.106,-77.102,35.213,23052.849,135683.343,20190727_064935,479172,210910,39186,185396
1,KRAX20190727_110057_V06,42.890,0.096,548.343,404.885,55.488,-77.127,35.185,27743.815,134791.402,20190727_070057,479171,193359,39309,168492
1,KRAX20190728_092029_V06,-58.332,0.210,155.294,92.661,8.660,-79.299,36.597,4329.971,126421.182,20190728_052029,479177,107173,33662,88247
1,KRAX20190728_092611_V06,-52.632,0.081,155.908,92.569,15.021,-79.295,36.597,7510.359,126283.616,20190728_052611,479175,110931,33370,91956
3,KRAX20190728_101801_V06,-0.798,0.260,200.344,495.898,22.954,-79.034,34.781,11476.830,109894.392,20190728_061801,479178,225478,28472,206894
3,KRAX20190728_102341_V06,4.868,0.056,201.908,496.706,29.624,-79.026,34.778,14812.079,109903.437,20190728_062341,479176,219529,30227,200907
2,KRAX20190728_092611_V06,-52.632,0.078,361.902,73.928,4.824,-78.144,36.683,2412.086,117196.795,20190728_052611,479175,110931,33370,91956
4,KRAX20190728_101801_V06,-0.798,0.149,403.334,285.358,10.332,-77.919,35.730,5165.928,52182.894,20190728_061801,479178,225478,28472,206894
5,KRAX20190728_103519_V06,16.502,0.064,155.522,89.260,8.451,-79.297,36.612,4225.624,127755.010,20190728_063519,479176,218056,33364,197589
1,KRAX20190729_100241_V06,-16.891,0.164,202.420,490.592,12.107,-79.023,34.805,6053.738,107059.759,20190729_060241,479179,80088,31293,65848
1,KRAX20190729_100822_V06,-11.208,0.244,202.355,491.325,19.256,-79.024,34.802,9627.763,107400.879,20190729_060822,479171,143496,30270,125654
1,KRAX20190729_101402_V06,-5.541,0.265,202.246,493.053,21.076,-79.024,34.794,10538.104,108195.655,20190729_061402,479181,183754,28091,166425
1,KRAX20190729_101943_V06,0.142,0.284,203.269,494.481,25.366,-79.018,34.788,12682.898,108604.676,20190729_061943,479172,201151,28454,183451
1,KRAX20190729_102538_V06,6.059,0.106,205.287,492.785,33.400,-79.007,34.795,16699.836,107397.220,20190729_062538,479177,194704,29251,176971
2,KRAX20190729_101943_V06,0.142,0.277,400.983,285.837,8.355,-77.932,35.728,4177.460,50985.839,20190729_061943,479172,201151,28454,183451
2,KRAX20190729_102538_V06,6.059,0.214,402.143,285.249,17.608,-77.925,35.730,8803.809,51601.154,20190729_062538,479177,194704,29251,176971
3,KRAX20190729_102538_V06,6.059,0.056,261.968,411.497,6.646,-78.699,35.163,3323.116,58902.667,20190729_062538,479177,194704,29251,176971
3,KRAX20190729_103120_V06,11.759,0.102,262.816,412.191,16.206,-78.694,35.160,8103.014,59096.377,20190729_063120,479171,183760,29980,166242
4,KRAX20190729_110144_V06,42.159,0.210,195.701,69.871,4.809,-79.074,36.701,2404.385,126330.414,20190729_070144,479175,151722,38208,131795
1,KRAX20190730_100435_V06,-15.755,0.694,204.183,490.098,14.072,-79.014,34.807,7035.757,106440.481,20190730_060435,479170,147455,40050,126164
1,KRAX20190730_101015_V06,-10.089,0.443,203.662,490.897,21.329,-79.016,34.804,10664.499,106914.319,20190730_061015,479177,230057,32656,207252
1,KRAX20190730_101556_V06,-4.405,-1.000,203.222,491.572,28.885,-79.019,34.801,14442.272,107314.752,20190730_061556,479173,261668,29077,241563
1,KRAX20190730_102136_V06,1.261,0.303,202.798,492.652,26.930,-79.021,34.796,13465.026,107892.432,20190730_062136,479170,268953,28821,249125
1,KRAX20190730_102716_V06,6.928,0.090,207.889,492.268,30.574,-78.993,34.798,15287.239,106596.453,20190730_062716,479179,262461,29595,242104
6,KRAX20190730_102136_V06,1.261,0.458,260.337,411.688,8.723,-78.708,35.162,4361.277,59260.810,20190730_062136,479170,268953,28821,249125
6,KRAX20190730_102716_V06,6.928,0.341,260.896,411.476,16.960,-78.705,35.163,8479.984,59068.014,20190730_062716,479179,262461,29595,242104
6,KRAX20190730_103257_V06,12.611,0.585,266.220,410.287,22.781,-78.675,35.168,11390.668,57671.882,20190730_063257,479173,246736,30127,227096
2,KRAX20190730_100435_V06,-15.755,0.171,405.147,293.282,16.057,-77.909,35.694,8028.297,52680.628,20190730_060435,479170,147455,40050,126164
3,KRAX20190730_100435_V06,-15.755,0.056,340.039,108.207,6.751,-78.266,36.529,3375.690,97964.053,20190730_060435,479170,147455,40050,126164
4,KRAX20190730_101015_V06,-10.089,0.100,313.971,159.358,7.702,-78.412,36.299,3850.941,70667.327,20190730_061015,479177,230057,32656,207252
5,KRAX20190730_101556_V06,-4.405,0.513,202.148,489.621,19.107,-79.025,34.810,9553.567,106690.045,20190730_061556,479173,261668,29077,241563
1,KRAX20190731_101336_V06,-7.506,0.770,202.836,493.317,17.146,-79.021,34.793,8572.877,108180.867,20190731_061336,479173,74632,30017,60812
1,KRAX20190731_101849_V06,-2.290,0.783,203.416,493.309,24.128,-79.018,34.793,12063.868,108047.181,20190731_061849,479181,84848,33511,70027
1,KRAX20190731_102402_V06,2.927,0.853,206.146,492.258,28.833,-79.003,34.798,14416.400,106971.624,20190731_062402,479176,87848,36255,72099
1,KRAX20190731_102916_V06,8.160,0.705,207.406,492.485,32.057,-78.996,34.797,16028.315,106799.047,20190731_062916,479172,89038,38490,71975
1,KRAX20190731_103456_V06,13.827,0.554,209.957,493.836,41.964,-78.982,34.791,20981.925,106864.454,20190731_063456,479173,82259,39227,65521
1,KRAX20190731_104038_V06,19.527,0.072,209.729,492.725,49.631,-78.983,34.796,24815.609,106409.290,20190731_064038,479174,74943,39092,59010
2,KRAX20190731_101849_V06,-2.290,0.195,183.806,10.038,17.805,-79.142,36.970,8902.542,156188.321,20190731_061849,479181,84848,33511,70027
2,KRAX20190731_102402_V06,2.927,0.429,184.975,10.885,24.280,-79.136,36.966,12140.174,155578.345,20190731_062402,479176,87848,36255,72099
2,KRAX20190731_102916_V06,8.160,0.225,188.030,12.586,24.468,-79.119,36.959,12233.974,154227.109,20190731_062916,479172,89038,38490,71975
1,KRAX20190801_102103_V06,-0.828,0.416,202.174,500.188,26.325,-79.024,34.762,13162.353,111406.128,20190801_062103,479172,128119,23697,116638
1,KRAX20190801_102806_V06,6.222,0.691,201.069,497.264,31.729,-79.030,34.775,15864.518,110341.019,20190801_062806,479176,136736,23911,125171
1,KRAX20190801_103509_V06,13.272,0.601,202.435,496.331,33.193,-79.023,34.779,16596.427,109618.380,20190801_063509,479173,135153,24981,122872
1,KRAX20190801_104211_V06,20.306,0.533,206.423,500.239,42.662,-79.001,34.762,21331.103,110512.659,20190801_064211,479178,119289,35929,102500
2,KRAX20190801_102806_V06,6.222,0.119,182.689,16.949,27.014,-79.148,36.939,13507.078,153199.142,20190801_062806,479176,136736,23911,125171
3,KRAX20190801_113516_V06,73.389,0.097,28.266,445.498,38.266,-79.978,35.000,19132.784,154117.500,20190801_073516,479176,96529,38177,79780
15,KRAX20190802_113021_V06,67.699,0.117,400.610,139.355,18.230,-77.929,36.388,9114.819,94775.081,20190802_073021,479171,198278,42040,168712
15,KRAX20190802_113503_V06,72.399,-1.000,400.610,139.355,25.703,-77.929,36.388,12851.319,94775.081,20190802_073503,479172,189163,41930,159756
15,KRAX20190802_113925_V06,76.765,0.068,399.380,134.172,31.373,-77.936,36.411,15686.611,96663.660,20190802_073925,479176,190230,40121,162669
15,KRAX20190802_114407_V06,81.465,0.133,401.720,130.932,33.498,-77.923,36.426,16748.800,98654.564,20190802_074407,479173,193571,39129,166010
3,KRAX20190802_100807_V06,-14.535,0.120,175.523,9.012,11.726,-79.189,36.974,5863.125,158246.891,20190802_060807,479178,154704,58431,123784
3,KRAX20190802_101148_V06,-10.851,0.117,175.695,8.993,17.074,-79.188,36.975,8537.059,158222.174,20190802_061148,479177,170430,57235,138867
3,KRAX20190802_101529_V06,-7.168,-1.000,175.814,8.979,22.578,-79.187,36.975,11288.977,158205.062,20190802_061529,479172,192442,57051,159000
3,KRAX20190802_101910_V06,-3.485,0.159,178.502,12.572,19.133,-79.172,36.958,9566.656,156026.025,20190802_061910,479174,200383,56249,166336
1,KRAX20190802_100046_V06,-21.885,0.055,388.229,358.374,5.353,-78.004,35.401,2676.445,52895.927,20190802_060046,479184,149448,61827,116314
2,KRAX20190802_100807_V06,-14.535,0.251,157.737,423.014,20.924,-79.270,35.108,10461.924,94036.103,20190802_060807,479178,154704,58431,123784
4,KRAX20190802_101148_V06,-10.851,0.740,342.977,109.032,5.455,-78.250,36.526,2727.619,97872.259,20190802_061148,479177,170430,57235,138867
6,KRAX20190802_101910_V06,-3.485,0.061,398.742,537.467,9.462,-77.952,34.594,4730.971,128588.988,20190802_061910,479174,200383,56249,166336
8,KRAX20190802_104629_V06,23.832,0.191,378.640,47.314,15.764,-78.049,36.803,7881.985,132320.057,20190802_064629,479174,245912,42662,216445
9,KRAX20190802_104629_V06,23.832,0.063,443.123,92.318,39.775,-77.690,36.598,19887.386,126110.968,20190802_064629,479174,245912,42662,216445
11,KRAX20190802_110016_V06,37.615,0.253,379.637,514.698,24.659,-78.055,34.697,12329.352,114495.795,20190802_070016,479178,226287,42651,197074
12,KRAX20190802_111635_V06,53.932,0.134,22.802,236.197,24.169,-80.026,35.943,12084.298,142223.227,20190802_071635,479171,218720,41417,189578
13,KRAX20190802_112102_V06,58.382,0.615,398.957,137.933,15.899,-77.938,36.394,7949.368,94945.085,20190802_072102,479175,211324,41412,182300
1,KRAX20190803_102010_V06,-3.261,0.608,192.390,495.745,12.768,-79.078,34.782,6384.051,111687.072,20190803_062010,479172,56985,39496,42216
1,KRAX20190803_102529_V06,2.056,0.589,192.056,495.967,20.728,-79.080,34.781,10363.995,111864.736,20190803_062529,479176,84340,45988,65112
1,KRAX20190803_103110_V06,7.739,0.628,193.861,496.470,24.933,-79.070,34.778,12466.386,111653.709,20190803_063110,479170,108397,48650,86873
1,KRAX20190803_103650_V06,13.406,0.412,192.717,497.575,29.544,-79.076,34.773,14771.838,112411.374,20190803_063650,479176,118890,49479,97008
1,KRAX20190803_104230_V06,19.073,0.066,194.638,497.556,34.678,-79.065,34.774,17339.205,111947.983,20190803_064230,479173,124755,50581,101760
1,KRAX20190804_102513_V06,1.011,0.128,206.050,498.302,27.135,-79.003,34.770,13567.382,109716.161,20190804_062513,479175,256466,26371,237363
1,KRAX20190804_103054_V06,6.695,0.360,207.321,498.952,33.745,-78.996,34.768,16872.477,109739.808,20190804_063054,479176,265031,29748,243129
1,KRAX20190804_103635_V06,12.378,0.432,210.947,501.260,36.927,-78.976,34.757,18463.678,110040.735,20190804_063635,479174,269875,32715,245343
5,KRAX20190805_101224_V06,-12.585,0.086,194.602,499.609,3.047,-79.066,34.764,1523.652,112863.382,20190805_061224,479178,72472,58559,35837
5,KRAX20190805_101728_V06,-7.518,0.077,194.366,500.015,10.299,-79.067,34.762,5149.257,113097.896,20190805_061728,479180,80041,62062,42352
15,KRAX20190805_112329_V06,58.498,0.410,395.991,179.833,14.127,-77.956,36.206,7063.744,76900.020,20190805_072329,479162,133563,86897,77428
21,KRAX20190805_113625_V06,71.432,0.081,27.142,433.578,23.466,-79.985,35.054,11733.067,151900.168,20190805_073625,479189,137016,87232,79590
26,KRAX20190805_114730_V06,82.515,0.059,191.186,423.610,18.985,-79.087,35.107,9492.411,82340.756,20190805_074730,479185,134511,89895,74971
1,KRAX20190806_102105_V06,-4.682,0.086,198.406,504.929,22.041,-79.045,34.740,11020.473,114364.761,20190806_062105,479178,88251,38150,74910
1,KRAX20190806_102644_V06,0.968,0.257,199.293,503.890,28.260,-79.040,34.745,14130.206,113702.678,20190806_062644,479180,116117,49225,95315
1,KRAX20190806_103055_V06,5.151,0.198,199.264,505.909,31.634,-79.040,34.736,15817.035,114614.618,20190806_063055,479187,146747,53204,120804
1,KRAX20190806_103520_V06,9.568,0.090,199.182,505.108,33.216,-79.040,34.740,16608.192,114273.384,20190806_063520,479188,158115,54101,129916
2,KRAX20190806_112339_V06,57.884,0.105,398.375,150.155,12.847,-77.942,36.339,6423.450,89625.684,20190806_072339,479171,180636,39465,158440
1,KRAX20190807_100840_V06,-17.880,0.181,209.924,508.924,13.878,-78.982,34.723,6939.093,113757.274,20190807_060840,479177,57326,29040,46256
1,KRAX20190807_101408_V06,-12.413,0.069,211.018,506.501,20.409,-78.976,34.734,10204.554,112428.293,20190807_061408,479176,97639,29935,82252
6,KRAX20190807_113725_V06,70.870,0.110,24.869,456.408,36.853,-79.996,34.951,18426.693,158240.641,20190807_073725,479176,108758,37945,89071
3,KRAX20190808_100722_V06,-19.962,0.120,199.795,500.751,10.083,-79.037,34.759,5041.290,112185.023,20190808_060722,479176,76663,46262,59603
3,KRAX20190808_101148_V06,-15.529,0.213,200.182,499.776,15.301,-79.035,34.764,7650.628,111662.525,20190808_061148,479181,96897,45721,77670
3,KRAX20190808_101611_V06,-11.145,-1.000,200.475,499.038,20.884,-79.034,34.767,10442.160,111266.755,20190808_061611,479186,118958,45618,98218
3,KRAX20190808_102035_V06,-6.745,-1.000,200.770,498.297,26.489,-79.032,34.770,13244.306,110869.490,20190808_062035,479170,140553,45210,118308
3,KRAX20190808_102459_V06,-2.345,0.135,206.987,500.479,25.256,-78.998,34.761,12628.002,110502.617,20190808_062459,479178,160203,44506,136249
3,KRAX20190808_102925_V06,2.088,0.084,213.877,497.308,30.479,-78.960,34.775,15239.273,107642.254,20190808_062925,479183,174104,43054,149864
4,KRAX20190808_101611_V06,-11.145,0.094,203.185,497.824,13.245,-79.019,34.773,6622.671,110121.744,20190808_061611,479186,118958,45618,98218
4,KRAX20190808_102035_V06,-6.745,0.084,204.493,497.881,19.845,-79.012,34.772,9922.553,109861.637,20190808_062035,479170,140553,45210,118308
5,KRAX20190808_102925_V06,2.088,0.232,410.777,283.628,10.589,-77.878,35.738,5294.674,55990.195,20190808_062925,479183,174104,43054,149864
5,KRAX20190808_103349_V06,6.488,0.074,411.542,283.047,17.553,-77.873,35.740,8776.401,56411.206,20190808_063349,479175,175809,42169,152129
6,KRAX20190808_102925_V06,2.088,0.085,245.200,414.196,17.923,-78.791,35.150,8961.544,63332.079,20190808_062925,479183,174104,43054,149864
6,KRAX20190808_103349_V06,6.488,0.092,245.893,413.655,23.994,-78.787,35.153,11997.098,62938.788,20190808_063349,479175,175809,42169,152129
1,KRAX20190808_095410_V06,-33.162,0.305,384.577,369.033,5.770,-78.025,35.353,2884.943,54586.715,20190808_055410,479183,131574,51165,105343
1,KRAX20190809_102442_V06,-3.410,0.119,402.250,286.248,5.558,-77.925,35.726,2778.854,51585.151,20190809_062442,479173,158502,25950,142367
1,KRAX20190809_103024_V06,2.290,0.267,402.653,286.761,14.109,-77.923,35.724,7054.709,51751.793,20190809_063024,479174,175151,25434,159556
2,KRAX20190809_103024_V06,2.290,0.495,259.204,412.268,13.347,-78.714,35.159,6673.311,59725.202,20190809_063024,479174,175151,25434,159556
3,KRAX20190810_103804_V06,9.174,0.543,536.475,118.436,45.092,-77.171,36.476,22545.765,149068.708,20190810_063804,479175,314876,22807,296154
3,KRAX20190810_104345_V06,14.858,0.391,533.771,122.076,51.494,-77.186,36.460,25746.910,146889.226,20190810_064345,479175,320051,22128,302079
1,KRAX20190812_101925_V06,-11.038,0.831,184.836,495.709,20.178,-79.119,34.782,10088.789,113539.190,20190812_061925,479176,86557,33474,70759
1,KRAX20190812_102506_V06,-5.355,0.896,185.598,497.235,25.420,-79.115,34.775,12709.982,114005.809,20190812_062506,479170,114082,37771,95431
1,KRAX20190812_103048_V06,0.345,0.605,188.632,500.055,28.136,-79.098,34.762,14067.961,114482.160,20190812_063048,479173,125318,46138,101747
1,KRAX20190812_103628_V06,6.012,0.117,189.293,505.836,34.332,-79.094,34.736,17165.896,116859.427,20190812_063628,479176,125306,47873,101166
3,KRAX20190812_104208_V06,11.678,0.062,468.161,493.601,28.221,-77.571,34.789,14110.595,128218.091,20190812_064208,479169,117245,45228,95339
4,KRAX20190812_112730_V06,57.045,0.282,378.311,402.650,25.200,-78.060,35.202,12599.791,64555.557,20190812_072730,479176,78710,38914,63370
6,KRAX20190812_114431_V06,74.062,0.090,383.349,407.748,34.291,-78.032,35.179,17145.357,68111.533,20190812_074431,479172,81029,38154,65302
1,KRAX20190813_094204_V06,-49.169,0.287,401.217,100.324,13.843,-77.925,36.564,6921.513,111932.329,20190813_054204,479173,96347,39933,73788
2,KRAX20190813_094204_V06,-49.169,0.053,58.580,224.709,24.881,-79.829,35.997,12440.718,126444.100,20190813_054204,479173,96347,39933,73788
3,KRAX20190813_095341_V06,-37.552,0.051,428.860,314.134,16.741,-77.779,35.599,8370.369,64816.225,20190813_055341,479175,94838,38942,74480
4,KRAX20190813_102744_V06,-3.502,0.132,313.795,58.829,19.058,-78.413,36.752,9529.053,120782.366,20190813_062744,479172,100385,39338,81024
5,KRAX20190813_103324_V06,2.164,0.072,387.864,84.398,11.945,-77.999,36.636,5972.599,116408.911,20190813_063324,479173,106945,39198,86738
6,KRAX20190813_105026_V06,19.198,0.170,323.037,150.587,2.941,-78.362,36.338,1470.272,75589.258,20190813_065026,479178,116897,38383,97461
8,KRAX20190813_105026_V06,19.198,0.053,106.397,263.621,19.597,-79.561,35.824,9798.561,98495.606,20190813_065026,479178,116897,38383,97461
9,KRAX20190813_111307_V06,41.881,0.066,392.947,147.037,27.519,-77.972,36.353,13759.708,89494.078,20190813_071307,479173,139583,41638,117220
10,KRAX20190813_113010_V06,58.931,0.062,398.819,147.652,34.692,-77.940,36.351,17345.997,90795.180,20190813_073010,479175,152712,43601,128477
6,KRAX20190814_102648_V06,-5.216,0.542,197.345,500.709,7.521,-79.051,34.759,3760.376,112718.872,20190814_062648,479174,179370,139127,62368
6,KRAX20190814_103151_V06,-0.166,0.300,197.679,501.079,13.694,-79.049,34.758,6846.908,112807.639,20190814_063151,479176,178765,132847,69653
7,KRAX20190814_102648_V06,-5.216,0.054,371.227,123.035,16.537,-78.093,36.462,8268.578,95380.839,20190814_062648,479174,179370,139127,62368
7,KRAX20190814_103151_V06,-0.166,0.211,372.217,122.437,23.135,-78.087,36.465,11567.341,95843.720,20190814_063151,479176,178765,132847,69653
7,KRAX20190814_103654_V06,4.884,0.137,381.761,121.181,19.813,-78.034,36.470,9906.498,98312.086,20190814_063654,479169,169947,123484,72217
12,KRAX20190814_111737_V06,45.601,0.393,334.169,276.608,16.347,-78.301,35.771,8173.553,20704.607,20190814_071737,479179,148188,67401,107184
12,KRAX20190814_112226_V06,50.418,0.197,335.668,275.123,22.116,-78.293,35.777,11058.185,21743.407,20190814_072226,479178,145070,63452,108512
3,KRAX20190815_101422_V06,-18.428,0.157,349.484,320.867,9.747,-78.217,35.571,4873.653,26851.835,20190815_061422,479174,71141,42038,55119
3,KRAX20190815_101847_V06,-14.011,0.107,350.065,320.989,16.309,-78.214,35.570,8154.315,27143.359,20190815_061847,479180,66069,38876,51177
3,KRAX20190815_102256_V06,-9.861,0.336,354.408,318.677,18.395,-78.190,35.581,9197.305,28762.379,20190815_062256,479165,70684,36191,56813
3,KRAX20190815_102658_V06,-5.828,0.051,357.305,317.195,18.970,-78.174,35.587,9484.968,29914.487,20190815_062658,479169,84317,35943,70483
4,KRAX20190815_101847_V06,-14.011,0.082,200.839,505.923,8.203,-79.031,34.736,4101.435,114277.197,20190815_061847,479180,66069,38876,51177
4,KRAX20190815_102256_V06,-9.861,-1.000,200.839,505.923,14.801,-79.031,34.736,7400.685,114277.197,20190815_062256,479165,70684,36191,56813
4,KRAX20190815_102658_V06,-5.828,0.066,207.146,505.695,18.494,-78.997,34.737,9246.848,112841.011,20190815_062658,479169,84317,35943,70483
4,KRAX20190815_103059_V06,-1.811,0.247,211.920,504.347,23.336,-78.971,34.743,11667.870,111260.801,20190815_063059,479178,102288,36314,88092
4,KRAX20190815_103500_V06,2.205,0.057,215.560,504.350,27.093,-78.951,34.743,13546.592,110554.492,20190815_063500,479177,123598,36791,107571
9,KRAX20190815_111833_V06,45.755,0.112,114.463,388.586,32.520,-79.509,35.262,16260.017,102800.253,20190815_071833,479173,194868,21974,184545
9,KRAX20190815_112721_V06,54.555,0.204,114.495,387.349,42.814,-79.509,35.267,21407.085,102520.765,20190815_072721,479170,192937,23209,182038
5,KRAX20190815_110945_V06,36.955,0.348,264.081,385.759,4.462,-78.687,35.279,2230.967,46488.652,20190815_070945,479173,198205,20842,188376
1,KRAX20190818_093906_V06,-56.027,0.090,443.485,313.166,13.840,-77.698,35.603,6919.857,72044.021,20190818_053906,479174,113897,56946,80338
1,KRAX20190819_102029_V06,-15.419,0.082,198.739,515.029,8.430,-79.043,34.695,4214.919,118839.542,20190819_062029,479173,99377,18864,89229
19,KRAX20190821_112221_V06,44.901,0.568,298.919,379.447,11.191,-78.496,35.307,5595.686,39727.369,20190821_072221,479182,30035,36603,16245
19,KRAX20190821_112615_V06,48.801,0.115,299.175,379.470,16.600,-78.495,35.307,8300.072,39737.149,20190821_072615,479179,30313,36509,16332
19,KRAX20190821_113024_V06,52.951,0.213,303.036,377.845,19.066,-78.473,35.314,9532.910,38952.213,20190821_073024,479183,30986,36666,16618
6,KRAX20190821_101716_V06,-20.183,0.056,204.356,269.292,22.254,-79.019,35.802,11126.839,50226.499,20190821_061716,479186,33712,37972,15526
12,KRAX20190821_104624_V06,8.951,0.062,258.737,395.535,16.513,-78.717,35.235,8256.430,52032.799,20190821_064624,479184,29491,31871,16710
18,KRAX20190821_111819_V06,40.867,0.453,292.339,384.478,13.909,-78.532,35.285,6954.386,42412.551,20190821_071819,479185,31150,35984,17327
20,KRAX20190821_114209_V06,64.701,0.055,321.251,365.111,14.593,-78.373,35.372,7296.654,34245.590,20190821_074209,479183,31960,37768,16841
1,KRAX20190822_110406_V06,25.879,0.067,53.593,433.489,54.576,-79.841,35.056,27287.788,140121.092,20190822_070406,479176,36022,36178,27573
3,KRAX20190823_113517_V06,56.291,0.493,107.124,33.459,38.910,-79.571,36.861,19455.214,164503.375,20190823_073517,479179,105257,48233,81084
3,KRAX20190823_113925_V06,60.424,0.419,111.296,32.989,42.891,-79.548,36.864,21445.672,163480.911,20190823_073925,479186,108558,47412,83767
3,KRAX20190823_114333_V06,64.558,-1.000,114.384,32.641,47.546,-79.531,36.866,23772.861,162737.505,20190823_074333,479175,106520,48768,81862
3,KRAX20190823_114747_V06,68.791,0.350,125.709,32.616,45.178,-79.467,36.866,22589.168,159586.716,20190823_074747,479176,109676,47611,84653
3,KRAX20190823_115203_V06,73.058,0.118,135.606,33.609,43.432,-79.412,36.862,21715.876,156516.113,20190823_075203,479181,107659,48424,82491
2,KRAX20190823_112251_V06,43.858,0.062,67.979,40.388,52.728,-79.790,36.828,26363.758,174091.886,20190823_072251,479178,103739,47028,79794
2,KRAX20190823_112659_V06,47.991,0.178,69.708,40.003,57.608,-79.781,36.830,28804.039,173661.435,20190823_072659,479181,106852,46977,82788
6,KRAX20190823_114747_V06,68.791,0.138,210.626,371.522,27.095,-78.982,35.342,13547.535,57234.603,20190823_074747,479176,109676,47611,84653
7,KRAX20190823_120043_V06,81.724,0.079,176.381,18.506,22.430,-79.184,36.932,11215.103,153720.835,20190823_080043,479180,107513,49657,81702
9,KRAX20190824_110057_V06,21.188,0.129,239.249,172.075,57.766,-78.828,36.241,28882.812,70808.970,20190824_070057,479188,92198,63861,53297
15,KRAX20190824_120013_V06,80.454,0.067,370.331,200.903,107.740,-78.099,36.111,53870.110,60759.097,20190824_080013,479165,148602,78016,90292
1,KRAX20190825_103509_V06,-5.381,0.632,225.974,121.858,7.772,-78.903,36.467,3885.962,96455.289,20190825_063509,479173,86530,100358,24100
1,KRAX20190825_104049_V06,0.286,0.143,224.426,121.572,15.926,-78.912,36.469,7963.104,96886.604,20190825_064049,479176,102067,92741,41414
3,KRAX20190825_110916_V06,28.736,0.054,380.921,190.680,38.852,-78.040,36.157,19425.976,68005.783,20190825_070916,479180,137332,69213,95319
5,KRAX20190825_120024_V06,79.869,0.054,423.679,189.105,21.405,-77.803,36.163,10702.530,83057.517,20190825_080024,479178,151666,50359,124123
1,KRAX20190826_103900_V06,-2.298,0.785,279.199,504.523,12.112,-78.604,34.743,6055.998,102789.191,20190826_063900,479170,201748,11429,195924
1,KRAX20190826_104729_V06,6.185,0.496,277.614,507.109,20.656,-78.612,34.732,10328.177,104157.592,20190826_064729,479173,250311,17904,237322
2,KRAX20190827_115058_V06,68.902,0.134,34.141,99.020,45.273,-79.975,36.562,22636.642,166639.049,20190827_075058,479172,67009,37953,47463
2,KRAX20190827_115612_V06,74.135,0.128,34.965,98.961,52.363,-79.970,36.562,26181.420,166328.170,20190827_075612,479178,75073,38663,53778
4,KRAX20190828_105207_V06,9.287,0.135,27.747,435.076,43.744,-79.982,35.047,21871.891,151960.019,20190828_065207,479176,164458,32279,142794
1,KRAX20190829_112304_V06,39.473,0.088,522.036,461.593,68.243,-77.275,34.931,34121.296,137306.463,20190829_072304,479134,370983,28575,345897
1,KRAX20190829_112843_V06,45.123,0.058,521.005,460.737,76.449,-77.280,34.935,38224.696,136637.579,20190829_072843,479142,376969,28326,351878
2,KRAX20190829_112304_V06,39.473,0.056,435.664,203.395,42.645,-77.737,36.098,21322.548,83272.513,20190829_072304,479134,370983,28575,345897
1,KRAX20190902_101812_V06,-28.436,0.185,355.959,419.333,6.616,-78.183,35.127,3308.151,65900.882,20190902_061812,479139,108636,52485,78032
1,KRAX20190903_102217_V06,-25.110,0.059,30.225,427.169,42.368,-79.969,35.083,21183.887,149122.714,20190903_062217,479137,171004,39589,148845
8,KRAX20190905_110840_V06,19.763,0.071,515.566,338.845,31.102,-77.302,35.484,15550.812,109519.182,20190905_070840,479133,227829,154867,93008
3,KRAX20190907_101932_V06,-30.877,0.145,211.124,348.273,2.777,-78.979,35.447,1388.716,50569.760,20190907_061932,479133,194875,39958,166591
1,KRAX20190910_102634_V06,-26.096,0.073,27.026,447.547,34.524,-79.985,34.991,17262.146,155148.966,20190910_062634,479129,129823,51431,104377
2,KRAX20190910_110835_V06,15.920,0.069,443.441,163.936,71.953,-77.692,36.276,35976.353,98854.120,20190910_070835,479132,220050,89942,157508
3,KRAX20190910_114336_V06,50.937,0.073,264.742,96.380,35.011,-78.687,36.583,17505.680,103325.238,20190910_074336,479124,189956,91319,132301
1,KRAX20190913_101016_V06,-44.647,0.052,315.190,108.713,15.101,-78.405,36.527,7550.354,95944.529,20190913_061016,479132,365812,46383,321602
2,KRAX20190913_101647_V06,-38.130,0.257,422.240,200.678,23.657,-77.811,36.111,11828.590,78751.953,20190913_061647,479137,356531,43559,315619
6,KRAX20190913_115129_V06,56.570,0.185,288.711,379.086,4.769,-78.552,35.309,2384.373,39943.825,20190913_075129,479127,266355,93520,191905
1,KRAX20190914_114345_V06,48.086,0.052,62.168,235.676,68.850,-79.808,35.948,34425.064,123188.563,20190914_074345,479133,145026,67490,106776
1,KRAX20190914_114936_V06,53.936,0.070,63.155,237.067,76.534,-79.802,35.942,38267.043,122531.893,20190914_074936,479134,140664,65862,103880
2,KRAX20190914_121417_V06,78.619,0.133,70.863,247.845,75.106,-79.759,35.894,37552.856,117498.651,20190914_081417,479134,140776,60025,108576
2,KRAX20190914_122055_V06,85.253,0.074,71.612,249.437,83.693,-79.755,35.886,41846.293,116959.014,20190914_082055,479141,140467,60494,107441
1,KRAX20190918_104800_V06,-10.675,0.317,212.497,309.996,13.472,-78.973,35.619,6735.878,44036.251,20190918_064800,479133,192156,55686,153111
2,KRAX20190918_104800_V06,-10.675,0.086,487.764,313.849,7.848,-77.454,35.598,3923.851,94137.023,20190918_064800,479133,192156,55686,153111
4,KRAX20190918_110117_V06,2.608,0.058,225.292,65.759,4.969,-78.908,36.720,2484.358,122933.188,20190918_070117,479137,306910,69238,249495
5,KRAX20190918_111433_V06,15.875,0.092,386.947,238.750,6.466,-78.008,35.940,3233.025,53177.533,20190918_071433,479135,266776,62097,221687
6,KRAX20190918_111433_V06,15.875,0.075,166.307,263.233,79.030,-79.230,35.829,39514.912,69328.256,20190918_071433,479135,266776,62097,221687
7,KRAX20190918_120749_V06,69.141,0.116,419.189,510.558,16.231,-77.839,34.715,8115.656,120975.679,20190918_080749,479143,198693,74626,149659
1,KRAX20190919_110337_V06,4.185,0.302,218.539,232.204,9.553,-78.942,35.970,4776.360,52990.952,20190919_070337,479140,304382,24114,292872
2,KRAX20190919_120419_V06,64.885,0.168,395.621,516.679,33.549,-77.968,34.688,16774.609,118419.870,20190919_080419,479140,155516,34460,147746
1,KRAX20190920_120008_V06,59.943,0.070,97.209,276.785,97.618,-79.611,35.765,48808.853,102057.789,20190920_080008,479144,114718,65739,78196
2,KRAX20190921_121650_V06,75.883,0.073,90.432,349.550,16.150,-79.644,35.436,8075.019,107673.289,20190921_081650,479146,156088,85690,110304
2,KRAX20190923_110514_V06,2.755,0.088,25.840,239.332,35.285,-80.009,35.929,17642.742,140396.086,20190923_070514,479142,289793,41087,259574
1,KRAX20190924_110804_V06,4.820,0.178,320.695,174.458,13.986,-78.375,36.231,6993.031,63618.234,20190924_070804,479138,303099,35885,273180
2,KRAX20190924_111344_V06,10.487,0.082,231.205,242.796,12.798,-78.871,35.922,6398.952,44735.652,20190924_071344,479136,303482,38224,271493
1,KRAX20190925_111530_V06,11.482,0.074,404.453,288.541,7.366,-77.913,35.716,3682.991,52539.965,20190925_071530,479139,398101,38293,365670
2,KRAX20190925_114154_V06,37.882,0.068,406.551,405.530,40.347,-77.905,35.188,20173.576,74982.781,20190925_074154,479149,353929,46516,315687
1,KRAX20190926_111943_V06,14.925,0.170,173.879,378.281,22.576,-79.183,35.311,11287.891,74220.053,20190926_071943,479143,196490,61163,162121
1,KRAX20190927_102235_V06,-42.986,0.203,110.447,425.341,16.389,-79.529,35.096,8194.532,113623.092,20190927_062235,479141,372301,21738,352345
1,KRAX20191001_112041_V06,11.971,0.090,452.592,109.771,14.188,-77.638,36.519,7093.857,121933.689,20191001_072041,479136,231934,84581,170770
1,KRAX20191001_112721_V06,18.638,-1.000,452.592,109.771,24.788,-77.638,36.519,12393.857,121933.689,20191001_072721,479149,269282,45858,237472
1,KRAX20191001_113601_V06,27.304,0.051,444.579,108.260,28.259,-77.683,36.527,14129.693,120070.246,20191001_073601,479140,258132,49233,224746
3,KRAX20191001_114448_V06,36.088,0.184,140.488,200.363,17.358,-79.376,36.111,8678.973,94036.906,20191001_074448,479149,248048,55320,210834
4,KRAX20191001_121112_V06,62.488,0.051,34.746,307.897,33.876,-79.954,35.621,16937.984,132685.931,20191001_081112,479146,233184,65611,188822
5,KRAX20191001_122001_V06,71.304,0.065,31.882,429.038,23.129,-79.960,35.075,11564.746,148776.779,20191001_082001,479143,222811,67064,178011
1,KRAX20191004_111856_V06,7.825,0.110,438.443,218.009,29.954,-77.722,36.032,14976.978,80450.228,20191004_071856,479138,305374,50372,268450
3,KRAX20191005_104720_V06,-24.582,0.060,193.293,343.741,17.945,-79.078,35.467,8972.651,57662.307,20191005_064720,479129,221382,43576,186455
4,KRAX20191005_105335_V06,-18.332,0.056,314.568,157.661,2.023,-78.409,36.307,1011.513,71541.208,20191005_065335,479134,145984,56849,105368
6,KRAX20191009_111309_V06,-2.035,0.562,426.130,243.933,4.579,-77.791,35.916,2289.612,69015.011,20191009_071309,479144,38282,18459,34205
6,KRAX20191009_112304_V06,7.881,0.505,426.531,242.675,12.531,-77.789,35.922,6265.618,69455.383,20191009_072304,479138,52486,23080,46173
6,KRAX20191009_112925_V06,14.231,0.141,432.029,241.031,17.292,-77.758,35.929,8645.776,72299.948,20191009_072925,479139,57073,23067,49783
2,KRAX20191009_103403_V06,-41.135,0.256,341.096,173.708,45.188,-78.261,36.234,22593.842,66405.236,20191009_063403,479136,159909,20685,147186
2,KRAX20191009_104014_V06,-34.952,0.058,341.443,174.209,52.154,-78.260,36.232,26076.807,66221.240,20191009_064014,479137,138102,22879,125031
4,KRAX20191009_111309_V06,-2.035,0.831,309.840,165.602,8.467,-78.435,36.271,4233.456,67379.040,20191009_071309,479144,38282,18459,34205
4,KRAX20191009_112304_V06,7.881,0.799,309.413,169.204,13.375,-78.438,36.255,6687.705,65567.340,20191009_072304,479138,52486,23080,46173
7,KRAX20191009_111309_V06,-2.035,0.433,222.525,227.952,7.029,-78.920,35.989,3514.414,52899.244,20191009_071309,479144,38282,18459,34205
7,KRAX20191009_112304_V06,7.881,0.613,224.556,228.135,12.280,-78.908,35.988,6139.797,52096.847,20191009_072304,479138,52486,23080,46173
8,KRAX20191009_111309_V06,-2.035,0.399,219.738,141.595,8.255,-78.937,36.378,4127.268,88789.479,20191009_071309,479144,38282,18459,34205
8,KRAX20191009_112304_V06,7.881,0.253,219.791,147.352,15.228,-78.937,36.352,7613.816,86218.948,20191009_072304,479138,52486,23080,46173
11,KRAX20191009_111309_V06,-2.035,0.178,392.706,243.693,5.118,-77.976,35.918,2558.838,54233.088,20191009_071309,479144,38282,18459,34205
11,KRAX20191009_112304_V06,7.881,0.057,392.769,243.009,12.737,-77.976,35.921,6368.581,54438.266,20191009_072304,479138,52486,23080,46173
13,KRAX20191009_111309_V06,-2.035,0.167,283.751,161.196,2.676,-78.580,36.291,1337.910,69875.700,20191009_071309,479144,38282,18459,34205
13,KRAX20191009_112304_V06,7.881,-1.000,283.751,161.196,18.443,-78.580,36.291,9221.660,69875.700,20191009_072304,479138,52486,23080,46173
13,KRAX20191009_112925_V06,14.231,0.067,263.965,167.677,31.932,-78.690,36.261,15965.886,68571.024,20191009_072925,479139,57073,23067,49783
1,KRAX20191009_102123_V06,-53.802,0.056,335.420,163.702,51.071,-78.293,36.279,25535.282,70412.692,20191009_062123,479136,180030,18642,167517
10,KRAX20191009_111309_V06,-2.035,0.196,247.238,195.792,2.075,-78.783,36.135,1037.376,58401.858,20191009_071309,479144,38282,18459,34205
12,KRAX20191009_111309_V06,-2.035,0.169,139.271,386.935,8.550,-79.373,35.270,4274.994,91366.983,20191009_071309,479144,38282,18459,34205
15,KRAX20191009_111309_V06,-2.035,0.120,209.946,419.160,4.464,-78.984,35.127,2231.770,74680.749,20191009_071309,479144,38282,18459,34205
24,KRAX20191009_111309_V06,-2.035,0.056,248.804,376.490,10.252,-78.772,35.320,5125.835,46020.908,20191009_071309,479144,38282,18459,34205
27,KRAX20191009_111309_V06,-2.035,0.051,275.157,381.835,2.208,-78.627,35.296,1103.777,42761.513,20191009_071309,479144,38282,18459,34205
1,KRAX20191010_110825_V06,-7.598,0.167,312.610,163.051,2.312,-78.420,36.282,1155.922,68764.298,20191010_070825,479145,33498,20800,27446
1,KRAX20191010_111851_V06,2.835,0.057,313.654,163.449,10.786,-78.414,36.281,5392.930,68616.023,20191010_071851,479140,96780,43304,72185
1,KRAX20191010_112513_V06,9.202,0.821,317.531,172.986,17.660,-78.392,36.238,8829.809,64109.063,20191010_072513,479135,105717,41448,79834
1,KRAX20191010_113141_V06,15.668,0.184,314.655,180.817,23.017,-78.409,36.202,11508.481,60040.446,20191010_073141,479138,103316,43060,75939
1,KRAX20191010_113820_V06,22.318,0.602,328.238,186.705,38.929,-78.333,36.176,19464.430,58380.469,20191010_073820,479134,96515,44661,68108
4,KRAX20191010_112513_V06,9.202,0.102,226.674,241.555,10.013,-78.896,35.928,5006.533,46884.363,20191010_072513,479135,105717,41448,79834
4,KRAX20191010_113141_V06,15.668,0.052,225.318,243.457,19.077,-78.904,35.919,9538.452,46836.109,20191010_073141,479138,103316,43060,75939
1,KRAX20191012_111653_V06,-0.806,0.086,189.708,376.128,24.589,-79.096,35.321,12294.380,67007.009,20191012_071653,479131,98033,34001,79869
5,KRAX20191013_114743_V06,29.182,0.109,210.499,188.133,29.179,-78.987,36.168,14589.592,71632.312,20191013_074743,479144,58597,30790,41625
6,KRAX20191013_114743_V06,29.182,0.098,231.260,395.260,28.583,-78.868,35.235,14291.548,58736.181,20191013_074743,479144,58597,30790,41625
16,KRAX20191013_123325_V06,74.882,0.078,71.781,254.046,25.778,-79.753,35.866,12888.968,116399.661,20191013_083325,479140,50918,33421,32182
1,KRAX20191014_112208_V06,2.747,0.318,235.995,429.256,8.167,-78.841,35.082,4083.359,72117.621,20191014_072208,479135,59147,32835,47077
1,KRAX20191014_112846_V06,9.381,0.666,238.795,429.417,16.885,-78.826,35.082,8442.384,71580.210,20191014_072846,479132,70374,31697,57483
1,KRAX20191014_113524_V06,16.014,0.790,244.583,428.484,20.202,-78.794,35.086,10101.007,69962.832,20191014_073524,479140,73049,31187,59902
2,KRAX20191014_112208_V06,2.747,0.227,401.668,361.553,7.879,-77.931,35.387,3939.367,59424.690,20191014_072208,479135,59147,32835,47077
2,KRAX20191014_112846_V06,9.381,0.626,403.656,360.742,16.158,-77.920,35.390,8079.141,60070.900,20191014_072846,479132,70374,31697,57483
2,KRAX20191014_113524_V06,16.014,0.216,405.921,360.970,20.533,-77.907,35.389,10266.512,61107.879,20191014_073524,479140,73049,31187,59902
3,KRAX20191014_112208_V06,2.747,0.149,234.745,79.160,7.265,-78.855,36.660,3632.305,115139.542,20191014_072208,479135,59147,32835,47077
3,KRAX20191014_112846_V06,9.381,-1.000,234.745,79.160,17.812,-78.855,36.660,8905.805,115139.542,20191014_072846,479132,70374,31697,57483
3,KRAX20191014_113524_V06,16.014,0.096,239.183,86.610,19.029,-78.830,36.626,9514.363,110943.891,20191014_073524,479140,73049,31187,59902
3,KRAX20191014_114201_V06,22.631,0.071,242.359,93.050,23.607,-78.812,36.597,11803.564,107413.514,20191014_074201,479146,73178,31989,60515
4,KRAX20191014_112846_V06,9.381,0.104,206.523,131.613,7.058,-79.011,36.423,3529.018,96296.500,20191014_072846,479132,70374,31697,57483
4,KRAX20191014_113524_V06,16.014,0.099,206.945,132.580,15.374,-79.009,36.419,7687.196,95771.518,20191014_073524,479140,73049,31187,59902
4,KRAX20191014_114201_V06,22.631,0.135,212.558,135.659,16.768,-78.977,36.405,8383.775,93077.884,20191014_074201,479146,73178,31989,60515
5,KRAX20191014_113524_V06,16.014,0.616,317.288,163.020,11.722,-78.394,36.283,5860.764,69033.422,20191014_073524,479140,73049,31187,59902
5,KRAX20191014_114201_V06,22.631,0.636,319.131,164.239,18.826,-78.384,36.277,9413.001,68551.258,20191014_074201,479146,73178,31989,60515
5,KRAX20191014_114838_V06,29.247,0.128,322.410,165.141,21.459,-78.365,36.273,10729.648,68354.343,20191014_074838,479137,74577,33050,61010
8,KRAX20191014_114201_V06,22.631,0.071,28.551,252.980,24.840,-79.993,35.868,12419.916,137745.536,20191014_074201,479146,73178,31989,60515
1,KRAX20191015_104232_V06,-37.710,0.060,75.071,226.601,75.156,-79.737,35.990,37577.927,118300.797,20191015_064232,479147,230957,14898,220928
1,KRAX20191017_110647_V06,-15.191,0.866,365.703,316.462,5.868,-78.128,35.591,2934.017,33867.143,20191017_070647,479147,14674,17527,11694
3,KRAX20191017_111535_V06,-6.391,0.457,233.075,230.739,6.347,-78.861,35.977,3173.647,48156.260,20191017_071535,479143,40210,18412,35936
1,KRAX20191018_111412_V06,-8.650,0.551,304.192,418.850,6.603,-78.467,35.130,3301.508,59462.154,20191018_071412,479141,43622,18816,36699
2,KRAX20191018_111412_V06,-8.650,0.480,374.006,322.819,15.901,-78.082,35.562,7950.493,38722.299,20191018_071412,479141,43622,18816,36699
1,KRAX20191019_111705_V06,-6.648,0.285,363.250,313.914,11.517,-78.141,35.602,5758.583,32381.459,20191019_071705,479136,63340,22752,51775
1,KRAX20191019_112247_V06,-0.948,0.873,364.993,313.114,23.122,-78.131,35.606,11561.023,33151.368,20191019_072247,479129,104747,26344,89454
1,KRAX20191019_112828_V06,4.735,0.533,366.667,311.076,32.577,-78.122,35.615,16288.679,33790.647,20191019_072828,479140,128658,25427,113114
2,KRAX20191019_112247_V06,-0.948,0.108,209.524,482.189,11.577,-78.985,34.843,5788.686,101708.769,20191019_072247,479129,104747,26344,89454
2,KRAX20191019_112828_V06,4.735,0.101,209.022,482.692,20.376,-78.987,34.841,10187.924,102045.601,20191019_072828,479140,128658,25427,113114
1,KRAX20191021_112932_V06,4.020,0.061,256.886,361.906,4.190,-78.727,35.386,2094.788,37719.911,20191021_072932,479140,50088,10895,45589
2,KRAX20191021_114646_V06,21.253,0.116,232.653,233.479,8.517,-78.863,35.964,4258.514,47330.372,20191021_074646,479147,46126,10948,41758
1,KRAX20191023_111051_V06,-16.471,0.484,366.003,314.617,8.986,-78.126,35.599,4492.863,33801.201,20191023_071051,479143,39692,37579,27197
1,KRAX20191023_111728_V06,-9.855,0.220,365.739,316.329,15.257,-78.127,35.591,7628.740,33868.067,20191023_071728,479143,126418,54754,94239
1,KRAX20191023_112406_V06,-3.221,0.053,374.250,331.332,17.195,-78.081,35.523,8597.435,40294.994,20191023_072406,479138,172643,53566,137027
5,KRAX20191023_113045_V06,3.429,0.114,263.190,297.695,23.313,-78.693,35.675,11656.502,18440.889,20191023_073045,479143,194567,51182,157787
1,KRAX20191024_111225_V06,-15.818,0.069,362.936,315.957,6.886,-78.143,35.593,3443.115,32463.694,20191024_071225,479133,59554,35338,44538
1,KRAX20191024_111904_V06,-9.168,0.227,362.720,316.811,14.725,-78.144,35.589,7362.456,32466.783,20191024_071904,479140,76740,30268,61346
1,KRAX20191024_112544_V06,-2.502,0.534,364.728,318.373,24.735,-78.133,35.582,12367.620,33642.384,20191024_072544,479133,89744,21059,78982
1,KRAX20191025_121913_V06,50.062,0.099,312.532,446.605,28.716,-78.421,35.005,14357.934,73569.695,20191025_081913,479135,92962,26579,79297
1,KRAX20191026_113843_V06,8.636,0.195,294.810,374.938,21.401,-78.519,35.328,10700.539,37558.517,20191026_073843,479142,131227,26448,115877
4,KRAX20191028_112551_V06,-6.100,0.065,258.656,302.225,4.797,-78.718,35.655,2398.483,20701.878,20191028_072551,479135,145251,45843,117434
4,KRAX20191028_113131_V06,-0.433,0.378,258.463,303.625,14.001,-78.719,35.649,7000.621,20847.428,20191028_073131,479141,169512,43932,140933
4,KRAX20191028_113712_V06,5.250,0.059,257.600,302.295,22.398,-78.724,35.655,11199.205,21230.992,20191028_073712,479138,176911,37180,152616
3,KRAX20191028_112551_V06,-6.100,0.433,362.232,320.106,8.520,-78.147,35.574,4259.914,32699.718,20191028_072551,479135,145251,45843,117434
3,KRAX20191028_113131_V06,-0.433,0.086,361.022,321.246,18.169,-78.153,35.569,9084.727,32307.225,20191028_073131,479141,169512,43932,140933
1,KRAX20191028_112012_V06,-11.750,0.544,361.237,324.196,13.679,-78.152,35.556,6839.611,32921.699,20191028_072012,479139,102635,34170,86009
5,KRAX20191028_124511_V06,73.233,0.070,27.308,429.445,41.364,-79.985,35.073,20682.186,150927.917,20191028_084511,479132,131273,38778,108017
4,KRAX20191030_105303_V06,-40.792,0.056,23.190,224.350,40.149,-80.025,35.996,20074.629,143480.461,20191030_065303,479138,118654,92962,43716
4,KRAX20191030_110411_V06,-29.658,0.209,26.025,231.624,55.121,-80.009,35.964,27560.528,141189.334,20191030_070411,479143,118622,100412,37754
1,KRAX20191101_112938_V06,-6.120,0.483,367.017,322.319,14.975,-78.120,35.564,7487.537,35317.855,20191101_072938,479142,46740,13732,42101
3,KRAX20191102_113537_V06,-1.100,0.062,261.073,306.510,14.471,-78.705,35.636,7235.567,19733.807,20191102_073537,479142,147895,28448,130506
3,KRAX20191102_114216_V06,5.550,0.075,261.866,304.564,25.875,-78.701,35.645,12937.687,19203.161,20191102_074216,479143,176554,26743,159036
1,KRAX20191102_112221_V06,-14.366,0.081,322.693,229.158,6.912,-78.364,35.984,3455.994,37193.835,20191102_072221,479139,44953,32647,30964
2,KRAX20191102_112859_V06,-7.733,0.127,360.007,319.314,17.919,-78.159,35.578,8959.694,31519.463,20191102_072859,479140,84973,30452,69494
4,KRAX20191102_114216_V06,5.550,0.053,177.681,345.020,12.810,-79.164,35.461,6404.968,65170.344,20191102_074216,479143,176554,26743,159036
1,KRAX20191103_112222_V06,-15.317,0.857,366.565,322.473,9.828,-78.123,35.563,4914.230,35127.964,20191103_062222,479145,22170,18917,17909
1,KRAX20191103_113238_V06,-5.050,0.052,368.812,325.230,25.054,-78.111,35.551,12526.895,36645.691,20191103_063238,479134,87021,24361,75692
1,KRAX20191104_112407_V06,-14.537,0.268,361.889,316.273,10.316,-78.149,35.591,5157.921,31996.460,20191104_062407,479135,57129,27486,42781
1,KRAX20191104_113044_V06,-7.921,0.809,361.579,317.778,21.583,-78.150,35.585,10791.641,32047.154,20191104_063044,479140,84301,22945,71300
1,KRAX20191104_113722_V06,-1.287,0.352,366.102,313.706,25.441,-78.125,35.603,12720.599,33753.817,20191104_063722,479146,133481,23305,118721
1,KRAX20191104_114400_V06,5.346,0.179,365.592,314.055,32.685,-78.128,35.601,16342.463,33540.477,20191104_064400,479133,139382,21872,125254
2,KRAX20191104_113722_V06,-1.287,0.161,261.312,299.404,18.260,-78.704,35.668,9130.005,19346.385,20191104_063722,479146,133481,23305,118721
5,KRAX20191105_120919_V06,29.688,0.055,25.818,452.634,35.302,-79.991,34.968,17651.226,156902.234,20191105_070919,479131,93753,35091,70692
5,KRAX20191105_121557_V06,36.321,0.285,26.304,449.263,40.690,-79.989,34.983,20344.946,155875.649,20191105_071557,479139,88864,33452,67660
5,KRAX20191105_122235_V06,42.955,0.272,31.942,440.868,40.790,-79.959,35.021,20395.246,151409.153,20191105_072235,479140,98481,34011,76960
5,KRAX20191105_122911_V06,49.555,0.298,34.751,431.145,40.310,-79.944,35.065,20154.956,147949.614,20191105_072911,479134,101808,33220,80766
1,KRAX20191105_105241_V06,-46.945,0.089,34.822,428.852,53.363,-79.944,35.076,26681.355,147413.038,20191105_055241,479132,73594,39349,48760
3,KRAX20191105_113658_V06,-2.662,0.067,261.760,297.581,16.717,-78.701,35.676,8358.713,19158.114,20191105_063658,479138,65577,29911,45668
4,KRAX20191105_114317_V06,3.655,0.368,184.912,349.318,21.694,-79.124,35.441,10847.208,62604.939,20191105_064317,479136,86117,30687,65336
6,KRAX20191105_122911_V06,49.555,0.128,395.274,393.692,17.167,-77.967,35.242,8583.727,66811.891,20191105_072911,479134,101808,33220,80766
7,KRAX20191105_124229_V06,62.855,0.095,369.898,158.927,41.634,-78.101,36.300,20816.803,78720.013,20191105_074229,479138,107316,34792,85357
1,KRAX20191106_114151_V06,1.243,0.053,368.258,338.471,23.263,-78.114,35.491,11631.578,39176.358,20191106_064151,479136,85870,18679,76241
1,KRAX20191107_112734_V06,-14.021,0.825,362.479,316.631,5.261,-78.145,35.590,2630.600,32327.309,20191107_062734,479141,28105,17657,22331
1,KRAX20191107_113737_V06,-3.971,0.075,362.434,316.766,13.048,-78.146,35.589,6524.051,32323.268,20191107_063737,479142,94079,16853,86681
1,KRAX20191109_112721_V06,-16.208,0.110,363.824,319.431,4.365,-78.138,35.577,2182.568,33357.935,20191109_062721,479143,14037,17872,11151
1,KRAX20191109_113740_V06,-5.892,0.206,365.837,319.328,20.329,-78.127,35.578,10164.698,34307.775,20191109_063740,479144,59501,12314,55198
1,KRAX20191110_113831_V06,-6.030,0.181,366.757,316.680,11.312,-78.122,35.590,5655.804,34404.376,20191110_063831,479143,88348,14661,81656
1,KRAX20191111_113410_V06,-11.371,0.288,416.796,513.390,9.544,-77.853,34.702,4772.176,121631.338,20191111_063410,479146,57884,21544,49149
1,KRAX20191111_114436_V06,-0.937,0.060,410.820,506.610,30.640,-77.885,34.733,15320.230,117227.177,20191111_064436,479144,113096,18731,104516
2,KRAX20191111_113410_V06,-11.371,0.058,377.556,315.048,16.769,-78.062,35.597,8384.415,39501.243,20191111_063410,479146,57884,21544,49149
2,KRAX20191111_114436_V06,-0.937,0.189,377.873,315.663,30.151,-78.060,35.594,15075.541,39716.525,20191111_064436,479144,113096,18731,104516
3,KRAX20191112_122136_V06,35.071,0.105,44.284,371.549,77.578,-79.896,35.335,38789.093,132768.765,20191112_072136,479139,226518,200230,49620
3,KRAX20191112_122840_V06,42.138,0.100,45.651,371.108,85.495,-79.889,35.337,42747.554,132050.629,20191112_072840,479139,229391,205453,45493
1,KRAX20191114_114742_V06,-0.815,0.051,453.807,360.289,6.164,-77.644,35.391,3081.768,82600.597,20191114_064742,479129,170425,26424,154299
6,KRAX20191115_123343_V06,44.208,0.180,31.155,243.208,33.939,-79.979,35.912,16969.631,137388.753,20191115_073343,479139,304513,306787,25612
6,KRAX20191115_124033_V06,51.041,0.080,32.117,243.675,39.780,-79.974,35.910,19890.092,136870.087,20191115_074033,479136,301398,304454,25670
3,KRAX20191115_120455_V06,15.408,0.131,11.230,293.939,16.826,-80.085,35.682,8413.196,144416.908,20191115_070455,479135,339163,320589,37240
4,KRAX20191115_121935_V06,30.074,0.056,22.972,329.512,25.977,-80.017,35.523,12988.264,139297.704,20191115_071935,479138,316941,310895,30134
4,KRAX20191116_122010_V06,29.664,0.089,325.467,224.296,6.663,-78.349,36.006,3331.429,39936.521,20191116_072010,479143,103305,42435,74533
1,KRAX20191121_113357_V06,-21.499,0.568,365.523,320.560,7.871,-78.129,35.572,3935.661,34336.434,20191121_063357,479144,82330,31525,68151
1,KRAX20191121_114245_V06,-12.699,0.355,366.417,318.547,16.958,-78.124,35.581,8479.101,34479.289,20191121_064245,479144,101902,24880,89965
1,KRAX20191121_120020_V06,4.884,0.526,373.831,319.620,30.104,-78.083,35.576,15052.246,38196.486,20191121_070020,479140,163685,14480,155440
5,KRAX20191122_114210_V06,-14.263,0.444,375.219,313.934,15.994,-78.075,35.602,7997.150,38249.379,20191122_064210,479129,39535,33379,16661
5,KRAX20191122_114729_V06,-8.946,0.090,375.495,312.995,21.979,-78.073,35.606,10989.251,38302.715,20191122_064729,479144,62321,36546,35632
5,KRAX20191122_115242_V06,-3.730,0.244,387.262,303.578,26.017,-78.008,35.648,13008.260,43667.529,20191122_065242,479138,81607,38785,52158
7,KRAX20191122_120332_V06,7.104,0.193,295.729,422.788,4.682,-78.513,35.112,2340.948,61431.203,20191122_070332,479141,89248,44406,55118
2,KRAX20191123_130345_V06,66.344,0.053,40.930,431.258,59.732,-79.910,35.065,29866.074,145212.122,20191123_080345,479141,42141,30934,27965
1,KRAX20191124_120713_V06,8.839,0.089,301.889,160.208,4.971,-78.479,36.295,2485.573,69902.502,20191124_070713,479141,45319,12402,40244
1,KRAX20191125_113444_V06,-24.609,0.563,364.695,316.610,6.534,-78.133,35.590,3266.853,33396.549,20191125_063444,479148,54399,32251,41559
1,KRAX20191125_114511_V06,-14.159,0.649,366.836,315.896,15.621,-78.121,35.593,7810.515,34349.962,20191125_064511,479143,81785,25415,70633
1,KRAX20191125_120608_V06,6.791,0.213,371.881,317.572,21.742,-78.093,35.585,10870.826,36998.732,20191125_070608,479140,124020,17953,115020
1,KRAX20191126_120200_V06,1.699,0.076,240.672,532.418,3.520,-78.813,34.617,1760.090,119935.584,20191126_070200,479140,161538,20331,150687
1,KRAX20191127_115035_V06,-10.669,0.369,379.815,312.722,18.277,-78.050,35.607,9138.496,40411.461,20191127_065035,479138,47171,34829,23038
1,KRAX20191127_120246_V06,1.514,0.051,380.910,308.236,34.818,-78.043,35.627,17409.004,40664.278,20191127_070246,479140,89886,43159,57660
3,KRAX20191127_125218_V06,51.048,0.329,26.834,277.378,28.045,-80.000,35.758,14022.433,137050.431,20191127_075218,479137,85552,72409,27302
1,KRAX20191128_114607_V06,-16.078,0.875,375.319,321.372,20.145,-78.075,35.568,10072.716,39146.212,20191128_064607,479143,16435,10961,13125
1,KRAX20191129_114918_V06,-13.828,0.568,363.594,318.768,7.189,-78.139,35.580,3594.418,33152.779,20191129_064918,479144,62513,25609,53322
3,KRAX20191129_131211_V06,69.055,0.153,489.610,287.333,9.497,-77.442,35.718,4748.482,95016.331,20191129_081211,479147,50272,17148,43891
2,KRAX20191130_114921_V06,-14.701,0.053,42.836,284.435,29.911,-79.911,35.727,14955.746,128817.298,20191130_064921,479135,71564,46571,42080
3,KRAX20191130_120216_V06,-1.784,0.064,298.066,399.200,8.946,-78.501,35.218,4472.786,49609.247,20191130_070216,479141,128414,43391,97926
3,KRAX20191130_120859_V06,4.932,-1.000,298.066,399.200,19.625,-78.501,35.218,9812.536,49609.247,20191130_070859,479138,152028,47897,116762
3,KRAX20191130_121519_V06,11.266,0.150,300.341,400.758,16.317,-78.488,35.211,8158.369,50379.088,20191130_071519,479130,142075,50858,103964
1,KRAX20191202_120804_V06,2.204,0.327,215.081,149.537,9.975,-78.963,36.342,4987.270,86385.956,20191202_070804,479135,94707,54058,50462
1,KRAX20191202_121409_V06,8.287,0.163,215.948,150.479,20.465,-78.958,36.338,10232.383,85762.941,20191202_071409,479144,90141,53312,47528
1,KRAX20191202_122013_V06,14.354,0.469,217.505,150.289,33.991,-78.949,36.339,16995.416,85467.444,20191202_072013,479139,83171,52388,41991
3,KRAX20191202_122013_V06,14.354,0.153,367.064,343.660,27.617,-78.121,35.468,13808.540,40011.676,20191202_072013,479139,83171,52388,41991
1,KRAX20191204_114025_V06,-27.208,0.132,297.106,337.357,19.511,-78.506,35.497,9755.316,18734.232,20191204_064025,479143,21994,20285,15998
1,KRAX20191205_114622_V06,-22.117,0.416,368.511,320.746,6.114,-78.112,35.571,3057.220,35791.748,20191205_064622,479143,22230,16652,17561
2,KRAX20191206_120136_V06,-7.728,0.119,302.821,412.379,7.454,-78.475,35.159,3726.982,56207.401,20191206_070136,479141,128687,19349,118805
2,KRAX20191206_121204_V06,2.739,0.300,302.910,412.556,17.504,-78.474,35.158,8751.948,56296.726,20191206_071204,479130,127583,24940,113581
3,KRAX20191206_121204_V06,2.739,0.502,241.327,531.842,12.072,-78.810,34.620,6035.750,119575.561,20191206_071204,479130,127583,24940,113581
3,KRAX20191206_121826_V06,9.105,0.081,241.239,529.499,23.590,-78.810,34.631,11794.955,118451.356,20191206_071826,479141,114706,25155,100906
1,KRAX20191206_120136_V06,-7.728,0.131,401.980,419.212,9.521,-77.931,35.127,4760.645,78440.058,20191206_070136,479141,128687,19349,118805
4,KRAX20191206_125141_V06,42.355,0.060,17.361,260.644,25.887,-80.054,35.832,12943.503,142682.981,20191206_075141,479144,90768,27041,76743
1,KRAX20191208_114959_V06,-20.985,0.524,365.904,318.368,9.000,-78.126,35.582,4500.031,34207.710,20191208_064959,479147,14463,13274,11383
2,KRAX20191209_112108_V06,-50.629,0.066,353.790,121.417,13.470,-78.190,36.470,6734.993,93253.884,20191209_062108,479139,18383,18781,8790
1,KRAX20191210_120811_V06,-4.355,0.491,385.056,319.917,22.585,-78.021,35.575,11292.671,43678.593,20191210_070811,479139,31507,17748,21408
2,KRAX20191211_120834_V06,-4.728,0.074,330.017,380.095,25.158,-78.325,35.304,12579.168,42767.721,20191211_070834,479140,91202,98543,24001
1,KRAX20191212_120244_V06,-11.299,0.070,324.033,272.926,7.333,-78.357,35.787,3666.489,18101.212,20191212_070244,479141,37036,11163,33275
1,KRAX20191215_124058_V06,24.848,0.106,224.077,308.447,16.252,-78.909,35.626,8125.832,38195.779,20191215_074058,479137,65308,25411,53646
1,KRAX20191216_120618_V06,-10.470,0.079,301.856,368.057,5.532,-78.480,35.359,2766.066,34041.083,20191216_070618,479140,40630,9261,37300
2,KRAX20191216_120618_V06,-10.470,0.050,331.845,265.685,7.898,-78.314,35.820,3949.009,23407.484,20191216_070618,479140,40630,9261,37300
1,KRAX20191217_120313_V06,-14.182,0.067,376.102,305.278,6.162,-78.070,35.641,3080.906,38142.516,20191217_070313,479134,81631,82807,7886
1,KRAX20191217_120820_V06,-9.065,0.234,377.485,305.433,15.346,-78.062,35.640,7672.942,38837.508,20191217_070820,479119,90064,89078,11869
2,KRAX20191217_121341_V06,-3.715,0.146,406.753,297.396,20.786,-77.900,35.676,10392.899,53392.388,20191217_071341,479138,108554,95453,24683
3,KRAX20191217_121341_V06,-3.715,0.120,330.380,265.802,8.522,-78.322,35.819,4261.154,22871.722,20191217_071341,479138,108554,95453,24683
4,KRAX20191217_131044_V06,53.335,0.156,26.636,183.650,37.655,-80.009,36.180,18827.721,148547.300,20191217_081044,479133,148086,146804,15416
5,KRAX20191217_131623_V06,58.985,0.071,29.883,122.262,32.711,-79.997,36.457,16355.518,161674.104,20191217_081623,479121,152243,152034,15171
2,KRAX20191218_120239_V06,-15.353,0.226,331.527,272.174,6.979,-78.316,35.791,3489.555,21025.009,20191218_070239,479140,25717,15549,19748
1,KRAX20191219_121208_V06,-6.450,0.081,329.952,272.973,11.860,-78.324,35.787,5930.229,20171.654,20191219_071208,479142,51279,9662,47600
1,KRAX20191220_120751_V06,-11.289,0.186,332.454,269.427,7.480,-78.310,35.803,3739.830,22293.199,20191220_070751,479148,69912,19378,61702
1,KRAX20191220_121820_V06,-0.806,0.061,333.053,271.571,20.437,-78.307,35.793,10218.526,21798.638,20191220_071820,479140,72161,15614,65598
2,KRAX20191220_130011_V06,41.044,0.363,222.196,295.896,13.266,-78.920,35.683,6632.826,38956.311,20191220_080011,479142,40195,17238,34252
1,KRAX20191222_121820_V06,-1.838,0.483,328.971,269.726,11.517,-78.330,35.802,5758.556,20951.149,20191222_071820,479137,172484,25536,156562
1,KRAX20191222_122440_V06,4.495,0.280,329.551,270.071,20.279,-78.327,35.800,10139.291,21029.883,20191222_072440,479136,179465,28922,161325
3,KRAX20191222_122440_V06,4.495,0.088,261.749,483.610,11.853,-78.699,34.838,5926.419,93775.781,20191222_072440,479136,179465,28922,161325
3,KRAX20191222_123118_V06,11.128,-1.000,261.749,483.610,22.400,-78.699,34.838,11199.919,93775.781,20191222_073118,479135,159907,30059,141162
3,KRAX20191222_123757_V06,17.778,0.066,259.649,483.610,32.123,-78.711,34.838,16061.540,93995.965,20191222_073757,479137,158633,32132,138601
4,KRAX20191222_131803_V06,57.878,0.286,476.904,516.732,36.252,-77.525,34.685,18126.125,139881.831,20191222_081803,479138,120898,31183,101803
4,KRAX20191222_132442_V06,64.528,0.052,473.258,517.780,44.324,-77.545,34.680,22161.774,139146.121,20191222_082442,479141,105827,30199,87574
2,KRAX20191222_121820_V06,-1.838,0.061,295.456,372.831,8.379,-78.515,35.337,4189.447,36486.445,20191222_071820,479137,172484,25536,156562
1,KRAX20191224_120920_V06,-11.763,0.070,327.215,274.434,8.571,-78.339,35.780,4285.324,18670.244,20191224_070920,479145,29660,9796,26011
1,KRAX20191225_120448_V06,-16.717,0.117,327.135,273.407,6.997,-78.340,35.785,3498.333,18996.583,20191225_070448,479140,16405,9985,13128
1,KRAX20191226_120941_V06,-12.225,0.069,328.762,269.803,6.891,-78.331,35.801,3445.618,20851.318,20191226_070941,479144,51160,20785,42684
1,KRAX20191226_122009_V06,-1.758,0.104,328.890,271.818,20.381,-78.330,35.792,10190.342,20179.446,20191226_072009,479146,80263,19191,71617
2,KRAX20191226_122009_V06,-1.758,0.074,216.590,296.749,6.910,-78.951,35.679,3455.240,41736.857,20191226_072009,479146,80263,19191,71617
2,KRAX20191226_123038_V06,8.725,0.536,217.964,297.461,17.788,-78.943,35.676,8894.122,41037.763,20191226_073038,479149,59231,21145,50468
2,KRAX20191226_124107_V06,19.209,0.300,223.793,306.625,15.123,-78.911,35.635,7561.357,38247.274,20191226_074107,479146,47520,19827,39721
1,KRAX20191227_121341_V06,-8.587,0.306,327.457,267.952,8.539,-78.338,35.810,4269.524,21100.511,20191227_071341,479139,53658,12255,48661
2,KRAX20191227_122409_V06,1.880,0.100,218.184,292.603,6.859,-78.942,35.698,3429.375,41074.842,20191227_072409,479147,70291,13602,64136
1,KRAX20191228_121041_V06,-11.919,0.527,331.600,270.487,7.196,-78.315,35.798,3597.992,21619.050,20191228_071041,479144,28586,18251,21661
1,KRAX20191229_113106_V06,-51.804,0.135,30.693,323.641,32.321,-79.975,35.550,16160.360,135171.162,20191229_063106,479141,82450,89277,19952
2,KRAX20191229_113744_V06,-45.170,0.089,26.264,271.858,22.715,-80.004,35.783,11357.580,137589.487,20191229_063744,479140,84574,87445,22957
3,KRAX20191230_131737_V06,54.442,0.172,60.297,213.809,96.284,-79.820,36.046,48141.930,127363.809,20191230_081737,479138,28396,23250,15379
3,KRAX20191230_132342_V06,60.525,0.080,64.005,214.005,100.859,-79.799,36.046,50429.740,125587.700,20191230_082342,479142,26664,21307,15341
3,KRAX20191230_132947_V06,66.609,0.050,76.351,204.476,103.541,-79.732,36.089,51770.289,121597.490,20191230_082947,479141,24465,20448,14426
2,KRAX20191230_131132_V06,48.359,0.160,59.878,255.717,66.203,-79.819,35.858,33101.593,122085.528,20191230_081132,479130,32124,25626,16761
1,KRAX20191231_121553_V06,-7.531,0.058,390.923,327.670,20.149,-77.989,35.540,10074.749,47519.811,20191231_071553,479146,63384,13025,58387
