track_id,filename,from_sunrise,det_score,x,y,r,lon,lat,radius,geo_dist,local_time,n_radar_pixels,n_refAbove40_pixels,n_xcorrAbove0.95_pixels,n_xcorrBelow0.95_refAbove40_pixels
6,KCBW20160601_083322_V06,-10.268,0.050,260.971,407.476,16.865,-68.057,45.555,8432.703,57171.815,20160601_043322,479170,5838,16869,3907
9,KCBW20160601_091205_V06,28.449,0.068,299.129,191.594,2.194,-67.813,46.527,1096.889,54204.934,20160601_051205,479167,13709,22754,8385
1,KCBW20160602_083415_V06,-8.844,0.478,263.422,411.155,13.657,-68.041,45.539,6828.684,58509.237,20160602_043415,479169,8239,31841,5377
3,KCBW20160604_074431_V06,-57.614,0.164,263.363,412.023,11.890,-68.041,45.535,5945.057,58931.127,20160604_034431,479179,56497,77026,28129
4,KCBW20160604_074431_V06,-57.614,0.108,255.407,143.395,16.416,-68.099,46.743,8207.916,81415.152,20160604_034431,479179,56497,77026,28129
13,KCBW20160604_091759_V06,35.852,0.065,260.666,406.119,16.559,-68.059,45.562,8279.501,56587.151,20160604_051759,479176,11320,41071,4787
15,KCBW20160604_094235_V06,60.452,0.091,260.791,407.817,16.454,-68.058,45.554,8226.803,57362.655,20160604_054235,479173,10880,38044,4993
16,KCBW20160604_094729_V06,65.352,0.087,299.390,191.176,2.199,-67.811,46.529,1099.663,54412.751,20160604_054729,479185,10779,36874,4947
1,KCBW20160609_074027_V06,-59.970,0.147,126.416,328.401,10.428,-68.926,45.906,5213.941,87946.197,20160609_034027,479176,106342,105017,25464
1,KCBW20160609_074521_V06,-55.070,0.163,126.532,328.427,16.186,-68.925,45.906,8093.153,87891.072,20160609_034521,479177,107709,106898,24551
6,KCBW20160609_094319_V06,62.896,0.072,208.046,446.857,8.449,-68.394,45.377,4224.693,86635.188,20160609_054319,479177,158122,149456,28951
4,KCBW20160610_085206_V06,11.902,0.123,298.515,302.530,9.816,-67.817,46.028,4907.799,1467.096,20160610_045206,479176,6570,10170,4010
4,KCBW20160610_090148_V06,21.602,0.078,299.264,303.187,17.611,-67.812,46.025,8805.684,1635.519,20160610_050148,479182,7556,10835,4334
1,KCBW20160610_074023_V06,-59.815,0.085,273.231,390.420,2.274,-67.979,45.632,1136.839,47149.805,20160610_034023,479192,16848,27664,7306
2,KCBW20160610_074407_V06,-56.081,0.066,208.128,446.855,8.513,-68.393,45.377,4256.357,86612.456,20160610_034407,479185,16216,26726,7131
5,KCBW20160611_094108_V06,61.117,0.122,264.617,413.001,11.401,-68.033,45.531,5700.748,59205.537,20160611_054108,479183,10336,15114,6675
6,KCBW20160611_094108_V06,61.117,0.075,236.754,97.263,8.409,-68.222,46.950,4204.592,106186.290,20160611_054108,479183,10336,15114,6675
22,KCBW20160613_100433_V06,84.778,0.073,97.099,270.371,32.934,-69.121,46.165,16467.140,102526.662,20160613_060433,479187,53235,88320,11216
22,KCBW20160613_100928_V06,89.694,0.063,94.883,272.671,38.342,-69.135,46.154,19170.874,103464.741,20160613_060928,479181,51172,86156,11451
1,KCBW20160616_074024_V06,-59.306,0.103,130.262,328.833,10.339,-68.901,45.904,5169.665,86084.959,20160616_034024,479186,42072,56979,18545
3,KCBW20160620_082447_V06,-15.387,0.160,270.727,418.134,7.544,-67.994,45.508,3771.841,60853.236,20160620_042447,479174,14531,21075,11880
3,KCBW20160620_083428_V06,-5.703,0.068,271.722,418.820,2.762,-67.988,45.505,1380.955,61069.520,20160620_043428,479173,9753,21240,8200
10,KCBW20160621_091011_V06,29.800,0.170,23.546,208.695,30.636,-69.606,46.436,15318.165,145570.741,20160621_051011,479177,25381,40094,6425
10,KCBW20160621_091322_V06,32.984,0.153,23.785,208.109,34.930,-69.604,46.438,17464.800,145549.711,20160621_051322,479183,23223,37955,6003
10,KCBW20160621_091632_V06,36.150,0.191,26.576,203.892,36.314,-69.587,46.458,18157.048,144911.429,20160621_051632,479174,21322,35622,6000
10,KCBW20160621_091944_V06,39.350,-1.000,28.634,200.742,38.629,-69.574,46.472,19314.297,144474.411,20160621_051944,479183,19273,33961,5735
10,KCBW20160621_092256_V06,42.550,0.136,39.048,201.262,57.859,-69.506,46.471,28929.274,139503.924,20160621_052256,479175,17621,31957,5522
14,KCBW20160621_093741_V06,57.300,0.069,298.847,191.730,2.250,-67.814,46.526,1125.191,54137.927,20160621_053741,479184,13480,28387,5371
16,KCBW20160621_094053_V06,60.500,0.058,312.868,46.100,32.020,-67.722,47.181,16010.197,127113.091,20160621_054053,479171,12596,28253,5175
19,KCBW20160621_100312_V06,82.817,0.075,298.442,191.537,2.274,-67.817,46.527,1137.089,54237.037,20160621_060312,479177,7012,20204,4408
20,KCBW20160621_100624_V06,86.017,0.054,350.809,198.216,19.845,-67.476,46.497,9922.462,56880.407,20160621_060624,479171,7074,20107,4717
1,KCBW20160622_081036_V06,-30.034,0.062,278.671,303.560,8.726,-67.945,46.023,4362.865,10811.968,20160622_041036,479169,35502,44714,21008
2,KCBW20160622_085900_V06,18.366,0.071,289.504,298.875,15.874,-67.875,46.044,7937.012,5277.876,20160622_045900,479176,8385,17392,6178
2,KCBW20160623_074408_V06,-56.790,0.062,356.972,104.940,8.990,-67.433,46.916,4494.846,101605.089,20160623_034408,479171,43174,53788,20485
3,KCBW20160623_083809_V06,-2.773,0.061,298.144,191.576,2.558,-67.819,46.527,1279.232,54219.746,20160623_043809,479179,9823,22818,4415
1,KCBW20160624_082139_V06,-19.599,0.204,130.289,330.893,10.220,-68.900,45.895,5110.077,86250.010,20160624_042139,479174,13128,26918,7722
1,KCBW20160625_074414_V06,-57.379,0.148,299.030,191.821,2.437,-67.813,46.526,1218.678,54091.469,20160625_034414,479185,91638,74863,51255
3,KCBW20160625_092805_V06,46.471,0.089,129.678,331.202,6.638,-68.904,45.894,3318.923,86577.995,20160625_052805,479169,17034,15072,13527
4,KCBW20160628_082522_V06,-17.552,0.068,212.554,445.268,2.692,-68.365,45.384,1346.210,84778.571,20160628_042522,479184,74479,86069,18835
6,KCBW20160628_085912_V06,16.282,0.087,298.022,191.640,2.617,-67.820,46.527,1308.514,54189.137,20160628_045912,479171,56330,75261,5820
1,KCBW20160630_074636_V06,-57.363,0.301,299.161,192.098,2.350,-67.812,46.525,1174.835,53952.590,20160630_034636,479178,16622,36783,7868
1,KCBW20160630_075020_V06,-53.630,0.184,299.118,192.042,7.109,-67.813,46.525,3554.318,53980.842,20160630_035020,479183,17891,36923,8553
4,KCBW20160630_083126_V06,-12.530,0.064,276.925,414.354,8.056,-67.955,45.525,4028.214,58329.267,20160630_043126,479181,6810,21937,4421
5,KCBW20160630_091617_V06,32.320,0.125,260.591,406.037,16.881,-68.059,45.562,8440.250,56561.735,20160630_051617,479170,4840,15659,3861
6,KCBW20160630_092727_V06,43.487,0.050,260.730,405.417,16.945,-68.058,45.565,8472.336,56246.648,20160630_052727,479170,4838,15538,3926
7,KCBW20160630_095721_V06,73.387,0.072,260.943,405.697,16.709,-68.057,45.563,8354.511,56341.309,20160630_055721,479177,4940,14582,4023
5,KCBW20160702_092914_V06,44.092,0.112,24.548,531.870,32.806,-69.553,44.983,16403.046,180025.842,20160702_052914,479167,135209,134450,18246
5,KCBW20160702_093325_V06,48.275,0.152,25.402,531.134,38.852,-69.548,44.986,19426.038,179462.512,20160702_053325,479178,127030,127327,16672
4,KCBW20160703_084049_V06,-4.961,0.096,126.935,329.352,11.870,-68.922,45.902,5934.982,87768.317,20160703_044049,479169,8116,22808,6351
4,KCBW20160703_085031_V06,4.739,0.156,127.907,329.739,18.462,-68.916,45.900,9231.116,87322.083,20160703_045031,479171,7348,20254,6155
4,KCBW20160703_090013_V06,14.439,-1.000,128.820,330.104,25.584,-68.910,45.898,12791.934,86903.383,20160703_050013,479172,8149,18484,6978
4,KCBW20160703_090956_V06,24.155,0.060,131.677,328.204,12.045,-68.892,45.907,6022.583,85334.719,20160703_050956,479168,8111,15478,6999
4,KCBW20160703_091940_V06,33.889,0.097,129.513,328.624,19.496,-68.906,45.905,9747.850,86436.651,20160703_051940,479173,8788,15426,7293
7,KCBW20160703_094846_V06,62.989,0.090,127.737,329.995,9.887,-68.917,45.899,4943.610,87427.526,20160703_054846,479169,8726,19229,7167
7,KCBW20160703_095829_V06,72.705,0.137,129.544,329.533,17.741,-68.905,45.901,8870.600,86497.601,20160703_055829,479177,8803,21574,7366
1,KCBW20160703_075215_V06,-53.528,0.109,129.915,326.407,8.463,-68.903,45.915,4231.401,86061.208,20160703_035215,479174,67216,65899,39914
2,KCBW20160703_081141_V06,-34.095,0.116,261.603,407.900,14.573,-68.053,45.554,7286.665,57264.146,20160703_041141,479175,59334,55790,38857
3,KCBW20160703_083107_V06,-14.661,0.079,302.548,297.661,24.001,-67.790,46.050,12000.717,1729.361,20160703_043107,479164,13070,32322,8380
1,KCBW20160705_074726_V06,-59.709,0.050,273.320,390.938,2.449,-67.978,45.630,1224.361,47385.322,20160705_034726,479180,123727,82767,74168
4,KCBW20160706_075855_V06,-48.952,0.051,297.492,303.811,9.033,-67.823,46.022,4516.628,2281.314,20160706_035855,479177,171746,135536,67715
6,KCBW20160706_081208_V06,-35.736,0.081,233.336,338.484,13.901,-68.236,45.865,6950.474,38487.225,20160706_041208,479181,186686,140596,79363
20,KCBW20160706_095155_V06,64.048,0.102,273.237,392.628,2.107,-67.979,45.622,1053.612,48208.606,20160706_055155,479164,78378,102482,15275
2,KCBW20160708_092235_V06,33.179,0.059,299.242,192.002,2.244,-67.812,46.525,1121.788,54000.504,20160708_052235,479181,5747,28100,4995
2,KCBW20160708_093219_V06,42.912,0.058,299.350,191.948,9.679,-67.811,46.525,4839.364,54026.908,20160708_053219,479171,5642,31134,4812
1,KCBW20160708_080451_V06,-44.555,0.082,127.740,328.761,7.903,-68.917,45.904,3951.554,87322.436,20160708_040451,479172,9347,20354,6979
3,KCBW20160708_094202_V06,52.629,0.062,130.167,328.632,5.081,-68.901,45.905,2540.643,86114.955,20160708_054202,479176,6476,33691,5600
3,KCBW20160709_075101_V06,-59.196,0.054,212.481,446.529,2.942,-68.366,45.379,1470.804,85337.847,20160709_035101,479174,55433,47289,37709
3,KCBW20160709_080043_V06,-49.496,0.083,212.448,446.349,10.550,-68.366,45.379,5275.127,85269.376,20160709_040043,479167,61940,45093,43749
1,KCBW20160709_075101_V06,-59.196,0.101,130.248,330.127,7.983,-68.901,45.898,3991.269,86202.564,20160709_035101,479174,55433,47289,37709
4,KCBW20160709_090847_V06,18.571,0.207,299.020,191.743,2.529,-67.813,46.526,1264.557,54130.466,20160709_050847,479171,10046,27782,7430
18,KCBW20160710_091556_V06,24.888,0.053,444.737,83.504,18.449,-66.855,47.009,9224.583,130210.632,20160710_051556,479182,212775,228874,22285
18,KCBW20160710_092035_V06,29.538,0.105,445.547,82.849,24.117,-66.850,47.012,12058.513,130708.238,20160710_052035,479178,214082,227852,23097
23,KCBW20160710_093921_V06,48.305,0.100,437.667,76.563,31.445,-66.901,47.041,15722.507,131221.654,20160710_053921,479170,208123,223717,23552
23,KCBW20160710_094400_V06,52.955,0.108,438.440,75.039,36.874,-66.896,47.047,18437.078,132073.167,20160710_054400,479186,207953,225016,23489
4,KCBW20160710_080803_V06,-42.995,0.052,170.599,444.620,45.518,-68.633,45.386,22758.904,97030.116,20160710_040803,479175,232462,221483,28753
4,KCBW20160710_081255_V06,-38.129,-1.000,170.599,444.620,53.256,-68.633,45.386,26627.904,97030.116,20160710_041255,479180,233589,222060,29466
4,KCBW20160710_081747_V06,-33.262,0.068,192.875,437.789,42.430,-68.491,45.417,21215.141,87266.284,20160710_041747,479179,235787,226088,28549
1,KCBW20160712_083052_V06,-21.917,0.100,473.922,248.355,30.345,-66.679,46.266,15172.585,90713.861,20160712_043052,479173,37438,46178,26218
1,KCBW20160714_075446_V06,-59.847,0.489,293.127,188.783,6.388,-67.852,46.539,3194.221,55714.597,20160714_035446,479174,70911,70195,35921
3,KCBW20160714_094258_V06,48.353,0.146,299.310,190.738,2.347,-67.811,46.531,1173.397,54632.163,20160714_054258,479183,12236,28514,8415
5,KCBW20160714_100520_V06,70.720,0.073,299.710,191.750,2.089,-67.809,46.526,1044.308,54125.255,20160714_060520,479177,11733,26396,8262
1,KCBW20160715_080137_V06,-53.944,0.050,262.436,410.882,14.450,-68.047,45.540,7224.810,58536.025,20160715_040137,479186,56462,56984,28377
2,KCBW20160715_085352_V06,-1.694,0.052,267.983,414.530,8.142,-68.012,45.524,4071.012,59460.731,20160715_045352,479171,14950,34544,10720
3,KCBW20160716_084114_V06,-15.294,0.294,309.298,389.551,16.939,-67.747,45.636,8469.254,45016.145,20160716_044114,479175,81064,66125,51213
3,KCBW20160716_084551_V06,-10.677,0.227,310.713,389.471,23.325,-67.738,45.637,11662.532,45055.231,20160716_044551,479184,72264,64367,44939
3,KCBW20160716_085016_V06,-6.261,0.073,317.709,382.872,24.237,-67.693,45.666,12118.458,42371.665,20160716_045016,479177,70525,62889,43114
7,KCBW20160716_093240_V06,36.139,0.065,340.510,297.068,17.077,-67.545,46.052,8538.692,20307.878,20160716_053240,479170,60229,63446,33585
8,KCBW20160716_094008_V06,43.606,0.052,357.663,289.620,14.012,-67.434,46.085,7005.959,29295.116,20160716_054008,479176,58829,64131,31602
9,KCBW20160716_101108_V06,74.606,0.160,295.681,375.380,17.863,-67.835,45.700,8931.683,37751.736,20160716_061108,479179,59078,68919,27981
1,KCBW20160717_080920_V06,-48.180,0.158,270.558,414.039,7.959,-67.995,45.526,3979.523,58889.376,20160717_040920,479173,124252,45082,99357
5,KCBW20160717_102016_V06,82.753,0.081,34.652,404.174,52.286,-69.506,45.558,26143.005,142532.264,20160717_062016,479166,38580,50148,15846
1,KCBW20160718_080037_V06,-57.902,0.086,297.693,191.752,2.960,-67.822,46.526,1479.965,54136.190,20160718_040037,479175,23541,38719,14870
1,KCBW20160719_080531_V06,-54.024,0.068,130.799,327.717,5.869,-68.897,45.909,2934.683,85727.876,20160719_040531,479166,35585,35815,24156
2,KCBW20160719_091535_V06,16.042,0.100,179.190,392.464,2.464,-68.581,45.621,1231.955,76066.721,20160719_051535,479172,12844,23909,10136
1,KCBW20160720_080811_V06,-52.397,0.160,126.953,327.636,8.305,-68.922,45.909,4152.342,87620.030,20160720_040811,479173,17884,33706,11259
1,KCBW20160720_081753_V06,-42.697,0.182,127.007,328.159,16.674,-68.922,45.907,8336.796,87634.949,20160720_041753,479180,20375,35690,13347
2,KCBW20160720_084911_V06,-11.397,0.057,126.353,328.652,11.350,-68.926,45.905,5674.916,87997.453,20160720_044911,479175,8843,25818,7149
3,KCBW20160720_093747_V06,37.203,0.094,128.121,328.609,9.547,-68.915,45.905,4773.369,87121.639,20160720_053747,479169,10001,24552,8372
3,KCBW20160720_094730_V06,46.920,-1.000,128.121,328.609,24.996,-68.915,45.905,12498.119,87121.639,20160720_054730,479168,10224,24559,8357
3,KCBW20160720_095713_V06,56.636,0.059,128.551,329.033,10.865,-68.912,45.903,5432.662,86945.160,20160720_055713,479175,10456,25838,8230
3,KCBW20160720_100656_V06,66.353,0.092,128.851,329.700,8.968,-68.910,45.900,4484.023,86853.614,20160720_060656,479167,10505,27505,8224
4,KCBW20160720_095713_V06,56.636,0.069,299.242,192.080,2.062,-67.812,46.525,1030.792,53961.369,20160720_055713,479175,10456,25838,8230
1,KCBW20160721_094948_V06,48.164,0.083,130.947,331.435,3.885,-68.896,45.893,1942.308,85975.300,20160721_054948,479171,13403,20847,10382
3,KCBW20160721_100913_V06,67.581,0.088,299.481,191.665,2.231,-67.810,46.526,1115.280,54167.888,20160721_060913,479176,13145,20917,10365
5,KCBW20160722_101224_V06,69.693,0.051,26.108,244.756,28.981,-69.584,46.274,14490.254,139703.707,20160722_061224,479172,67312,78965,13832
6,KCBW20160722_102114_V06,78.526,0.168,25.721,73.783,33.912,-69.612,47.043,16955.935,177766.078,20160722_062114,479177,64470,77094,13896
1,KCBW20160723_100129_V06,57.690,0.102,128.321,330.586,8.504,-68.913,45.896,4252.124,87191.374,20160723_060129,479179,14796,27357,10202
1,KCBW20160724_094622_V06,41.474,0.126,258.707,410.734,17.547,-68.071,45.541,8773.621,59091.171,20160724_054622,479171,25097,27949,22543
1,KCBW20160725_084630_V06,-19.506,0.158,214.569,500.536,5.636,-68.350,45.136,2818.171,108987.622,20160725_044630,479172,61218,43483,47773
1,KCBW20160727_092348_V06,15.530,0.266,186.446,399.252,9.571,-68.535,45.590,4785.666,75408.156,20160727_052348,479172,18342,31525,14072
1,KCBW20160727_093329_V06,25.213,0.193,188.745,399.977,20.393,-68.520,45.587,10196.324,74788.216,20160727_053329,479179,15683,28826,12146
1,KCBW20160728_081901_V06,-50.403,0.060,27.371,420.593,50.537,-69.551,45.483,25268.709,149054.762,20160728_041901,479170,96889,49802,70082
1,KCBW20160729_081059_V06,-59.596,0.138,131.499,328.910,8.430,-68.893,45.904,4215.243,85481.766,20160729_041059,479175,81511,77261,43878
2,KCBW20160729_090707_V06,-3.462,0.079,130.713,329.085,8.160,-68.898,45.903,4080.061,85883.669,20160729_050707,479165,19359,32531,11952
1,KCBW20160730_101941_V06,67.935,0.179,128.021,329.094,9.668,-68.915,45.903,4834.182,87211.302,20160730_061941,479174,19795,36778,15545
1,KCBW20160730_102923_V06,77.635,0.058,128.354,329.261,17.801,-68.913,45.902,8900.575,87061.215,20160730_062923,479169,18076,35856,14163
1,KCBW20160801_092350_V06,9.720,0.066,129.417,330.822,7.186,-68.906,45.895,3593.188,86672.359,20160801_052350,479177,34089,34824,24691
1,KCBW20160802_095020_V06,35.026,0.060,131.165,327.221,9.739,-68.895,45.912,4869.618,85507.784,20160802_055020,479168,24350,32152,18509
1,KCBW20160803_081948_V06,-56.709,0.303,261.258,406.741,16.637,-68.055,45.559,8318.577,56777.236,20160803_041948,479168,86215,70316,50115
1,KCBW20160803_082333_V06,-52.959,0.053,264.250,409.421,13.805,-68.036,45.547,6902.327,57556.606,20160803_042333,479174,94086,55247,66221
9,KCBW20160803_101944_V06,63.225,0.064,263.505,10.076,14.782,-68.048,47.343,7391.233,146105.875,20160803_061944,479173,16902,21860,12119
13,KCBW20160804_102552_V06,68.151,0.070,132.809,327.372,12.166,-68.884,45.911,6082.950,84708.653,20160804_062552,479176,19911,31127,10297
13,KCBW20160806_102721_V06,67.203,0.121,339.898,426.457,22.787,-67.552,45.470,11393.682,66300.663,20160806_062721,479186,105729,111030,15273
1,KCBW20160807_082342_V06,-57.670,0.140,267.561,415.438,8.747,-68.015,45.520,4373.678,59954.640,20160807_042342,479167,122418,51195,91913
1,KCBW20160808_093305_V06,10.487,0.098,131.255,326.590,8.482,-68.894,45.914,4240.992,85413.784,20160808_053305,479175,14152,28229,10868
1,KCBW20160808_094249_V06,20.220,0.095,131.281,327.793,17.134,-68.894,45.909,8567.143,85496.619,20160808_054249,479168,14315,26375,11232
1,KCBW20160808_095232_V06,29.937,-1.000,131.305,328.923,26.178,-68.894,45.904,13088.751,85578.167,20160808_055232,479178,14898,24483,11353
1,KCBW20160808_100216_V06,39.670,0.087,129.460,329.915,8.362,-68.906,45.899,4181.017,86571.747,20160808_060216,479175,14612,23986,11254
4,KCBW20160808_104109_V06,78.554,0.120,128.018,328.272,9.672,-68.915,45.907,4835.971,87145.263,20160808_064109,479172,13189,25906,10238
1,KCBW20160810_091114_V06,-13.826,0.050,297.269,192.248,8.100,-67.825,46.524,4050.152,53893.398,20160810_051114,479172,33789,40263,21172
3,KCBW20160811_083306_V06,-53.196,0.078,297.128,189.944,4.759,-67.826,46.534,2379.318,55046.877,20160811_043306,479174,60482,59121,31687
5,KCBW20160811_094417_V06,17.988,0.054,258.966,405.023,19.287,-68.070,45.566,9643.278,56377.217,20160811_054417,479187,23555,33065,7121
15,KCBW20160812_101640_V06,49.133,0.065,35.692,522.396,30.852,-69.484,45.026,15425.827,172712.509,20160812_061640,479169,138938,133968,40438
15,KCBW20160812_102052_V06,53.333,0.099,37.533,522.542,36.694,-69.472,45.026,18346.924,172056.489,20160812_062052,479167,142525,137928,39756
15,KCBW20160812_102517_V06,57.749,0.062,59.596,522.064,31.321,-69.332,45.030,15660.286,163635.630,20160812_062517,479178,147148,141898,39760
1,KCBW20160812_083120_V06,-56.201,0.063,131.673,329.333,11.503,-68.892,45.902,5751.717,85431.837,20160812_043120,479189,187288,71270,132148
5,KCBW20160812_092228_V06,-5.067,0.085,37.049,362.349,57.118,-69.497,45.746,28558.769,135120.742,20160812_052228,479181,126477,104056,62858
16,KCBW20160814_104457_V06,74.934,0.067,31.584,510.760,37.492,-69.511,45.078,18746.042,170636.310,20160814_064457,479180,229607,242615,17799
1,KCBW20160815_083745_V06,-53.509,0.099,129.717,330.984,7.973,-68.904,45.895,3986.583,86539.357,20160815_043745,479166,39421,52215,23302
6,KCBW20160816_093451_V06,2.347,0.056,213.588,498.602,7.532,-68.356,45.144,3765.874,108293.343,20160816_053451,479159,30606,32865,17983
3,KCBW20160817_093134_V06,-2.182,0.144,40.003,139.786,56.225,-69.508,46.747,28112.682,152698.015,20160817_053134,479168,312944,318099,27793
3,KCBW20160817_093600_V06,2.251,0.246,41.632,141.021,61.292,-69.497,46.742,30646.102,151680.676,20160817_053600,479187,308495,312547,28946
13,KCBW20160817_104026_V06,66.685,0.115,257.805,436.049,40.687,-68.077,45.427,20343.672,71220.910,20160817_064026,479189,226214,231068,30999
1,KCBW20160818_083950_V06,-55.162,0.114,127.736,329.049,8.114,-68.917,45.903,4056.787,87347.927,20160818_043950,479179,46432,45065,29542
3,KCBW20160818_095721_V06,22.355,0.101,18.519,404.965,19.044,-69.609,45.553,9521.920,150207.465,20160818_055721,479178,30085,24595,21987
4,KCBW20160820_095623_V06,18.894,0.060,297.923,191.874,2.535,-67.820,46.526,1267.456,54072.821,20160820_055623,479174,10413,29821,6932
4,KCBW20160820_100606_V06,28.611,0.095,297.937,191.751,10.106,-67.820,46.526,5053.131,54134.371,20160820_060606,479169,9844,29920,6639
1,KCBW20160820_084825_V06,-49.073,0.286,271.941,418.415,8.495,-67.986,45.506,4247.538,60847.212,20160820_044825,479169,88813,42064,69263
3,KCBW20160820_095623_V06,18.894,0.071,267.395,414.915,6.059,-68.016,45.522,3029.411,59725.746,20160820_055623,479174,10413,29821,6932
6,KCBW20160820_103515_V06,57.761,0.326,269.478,416.332,6.987,-68.002,45.516,3493.690,60134.865,20160820_063515,479174,9516,28182,6714
2,KCBW20160821_084128_V06,-57.271,0.064,212.569,446.353,3.404,-68.365,45.379,1702.097,85239.690,20160821_044128,479177,41250,40980,25834
2,KCBW20160821_085109_V06,-47.587,0.083,212.420,446.294,10.905,-68.366,45.380,5452.322,85252.871,20160821_045109,479173,40131,40958,25473
1,KCBW20160821_084128_V06,-57.271,0.077,128.381,328.793,7.928,-68.913,45.904,3963.859,87008.944,20160821_044128,479177,41250,40980,25834
1,KCBW20160821_085109_V06,-47.587,0.094,129.246,327.179,3.219,-68.907,45.912,1609.290,86451.914,20160821_045109,479173,40131,40958,25473
6,KCBW20160821_092958_V06,-8.771,0.103,297.799,191.832,2.621,-67.821,46.526,1310.593,54095.024,20160821_052958,479176,8036,20820,5993
1,KCBW20160823_085038_V06,-50.601,0.075,127.942,331.462,6.222,-68.915,45.892,3111.122,87455.672,20160823_045038,479174,42673,51880,26974
1,KCBW20160823_090022_V06,-40.868,0.095,127.845,330.286,14.650,-68.916,45.898,7324.919,87399.345,20160823_050022,479172,30788,52805,17734
3,KCBW20160823_094900_V06,7.765,0.055,130.729,329.113,8.209,-68.898,45.903,4104.381,85878.261,20160823_054900,479171,18999,33214,13574
3,KCBW20160823_095843_V06,17.482,0.058,129.226,329.007,16.918,-68.907,45.903,8458.754,86610.125,20160823_055843,479172,23406,32704,16683
3,KCBW20160823_100827_V06,27.215,-1.000,127.810,328.907,26.045,-68.916,45.904,13022.331,87299.774,20160823_060827,479178,24852,31713,17567
3,KCBW20160823_101810_V06,36.932,0.088,127.600,330.589,8.807,-68.918,45.896,4403.714,87546.306,20160823_061810,479176,25370,33047,17730
1,KCBW20160824_085050_V06,-51.650,0.092,130.640,327.138,8.135,-68.898,45.912,4067.331,85760.431,20160824_045050,479179,62283,35389,47329
1,KCBW20160826_084953_V06,-55.100,0.503,266.052,415.039,8.843,-68.024,45.521,4421.442,59971.646,20160826_044953,479178,76573,34124,59078
2,KCBW20160826_084953_V06,-55.100,0.213,432.429,78.864,9.563,-66.936,47.031,4781.410,128878.610,20160826_044953,479178,76573,34124,59078
4,KCBW20160826_084953_V06,-55.100,0.071,127.004,327.381,5.372,-68.922,45.911,2686.069,87574.559,20160826_044953,479178,76573,34124,59078
5,KCBW20160826_094757_V06,2.967,0.080,266.611,416.077,8.916,-68.021,45.517,4457.834,60391.969,20160826_054757,479167,8659,20608,4873
1,KCBW20160828_085214_V06,-55.249,0.078,25.073,136.860,31.711,-69.606,46.759,15855.434,159843.467,20160828_045214,479173,122551,39372,98002
1,KCBW20160828_090156_V06,-45.549,0.051,29.422,132.050,38.402,-69.579,46.781,19201.107,159232.427,20160828_050156,479169,137430,37892,112834
2,KCBW20160828_085214_V06,-55.249,0.052,130.744,331.335,3.046,-68.897,45.893,1522.849,86066.299,20160828_045214,479173,122551,39372,98002
2,KCBW20160828_090156_V06,-45.549,0.068,128.852,330.237,14.271,-68.910,45.898,7135.693,86899.464,20160828_050156,479169,137430,37892,112834
4,KCBW20160828_105620_V06,68.851,0.134,34.432,289.553,35.341,-69.523,46.073,17670.254,132886.638,20160828_065620,479169,53813,48837,27751
4,KCBW20160828_110602_V06,78.551,0.187,40.134,282.823,50.113,-69.488,46.104,25056.368,130216.716,20160828_070602,479177,52732,49002,27229
3,KCBW20160828_104639_V06,59.167,0.080,40.998,213.380,65.123,-69.492,46.416,32561.584,136551.472,20160828_064639,479169,54354,46469,29566
3,KCBW20160828_105620_V06,68.851,-1.000,40.998,213.380,80.520,-69.492,46.416,40259.834,136551.472,20160828_065620,479169,53813,48837,27751
3,KCBW20160828_110602_V06,78.551,0.051,29.622,186.429,30.681,-69.569,46.537,15340.607,146631.088,20160828_070602,479177,52732,49002,27229
2,KCBW20160829_085259_V06,-55.749,0.053,129.487,328.305,6.976,-68.906,45.907,3487.871,86423.113,20160829_045259,479184,77431,82575,24752
4,KCBW20160829_095024_V06,1.667,0.091,298.230,191.802,2.610,-67.818,46.526,1305.111,54106.436,20160829_055024,479173,21707,29037,5321
5,KCBW20160829_100517_V06,16.551,0.067,298.103,191.707,2.738,-67.819,46.526,1368.973,54154.611,20160829_060517,479170,16423,23663,4693
6,KCBW20160829_105001_V06,61.284,0.269,23.796,302.322,31.205,-69.590,46.015,15602.646,138106.702,20160829_065001,479168,7999,16509,4765
4,KCBW20160902_092927_V06,-24.279,0.321,362.699,52.879,8.628,-67.394,47.150,4313.828,127475.340,20160902_052927,479170,36007,48688,17922
4,KCBW20160902_093910_V06,-14.563,0.408,363.221,51.688,17.758,-67.390,47.155,8879.235,128117.028,20160902_053910,479165,19508,42873,8124
4,KCBW20160902_094852_V06,-4.863,0.471,362.505,54.411,17.376,-67.395,47.143,8687.959,126709.273,20160902_054852,479180,14612,41207,6001
1,KCBW20160906_101331_V06,14.796,0.098,344.710,160.996,3.149,-67.515,46.664,1574.707,73008.828,20160906_061331,479174,15003,39667,8676
2,KCBW20160906_101331_V06,14.796,0.067,340.338,161.206,3.537,-67.543,46.663,1768.654,72268.557,20160906_061331,479174,15003,39667,8676
1,KCBW20160907_090132_V06,-58.434,0.085,212.647,446.526,3.359,-68.365,45.379,1679.504,85294.225,20160907_050132,479172,38298,37664,26272
2,KCBW20160907_111921_V06,79.383,0.091,298.431,191.259,2.141,-67.817,46.528,1070.377,54375.974,20160907_071921,479172,10515,29959,6747
1,KCBW20160908_090630_V06,-54.714,0.073,273.148,392.129,2.502,-67.979,45.625,1251.158,47981.058,20160908_050630,479168,45637,49169,25581
2,KCBW20160908_110019_V06,59.102,0.106,267.831,416.050,8.729,-68.013,45.517,4364.515,60212.821,20160908_070019,479184,14740,32247,5495
3,KCBW20160908_111127_V06,70.236,0.106,270.566,392.482,5.467,-67.996,45.623,2733.526,48526.319,20160908_071127,479174,15507,32373,5601
7,KCBW20160909_104758_V06,45.506,0.052,268.178,401.208,21.947,-68.011,45.584,10973.520,53046.711,20160909_064758,479173,18813,31419,5497
7,KCBW20160909_105738_V06,55.172,0.080,277.823,401.911,29.217,-67.949,45.581,14608.359,52148.157,20160909_065738,479171,16594,29374,5303
3,KCBW20160909_100917_V06,6.822,0.065,48.689,332.294,20.743,-69.426,45.882,10371.335,126688.686,20160909_060917,479172,27268,44219,6040
9,KCBW20160909_110719_V06,64.856,0.159,421.450,480.451,31.045,-67.034,45.225,15522.676,108757.085,20160909_070719,479176,14646,26384,4985
1,KCBW20160910_095531_V06,-8.191,0.125,267.498,417.279,8.111,-68.015,45.511,4055.712,60849.882,20160910_055531,479177,26750,44885,15746
1,KCBW20160912_090959_V06,-56.218,0.053,212.108,444.379,7.482,-68.368,45.388,3740.788,84513.883,20160912_050959,479172,45506,37498,31489
1,KCBW20160913_091700_V06,-50.448,0.161,264.327,409.670,12.766,-68.035,45.546,6382.816,57662.984,20160913_051700,479170,49866,40309,36042
1,KCBW20160915_091858_V06,-50.978,0.073,178.965,135.236,4.811,-68.599,46.778,2405.396,102221.093,20160915_051858,479168,103164,52608,77174
2,KCBW20160915_102701_V06,17.072,0.055,260.911,341.320,73.888,-68.059,45.853,36943.787,28439.786,20160915_062701,479169,23959,23911,16779
1,KCBW20160916_102127_V06,10.255,0.068,269.058,417.116,8.564,-68.005,45.512,4281.935,60567.057,20160916_062127,479174,22281,23021,14513
1,KCBW20160917_091701_V06,-55.429,0.453,254.986,295.320,10.573,-68.098,46.060,5286.587,22628.165,20160917_051701,479168,11462,31474,7340
3,KCBW20160917_091701_V06,-55.429,0.052,131.114,327.463,6.382,-68.895,45.910,3190.886,85552.386,20160917_051701,479168,11462,31474,7340
4,KCBW20160917_102501_V06,12.571,0.179,127.086,329.198,8.287,-68.921,45.902,4143.526,87680.967,20160917_062501,479167,6728,30001,4890
5,KCBW20160917_105409_V06,41.704,0.185,263.827,413.422,12.934,-68.038,45.529,6467.100,59525.415,20160917_065409,479171,11014,33196,7939
12,KCBW20160918_102531_V06,11.818,0.059,330.869,148.855,23.180,-67.605,46.719,11589.977,77132.700,20160918_062531,479170,118960,130833,8449
12,KCBW20160918_102915_V06,15.551,0.103,331.955,147.988,29.096,-67.598,46.723,14548.129,77666.946,20160918_062915,479171,117297,129150,8335
12,KCBW20160918_103259_V06,19.285,0.097,340.452,145.214,31.633,-67.542,46.735,15816.554,79992.342,20160918_063259,479182,115101,125629,9099
9,KCBW20160918_101803_V06,4.351,0.052,312.642,151.465,21.476,-67.724,46.707,10738.140,74535.947,20160918_061803,479153,123979,136413,8624
9,KCBW20160918_102147_V06,8.085,0.151,314.850,150.842,26.448,-67.710,46.710,13223.917,74947.587,20160918_062147,479177,121182,133868,8431
10,KCBW20160918_102147_V06,8.085,0.077,211.149,253.272,27.824,-68.383,46.248,13911.913,50194.547,20160918_062147,479177,121182,133868,8431
10,KCBW20160918_102531_V06,11.818,0.153,212.814,253.157,33.033,-68.372,46.248,16516.695,49486.827,20160918_062531,479170,118960,130833,8449
17,KCBW20160918_103259_V06,19.285,0.099,23.260,412.426,26.854,-69.578,45.520,13426.963,149352.446,20160918_063259,479182,115101,125629,9099
17,KCBW20160918_103642_V06,23.001,0.130,24.184,411.440,33.097,-69.572,45.524,16548.321,148739.163,20160918_063642,479168,112564,123509,8541
21,KCBW20160918_105148_V06,38.101,0.321,133.618,293.708,15.288,-68.882,46.062,7644.185,83250.423,20160918_065148,479179,111582,121092,9628
21,KCBW20160918_105532_V06,41.835,0.146,135.135,293.785,20.443,-68.872,46.062,10221.618,82491.244,20160918_065532,479179,111510,120820,10335
21,KCBW20160918_105915_V06,45.551,0.198,151.819,295.034,15.548,-68.764,46.057,7774.170,74132.212,20160918_065915,479170,111113,120963,10473
11,KCBW20160918_102531_V06,11.818,0.082,258.046,411.460,21.749,-68.076,45.537,10874.346,59547.157,20160918_062531,479170,118960,130833,8449
11,KCBW20160918_102915_V06,15.551,0.598,266.904,410.435,18.514,-68.019,45.542,9257.010,57643.726,20160918_062915,479171,117297,129150,8335
23,KCBW20160918_105532_V06,41.835,0.081,25.507,394.259,31.587,-69.566,45.602,15793.656,145112.930,20160918_065532,479179,111510,120820,10335
1,KCBW20160920_101230_V06,-3.710,0.197,298.038,191.822,2.653,-67.820,46.526,1326.622,54097.789,20160920_061230,479171,10213,38780,3868
15,KCBW20160923_112443_V06,64.721,0.249,36.598,467.128,54.568,-69.485,45.275,27283.924,155974.831,20160923_072443,479180,208058,245797,27249
15,KCBW20160923_112909_V06,69.154,0.181,39.114,469.258,59.882,-69.469,45.266,29941.129,155490.942,20160923_072909,479170,203910,241973,26353
16,KCBW20160923_112443_V06,64.721,0.068,24.476,148.439,19.282,-69.609,46.707,9640.818,157229.136,20160923_072443,479180,208058,245797,27249
16,KCBW20160923_112909_V06,69.154,0.064,26.614,146.657,26.607,-69.595,46.715,13303.338,156727.407,20160923_072909,479170,203910,241973,26353
12,KCBW20160923_110541_V06,45.687,0.076,304.719,36.407,10.656,-67.776,47.225,5327.763,131817.570,20160923_070541,479165,246357,271513,29599
1,KCBW20160925_092341_V06,-58.851,0.067,129.273,329.664,8.211,-68.907,45.900,4105.665,86642.236,20160925_052341,479168,19417,31669,11539
1,KCBW20160926_092916_V06,-54.542,0.074,129.535,327.735,6.980,-68.905,45.909,3490.094,86353.286,20160926_052916,479175,109767,59689,79269
2,KCBW20160926_105652_V06,33.058,0.169,263.742,413.246,13.022,-68.039,45.529,6510.832,59454.519,20160926_065652,479175,13352,20071,8239
3,KCBW20160927_112735_V06,62.497,0.130,16.891,182.658,26.378,-69.653,46.552,13189.173,153231.659,20160927_072735,479179,229932,240455,33668
3,KCBW20160927_113228_V06,67.380,0.213,18.116,182.395,32.966,-69.645,46.553,16482.850,152716.667,20160927_073228,479170,232504,242761,32880
3,KCBW20160927_113720_V06,72.247,0.080,24.263,180.306,38.714,-69.605,46.564,19357.161,150297.830,20160927_073720,479177,232555,243598,33426
3,KCBW20160927_114159_V06,76.897,0.054,30.472,182.196,31.418,-69.564,46.556,15708.778,147073.931,20160927_074159,479173,228566,245304,30574
1,KCBW20160927_105158_V06,26.880,0.066,35.741,167.302,73.050,-69.532,46.623,36524.918,147852.759,20160927_065158,479183,227136,233216,36712
1,KCBW20160927_105650_V06,31.747,0.084,36.113,167.828,79.614,-69.530,46.621,39807.227,147568.442,20160927_065650,479184,224079,231416,36940
1,KCBW20160928_100035_V06,-25.785,0.067,294.483,302.057,11.828,-67.843,46.030,5914.024,2943.795,20160928_060035,479176,140467,54825,113559
2,KCBW20160928_102944_V06,3.365,0.128,269.059,417.450,6.806,-68.005,45.511,3403.032,60728.360,20160928_062944,479169,20903,27295,12904
1,KCBW20160929_110349_V06,36.164,0.063,127.164,329.592,9.870,-68.921,45.901,4934.992,87675.644,20160929_070349,479172,15734,22342,9673
2,KCBW20161001_093613_V06,-54.018,0.362,53.026,240.754,75.631,-69.410,46.294,37815.369,126990.481,20161001_053613,479181,105238,68684,67199
2,KCBW20161001_094038_V06,-49.601,0.211,53.836,240.938,81.921,-69.404,46.294,40960.640,126575.222,20161001_054038,479174,112364,65224,75154
2,KCBW20161001_094504_V06,-45.168,0.057,56.936,242.127,84.485,-69.384,46.289,42242.538,124929.206,20161001_054504,479175,121391,62504,85056
8,KCBW20161001_104222_V06,12.132,0.081,21.568,225.430,36.334,-69.616,46.360,18166.950,144122.612,20161001_064222,479175,22608,30844,10072
1,KCBW20161002_095241_V06,-38.847,0.053,10.324,327.288,15.839,-69.674,45.901,7919.692,145479.478,20161002_055241,479180,246427,187196,81867
2,KCBW20161003_102457_V06,-7.881,0.057,298.840,191.151,2.082,-67.814,46.529,1041.019,54427.512,20161003_062457,479176,12752,36806,6244
2,KCBW20161004_100016_V06,-33.869,0.280,121.604,152.728,21.082,-68.973,46.696,10540.920,115665.449,20161004_060016,479172,55501,36866,42552
2,KCBW20161004_100959_V06,-24.152,0.101,125.414,152.573,29.372,-68.948,46.697,14686.168,114252.890,20161004_060959,479176,26959,14001,22850
3,KCBW20161004_105836_V06,24.464,0.053,66.848,203.002,73.690,-69.325,46.465,36845.127,126261.871,20161004_065836,479181,32137,19176,27351
1,KCBW20161008_105132_V06,12.137,0.205,298.159,191.341,2.602,-67.819,46.528,1300.949,54337.186,20161008_065132,479178,20569,26539,12965
5,KCBW20161009_105054_V06,10.178,0.139,27.808,410.444,50.654,-69.549,45.529,25327.229,146872.748,20161009_065054,479180,120080,140245,17989
7,KCBW20161009_105959_V06,19.261,0.054,297.828,191.854,2.323,-67.821,46.526,1161.461,54084.145,20161009_065959,479178,122741,141424,18636
1,KCBW20161013_095043_V06,-55.355,0.059,129.514,329.294,3.265,-68.905,45.902,1632.489,86492.105,20161013_055043,479173,15462,32921,9703
1,KCBW20161013_100027_V06,-45.622,0.080,130.130,328.361,12.516,-68.902,45.906,6257.898,86110.871,20161013_060027,479166,21907,34570,15069
3,KCBW20161014_112021_V06,32.929,0.064,298.198,302.310,13.381,-67.819,46.029,6690.491,1464.783,20161014_072021,479176,9259,14906,7618
3,KCBW20161014_113004_V06,42.646,0.057,298.039,304.557,21.607,-67.820,46.019,10803.409,2480.475,20161014_073004,479167,8953,13363,7359
3,KCBW20161014_113946_V06,52.346,-1.000,297.888,306.665,30.249,-67.821,46.009,15124.719,3495.951,20161014_073946,479175,9039,12748,7320
3,KCBW20161014_114930_V06,62.079,0.088,304.071,321.203,33.311,-67.781,45.944,16655.422,10795.330,20161014_074930,479167,8197,15621,6746
1,KCBW20161014_100237_V06,-44.804,0.143,298.700,303.249,11.237,-67.815,46.025,5618.725,1749.638,20161014_060237,479176,38536,31458,29721
2,KCBW20161014_110055_V06,13.496,0.104,296.985,302.638,14.119,-67.826,46.027,7059.322,2002.922,20161014_070055,479177,10760,15057,8820
1,KCBW20161015_095834_V06,-50.208,0.250,264.153,410.451,12.342,-68.036,45.542,6171.118,58061.391,20161015_055834,479162,81286,41870,63473
1,KCBW20161016_095443_V06,-55.418,0.123,299.363,191.423,2.432,-67.811,46.528,1216.068,54289.357,20161016_055443,479168,7198,27000,4648
1,KCBW20161016_100427_V06,-45.684,0.063,298.280,190.653,10.117,-67.818,46.531,5058.587,54680.507,20161016_060427,479167,7142,25952,4555
2,KCBW20161016_095443_V06,-55.418,0.086,259.700,406.625,17.500,-68.065,45.559,8749.943,56993.598,20161016_055443,479168,7198,27000,4648
5,KCBW20161016_102353_V06,-26.251,0.090,209.938,444.421,8.747,-68.382,45.388,4373.505,85101.105,20161016_062353,479173,3705,17426,2909
1,KCBW20161017_095230_V06,-58.998,0.190,298.741,192.009,2.480,-67.815,46.525,1239.891,53998.971,20161017_055230,479168,11918,26311,7396
1,KCBW20161017_100214_V06,-49.265,0.238,298.728,191.844,9.267,-67.815,46.526,4633.636,54081.852,20161017_060214,479172,11809,25616,7776
2,KCBW20161017_095230_V06,-58.998,0.144,129.622,328.998,6.317,-68.905,45.903,3158.433,86414.051,20161017_055230,479168,11918,26311,7396
1,KCBW20161018_115443_V06,61.849,0.086,25.667,428.811,32.536,-69.560,45.446,16268.091,151534.715,20161018_075443,479175,12271,11373,9856
1,KCBW20161019_095426_V06,-59.809,0.095,299.282,191.880,1.983,-67.812,46.526,991.394,54061.203,20161019_055426,479194,43292,59509,10475
2,KCBW20161019_095426_V06,-59.809,0.058,127.724,328.451,8.488,-68.917,45.906,4243.783,87304.816,20161019_055426,479194,43292,59509,10475
3,KCBW20161019_101307_V06,-41.126,0.054,212.528,446.149,2.864,-68.365,45.380,1431.755,85162.957,20161019_061307,479170,40847,55205,11290
6,KCBW20161019_114258_V06,48.724,0.076,260.202,407.352,17.183,-68.062,45.556,8591.339,57245.692,20161019_074258,479172,16769,43436,6684
7,KCBW20161019_115025_V06,56.174,0.125,297.842,191.861,2.293,-67.821,46.526,1146.698,54080.401,20161019_075025,479168,15850,43886,6617
8,KCBW20161019_121253_V06,78.641,0.173,298.025,191.780,3.002,-67.820,46.526,1500.942,54118.846,20161019_081253,479171,12339,41203,6282
15,KCBW20161021_120206_V06,65.092,0.117,28.779,470.641,33.895,-69.535,45.258,16947.716,160218.155,20161021_080206,479173,298650,291709,36407
15,KCBW20161021_120618_V06,69.292,-1.000,28.779,470.641,40.573,-69.535,45.258,20286.716,160218.155,20161021_080618,479187,298787,292570,35640
15,KCBW20161021_121044_V06,73.726,0.096,39.965,449.270,31.897,-69.466,45.356,15948.692,149916.635,20161021_081044,479174,293493,288210,35731
6,KCBW20161022_110030_V06,2.102,0.068,29.840,139.460,47.940,-69.575,46.748,23970.074,157130.121,20161022_070030,479187,294198,284697,30718
9,KCBW20161023_111022_V06,10.573,0.096,30.269,209.814,58.407,-69.562,46.431,29203.596,142204.647,20161023_071022,479181,100260,132195,21684
9,KCBW20161023_111406_V06,14.307,0.080,30.964,207.315,64.628,-69.558,46.443,32314.214,142277.115,20161023_071406,479168,102545,132496,22896
9,KCBW20161023_111752_V06,18.073,0.238,36.375,200.893,73.729,-69.523,46.472,36864.459,140819.524,20161023_071752,479171,103236,134767,21878
9,KCBW20161023_112138_V06,21.840,0.224,41.307,198.003,77.606,-69.492,46.486,38803.059,139037.319,20161023_072138,479182,102415,133293,21854
9,KCBW20161023_112523_V06,25.590,0.214,44.652,201.984,79.164,-69.469,46.468,39582.104,136757.006,20161023_072523,479172,106430,136680,22579
9,KCBW20161023_112909_V06,29.357,0.148,47.231,206.347,81.941,-69.452,46.449,40970.599,134780.598,20161023_072909,479179,105729,135648,22187
9,KCBW20161023_113255_V06,33.123,0.271,49.581,209.155,85.743,-69.436,46.436,42871.478,133193.959,20161023_073255,479185,106910,136978,22444
9,KCBW20161023_113640_V06,36.873,0.125,54.107,199.051,82.944,-69.408,46.482,41472.051,132904.061,20161023_073640,479187,108679,137989,21991
9,KCBW20161023_114025_V06,40.623,0.232,55.289,197.047,83.311,-69.401,46.491,41655.740,132742.938,20161023_074025,479189,109468,137041,21853
9,KCBW20161023_114409_V06,44.357,0.384,59.210,201.450,88.523,-69.375,46.472,44261.724,130088.293,20161023_074409,479177,114855,138122,23427
9,KCBW20161023_114808_V06,48.340,0.273,63.238,203.491,91.819,-69.348,46.463,45909.461,127838.081,20161023_074808,479178,115501,139553,22240
9,KCBW20161023_115155_V06,52.123,0.315,65.493,212.119,100.108,-69.332,46.424,50053.903,125216.721,20161023_075155,479175,116720,138596,23374
9,KCBW20161023_115540_V06,55.873,0.135,69.874,219.933,105.871,-69.303,46.390,52935.712,121828.320,20161023_075540,479176,117699,140599,23211
9,KCBW20161023_115924_V06,59.607,0.073,73.915,221.765,108.608,-69.276,46.382,54304.077,119619.383,20161023_075924,479172,117374,141123,24027
9,KCBW20161023_120309_V06,63.357,0.241,77.772,222.639,111.121,-69.251,46.378,55560.679,117653.950,20161023_080309,479177,120495,141197,25480
9,KCBW20161023_120654_V06,67.107,0.183,81.742,231.002,113.682,-69.225,46.341,56840.809,114452.325,20161023_080654,479173,119913,141468,24766
9,KCBW20161023_121040_V06,70.873,0.105,83.884,238.693,117.093,-69.210,46.306,58546.480,112321.639,20161023_081040,479169,132331,159313,30725
9,KCBW20161023_122021_V06,80.557,0.097,88.791,231.359,121.369,-69.179,46.340,60684.514,111041.443,20161023_082021,479178,126358,146061,22849
9,KCBW20161023_122407_V06,84.323,0.160,93.188,236.828,127.946,-69.150,46.315,63972.940,108122.444,20161023_082407,479177,124912,145022,22144
9,KCBW20161023_122751_V06,88.057,0.078,98.730,232.320,129.326,-69.114,46.336,64662.772,106172.436,20161023_082751,479172,124369,145730,20928
2,KCBW20161023_101247_V06,-47.010,0.071,218.688,267.321,16.436,-68.334,46.185,8217.884,43816.723,20161023_061247,479167,128634,160401,35085
6,KCBW20161023_104359_V06,-15.810,0.105,19.294,389.370,29.761,-69.607,45.623,14880.624,147294.796,20161023_064359,479173,98945,150802,26954
8,KCBW20161023_111022_V06,10.573,0.212,289.898,120.615,19.152,-67.873,46.846,9575.924,89834.498,20161023_071022,479181,100260,132195,21684
2,KCBW20161024_101012_V06,-50.993,0.166,298.142,305.368,10.384,-67.819,46.015,5191.856,2840.127,20161024_061012,479171,9362,16487,6256
3,KCBW20161024_101012_V06,-50.993,0.059,130.253,329.713,3.546,-68.901,45.900,1772.917,86163.876,20161024_061012,479171,9362,16487,6256
4,KCBW20161025_105520_V06,-7.265,0.321,185.620,19.582,20.365,-68.563,47.298,10182.297,151424.368,20161025_065520,479175,71987,102526,20934
4,KCBW20161025_110713_V06,4.619,0.088,185.461,21.880,30.270,-68.564,47.288,15134.952,150390.932,20161025_070713,479176,68011,95383,22917
5,KCBW20161025_105520_V06,-7.265,0.263,27.892,421.390,22.357,-69.547,45.480,11178.520,148978.209,20161025_065520,479175,71987,102526,20934
5,KCBW20161025_110713_V06,4.619,0.252,28.554,422.749,29.778,-69.543,45.474,14889.150,148955.069,20161025_070713,479176,68011,95383,22917
2,KCBW20161026_104659_V06,-17.024,0.056,24.750,293.259,28.313,-69.586,46.056,14156.401,137666.292,20161026_064659,479167,83906,103533,25754
6,KCBW20161026_120707_V06,63.109,0.156,26.061,288.009,31.825,-69.578,46.079,15912.600,137100.552,20161026_080707,479170,47065,56412,24199
1,KCBW20161027_100718_V06,-58.120,0.062,298.997,191.392,2.528,-67.813,46.528,1264.217,54306.452,20161027_060718,479171,19576,24262,12991
2,KCBW20161027_100718_V06,-58.120,0.055,298.339,299.514,8.566,-67.818,46.041,4282.864,865.307,20161027_060718,479171,19576,24262,12991
5,KCBW20161028_111921_V06,12.513,0.055,38.520,140.168,51.008,-69.518,46.745,25503.895,153230.189,20161028_071921,479175,92498,90231,9889
5,KCBW20161028_112416_V06,17.429,0.079,38.469,140.211,58.342,-69.518,46.745,29171.138,153240.992,20161028_072416,479175,93829,91699,9723
1,KCBW20161028_101024_V06,-56.437,0.057,299.206,191.740,2.208,-67.812,46.526,1104.008,54131.248,20161028_061024,479166,59268,64269,7449
2,KCBW20161028_102016_V06,-46.571,0.061,248.965,294.880,8.523,-68.137,46.062,4261.597,25645.463,20161028_062016,479174,62265,67041,7431
1,KCBW20161029_101349_V06,-54.441,0.072,127.648,329.243,8.035,-68.917,45.902,4017.420,87407.382,20161029_061349,479169,5972,11072,3780
2,KCBW20161029_101349_V06,-54.441,0.062,210.069,445.256,5.007,-68.381,45.384,2503.305,85420.879,20161029_061349,479169,5972,11072,3780
3,KCBW20161029_101349_V06,-54.441,0.057,298.207,191.498,2.526,-67.819,46.527,1263.058,54258.416,20161029_061349,479169,5972,11072,3780
4,KCBW20161029_120052_V06,52.609,0.053,130.170,328.370,5.829,-68.901,45.906,2914.611,86091.859,20161029_080052,479175,5097,28069,3359
1,KCBW20161030_101843_V06,-50.965,0.084,129.217,327.337,3.688,-68.908,45.911,1843.969,86478.750,20161030_061843,479176,5185,23864,3610
3,KCBW20161030_101843_V06,-50.965,0.061,297.142,188.943,5.699,-67.826,46.539,2849.640,55546.898,20161030_061843,479176,5185,23864,3610
5,KCBW20161030_112652_V06,17.185,0.131,291.973,335.937,36.516,-67.859,45.877,18257.753,18411.465,20161030_072652,479167,4139,17066,3703
6,KCBW20161030_114620_V06,36.652,0.116,280.664,293.343,13.509,-67.932,46.069,6754.303,10224.970,20161030_074620,479165,4458,15710,3852
1,KCBW20161031_101608_V06,-54.974,0.076,298.319,191.290,2.339,-67.818,46.528,1169.415,54361.507,20161031_061608,479164,13130,30322,5789
2,KCBW20161031_101608_V06,-54.974,0.069,128.905,327.351,5.196,-68.910,45.911,2597.961,86633.851,20161031_061608,479164,13130,30322,5789
4,KCBW20161031_103535_V06,-35.524,0.097,363.312,268.052,82.140,-67.397,46.182,41070.206,35457.961,20161031_063535,479176,12189,24045,7052
6,KCBW20161102_110721_V06,-6.616,0.163,300.767,301.782,9.975,-67.802,46.031,4987.591,969.985,20161102_070721,479169,7307,12590,2870
2,KCBW20161103_101604_V06,-59.330,0.073,128.109,326.463,8.523,-68.915,45.915,4261.741,86958.191,20161103_061604,479173,7863,20216,4190
2,KCBW20161103_102548_V06,-49.597,0.119,128.616,327.167,15.744,-68.911,45.912,7871.803,86761.802,20161103_062548,479174,9951,22312,5134
1,KCBW20161103_101604_V06,-59.330,0.099,299.250,191.220,2.801,-67.812,46.528,1400.272,54391.443,20161103_061604,479173,7863,20216,4190
5,KCBW20161103_122241_V06,67.286,0.131,298.190,311.869,11.915,-67.819,45.986,5957.375,6003.116,20161103_082241,479174,5302,9116,3325
5,KCBW20161104_110830_V06,-8.329,0.608,48.550,75.844,55.018,-69.461,47.036,27509.052,168428.733,20161104_070830,479174,46273,91403,9751
5,KCBW20161104_111812_V06,1.371,0.734,51.352,77.424,60.679,-69.442,47.029,30339.635,166857.711,20161104_071812,479177,57052,97485,13296
5,KCBW20161104_112756_V06,11.104,0.648,55.274,83.788,62.687,-69.416,47.000,31343.348,163277.697,20161104_072756,479178,62262,100246,14070
5,KCBW20161104_113739_V06,20.821,0.389,54.003,91.954,64.528,-69.423,46.964,32263.984,161088.324,20161104_073739,479185,60492,104602,13393
5,KCBW20161104_114722_V06,30.538,0.160,60.262,100.237,65.547,-69.381,46.927,32773.361,156028.277,20161104_074722,479177,61429,107351,14472
5,KCBW20161104_115705_V06,40.254,0.057,37.908,91.624,34.183,-69.529,46.964,17091.642,167416.164,20161104_075705,479180,73661,111150,15811
2,KCBW20161104_103917_V06,-37.546,0.084,40.778,230.345,77.151,-69.491,46.340,38575.264,134208.646,20161104_063917,479177,36406,58766,11310
2,KCBW20161104_104902_V06,-27.796,0.063,42.780,237.441,87.417,-69.477,46.308,43708.547,132359.125,20161104_064902,479178,37530,68390,10301
2,KCBW20161104_105845_V06,-18.079,0.061,52.730,245.999,87.201,-69.411,46.271,43600.447,126548.816,20161104_065845,479177,38849,83920,8035
2,KCBW20161104_110830_V06,-8.329,-1.000,61.502,254.299,88.599,-69.353,46.234,44299.724,121418.318,20161104_070830,479174,46273,91403,9751
2,KCBW20161104_111812_V06,1.371,0.152,69.678,238.528,95.102,-69.302,46.306,47550.893,119192.008,20161104_071812,479177,57052,97485,13296
2,KCBW20161104_112756_V06,11.104,0.075,71.927,241.396,82.570,-69.287,46.293,41285.011,117741.010,20161104_072756,479178,62262,100246,14070
1,KCBW20161104_101952_V06,-56.962,0.053,207.462,446.660,8.462,-68.398,45.378,4230.927,86707.119,20161104_061952,479176,28816,48209,6854
6,KCBW20161104_110830_V06,-8.329,0.159,65.892,189.747,111.430,-69.333,46.525,55715.179,129385.612,20161104_070830,479174,46273,91403,9751
7,KCBW20161104_111812_V06,1.371,0.086,306.109,38.439,41.087,-67.767,47.216,20543.625,130816.119,20161104_071812,479177,57052,97485,13296
10,KCBW20161104_113739_V06,20.821,0.138,65.019,464.327,85.565,-69.305,45.290,42782.505,143369.652,20161104_073739,479185,60492,104602,13393
3,KCBW20161105_112337_V06,5.355,0.584,25.518,432.856,28.865,-69.561,45.428,14432.434,152472.083,20161105_072337,479173,14270,14416,8571
3,KCBW20161105_113320_V06,15.072,0.621,26.945,438.419,36.909,-69.551,45.403,18454.498,153067.682,20161105_073320,479179,12061,12531,7370
3,KCBW20161105_114303_V06,24.789,0.824,30.110,425.338,44.593,-69.532,45.462,22296.433,148786.953,20161105_074303,479178,12164,12436,6613
3,KCBW20161105_115246_V06,34.505,0.697,33.992,421.787,48.677,-69.508,45.479,24338.434,146280.877,20161105_075246,479177,13770,14212,6528
3,KCBW20161105_120229_V06,44.222,0.364,25.235,408.799,39.486,-69.566,45.536,19743.177,147760.619,20161105_080229,479175,15800,14880,6895
3,KCBW20161106_103937_V06,-40.077,0.081,158.108,373.773,24.996,-68.718,45.704,12498.007,79962.199,20161106_053937,479178,22055,27933,6193
8,KCBW20161106_121648_V06,57.107,0.077,380.941,11.527,15.516,-67.272,47.335,7758.060,149806.886,20161106_071648,479177,11578,11719,5860
8,KCBW20161106_122630_V06,66.807,-1.000,380.941,11.527,30.939,-67.272,47.335,15469.560,149806.886,20161106_072630,479177,11353,10649,6196
8,KCBW20161106_123614_V06,76.540,0.081,390.189,17.520,20.708,-67.211,47.308,10354.126,148263.994,20161106_073614,479184,10440,10869,5851
9,KCBW20161106_122630_V06,66.807,0.062,172.601,368.661,29.941,-68.625,45.727,14970.623,72361.810,20161106_072630,479177,11353,10649,6196
1,KCBW20161107_102548_V06,-55.324,0.070,269.089,416.346,6.685,-68.005,45.516,3342.402,60191.120,20161107_052548,479181,12104,23166,7638
1,KCBW20161107_103532_V06,-45.591,0.280,269.570,415.290,12.908,-68.002,45.520,6453.892,59619.222,20161107_053532,479183,13612,26331,8472
1,KCBW20161108_103118_V06,-51.253,0.315,265.030,413.051,12.006,-68.031,45.530,6003.206,59167.920,20161108_053118,479182,8163,12775,5115
6,KCBW20161108_113923_V06,16.830,0.083,212.889,445.701,10.491,-68.363,45.382,5245.420,84878.270,20161108_063923,479180,7947,6508,6401
8,KCBW20161108_122758_V06,65.413,0.052,128.346,328.079,8.229,-68.913,45.907,4114.314,86967.529,20161108_072758,479174,6424,5297,5248
1,KCBW20161109_102656_V06,-57.047,0.125,128.156,327.322,8.303,-68.914,45.911,4151.454,87001.247,20161109_052656,479174,12107,14617,8385
2,KCBW20161109_102656_V06,-57.047,0.052,299.060,191.383,2.668,-67.813,46.528,1333.782,54310.338,20161109_052656,479174,12107,14617,8385
1,KCBW20161110_103334_V06,-51.838,0.136,129.056,327.667,5.441,-68.909,45.909,2720.501,86584.230,20161110_053334,479182,5486,9121,3834
1,KCBW20161110_104318_V06,-42.104,0.071,129.105,328.223,14.169,-68.908,45.907,7084.624,86604.751,20161110_054318,479180,6270,10233,4405
2,KCBW20161110_103334_V06,-51.838,0.132,208.059,446.630,8.375,-68.394,45.378,4187.717,86535.341,20161110_053334,479182,5486,9121,3834
5,KCBW20161110_103334_V06,-51.838,0.071,298.110,191.565,2.813,-67.819,46.527,1406.693,54225.564,20161110_053334,479182,5486,9121,3834
9,KCBW20161110_122035_V06,55.179,0.050,300.079,311.604,17.728,-67.806,45.987,8864.021,5801.985,20161110_072035,479176,5513,10513,4476
9,KCBW20161111_122951_V06,63.025,0.087,50.385,381.152,57.219,-69.409,45.663,28609.512,131237.905,20161111_072951,479175,361703,308802,64292
9,KCBW20161111_123540_V06,68.842,0.082,51.464,381.772,64.399,-69.402,45.660,32199.747,130821.131,20161111_073540,479187,364184,310185,64048
9,KCBW20161111_124129_V06,74.658,0.100,58.253,394.311,61.469,-69.356,45.604,30734.740,129746.243,20161111_074129,479181,366184,312579,63985
5,KCBW20161111_110825_V06,-18.408,0.050,327.672,174.266,30.038,-67.626,46.605,15019.012,64371.372,20161111_060825,479178,338690,293765,58862
5,KCBW20161111_111414_V06,-12.592,0.143,350.097,171.595,11.759,-67.480,46.616,5879.307,68915.838,20161111_061414,479188,337085,293619,58627
1,KCBW20161112_103641_V06,-51.558,0.063,297.944,191.348,2.796,-67.820,46.528,1398.052,54335.894,20161112_053641,479175,4821,8327,3375
2,KCBW20161112_110553_V06,-22.358,0.587,298.469,302.639,8.677,-67.817,46.027,4338.650,1525.466,20161112_060553,479174,5386,9885,3896
1,KCBW20161113_103241_V06,-56.970,0.126,128.606,329.963,8.344,-68.911,45.899,4171.811,86996.720,20161113_053241,479176,4036,5208,3266
1,KCBW20161113_104224_V06,-47.253,0.076,127.973,330.504,15.795,-68.915,45.897,7897.253,87355.056,20161113_054224,479176,4674,6274,3678
2,KCBW20161113_103241_V06,-56.970,0.071,335.867,344.097,1.861,-67.576,45.841,930.733,28420.820,20161113_053241,479176,4036,5208,3266
3,KCBW20161113_104224_V06,-47.253,0.059,298.142,191.571,2.524,-67.819,46.527,1262.215,54222.531,20161113_054224,479176,4674,6274,3678
6,KCBW20161113_110150_V06,-27.820,0.071,266.950,413.235,9.262,-68.018,45.530,4630.919,58979.754,20161113_060150,479169,4153,4607,3566
7,KCBW20161113_113059_V06,1.330,0.053,210.174,445.366,5.114,-68.380,45.384,2556.765,85440.088,20161113_063059,479180,5040,5331,4304
8,KCBW20161113_114042_V06,11.047,0.103,261.764,409.581,15.694,-68.052,45.546,7847.168,58030.049,20161113_064042,479179,5113,5302,4349
9,KCBW20161113_115026_V06,20.780,0.066,127.830,329.996,8.286,-68.916,45.899,4143.043,87381.936,20161113_065026,479181,4988,4932,4274
10,KCBW20161113_121934_V06,49.914,0.084,126.082,331.245,9.960,-68.927,45.893,4980.000,88351.161,20161113_071934,479184,5008,4699,4311
11,KCBW20161113_122916_V06,59.614,0.056,260.781,405.693,17.200,-68.058,45.563,8599.846,56367.276,20161113_072916,479186,4764,4526,4094
4,KCBW20161114_103734_V06,-53.493,0.054,128.951,329.456,8.288,-68.909,45.901,4143.764,86783.265,20161114_053734,479178,5247,8848,4072
4,KCBW20161114_104717_V06,-43.776,0.076,128.907,330.285,15.476,-68.909,45.898,7737.966,86876.404,20161114_054717,479169,6770,11459,4931
3,KCBW20161114_103734_V06,-53.493,0.072,298.586,191.593,2.797,-67.816,46.527,1398.537,54207.922,20161114_053734,479178,5247,8848,4072
5,KCBW20161114_111628_V06,-14.593,0.164,300.448,300.479,10.912,-67.804,46.037,5455.925,327.973,20161114_061628,479174,7600,9947,5583
6,KCBW20161114_113555_V06,4.857,0.073,130.892,328.764,10.635,-68.897,45.905,5317.519,85768.433,20161114_063555,479181,8064,8298,6486
8,KCBW20161114_123414_V06,63.174,0.239,131.291,328.342,9.585,-68.894,45.906,4792.493,85536.745,20161114_073414,479177,6920,6319,5741
1,KCBW20161115_104216_V06,-50.193,0.081,298.062,191.611,2.467,-67.820,46.527,1233.658,54203.275,20161115_054216,479180,7518,21429,4485
1,KCBW20161115_105159_V06,-40.476,0.228,298.089,191.526,9.227,-67.819,46.527,4613.302,54245.517,20161115_055159,479181,7334,21227,4631
2,KCBW20161115_104216_V06,-50.193,0.055,267.041,415.201,8.510,-68.018,45.521,4254.911,59911.360,20161115_054216,479180,7518,21429,4485
1,KCBW20161117_103813_V06,-57.021,0.275,264.228,410.748,12.111,-68.036,45.541,6055.336,58191.171,20161117_053813,479177,10446,39546,3951
1,KCBW20161117_104755_V06,-47.321,0.051,268.715,414.142,8.352,-68.007,45.526,4176.041,59175.999,20161117_054755,479176,11184,42033,4179
2,KCBW20161117_104755_V06,-47.321,0.066,209.777,444.974,9.444,-68.383,45.386,4721.786,85378.311,20161117_054755,479176,11184,42033,4179
2,KCBW20161118_104325_V06,-53.199,0.159,298.378,191.542,2.480,-67.818,46.527,1239.807,54235.086,20161118_054325,479174,3686,20629,2803
2,KCBW20161118_105310_V06,-43.449,0.108,298.388,191.621,9.701,-67.817,46.527,4850.339,54195.594,20161118_055310,479172,3845,20396,2925
1,KCBW20161118_104325_V06,-53.199,0.199,129.452,327.283,7.591,-68.906,45.911,3795.508,86358.162,20161118_054325,479174,3686,20629,2803
3,KCBW20161118_104325_V06,-53.199,0.083,270.367,392.773,5.310,-67.997,45.622,2655.079,48695.431,20161118_054325,479174,3686,20629,2803
6,KCBW20161118_104325_V06,-53.199,0.061,212.682,446.066,3.172,-68.364,45.381,1586.077,85087.697,20161118_054325,479174,3686,20629,2803
7,KCBW20161118_114350_V06,7.218,0.056,295.054,190.383,4.945,-67.839,46.532,2472.561,54864.383,20161118_064350,479182,5249,19211,4262
8,KCBW20161118_124211_V06,65.568,0.064,299.297,192.004,2.289,-67.812,46.525,1144.356,53999.039,20161118_074211,479179,5017,17933,4114
2,KCBW20161119_112750_V06,-10.150,0.067,209.974,444.550,8.778,-68.382,45.387,4388.992,85145.973,20161119_062750,479178,5224,12324,4353
4,KCBW20161119_122812_V06,50.217,0.092,298.265,191.255,2.847,-67.818,46.528,1423.573,54379.570,20161119_072812,479178,3876,14135,3398
4,KCBW20161120_113600_V06,-3.341,0.061,474.801,311.223,30.656,-66.679,45.983,15327.766,87580.624,20161120_063600,479180,30002,92463,8601
9,KCBW20161121_111854_V06,-21.788,0.069,391.215,64.855,26.369,-67.206,47.095,13184.605,126108.302,20161121_061854,479180,172367,188707,19270
9,KCBW20161121_112416_V06,-16.421,0.106,389.215,61.900,33.256,-67.219,47.109,16627.928,127132.712,20161121_062416,479179,178328,191755,21550
9,KCBW20161121_113005_V06,-10.605,0.059,386.118,54.249,38.837,-67.239,47.143,19418.663,130201.683,20161121_063005,479177,183917,193941,23419
10,KCBW20161121_111854_V06,-21.788,0.051,404.680,585.557,20.614,-67.146,44.753,10307.192,152069.794,20161121_061854,479180,172367,188707,19270
10,KCBW20161121_112416_V06,-16.421,0.115,406.203,583.126,29.256,-67.136,44.763,14628.216,151194.946,20161121_062416,479179,178328,191755,21550
10,KCBW20161121_113005_V06,-10.605,0.118,408.803,573.600,29.903,-67.119,44.806,14951.618,147219.892,20161121_063005,479177,183917,193941,23419
10,KCBW20161121_113553_V06,-4.805,0.064,405.228,552.638,24.073,-67.141,44.901,12036.473,136838.280,20161121_063553,479180,186599,194473,24212
10,KCBW20161121_114142_V06,1.012,0.071,405.259,549.929,30.955,-67.140,44.913,15477.458,135594.968,20161121_064142,479177,187552,190522,27233
6,KCBW20161121_110836_V06,-32.088,0.066,429.156,439.442,29.378,-66.982,45.409,14689.186,95033.318,20161121_060836,479176,163729,178681,18990
7,KCBW20161121_110836_V06,-32.088,0.060,145.767,122.905,41.791,-68.818,46.831,20895.399,117420.589,20161121_060836,479176,163729,178681,18990
14,KCBW20161121_114142_V06,1.012,0.061,407.580,347.986,29.281,-67.115,45.821,14640.337,58898.489,20161121_064142,479177,187552,190522,27233
15,KCBW20161121_115320_V06,12.645,0.068,23.165,246.803,33.813,-69.603,46.264,16906.700,140950.025,20161121_065320,479181,187791,189580,28041
2,KCBW20161122_104347_V06,-58.240,0.081,130.571,329.587,3.686,-68.899,45.901,1842.926,85996.311,20161122_054347,479178,148978,219247,25324
3,KCBW20161122_114209_V06,0.127,0.108,41.605,209.021,62.149,-69.488,46.436,31074.480,136971.839,20161122_064209,479181,125933,191830,23287
1,KCBW20161123_104606_V06,-57.245,0.067,127.464,329.451,8.177,-68.919,45.901,4088.294,87515.854,20161123_054606,479182,55507,81598,10345
2,KCBW20161124_104647_V06,-57.869,0.068,298.843,191.196,2.628,-67.814,46.529,1314.232,54404.944,20161124_054647,479180,3697,10330,2739
3,KCBW20161124_104647_V06,-57.869,0.062,127.596,329.749,8.020,-68.918,45.900,4009.954,87475.960,20161124_054647,479180,3697,10330,2739
4,KCBW20161124_112543_V06,-18.935,0.075,261.489,408.256,16.728,-68.054,45.552,8364.077,57450.831,20161124_062543,479178,4967,9220,3856
2,KCBW20161125_125954_V06,73.956,0.137,49.444,444.148,59.507,-69.406,45.379,29753.263,144531.105,20161125_075954,479171,75054,142254,18731
2,KCBW20161125_130939_V06,83.706,0.329,51.464,443.041,66.785,-69.394,45.385,33392.707,143379.685,20161125_080939,479175,75731,149378,18376
3,KCBW20161125_125954_V06,73.956,0.066,298.708,150.157,31.202,-67.815,46.713,15600.971,74924.401,20161125_075954,479171,75054,142254,18731
4,KCBW20161127_114455_V06,-3.562,0.061,132.151,328.753,12.594,-68.889,45.905,6296.757,85146.766,20161127_064455,479181,153419,158712,27174
4,KCBW20161128_105213_V06,-57.502,0.061,298.114,190.767,2.700,-67.819,46.531,1349.934,54624.501,20161128_055213,479183,7379,9955,3850
4,KCBW20161128_110156_V06,-47.785,0.061,298.254,191.072,10.118,-67.818,46.529,5058.781,54470.978,20161128_060156,479175,8834,10997,4493
1,KCBW20161128_105213_V06,-57.502,0.134,130.822,329.431,3.629,-68.897,45.902,1814.296,85859.401,20161128_055213,479183,7379,9955,3850
1,KCBW20161129_105652_V06,-54.072,0.171,129.313,326.679,7.275,-68.907,45.914,3637.345,86379.723,20161129_055652,479172,4853,5858,3459
1,KCBW20161129_110636_V06,-44.339,0.055,130.346,326.650,15.416,-68.900,45.914,7708.078,85867.236,20161129_060636,479180,5522,7225,3559
2,KCBW20161129_105652_V06,-54.072,0.072,299.046,191.627,2.686,-67.813,46.527,1342.796,54188.380,20161129_055652,479172,4853,5858,3459
2,KCBW20161129_110636_V06,-44.339,0.102,298.715,191.501,10.038,-67.815,46.527,5018.916,54253.339,20161129_060636,479180,5522,7225,3559
5,KCBW20161129_105652_V06,-54.072,0.053,250.658,295.406,6.695,-68.126,46.059,3347.315,24777.823,20161129_055652,479172,4853,5858,3459
13,KCBW20161130_112947_V06,-22.354,0.071,381.329,26.333,29.343,-67.270,47.269,14671.432,142747.946,20161130_062947,479169,112195,152254,11450
13,KCBW20161130_113442_V06,-17.438,0.051,384.884,26.044,34.963,-67.246,47.270,17481.588,143402.817,20161130_063442,479172,108550,145768,11243
13,KCBW20161130_113937_V06,-12.521,0.322,404.006,26.564,28.167,-67.120,47.267,14083.473,146274.313,20161130_063937,479175,103697,137247,10729
13,KCBW20161130_114431_V06,-7.621,0.194,404.869,26.688,33.666,-67.114,47.266,16832.867,146370.296,20161130_064431,479182,102574,131520,11237
7,KCBW20161130_111254_V06,-39.238,0.052,449.780,492.041,31.650,-66.854,45.171,15825.232,121771.913,20161130_061254,479176,136326,184406,14258
21,KCBW20161130_115917_V06,7.146,0.083,475.907,379.589,56.804,-66.678,45.676,28401.922,96537.208,20161130_065917,479182,91527,114707,10163
24,KCBW20161130_121858_V06,26.829,0.080,224.463,102.786,57.544,-68.303,46.925,28771.990,105592.408,20161130_071858,479180,85352,107218,9921
5,KCBW20161202_111519_V06,-39.152,0.134,18.906,164.186,20.020,-69.643,46.635,10010.026,156092.405,20161202_061519,479178,7867,13150,4468
5,KCBW20161202_112501_V06,-29.452,0.182,22.682,170.067,34.310,-69.617,46.609,17154.935,153124.067,20161202_062501,479181,8229,13520,4315
5,KCBW20161202_113444_V06,-19.735,0.099,32.102,175.469,33.790,-69.555,46.586,16895.232,147713.676,20161202_063444,479170,9532,15544,4984
5,KCBW20161202_114428_V06,-10.002,-1.000,40.702,180.900,35.394,-69.498,46.562,17697.177,142671.123,20161202_064428,479173,10301,16706,4752
5,KCBW20161202_115615_V06,1.782,-1.000,51.114,187.475,37.336,-69.429,46.534,18668.026,136570.808,20161202_065615,479177,12631,19082,5074
5,KCBW20161202_120558_V06,11.498,-1.000,59.699,192.896,38.937,-69.373,46.510,19468.598,131544.385,20161202_070558,479178,15565,21343,5553
5,KCBW20161202_121541_V06,21.215,0.061,45.579,169.628,53.287,-69.468,46.614,26643.514,142939.719,20161202_071541,479170,17147,22099,5450
1,KCBW20161202_105554_V06,-58.568,0.413,298.591,301.191,9.792,-67.816,46.034,4895.844,922.539,20161202_055554,479174,4863,10447,2864
1,KCBW20161202_110536_V06,-48.868,0.096,300.888,301.412,8.790,-67.801,46.033,4394.924,834.004,20161202_060536,479174,6286,12119,3662
7,KCBW20161202_124450_V06,50.365,0.160,31.765,244.626,33.980,-69.547,46.275,16989.925,136945.498,20161202_074450,479176,12910,20335,5014
1,KCBW20161204_110007_V06,-56.584,0.180,298.047,191.638,3.322,-67.820,46.527,1661.140,54190.024,20161204_060007,479178,4051,52837,2622
2,KCBW20161205_110508_V06,-52.644,0.065,129.571,329.799,5.437,-68.905,45.900,2718.534,86507.453,20161205_060508,479173,4523,5326,3366
2,KCBW20161205_111451_V06,-42.928,0.065,129.008,329.674,14.384,-68.909,45.900,7192.114,86773.835,20161205_061451,479180,5849,7168,4026
1,KCBW20161206_110044_V06,-58.093,0.171,260.778,407.644,17.006,-68.058,45.555,8502.857,57283.736,20161206_060044,479173,2669,3037,2250
2,KCBW20161206_110044_V06,-58.093,0.159,295.540,190.143,5.930,-67.836,46.533,2965.050,54973.919,20161206_060044,479173,2669,3037,2250
4,KCBW20161206_110044_V06,-58.093,0.074,130.130,331.177,3.342,-68.901,45.894,1671.245,86353.816,20161206_060044,479173,2669,3037,2250
1,KCBW20161207_110623_V06,-53.462,0.081,30.823,180.483,53.172,-69.562,46.563,26585.823,147258.725,20161207_060623,479177,18960,17039,4959
1,KCBW20161207_111607_V06,-43.729,0.236,34.871,174.365,60.915,-69.537,46.591,30457.297,146694.951,20161207_061607,479182,20551,19521,5202
1,KCBW20161207_112550_V06,-34.012,-1.000,38.671,168.620,69.104,-69.513,46.617,34552.040,146247.448,20161207_062550,479180,22833,21411,5870
1,KCBW20161207_113533_V06,-24.296,0.197,43.136,151.044,66.232,-69.486,46.697,33115.828,148464.615,20161207_063533,479177,22778,19956,6614
1,KCBW20161207_114517_V06,-14.562,0.159,43.417,138.933,65.844,-69.486,46.751,32922.123,151473.820,20161207_064517,479174,23542,21069,6441
2,KCBW20161207_111607_V06,-43.729,0.087,129.597,327.470,7.328,-68.905,45.910,3664.191,86301.351,20161207_061607,479182,20551,19521,5202
3,KCBW20161207_112550_V06,-34.012,0.370,38.103,160.480,53.160,-69.518,46.654,26580.078,148370.898,20161207_062550,479180,22833,21411,5870
2,KCBW20161208_110946_V06,-51.068,0.070,297.001,191.174,6.691,-67.826,46.529,3345.451,54433.844,20161208_060946,479180,64697,71570,9641
5,KCBW20161208_125848_V06,57.965,0.092,24.067,237.369,29.465,-69.598,46.307,14732.407,141475.819,20161208_075848,479178,39829,42727,8512
6,KCBW20161208_125848_V06,57.965,0.054,309.624,306.100,22.059,-67.745,46.012,11029.335,5697.156,20161208_075848,479178,39829,42727,8512
6,KCBW20161208_130830_V06,67.665,0.171,300.007,304.734,15.439,-67.807,46.018,7719.707,2366.977,20161208_080830,479173,35768,39580,8745
2,KCBW20161209_110457_V06,-56.843,0.053,258.546,408.493,18.139,-68.072,45.551,9069.487,58071.299,20161209_060457,479172,18859,45097,6349
1,KCBW20161210_111016_V06,-52.452,0.270,297.743,191.746,2.963,-67.822,46.526,1481.339,54138.589,20161210_061016,479174,3624,4929,2993
2,KCBW20161211_110555_V06,-57.694,0.055,127.385,328.092,8.215,-68.919,45.907,4107.489,87442.916,20161211_060555,479182,3328,7767,2914
2,KCBW20161211_111540_V06,-47.944,0.103,127.538,328.542,15.581,-68.918,45.905,7790.670,87403.793,20161211_061540,479174,4269,9328,3326
1,KCBW20161211_110555_V06,-57.694,0.123,260.704,406.826,16.879,-68.059,45.558,8439.371,56912.193,20161211_060555,479182,3328,7767,2914
4,KCBW20161213_115032_V06,-14.758,0.078,251.260,296.001,16.118,-68.122,46.057,8058.870,24451.924,20161213_065032,479179,4253,7781,3756
4,KCBW20161213_120017_V06,-5.008,0.109,245.807,286.913,31.204,-68.157,46.098,15602.013,27875.441,20161213_070017,479178,4010,7490,3523
5,KCBW20161213_122927_V06,24.158,0.161,241.596,297.981,16.581,-68.184,46.048,8290.289,29219.583,20161213_072927,479176,3674,9296,3176
5,KCBW20161213_123911_V06,33.892,0.092,242.553,296.371,26.396,-68.178,46.055,13198.096,28780.709,20161213_073911,479176,3977,9310,3346
1,KCBW20161213_111137_V06,-53.675,0.098,297.964,191.610,2.884,-67.820,46.527,1442.062,54204.535,20161213_061137,479178,3831,6681,3274
3,KCBW20161213_111137_V06,-53.675,0.062,127.961,328.212,10.406,-68.916,45.907,5202.881,87168.202,20161213_061137,479178,3831,6681,3274
2,KCBW20161214_110728_V06,-58.612,0.126,298.763,191.564,2.689,-67.815,46.527,1344.597,54221.609,20161214_060728,479188,71850,88319,9184
5,KCBW20161214_111711_V06,-48.896,0.052,129.364,331.653,5.406,-68.906,45.891,2702.872,86773.405,20161214_061711,479174,67574,77992,8925
6,KCBW20161214_112655_V06,-39.162,0.068,387.718,58.743,30.760,-67.229,47.123,15379.875,128354.376,20161214_062655,479182,59484,69203,8737
7,KCBW20161214_113638_V06,-29.446,0.069,47.896,189.116,33.473,-69.450,46.526,16736.732,137705.842,20161214_063638,479174,50829,60886,7698
14,KCBW20161214_131356_V06,67.854,0.058,49.256,360.968,66.380,-69.418,45.754,33190.052,129024.711,20161214_081356,479174,58499,65913,9907
1,KCBW20161216_110908_V06,-58.409,0.323,260.616,408.284,16.718,-68.059,45.552,8358.997,57612.012,20161216_060908,479176,3407,2106,3125
2,KCBW20161216_110908_V06,-58.409,0.086,128.042,329.657,8.160,-68.915,45.900,4079.807,87248.556,20161216_060908,479176,3407,2106,3125
3,KCBW20161216_110908_V06,-58.409,0.083,297.952,191.597,2.445,-67.820,46.527,1222.538,54211.273,20161216_060908,479176,3407,2106,3125
4,KCBW20161216_121717_V06,9.741,0.055,129.603,328.228,8.346,-68.905,45.907,4173.038,86359.460,20161216_071717,479184,3979,2512,3551
3,KCBW20161217_111629_V06,-51.734,0.051,298.981,190.417,4.153,-67.814,46.532,2076.534,54794.070,20161217_061629,479176,10925,47845,5873
3,KCBW20161217_112612_V06,-42.018,0.077,297.456,190.423,12.150,-67.824,46.532,6074.869,54803.457,20161217_062612,479182,17295,47863,7796
6,KCBW20161217_123423_V06,26.166,0.056,26.035,430.589,41.351,-69.558,45.438,20675.726,151748.575,20161217_073423,479176,99883,123388,17743
6,KCBW20161217_124406_V06,35.882,0.059,28.713,433.402,54.412,-69.540,45.426,27206.021,151156.229,20161217_074406,479177,104157,146653,17327
1,KCBW20161217_111629_V06,-51.734,0.066,130.720,329.043,10.466,-68.898,45.903,5233.246,85876.462,20161217_061629,479176,10925,47845,5873
5,KCBW20161217_114542_V06,-22.518,0.088,28.713,428.565,47.655,-69.541,45.448,23827.291,150104.757,20161217_064542,479180,37714,49771,11824
5,KCBW20161218_120332_V06,-5.320,0.071,301.775,39.854,29.862,-67.795,47.209,14931.087,130076.148,20161218_070332,479174,389617,356700,36694
1,KCBW20161219_111338_V06,-55.817,0.085,128.818,327.311,8.241,-68.910,45.911,4120.441,86673.602,20161219_061338,479174,8864,28870,3573
2,KCBW20161219_112321_V06,-46.100,0.060,212.201,445.114,2.876,-68.367,45.385,1437.778,84803.648,20161219_062321,479178,8721,29856,3662
1,KCBW20161220_111023_V06,-59.623,0.155,297.864,191.979,2.814,-67.821,46.525,1406.834,54021.174,20161220_061023,479174,4439,5980,3762
1,KCBW20161220_112006_V06,-49.907,0.053,298.167,191.843,2.496,-67.819,46.526,1247.890,54086.407,20161220_062006,479183,5394,8056,4183
2,KCBW20161220_111023_V06,-59.623,0.147,129.687,329.634,8.098,-68.904,45.901,4048.783,86436.199,20161220_061023,479174,4439,5980,3762
5,KCBW20161220_112006_V06,-49.907,0.196,298.507,294.664,8.862,-67.817,46.063,4431.095,2770.335,20161220_062006,479183,5394,8056,4183
8,KCBW20161220_115901_V06,-10.990,0.057,301.963,303.505,14.451,-67.794,46.023,7225.700,2008.510,20161220_065901,479178,4799,7688,4049
10,KCBW20161220_132635_V06,76.577,0.133,130.705,328.850,8.271,-68.898,45.904,4135.632,85867.721,20161220_082635,479174,4244,10557,3685
1,KCBW20161221_112644_V06,-43.789,0.091,127.283,330.137,8.796,-68.920,45.898,4397.972,87663.192,20161221_062644,479169,6127,18164,4759
3,KCBW20161221_122506_V06,14.578,0.057,246.835,294.218,7.546,-68.151,46.065,3773.026,26739.296,20161221_072506,479174,5333,18244,4285
1,KCBW20161222_111624_V06,-54.596,0.085,303.088,292.156,6.874,-67.787,46.074,3436.817,4214.809,20161222_061624,479168,6181,15823,3047
2,KCBW20161222_111624_V06,-54.596,0.084,271.578,418.392,2.843,-67.989,45.506,1421.513,60877.983,20161222_061624,479168,6181,15823,3047
3,KCBW20161222_111624_V06,-54.596,0.077,298.151,191.828,2.651,-67.819,46.526,1325.493,54093.853,20161222_061624,479168,6181,15823,3047
4,KCBW20161222_113554_V06,-35.096,0.061,270.962,394.329,5.360,-67.993,45.615,2680.079,49348.807,20161222_063554,479179,6743,18379,3795
7,KCBW20161222_124405_V06,33.088,0.127,354.786,193.140,35.858,-67.450,46.519,17929.115,60042.869,20161222_074405,479180,25162,50685,5358
2,KCBW20161223_111406_V06,-57.327,0.069,128.102,328.005,6.949,-68.915,45.908,3474.431,87082.192,20161223_061406,479170,2962,8554,2451
1,KCBW20161224_120023_V06,-11.433,0.233,34.967,433.555,56.445,-69.500,45.426,28222.677,148390.693,20161224_070023,479170,47784,63241,8118
1,KCBW20161224_121006_V06,-1.716,0.123,38.534,434.382,62.284,-69.477,45.422,31141.866,146988.672,20161224_071006,479168,52454,65817,8145
1,KCBW20161224_121951_V06,8.034,0.141,47.578,430.621,61.652,-69.420,45.440,30825.860,142108.171,20161224_071951,479169,55903,68857,8405
7,KCBW20161224_130832_V06,56.717,0.097,22.067,300.649,33.238,-69.602,46.022,16618.996,138966.842,20161224_080832,479173,43615,58031,9124
7,KCBW20161224_131817_V06,66.467,0.297,23.312,288.161,38.701,-69.596,46.078,19350.422,138470.596,20161224_081817,479169,42659,53935,8930
7,KCBW20161224_132800_V06,76.184,0.168,42.123,315.719,56.359,-69.470,45.956,28179.700,129177.657,20161224_082800,479168,42611,51569,8743
3,KCBW20161224_121951_V06,8.034,0.265,297.480,315.106,13.506,-67.823,45.971,6753.197,7657.301,20161224_071951,479169,55903,68857,8405
6,KCBW20161224_125848_V06,46.984,0.071,28.504,369.351,54.200,-69.551,45.714,27099.850,140106.753,20161224_075848,479178,48436,61507,9360
1,KCBW20161225_111311_V06,-58.979,0.430,299.379,303.158,8.726,-67.811,46.025,4362.965,1609.376,20161225_061311,479169,5031,13720,3368
1,KCBW20161225_112256_V06,-49.229,0.078,298.437,303.714,16.118,-67.817,46.022,8058.762,2014.820,20161225_062256,479176,5075,12652,3405
2,KCBW20161225_111311_V06,-58.979,0.276,267.608,415.165,6.093,-68.014,45.521,3046.461,59816.754,20161225_061311,479169,5031,13720,3368
3,KCBW20161225_111311_V06,-58.979,0.190,335.715,342.829,2.336,-67.577,45.846,1167.843,27883.088,20161225_061311,479169,5031,13720,3368
4,KCBW20161225_111311_V06,-58.979,0.095,272.526,391.735,2.614,-67.983,45.626,1307.201,47880.395,20161225_061311,479169,5031,13720,3368
10,KCBW20161225_112256_V06,-49.229,0.085,130.435,329.729,5.187,-68.899,45.900,2593.321,86075.688,20161225_062256,479176,5075,12652,3405
12,KCBW20161225_121138_V06,-0.529,0.054,131.848,328.480,6.364,-68.891,45.906,3182.014,85273.437,20161225_071138,479171,10411,22757,4382
13,KCBW20161225_131002_V06,57.871,0.384,261.512,407.441,15.534,-68.053,45.556,7767.229,57063.485,20161225_081002,479171,30673,59401,8093
1,KCBW20161226_112032_V06,-51.931,0.163,299.085,191.743,2.649,-67.813,46.526,1324.364,54130.594,20161226_062032,479174,2780,5031,2203
1,KCBW20161226_113015_V06,-42.215,0.072,299.075,191.637,10.060,-67.813,46.527,5029.796,54183.403,20161226_063015,479168,3475,6001,2580
3,KCBW20161226_112032_V06,-51.931,0.076,130.616,329.849,3.298,-68.898,45.900,1649.114,85996.747,20161226_062032,479174,2780,5031,2203
3,KCBW20161226_113015_V06,-42.215,0.061,130.428,329.676,10.946,-68.900,45.900,5472.859,86074.696,20161226_063015,479168,3475,6001,2580
5,KCBW20161226_123825_V06,25.952,0.194,299.853,301.719,8.908,-67.808,46.031,4453.857,862.742,20161226_073825,479170,3099,4512,2732
2,KCBW20161227_111450_V06,-57.890,0.075,128.077,329.285,3.863,-68.915,45.902,1931.427,87199.516,20161227_061450,479175,88243,81857,15679
7,KCBW20161227_111946_V06,-52.956,0.114,226.270,171.313,24.728,-68.288,46.617,12364.204,74155.810,20161227_061946,479170,80565,72963,15412
8,KCBW20161227_111946_V06,-52.956,0.059,58.195,237.367,16.265,-69.377,46.310,8132.479,124892.356,20161227_061946,479170,80565,72963,15412
10,KCBW20161227_112936_V06,-43.123,0.171,75.567,86.216,15.967,-69.282,46.991,7983.652,154978.867,20161227_062936,479172,68685,60465,14201
13,KCBW20161227_115910_V06,-13.556,0.093,257.919,405.238,20.248,-68.076,45.565,10124.058,56669.471,20161227_065910,479164,49429,45420,9690
14,KCBW20161227_120404_V06,-8.656,0.070,272.685,63.826,56.329,-67.987,47.101,28164.532,118874.357,20161227_070404,479169,47028,42717,9955
16,KCBW20161227_130155_V06,49.194,0.182,34.270,203.318,38.121,-69.537,46.461,19060.677,141386.124,20161227_080155,479172,90451,96064,18001
1,KCBW20161228_112958_V06,-42.970,0.086,99.047,411.464,18.289,-69.093,45.530,9144.615,114898.328,20161228_062958,479173,34135,79426,8107
9,KCBW20161228_130716_V06,54.330,0.065,297.595,189.855,4.965,-67.823,46.535,2482.273,55085.458,20161228_080716,479168,140061,166112,13307
1,KCBW20161231_111455_V06,-58.393,0.081,130.728,329.230,3.112,-68.898,45.902,1556.183,85888.842,20161231_061455,479176,2448,3704,2218
2,KCBW20161231_111455_V06,-58.393,0.065,293.021,276.834,8.908,-67.852,46.143,4454.052,12097.393,20161231_061455,479176,2448,3704,2218
3,KCBW20161231_111455_V06,-58.393,0.059,298.851,189.908,5.302,-67.814,46.534,2650.978,55049.218,20161231_061455,479176,2448,3704,2218
5,KCBW20161231_111455_V06,-58.393,0.052,261.313,405.726,16.650,-68.055,45.563,8324.999,56291.059,20161231_061455,479176,2448,3704,2218
7,KCBW20161231_120336_V06,-9.710,0.075,213.038,446.059,10.339,-68.362,45.381,5169.575,84993.459,20161231_070336,479170,2993,7963,2716
