track_id,filename,from_sunrise,det_score,x,y,r,lon,lat,radius,geo_dist,local_time,n_radar_pixels,n_refAbove40_pixels,n_xcorrAbove0.95_pixels,n_xcorrBelow0.95_refAbove40_pixels
8,KCCX20220602_100250_V06,20.799,0.064,38.568,127.995,29.336,-79.574,41.687,14668.097,156470.694,20220602_060250,479201,111112,161212,9871
8,KCCX20220602_100801_V06,25.982,-1.000,38.568,127.995,37.578,-79.574,41.687,18788.847,156470.694,20220602_060801,479192,107783,160015,9757
8,KCCX20220602_101259_V06,30.949,0.130,43.668,120.461,44.087,-79.544,41.721,22043.395,156477.212,20220602_061259,479191,103329,154856,9478
8,KCCX20220602_101745_V06,35.715,-1.000,47.250,115.168,50.691,-79.523,41.745,25345.371,156560.856,20220602_061745,479185,98339,152356,9101
8,KCCX20220602_102230_V06,40.465,-1.000,50.821,109.893,57.272,-79.502,41.769,28635.803,156709.008,20220602_062230,479192,91706,147013,8335
8,KCCX20220602_102732_V06,45.499,0.082,71.192,104.930,54.789,-79.380,41.793,27394.575,150337.216,20220602_062732,479186,89002,142353,8439
13,KCCX20220602_103703_V06,55.015,0.129,36.322,167.651,58.045,-79.583,41.508,29022.509,147514.532,20220602_063703,479197,86573,135446,7655
13,KCCX20220602_104156_V06,59.899,0.078,37.112,166.653,64.390,-79.579,41.513,32194.752,147386.798,20220602_064156,479181,85757,134872,7308
13,KCCX20220602_104710_V06,65.132,0.052,40.430,160.427,64.053,-79.559,41.541,32026.272,147357.791,20220602_064710,479181,83937,132977,7574
2,KCCX20220602_092133_V06,-20.485,0.061,26.204,179.401,44.219,-79.642,41.454,22109.341,149589.764,20220602_052133,479194,132048,172209,8009
2,KCCX20220602_092847_V06,-13.251,0.068,26.323,173.331,55.046,-79.642,41.482,27522.961,150784.704,20220602_052847,479189,126708,167886,8420
1,KCCX20220602_090313_V06,-38.818,0.092,23.799,210.263,26.380,-79.653,41.315,13190.006,145206.747,20220602_050313,479187,139625,172030,7931
5,KCCX20220602_094623_V06,4.349,0.068,463.852,303.191,17.975,-77.032,40.905,8987.392,81941.531,20220602_054623,479195,112605,160201,8928
1,KCCX20220603_084711_V06,-54.465,0.165,350.287,87.681,6.277,-77.701,41.879,3138.676,109096.486,20220603_044711,479173,7528,57803,4479
1,KCCX20220603_090105_V06,-40.565,0.058,348.060,88.851,13.859,-77.714,41.873,6929.746,108274.796,20220603_050105,479172,5859,55518,3167
3,KCCX20220603_084711_V06,-54.465,0.068,213.582,388.455,7.274,-78.514,40.524,3637.003,61831.107,20220603_044711,479173,7528,57803,4479
1,KCCX20220604_084213_V06,-59.079,0.053,217.718,390.256,2.395,-78.489,40.516,1197.681,61066.351,20220604_044213,479172,7071,30379,4421
2,KCCX20220604_084213_V06,-59.079,0.052,458.387,166.129,4.865,-77.055,41.522,2432.407,103691.716,20220604_044213,479172,7071,30379,4421
3,KCCX20220604_084914_V06,-52.062,0.116,351.786,87.139,5.161,-77.692,41.881,2580.624,109535.039,20220604_044914,479173,7399,31566,4775
4,KCCX20220604_093807_V06,-3.179,0.427,288.037,374.503,8.435,-78.075,40.588,4217.556,37728.808,20220604_053807,479172,2292,32706,1454
6,KCCX20220604_100714_V06,25.938,0.377,353.596,85.235,4.639,-77.681,41.889,2319.389,110675.837,20220604_060714,479172,2528,37669,1669
6,KCCX20220604_101415_V06,32.954,-1.000,353.596,85.235,15.795,-77.681,41.889,7897.639,110675.837,20220604_061415,479172,2507,37693,1624
6,KCCX20220604_102116_V06,39.971,0.101,354.079,85.392,4.790,-77.678,41.889,2394.989,110658.482,20220604_062116,479174,2161,36996,1424
9,KCCX20220604_104212_V06,60.904,0.117,350.608,86.715,7.001,-77.699,41.883,3500.317,109603.455,20220604_064212,479171,1958,34571,1309
2,KCCX20220605_094246_V06,1.791,0.239,36.724,134.960,48.705,-79.584,41.655,24352.299,155364.421,20220605_054246,479172,4508,39983,2517
2,KCCX20220605_094941_V06,8.708,0.740,40.227,138.322,54.076,-79.563,41.640,27037.951,152988.394,20220605_054941,479172,5142,40587,3271
2,KCCX20220605_100447_V06,23.808,0.102,47.987,153.508,56.669,-79.515,41.573,28334.717,145748.315,20220605_060447,479171,7135,41691,4569
5,KCCX20220605_104621_V06,65.374,0.150,24.932,157.458,40.684,-79.652,41.553,20342.159,154903.659,20220605_064621,479172,6632,39678,3607
5,KCCX20220605_110024_V06,79.424,0.078,30.985,161.031,51.004,-79.616,41.538,25501.870,151394.868,20220605_070024,479173,6149,38144,3558
3,KCCX20220605_101141_V06,30.708,0.426,353.581,83.450,3.530,-77.681,41.898,1765.175,111540.246,20220605_061141,479174,7492,41960,4605
1,KCCX20220606_084654_V06,-53.789,0.065,197.325,417.006,7.995,-78.609,40.395,3997.471,77834.346,20220606_044654,479167,3969,24063,2834
3,KCCX20220606_100118_V06,20.611,0.092,118.179,440.881,30.284,-79.073,40.284,15142.131,115007.156,20220606_060118,479172,23327,27423,21104
1,KCCX20220607_084433_V06,-55.886,0.125,197.911,419.548,7.744,-78.605,40.383,3872.025,78603.393,20220607_044433,479176,19731,52159,6025
1,KCCX20220607_084902_V06,-51.402,0.153,198.676,418.719,6.434,-78.601,40.387,3217.022,78039.732,20220607_044902,479173,20994,53540,6640
1,KCCX20220608_091114_V06,-28.982,0.132,22.789,428.708,32.957,-79.635,40.332,16478.352,152816.467,20220608_051114,479170,5051,53671,2513
8,KCCX20220609_084401_V06,-56.011,0.051,405.954,149.284,17.074,-77.368,41.600,8536.762,92116.094,20220609_044401,479188,28261,76201,6832
14,KCCX20220609_100351_V06,23.822,0.105,119.147,59.209,19.005,-79.095,42.002,9502.409,150572.308,20220609_060351,479186,15087,70300,2302
15,KCCX20220609_100351_V06,23.822,0.061,171.501,362.976,26.078,-78.763,40.637,13039.244,71550.677,20220609_060351,479186,15087,70300,2302
1,KCCX20220610_084051_V06,-59.024,0.079,195.802,418.137,10.531,-78.617,40.389,5265.490,78761.724,20220610_044051,479172,1767,32730,1133
1,KCCX20220610_084746_V06,-52.107,0.056,198.361,419.408,8.139,-78.602,40.384,4069.448,78403.941,20220610_044746,479172,1873,33245,1170
1,KCCX20220611_084551_V06,-53.903,0.068,199.062,417.878,6.534,-78.598,40.391,3266.798,77594.726,20220611_044551,479172,40293,76555,4534
2,KCCX20220612_084109_V06,-58.515,0.075,198.537,419.193,6.683,-78.601,40.385,3341.284,78265.140,20220612_044109,479173,35267,76737,6637
9,KCCX20220614_095309_V06,13.562,0.088,329.850,87.644,24.173,-77.824,41.879,12086.391,107221.824,20220614_055309,479175,199999,193832,43896
9,KCCX20220614_100616_V06,26.678,0.255,338.314,90.745,29.796,-77.773,41.865,14898.050,106366.688,20220614_060616,479169,213042,217028,32114
8,KCCX20220614_094609_V06,6.562,0.058,310.675,84.419,28.603,-77.940,41.894,14301.365,107922.324,20220614_054609,479173,196257,187250,46977
20,KCCX20220614_103256_V06,53.345,0.056,367.999,70.849,26.311,-77.594,41.954,13155.636,119513.689,20220614_063256,479175,239994,253975,20805
24,KCCX20220614_104656_V06,67.345,0.099,389.250,90.429,20.613,-77.466,41.865,10306.396,113892.006,20220614_064656,479173,258253,268660,21028
25,KCCX20220614_110030_V06,80.912,0.440,441.745,140.093,19.272,-77.153,41.640,9635.971,106843.052,20220614_070030,479171,278192,285569,20162
1,KCCX20220615_103217_V06,52.684,0.166,353.322,85.697,5.635,-77.683,41.887,2817.539,110418.483,20220615_063217,479170,18703,37490,16035
10,KCCX20220616_091304_V06,-26.575,0.385,265.848,339.591,16.772,-78.206,40.745,8386.015,26143.156,20220616_051304,479175,31098,78243,4046
10,KCCX20220616_091944_V06,-19.909,0.240,266.931,339.714,23.972,-78.200,40.744,11985.961,25839.803,20220616_051944,479175,33960,77751,5586
9,KCCX20220616_085241_V06,-46.959,0.083,464.757,322.151,17.571,-77.027,40.819,8785.694,83119.587,20220616_045241,479176,33362,76243,6829
39,KCCX20220616_100656_V06,27.291,0.061,265.941,463.069,16.734,-78.204,40.189,8367.231,83293.978,20220616_060656,479170,50010,74259,22220
1,KCCX20220620_084208_V06,-58.003,0.104,352.165,86.650,5.757,-77.690,41.883,2878.517,109817.457,20220620_044208,479171,46804,83873,18419
1,KCCX20220620_084910_V06,-50.970,0.179,352.690,86.076,12.548,-77.686,41.886,6273.870,110158.620,20220620_044910,479171,48410,83579,16710
4,KCCX20220620_091021_V06,-29.786,0.075,353.092,85.317,5.872,-77.684,41.889,2935.822,110575.311,20220620_051021,479183,52849,85656,16385
9,KCCX20220620_103140_V06,51.530,0.207,195.505,157.350,61.498,-78.630,41.564,30748.905,88414.014,20220620_063140,479180,59425,105889,11180
10,KCCX20220620_103140_V06,51.530,0.139,233.195,108.581,18.219,-78.406,41.784,9109.539,101370.591,20220620_063140,479180,59425,105889,11180
12,KCCX20220620_103620_V06,56.197,0.134,330.412,526.443,28.923,-77.826,39.903,14461.366,114237.886,20220620_063620,479167,58114,104946,11391
6,KCCX20220621_110123_V06,81.044,0.116,521.987,76.647,70.545,-76.666,41.921,35272.259,157452.173,20220621_070123,479170,20050,48223,1871
6,KCCX20220621_110608_V06,85.794,0.091,522.513,76.906,76.309,-76.663,41.920,38154.288,157546.014,20220621_070608,479180,22845,51471,1981
1,KCCX20220622_084835_V06,-51.990,0.432,199.551,418.822,5.865,-78.595,40.387,2932.320,77795.791,20220622_044835,479176,2595,37665,1774
8,KCCX20220622_100235_V06,22.010,0.061,209.296,419.002,11.741,-78.538,40.386,5870.312,74814.231,20220622_060235,479173,4918,55829,3242
6,KCCX20220623_093934_V06,-1.271,0.053,322.535,120.929,8.678,-77.868,41.729,4338.959,90241.692,20220623_053934,479190,18118,68091,3012
1,KCCX20220624_094223_V06,1.252,0.071,275.875,226.852,15.364,-78.148,41.252,7682.034,38511.893,20220624_054223,479176,8933,36663,7094
1,KCCX20220625_101410_V06,32.711,0.211,351.584,87.263,4.730,-77.693,41.880,2364.773,109450.616,20220625_061410,479173,36962,53962,29489
1,KCCX20220625_102112_V06,39.744,0.206,352.330,86.640,11.318,-77.689,41.883,5659.028,109841.792,20220625_062112,479173,31859,54635,25094
1,KCCX20220625_102813_V06,46.761,0.062,353.166,86.134,13.347,-77.684,41.885,6673.273,110187.483,20220625_062813,479168,27131,55195,20964
1,KCCX20220625_103516_V06,53.811,-1.000,353.975,85.617,16.293,-77.679,41.888,8146.471,110536.383,20220625_063516,479172,24151,56333,18264
1,KCCX20220625_104218_V06,60.844,0.363,352.395,86.971,6.067,-77.688,41.882,3033.672,109688.897,20220625_064218,479171,19930,57185,14978
1,KCCX20220625_104921_V06,67.894,0.085,351.762,87.200,13.517,-77.692,41.881,6758.282,109502.312,20220625_064921,479171,17731,57486,13178
4,KCCX20220626_084938_V06,-52.175,0.091,201.445,421.248,5.870,-78.584,40.376,2935.089,78125.296,20220626_044938,479169,4437,39581,3092
4,KCCX20220626_090059_V06,-40.825,-1.000,201.445,421.248,23.917,-78.584,40.376,11958.339,78125.296,20220626_050059,479177,2714,43457,1311
4,KCCX20220626_090525_V06,-36.392,0.078,202.986,421.125,5.050,-78.575,40.376,2524.937,77593.463,20220626_050525,479180,2580,42721,1245
5,KCCX20220626_084938_V06,-52.175,0.068,274.461,427.930,4.110,-78.154,40.347,2055.065,65226.969,20220626_044938,479169,4437,39581,3092
11,KCCX20220626_103143_V06,49.908,0.063,26.540,290.086,36.448,-79.628,40.956,18224.237,136819.836,20220626_063143,479174,6081,55448,3112
19,KCCX20220627_094049_V06,-1.374,0.051,218.725,390.457,2.297,-78.483,40.515,1148.314,60803.004,20220627_054049,479190,60436,106223,6463
23,KCCX20220627_100453_V06,22.693,0.059,218.611,390.084,2.600,-78.484,40.516,1300.188,60702.587,20220627_060453,479174,60581,108239,6829
29,KCCX20220627_102313_V06,41.026,0.076,219.162,389.673,2.305,-78.481,40.518,1152.590,60365.764,20220627_062313,479190,60680,104472,6825
1,KCCX20220628_090022_V06,-42.233,0.242,197.264,418.296,7.975,-78.609,40.389,3987.467,78340.107,20220628_050022,479169,1108,33816,716
1,KCCX20220629_084642_V06,-56.336,0.100,197.980,421.434,7.625,-78.605,40.375,3812.641,79300.355,20220629_044642,479176,1994,32486,1279
1,KCCX20220629_090045_V06,-42.286,0.052,198.411,423.027,6.408,-78.602,40.368,3204.201,79774.307,20220629_050045,479168,1586,28393,1000
2,KCCX20220629_090045_V06,-42.286,0.087,351.732,87.479,4.531,-77.692,41.879,2265.636,109363.205,20220629_050045,479168,1586,28393,1000
1,KCCX20220630_100551_V06,22.351,0.067,368.740,424.781,29.322,-77.599,40.361,14660.826,71231.265,20220630_060551,479173,2338,44236,1411
2,KCCX20220701_084430_V06,-59.489,0.386,352.623,85.385,5.069,-77.687,41.889,2534.664,110486.172,20220701_044430,479175,3578,41571,2450
2,KCCX20220701_085121_V06,-52.639,0.197,352.467,85.265,11.541,-77.688,41.889,5770.467,110526.128,20220701_045121,479176,3177,41289,2116
9,KCCX20220701_094012_V06,-3.789,0.270,352.343,86.854,6.603,-77.689,41.882,3301.437,109739.658,20220701_054012,479176,2282,46206,1455
9,KCCX20220701_094714_V06,3.245,0.066,352.372,87.033,13.447,-77.688,41.881,6723.696,109655.771,20220701_054714,479174,2541,47827,1658
8,KCCX20220701_091906_V06,-24.889,0.343,25.209,435.852,32.242,-79.620,40.300,16120.975,153269.130,20220701_051906,479172,2674,37766,1733
11,KCCX20220701_102204_V06,38.078,0.124,484.752,118.870,8.797,-76.894,41.733,4398.300,129365.014,20220701_062204,479177,3089,48028,1614
14,KCCX20220702_102331_V06,39.014,0.072,28.884,447.921,29.400,-79.597,40.246,14700.165,154421.945,20220702_062331,479199,117645,166011,8122
14,KCCX20220702_102829_V06,43.980,0.082,30.668,446.645,35.613,-79.587,40.252,17806.720,153333.103,20220702_062829,479182,112198,160966,8071
14,KCCX20220702_103313_V06,48.714,-1.000,32.036,445.666,41.849,-79.579,40.256,20924.313,152498.513,20220702_063313,479192,106073,156937,8065
14,KCCX20220702_103758_V06,53.464,0.070,42.107,442.812,44.544,-79.520,40.270,22271.918,147397.392,20220702_063758,479192,99577,151400,7291
14,KCCX20220702_104230_V06,57.997,0.098,51.375,444.201,47.623,-79.465,40.264,23811.502,143708.146,20220702_064230,479176,95020,145620,6687
7,KCCX20220702_091955_V06,-24.586,0.237,22.991,235.158,31.340,-79.655,41.203,15669.777,142248.557,20220702_051955,479198,195721,219009,15469
7,KCCX20220702_092520_V06,-19.170,0.387,25.461,236.791,38.288,-79.640,41.196,19143.922,140860.946,20220702_052520,479191,189921,216909,13903
7,KCCX20220702_093043_V06,-13.786,0.267,33.819,239.954,40.779,-79.590,41.183,20389.365,136435.060,20220702_053043,479189,185852,214337,13078
1,KCCX20220702_085251_V06,-51.653,0.219,332.878,190.760,56.070,-77.807,41.415,28035.217,57040.431,20220702_045251,479192,206632,223092,16121
3,KCCX20220704_093521_V06,-10.255,0.073,440.724,339.112,20.678,-77.171,40.744,10338.945,73029.176,20220704_053521,479175,12473,34667,9739
3,KCCX20220704_094223_V06,-3.221,0.106,440.017,341.242,27.445,-77.175,40.734,13722.689,72982.313,20220704_054223,479170,19027,37414,15177
1,KCCX20220704_084717_V06,-58.321,0.097,199.974,425.209,6.393,-78.593,40.358,3196.674,80129.081,20220704_044717,479173,3823,61854,2586
2,KCCX20220705_084937_V06,-56.574,0.110,197.817,417.271,7.178,-78.606,40.393,3588.814,77771.933,20220705_044937,479177,4175,37868,1383
5,KCCX20220705_095438_V06,8.443,0.059,44.597,103.596,52.435,-79.540,41.797,26217.674,161094.061,20220705_055438,479175,12994,56736,2859
3,KCCX20220706_085441_V06,-52.116,0.053,194.360,185.591,4.704,-78.636,41.436,2352.057,77860.759,20220706_045441,479181,13239,52633,2483
8,KCCX20220706_103506_V06,48.301,0.079,40.080,554.706,42.674,-79.521,39.766,21337.040,181957.161,20220706_063506,479181,14435,52961,2405
1,KCCX20220708_092123_V06,-26.697,0.090,196.892,422.805,6.951,-78.611,40.369,3475.683,80175.238,20220708_052123,479182,4165,45413,2087
1,KCCX20220709_084845_V06,-60.001,0.085,25.399,444.312,35.558,-79.618,40.262,17778.889,155106.063,20220709_044845,479178,103622,109582,42129
1,KCCX20220709_085322_V06,-55.385,0.083,25.429,444.247,41.127,-79.618,40.262,20563.588,155077.744,20220709_045322,479174,96817,109180,36562
3,KCCX20220710_102127_V06,32.008,0.071,299.369,300.863,5.715,-78.008,40.919,2857.521,534.744,20220710_062127,479170,28501,58022,22528
1,KCCX20220711_094937_V06,-0.535,0.066,430.260,508.824,28.525,-77.241,39.980,14262.453,123060.150,20220711_054937,479171,4087,39339,2845
2,KCCX20220711_102437_V06,34.465,0.093,193.057,416.095,13.887,-78.634,40.399,6943.460,78922.401,20220711_062437,479171,3690,42981,2508
1,KCCX20220715_091409_V06,-39.017,0.110,200.055,423.215,2.588,-78.592,40.367,1294.083,79326.907,20220715_051409,479176,19871,45130,14974
3,KCCX20220715_091409_V06,-39.017,0.054,273.279,254.945,5.039,-78.163,41.126,2519.306,26191.532,20220715_051409,479176,19871,45130,14974
4,KCCX20220715_094217_V06,-10.883,0.240,252.099,292.735,8.876,-78.288,40.955,4437.897,24224.139,20220715_054217,479170,32140,41032,28244
5,KCCX20220715_094918_V06,-3.867,0.101,243.700,448.620,6.588,-78.335,40.253,3294.184,79463.317,20220715_054918,479174,49177,39640,44882
6,KCCX20220715_100322_V06,10.200,0.060,347.032,298.223,14.841,-77.725,40.931,7420.723,23532.810,20220715_060322,479178,57970,39207,52833
4,KCCX20220716_101233_V06,18.589,0.139,39.403,432.547,65.277,-79.537,40.316,32638.344,146184.215,20220716_061233,479179,15754,51360,3465
4,KCCX20220716_101915_V06,25.289,0.106,40.120,426.046,78.134,-79.533,40.345,39066.813,144417.286,20220716_061915,479177,14189,51576,3164
1,KCCX20220716_091157_V06,-42.011,0.068,196.832,420.899,8.101,-78.611,40.377,4050.646,79467.300,20220716_051157,479172,7279,37193,2364
2,KCCX20220716_093850_V06,-15.128,0.054,18.561,343.388,21.915,-79.669,40.716,10957.522,142381.807,20220716_053850,479179,11315,39776,2357
3,KCCX20220716_100551_V06,11.889,0.228,29.921,461.253,30.983,-79.590,40.186,15491.701,157278.063,20220716_060551,479174,16001,49751,4093
5,KCCX20220716_101915_V06,25.289,0.053,17.213,307.593,20.958,-79.681,40.877,10479.233,141444.282,20220716_061915,479177,14189,51576,3164
12,KCCX20220718_104246_V06,47.172,0.060,424.312,518.700,27.443,-77.277,39.936,13721.604,125780.639,20220718_064246,479190,150424,197826,9995
3,KCCX20220719_094733_V06,-8.883,0.052,370.329,349.268,4.557,-77.588,40.700,2278.296,42934.553,20220719_054733,479179,2403,48262,1605
1,KCCX20220720_110620_V06,69.049,0.116,299.476,301.314,6.752,-78.007,40.917,3376.076,707.324,20220720_070620,479174,11900,50663,8258
2,KCCX20220722_090140_V06,-57.357,0.074,475.646,117.097,2.980,-76.948,41.742,1490.215,126792.134,20220722_050140,479177,5823,57348,3325
1,KCCX20220723_090430_V06,-55.411,0.062,456.079,166.549,2.260,-77.069,41.520,1129.917,102676.653,20220723_050430,479174,11275,55067,7918
2,KCCX20220723_091302_V06,-46.878,0.060,196.983,420.742,6.823,-78.610,40.378,3411.707,79358.594,20220723_051302,479176,8020,55420,5506
3,KCCX20220723_091302_V06,-46.878,0.051,475.388,115.507,2.520,-76.950,41.749,1260.239,127278.049,20220723_051302,479176,8020,55420,5506
9,KCCX20220725_102440_V06,22.951,0.083,29.185,209.337,35.244,-79.621,41.320,17621.998,142793.899,20220725_062440,479178,204196,225400,13076
9,KCCX20220725_103011_V06,28.467,0.073,31.508,209.656,40.749,-79.607,41.319,20374.437,141642.186,20220725_063011,479177,204224,228235,11845
9,KCCX20220725_103542_V06,33.984,0.109,39.885,209.349,44.782,-79.557,41.321,22391.202,137729.492,20220725_063542,479186,198708,219422,12170
1,KCCX20220726_095434_V06,-8.066,0.716,334.841,320.692,10.397,-77.797,40.830,5198.433,20260.915,20220726_055434,479175,55134,52731,43514
1,KCCX20220726_100335_V06,0.951,0.614,335.965,321.705,18.291,-77.791,40.825,9145.438,21003.406,20220726_060335,479180,62413,52941,50756
1,KCCX20220726_100812_V06,5.567,0.177,336.777,322.018,20.248,-77.786,40.824,10123.989,21432.166,20220726_060812,479175,63176,53619,51142
2,KCCX20220726_095434_V06,-8.066,0.070,240.174,451.582,7.701,-78.355,40.240,3850.330,81480.653,20220726_055434,479175,55134,52731,43514
3,KCCX20220726_101718_V06,14.667,0.186,285.534,354.962,11.940,-78.089,40.676,5969.877,28416.898,20220726_061718,479179,61749,54870,48447
2,KCCX20220727_090640_V06,-56.891,0.079,351.737,87.607,4.988,-77.692,41.879,2493.893,109302.005,20220727_050640,479177,16197,48369,10775
2,KCCX20220727_091342_V06,-49.858,0.281,351.667,87.630,11.344,-77.693,41.879,5671.937,109282.216,20220727_051342,479177,15651,47721,9893
3,KCCX20220727_090640_V06,-56.891,0.060,34.613,322.232,10.445,-79.577,40.812,5222.577,133158.530,20220727_050640,479177,16197,48369,10775
3,KCCX20220727_091342_V06,-49.858,0.055,32.071,323.347,22.389,-79.592,40.807,11194.297,134471.972,20220727_051342,479177,15651,47721,9893
14,KCCX20220727_111420_V06,70.776,0.266,352.319,86.043,5.623,-77.689,41.886,2811.264,110130.515,20220727_071420,479178,7264,50041,3012
14,KCCX20220727_112122_V06,77.809,0.507,352.476,86.482,11.399,-77.688,41.884,5699.623,109935.958,20220727_072122,479178,7003,51132,2672
1,KCCX20220727_090640_V06,-56.891,0.141,542.139,471.747,16.400,-76.583,40.141,8200.012,148431.912,20220727_050640,479177,16197,48369,10775
1,KCCX20220727_091342_V06,-49.858,-1.000,542.139,471.747,27.583,-76.583,40.141,13791.512,148431.912,20220727_051342,479177,15651,47721,9893
1,KCCX20220727_092043_V06,-42.841,0.058,543.466,470.326,20.489,-76.575,40.147,10244.529,148565.439,20220727_052043,479177,10410,45976,5966
5,KCCX20220727_091342_V06,-49.858,0.059,20.936,431.422,24.366,-79.646,40.320,12183.138,154230.877,20220727_051342,479177,15651,47721,9893
9,KCCX20220727_100402_V06,0.476,0.109,341.299,316.743,16.167,-77.759,40.847,8083.305,22281.829,20220727_060402,479178,25272,43849,20852
10,KCCX20220727_100402_V06,0.476,0.104,281.684,363.668,15.311,-78.112,40.636,7655.272,33125.331,20220727_060402,479178,25272,43849,20852
12,KCCX20220727_101104_V06,7.509,0.254,40.621,393.922,65.616,-79.534,40.490,32807.800,137929.771,20220727_061104,479179,25638,44967,20556
1,KCCX20220729_090958_V06,-55.464,0.326,197.140,419.315,9.578,-78.610,40.384,4788.889,78765.949,20220729_050958,479173,17199,38394,14130
3,KCCX20220729_090958_V06,-55.464,0.072,354.076,84.811,2.345,-77.678,41.891,1172.462,110939.991,20220729_050958,479173,17199,38394,14130
13,KCCX20220729_110327_V06,58.019,0.072,347.705,89.193,6.087,-77.717,41.872,3043.575,108068.645,20220729_070327,479172,20935,75172,4072
1,KCCX20220730_100338_V06,-2.745,0.099,259.909,462.413,21.443,-78.239,40.192,10721.318,83643.966,20220730_060338,479175,27662,47223,23018
1,KCCX20220730_101034_V06,4.189,0.059,259.643,463.503,29.275,-78.241,40.187,14637.426,84205.066,20220730_061034,479179,34345,49069,28728
1,KCCX20220730_101735_V06,11.205,0.245,259.387,464.749,30.266,-78.242,40.181,15133.236,84840.688,20220730_061735,479174,34718,49197,28577
1,KCCX20220730_102426_V06,18.055,0.145,264.231,469.537,31.540,-78.214,40.159,15769.808,86634.862,20220730_062426,479175,30831,50277,24553
2,KCCX20220730_105216_V06,45.889,0.055,303.057,297.468,24.287,-77.986,40.934,12143.658,1984.827,20220730_065216,479174,18929,54284,12752
1,KCCX20220731_100438_V06,-2.698,0.230,393.299,280.031,25.085,-77.449,41.012,12542.393,47706.214,20220731_060438,479176,24349,39653,21681
1,KCCX20220731_101134_V06,4.236,0.057,392.132,277.868,34.430,-77.456,41.021,17214.788,47376.374,20220731_061134,479178,27371,37265,24653
2,KCCX20220731_100438_V06,-2.698,0.124,224.804,421.176,33.772,-78.447,40.377,16886.221,71305.635,20220731_060438,479176,24349,39653,21681
2,KCCX20220801_110615_V06,57.961,0.310,350.051,87.868,5.554,-77.702,41.878,2777.096,108978.308,20220801_070615,479179,3423,58363,1487
5,KCCX20220801_112653_V06,78.594,0.060,350.738,87.097,6.924,-77.698,41.881,3461.777,109432.560,20220801_072653,479180,2781,55054,1587
1,KCCX20220802_091452_V06,-54.386,0.222,198.503,419.236,8.087,-78.602,40.385,4043.472,78292.748,20220802_051452,479172,2874,52752,1694
1,KCCX20220802_092333_V06,-45.703,0.433,198.490,419.139,14.087,-78.602,40.385,7043.485,78259.742,20220802_052333,479177,2908,50811,1503
5,KCCX20220802_100653_V06,-2.370,0.110,511.182,57.537,29.522,-76.729,42.008,14761.158,160768.537,20220802_060653,479174,4372,52624,3174
9,KCCX20220802_111523_V06,66.130,0.127,229.063,436.327,32.370,-78.421,40.308,16184.917,76839.270,20220802_071523,479174,1425,61510,778
1,KCCX20220803_100856_V06,-1.287,0.533,341.863,311.769,18.526,-77.756,40.870,9263.248,21742.905,20220803_060856,479170,26971,44602,23487
2,KCCX20220803_100856_V06,-1.287,0.172,395.702,323.070,24.913,-77.437,40.818,12456.638,49221.951,20220803_060856,479170,26971,44602,23487
4,KCCX20220804_101527_V06,4.258,0.165,299.408,300.681,6.715,-78.007,40.920,3357.498,451.136,20220804_061527,479177,3153,42985,2315
4,KCCX20220804_102210_V06,10.974,0.121,299.430,300.732,13.513,-78.007,40.920,6756.284,463.996,20220804_062210,479175,3022,45828,2149
1,KCCX20220804_091402_V06,-57.159,0.078,203.296,418.221,3.022,-78.573,40.389,1510.761,76367.626,20220804_051402,479173,8666,48731,5217
6,KCCX20220804_102852_V06,17.674,0.077,197.539,417.243,8.875,-78.607,40.394,4437.323,77852.713,20220804_062852,479171,2989,46651,2044
7,KCCX20220804_104218_V06,31.108,0.061,299.616,301.448,6.508,-78.006,40.917,3253.883,749.239,20220804_064218,479173,2664,46686,1704
24,KCCX20220805_110329_V06,51.316,0.114,350.602,115.489,21.728,-77.700,41.753,10863.930,95661.912,20220805_070329,479175,101909,160599,7595
1,KCCX20220806_091917_V06,-53.862,0.213,352.440,86.621,5.275,-77.688,41.883,2637.699,109864.052,20220806_051917,479175,56482,47752,43661
1,KCCX20220806_092619_V06,-46.829,0.122,352.385,86.550,12.589,-77.688,41.884,6294.386,109891.929,20220806_052619,479171,59511,46248,46686
5,KCCX20220806_101516_V06,2.121,0.266,37.621,427.025,43.919,-79.548,40.341,21959.318,145755.032,20220806_061516,479178,29732,46724,22402
5,KCCX20220806_102217_V06,9.138,0.091,41.608,424.710,52.959,-79.525,40.351,26479.557,143456.325,20220806_062217,479178,28259,47084,21075
6,KCCX20220806_102217_V06,9.138,0.054,352.670,86.845,5.376,-77.687,41.882,2687.866,109783.146,20220806_062217,479178,28259,47084,21075
6,KCCX20220806_102913_V06,16.071,0.097,352.603,86.917,12.313,-77.687,41.882,6156.402,109740.001,20220806_062913,479173,26034,47684,19031
2,KCCX20220806_091917_V06,-53.862,0.086,205.831,420.556,8.451,-78.558,40.379,4225.433,76487.899,20220806_051917,479175,56482,47752,43661
7,KCCX20220806_105001_V06,36.871,0.301,480.436,117.047,8.658,-76.919,41.742,4328.964,128480.412,20220806_065001,479173,19241,50036,12021
9,KCCX20220806_110352_V06,50.721,0.073,351.888,85.480,6.049,-77.691,41.888,3024.529,110353.021,20220806_070352,479175,14966,50582,8325
1,KCCX20220807_092001_V06,-54.110,0.240,198.918,415.391,8.139,-78.599,40.402,4069.738,76701.776,20220807_052001,479172,10664,45236,6082
1,KCCX20220807_092703_V06,-47.076,0.065,198.444,417.085,15.261,-78.602,40.394,7630.531,77495.871,20220807_052703,479175,10189,43425,5779
7,KCCX20220808_103616_V06,21.157,0.053,349.277,418.280,17.339,-77.714,40.390,8669.443,64067.048,20220808_063616,479174,6076,47498,3849
7,KCCX20220808_104307_V06,28.007,0.062,357.119,416.009,30.387,-77.667,40.400,15193.451,64654.239,20220808_064307,479173,5182,46745,3144
3,KCCX20220808_091923_V06,-55.726,0.109,198.930,417.192,8.363,-78.599,40.394,4181.454,77377.458,20220808_051923,479170,6860,45154,4598
6,KCCX20220808_100831_V06,-6.593,0.061,331.529,416.506,28.127,-77.818,40.398,14063.610,60348.490,20220808_060831,479171,5336,40851,3694
8,KCCX20220808_104307_V06,28.007,0.074,299.276,300.981,6.365,-78.008,40.919,3182.259,609.712,20220808_064307,479173,5182,46745,3144
9,KCCX20220808_111115_V06,56.141,0.074,197.078,417.047,10.860,-78.610,40.394,5429.869,77930.992,20220808_071115,479177,3636,47553,1996
16,KCCX20220809_101536_V06,-0.494,0.171,210.319,148.815,23.534,-78.542,41.602,11766.758,87891.160,20220809_061536,479174,36922,89862,2882
16,KCCX20220809_102237_V06,6.523,0.126,210.039,148.565,32.949,-78.543,41.604,16474.288,88070.265,20220809_062237,479177,38262,96714,2829
16,KCCX20220809_102939_V06,13.556,0.305,225.736,144.606,22.703,-78.449,41.622,11351.496,86113.870,20220809_062939,479173,36739,100456,2755
16,KCCX20220809_103640_V06,20.573,0.112,228.537,144.031,31.841,-78.433,41.624,15920.441,85780.667,20220809_063640,479177,33216,98081,2428
4,KCCX20220809_092438_V06,-51.461,0.578,142.522,166.652,16.107,-78.947,41.520,8053.714,103175.966,20220809_052438,479170,37764,94899,3608
12,KCCX20220809_093825_V06,-37.677,0.062,315.345,83.999,16.766,-77.911,41.895,8382.915,108272.584,20220809_053825,479182,34348,85228,3200
20,KCCX20220809_102939_V06,13.556,0.070,449.370,157.038,30.408,-77.109,41.563,15203.979,103379.843,20220809_062939,479173,36739,100456,2755
1,KCCX20220810_100634_V06,-10.514,0.362,306.867,75.621,8.931,-77.962,41.933,4465.431,112241.885,20220810_060634,479183,14094,43322,11713
1,KCCX20220810_101321_V06,-3.730,0.808,308.283,78.448,15.711,-77.954,41.920,7855.745,110853.181,20220810_061321,479180,16463,45836,14231
1,KCCX20220810_102008_V06,3.053,0.833,307.481,82.715,20.448,-77.959,41.901,10223.774,108706.885,20220810_062008,479175,31200,40597,29050
1,KCCX20220810_102655_V06,9.836,0.201,315.981,80.227,30.428,-77.908,41.912,15213.851,110176.693,20220810_062655,479174,29854,37929,28071
3,KCCX20220810_101321_V06,-3.730,0.067,334.054,316.572,4.989,-77.802,40.848,2494.408,18936.124,20220810_061321,479180,16463,45836,14231
5,KCCX20220810_102008_V06,3.053,0.054,67.912,360.223,7.001,-79.376,40.644,3500.685,119887.140,20220810_062008,479175,31200,40597,29050
6,KCCX20220810_104720_V06,30.253,0.260,354.106,84.864,2.410,-77.678,41.891,1204.784,110917.666,20220810_064720,479172,36685,36840,34376
9,KCCX20220810_112115_V06,64.170,0.098,369.067,267.023,13.363,-77.593,41.071,6681.339,38267.973,20220810_072115,479174,28174,41578,25577
2,KCCX20220811_100907_V06,-8.952,0.136,382.574,269.877,2.963,-77.513,41.058,1481.728,43948.209,20220811_060907,479180,58066,65775,47772
2,KCCX20220811_101344_V06,-4.335,0.532,383.742,274.166,11.746,-77.506,41.038,5872.990,43818.127,20220811_061344,479176,76827,61871,65771
6,KCCX20220811_101821_V06,0.282,0.191,234.418,469.982,13.179,-78.389,40.157,6589.664,91097.134,20220811_061821,479180,96049,60236,82235
6,KCCX20220811_102257_V06,4.882,0.100,234.715,470.594,19.556,-78.387,40.154,9777.916,91329.751,20220811_062257,479180,99852,59948,84675
1,KCCX20220811_100907_V06,-8.952,0.269,339.175,320.003,12.887,-77.772,40.833,6443.619,21993.375,20220811_060907,479180,58066,65775,47772
4,KCCX20220811_100907_V06,-8.952,0.096,449.731,243.933,13.264,-77.112,41.172,6631.920,79942.049,20220811_060907,479180,58066,65775,47772
8,KCCX20220811_101821_V06,0.282,0.054,25.365,449.715,34.245,-79.618,40.238,17122.263,156395.879,20220811_061821,479180,96049,60236,82235
1,KCCX20220812_100150_V06,-17.224,0.085,299.214,66.304,2.285,-78.009,41.975,1142.509,116848.562,20220812_060150,479178,16178,79729,11424
1,KCCX20220812_100837_V06,-10.441,0.079,299.823,67.024,9.623,-78.005,41.972,4811.457,116488.175,20220812_060837,479176,39298,75623,33471
1,KCCX20220812_101525_V06,-3.641,0.872,298.270,75.692,11.153,-78.014,41.933,5576.617,112157.272,20220812_061525,479177,69385,68148,63277
1,KCCX20220812_102211_V06,3.126,0.053,297.693,79.463,14.433,-78.018,41.916,7216.308,110274.303,20220812_062211,479177,84492,63310,77942
6,KCCX20220812_100837_V06,-10.441,0.204,440.988,242.093,9.971,-77.164,41.181,4985.725,76208.307,20220812_060837,479176,39298,75623,33471
6,KCCX20220812_101525_V06,-3.641,0.667,437.992,242.969,16.391,-77.182,41.177,8195.729,74656.447,20220812_061525,479177,69385,68148,63277
6,KCCX20220812_102211_V06,3.126,0.566,434.401,246.065,17.371,-77.203,41.163,8685.554,72409.854,20220812_062211,479177,84492,63310,77942
9,KCCX20220812_101525_V06,-3.641,0.476,463.648,309.673,12.533,-77.033,40.875,6266.582,81966.893,20220812_061525,479177,69385,68148,63277
9,KCCX20220812_102211_V06,3.126,0.670,461.482,313.908,19.947,-77.046,40.856,9973.570,81039.696,20220812_062211,479177,84492,63310,77942
9,KCCX20220812_102858_V06,9.909,0.511,459.820,317.746,21.702,-77.056,40.839,10850.925,80401.312,20220812_062858,479181,79581,61657,73467
10,KCCX20220812_101525_V06,-3.641,0.233,500.390,289.570,19.578,-76.814,40.964,9789.051,100330.834,20220812_061525,479177,69385,68148,63277
10,KCCX20220812_102211_V06,3.126,0.262,500.547,289.890,26.972,-76.813,40.962,13485.903,100400.793,20220812_062211,479177,84492,63310,77942
10,KCCX20220812_102858_V06,9.909,0.074,499.794,292.448,30.480,-76.817,40.951,15240.092,99968.383,20220812_062858,479181,79581,61657,73467
16,KCCX20220812_111036_V06,51.543,0.089,358.545,287.066,35.218,-77.656,40.981,17608.799,29978.163,20220812_071036,479173,45842,61500,40383
16,KCCX20220812_111732_V06,58.476,0.066,356.284,289.042,41.193,-77.670,40.972,20596.557,28670.228,20220812_071732,479177,38530,61813,33756
17,KCCX20220812_113123_V06,72.326,0.135,352.023,85.780,6.105,-77.691,41.887,3052.448,110223.379,20220812_073123,479173,34367,59881,29682
17,KCCX20220812_113819_V06,79.259,0.057,352.058,86.155,12.999,-77.690,41.885,6499.578,110045.349,20220812_073819,479175,28174,59545,23547
3,KCCX20220812_100837_V06,-10.441,0.811,331.517,323.337,8.928,-77.817,40.818,4464.172,19608.392,20220812_060837,479176,39298,75623,33471
4,KCCX20220812_100837_V06,-10.441,0.687,350.624,309.757,11.592,-77.704,40.879,5795.921,25777.850,20220812_060837,479176,39298,75623,33471
5,KCCX20220812_100837_V06,-10.441,0.515,376.828,278.160,9.983,-77.547,41.020,4991.615,39935.970,20220812_060837,479176,39298,75623,33471
11,KCCX20220812_101525_V06,-3.641,0.115,290.144,355.354,8.051,-78.062,40.674,4025.368,28112.243,20220812_061525,479177,69385,68148,63277
12,KCCX20220812_102211_V06,3.126,0.089,58.936,382.361,21.750,-79.427,40.543,10875.176,127372.842,20220812_062211,479177,84492,63310,77942
13,KCCX20220812_102211_V06,3.126,0.068,325.316,564.192,15.219,-77.856,39.733,7609.487,132701.044,20220812_062211,479177,84492,63310,77942
14,KCCX20220812_104246_V06,23.709,0.138,351.160,86.581,4.689,-77.696,41.883,2344.517,109732.822,20220812_064246,479173,72549,61578,65547
4,KCCX20220813_101146_V06,-8.281,0.257,380.385,305.123,6.852,-77.527,40.899,3425.915,40274.235,20220813_061146,479173,24719,52195,20392
4,KCCX20220813_101848_V06,-1.247,0.238,379.901,306.505,16.431,-77.530,40.893,8215.703,40082.823,20220813_061848,479180,29350,50396,25844
4,KCCX20220813_102550_V06,5.786,0.246,378.855,314.258,20.333,-77.536,40.858,10166.645,40066.619,20220813_062550,479174,31681,48898,28140
4,KCCX20220813_103252_V06,12.819,0.159,382.464,322.523,23.423,-77.515,40.821,11711.251,42742.363,20220813_063252,479170,28914,46858,25263
3,KCCX20220813_101146_V06,-8.281,0.314,445.780,242.960,15.778,-77.135,41.177,7889.172,78271.145,20220813_061146,479173,24719,52195,20392
3,KCCX20220813_101848_V06,-1.247,0.168,449.073,243.193,26.897,-77.116,41.175,13448.680,79765.059,20220813_061848,479180,29350,50396,25844
3,KCCX20220813_102550_V06,5.786,0.060,453.311,245.730,33.934,-77.091,41.164,16967.191,81316.393,20220813_062550,479174,31681,48898,28140
6,KCCX20220813_101146_V06,-8.281,0.079,360.745,537.766,9.816,-77.649,39.852,4908.122,122701.532,20220813_061146,479173,24719,52195,20392
6,KCCX20220813_101848_V06,-1.247,0.119,361.725,540.368,19.311,-77.643,39.840,9655.703,124083.364,20220813_061848,479180,29350,50396,25844
6,KCCX20220813_102550_V06,5.786,0.053,361.974,555.210,29.914,-77.642,39.773,14957.063,131313.232,20220813_062550,479174,31681,48898,28140
11,KCCX20220813_101848_V06,-1.247,0.095,66.239,369.151,15.655,-79.385,40.603,7827.563,121887.084,20220813_061848,479180,29350,50396,25844
11,KCCX20220813_102550_V06,5.786,0.082,64.121,369.474,26.154,-79.397,40.602,13077.053,122948.810,20220813_062550,479174,31681,48898,28140
11,KCCX20220813_103252_V06,12.819,0.052,61.458,370.788,33.391,-79.413,40.596,16695.336,124411.833,20220813_063252,479170,28914,46858,25263
12,KCCX20220813_102550_V06,5.786,0.196,29.114,246.936,18.795,-79.617,41.151,9397.390,138017.368,20220813_062550,479174,31681,48898,28140
12,KCCX20220813_103252_V06,12.819,0.113,28.674,244.206,25.190,-79.620,41.163,12595.127,138501.610,20220813_063252,479170,28914,46858,25263
12,KCCX20220813_103955_V06,19.869,0.116,27.722,241.032,20.031,-79.626,41.177,10015.491,139294.956,20220813_063955,479176,23346,45533,19689
1,KCCX20220813_092233_V06,-57.497,0.098,352.008,87.695,4.891,-77.691,41.878,2445.557,109291.091,20220813_052233,479179,46220,52796,37602
5,KCCX20220813_101146_V06,-8.281,0.093,196.016,423.318,7.905,-78.616,40.366,3952.526,80653.365,20220813_061146,479173,24719,52195,20392
7,KCCX20220813_101146_V06,-8.281,0.054,308.088,71.646,12.826,-77.955,41.951,6413.116,114248.682,20220813_061146,479173,24719,52195,20392
9,KCCX20220813_101848_V06,-1.247,0.302,327.738,560.250,15.676,-77.842,39.751,7837.960,130862.130,20220813_061848,479180,29350,50396,25844
10,KCCX20220813_101848_V06,-1.247,0.252,235.435,444.554,17.387,-78.383,40.272,8693.415,79158.658,20220813_061848,479180,29350,50396,25844
15,KCCX20220813_103252_V06,12.819,0.083,468.745,307.552,28.939,-77.003,40.885,14469.658,84456.870,20220813_063252,479170,28914,46858,25263
17,KCCX20220813_113610_V06,76.119,0.050,351.790,87.182,5.278,-77.692,41.881,2639.194,109514.444,20220813_073610,479172,4595,40457,3059
6,KCCX20220814_113201_V06,70.978,0.051,294.997,348.952,10.588,-78.033,40.703,5293.766,24603.436,20220814_073201,479178,4266,38806,3040
6,KCCX20220814_113902_V06,77.995,0.071,295.207,348.711,17.643,-78.032,40.704,8821.270,24472.881,20220814_073902,479172,4547,40233,3201
2,KCCX20220814_101554_V06,-5.138,0.393,434.042,294.421,17.178,-77.208,40.945,8589.081,67079.234,20220814_061554,479173,10759,43944,7726
3,KCCX20220814_102931_V06,8.478,0.209,107.561,310.552,30.241,-79.145,40.870,15120.684,96364.219,20220814_062931,479177,13654,40249,10913
4,KCCX20220814_102931_V06,8.478,0.142,445.681,228.997,31.264,-77.135,41.239,15631.855,81031.364,20220814_062931,479177,13654,40249,10913
5,KCCX20220814_102931_V06,8.478,0.136,304.842,396.929,34.694,-77.975,40.487,17346.954,48525.070,20220814_062931,479177,13654,40249,10913
7,KCCX20220814_113902_V06,77.995,0.207,352.152,87.283,5.785,-77.690,41.880,2892.342,109508.403,20220814_073902,479172,4547,40233,3201
12,KCCX20220816_110831_V06,45.494,0.080,304.859,157.126,30.561,-77.975,41.566,15280.701,71478.306,20220816_070831,479171,64753,107110,17859
12,KCCX20220816_111256_V06,49.911,-1.000,304.859,157.126,37.584,-77.975,41.566,18791.951,71478.306,20220816_071256,479177,62595,106171,16964
12,KCCX20220816_111717_V06,54.261,0.062,300.398,155.152,32.673,-78.002,41.575,16336.559,72424.071,20220816_071717,479182,60065,104043,15804
14,KCCX20220816_111256_V06,49.911,0.077,259.941,503.638,13.367,-78.238,40.006,6683.375,103770.561,20220816_071256,479177,62595,106171,16964
2,KCCX20220817_101910_V06,-4.849,0.435,382.525,277.594,9.286,-77.513,41.023,4642.914,42756.320,20220817_061910,479185,68411,108119,17999
2,KCCX20220817_102335_V06,-0.432,0.106,382.612,278.060,15.728,-77.513,41.021,7864.143,42737.664,20220817_062335,479174,71911,107653,22316
2,KCCX20220817_102800_V06,3.984,0.180,383.919,283.018,19.907,-77.505,40.998,9953.405,42809.877,20220817_062800,479182,74218,106150,25949
6,KCCX20220817_114405_V06,80.068,0.070,380.862,310.470,13.418,-77.524,40.875,6709.175,40768.685,20220817_074405,479189,42301,85723,11987
2,KCCX20220818_111840_V06,53.657,0.205,351.578,84.845,5.043,-77.693,41.891,2521.606,110625.319,20220818_071840,479176,11840,53923,4858
2,KCCX20220818_112543_V06,60.707,0.196,351.824,85.208,12.135,-77.692,41.890,6067.459,110477.908,20220818_072543,479175,9203,50250,3810
1,KCCX20220818_102932_V06,4.524,0.052,348.650,568.717,27.929,-77.720,39.713,13964.613,136542.663,20220818_062932,479172,27383,69291,16625
1,KCCX20220819_102007_V06,-5.886,0.089,326.384,421.779,32.275,-77.849,40.375,16137.331,62302.286,20220819_062007,479176,6517,41144,4570
1,KCCX20220820_101834_V06,-8.430,0.056,307.781,79.273,7.929,-77.957,41.917,3964.497,110431.947,20220820_061834,479174,8706,39083,6345
2,KCCX20220820_103219_V06,5.320,0.329,299.197,90.000,5.400,-78.009,41.868,2700.119,105000.539,20220820_063219,479165,19335,46407,15809
3,KCCX20220820_112602_V06,59.036,0.058,198.707,422.651,6.574,-78.600,40.369,3286.764,79535.598,20220820_072602,479174,8137,49179,5524
12,KCCX20220821_104918_V06,21.309,0.063,370.792,363.306,18.049,-77.585,40.637,9024.410,47484.725,20220821_064918,479178,56204,119187,4481
12,KCCX20220821_105349_V06,25.826,0.431,371.931,363.658,24.794,-77.579,40.636,12396.950,48027.105,20220821_065349,479171,54265,117583,4141
1,KCCX20220824_102346_V06,-7.204,0.057,244.156,441.876,12.227,-78.332,40.284,6113.459,76235.392,20220824_062346,479172,78480,56796,69530
2,KCCX20220824_104451_V06,13.879,0.091,300.863,300.494,12.392,-77.999,40.921,6195.984,497.278,20220824_064451,479175,105406,54211,92967
3,KCCX20220824_105153_V06,20.913,0.297,359.850,309.754,11.281,-77.649,40.879,5640.648,30319.933,20220824_065153,479172,98216,56296,83781
1,KCCX20220825_112332_V06,51.571,0.063,351.463,87.929,4.935,-77.694,41.877,2467.728,109113.238,20220825_072332,479175,31771,65675,22846
6,KCCX20220826_101549_V06,-17.138,0.188,137.250,414.310,23.782,-78.963,40.404,11890.932,99441.462,20220826_061549,479174,26206,68191,5027
6,KCCX20220826_102025_V06,-12.538,0.402,139.324,414.010,29.012,-78.950,40.406,14505.882,98507.594,20220826_062025,479175,25347,66791,4564
6,KCCX20220826_102501_V06,-7.938,0.270,151.239,412.252,24.370,-78.880,40.414,12185.191,93180.379,20220826_062501,479172,26809,67223,5877
6,KCCX20220826_102937_V06,-3.338,0.129,152.575,413.242,29.859,-78.872,40.410,14929.315,92948.902,20220826_062937,479186,29470,70250,8708
19,KCCX20220826_111454_V06,41.946,0.087,351.910,85.229,5.589,-77.691,41.890,2794.308,110477.757,20220826_071454,479173,14732,64501,5185
21,KCCX20220826_113649_V06,63.862,0.092,352.008,86.834,4.912,-77.691,41.882,2455.967,109709.419,20220826_073649,479172,13392,60177,4765
1,KCCX20220827_101903_V06,-14.895,0.428,299.330,297.263,13.923,-78.008,40.935,6961.685,1408.638,20220827_061903,479169,9639,67656,6401
12,KCCX20220830_101237_V06,-24.296,0.372,28.390,318.484,50.934,-79.614,40.829,25467.037,136119.003,20220830_061237,479178,37636,88981,5467
12,KCCX20220830_101722_V06,-19.546,-1.000,28.390,318.484,58.487,-79.614,40.829,29243.287,136119.003,20220830_061722,479184,37111,88725,5163
12,KCCX20220830_102206_V06,-14.813,0.141,32.616,304.535,57.047,-79.590,40.892,28523.534,133711.121,20220830_062206,479185,34771,87612,4635
14,KCCX20220830_101237_V06,-24.296,0.057,370.553,420.981,27.451,-77.588,40.378,13725.657,70025.346,20220830_061237,479178,37636,88981,5467
22,KCCX20220830_104539_V06,8.737,0.053,242.514,194.854,31.971,-78.348,41.396,15985.428,59917.322,20220830_064539,479175,26946,78998,2525
23,KCCX20220830_105515_V06,18.337,0.162,25.164,393.257,42.064,-79.625,40.492,21032.001,145113.272,20220830_065515,479175,23474,73933,2308
23,KCCX20220830_110444_V06,27.820,-1.000,25.164,393.257,57.143,-79.625,40.492,28571.251,145113.272,20220830_070444,479172,20872,70555,2437
23,KCCX20220830_110914_V06,32.320,0.057,29.565,380.084,49.584,-79.600,40.551,24792.143,141021.960,20220830_070914,479176,18835,69239,2099
2,KCCX20220831_103954_V06,2.000,0.077,225.971,475.753,13.616,-78.438,40.131,6807.800,95353.760,20220831_063954,479172,30075,55022,25459
3,KCCX20220831_111137_V06,33.717,0.075,218.831,390.531,2.462,-78.483,40.514,1230.989,60794.964,20220831_071137,479171,41023,63723,33245
4,KCCX20220901_113013_V06,51.330,0.218,52.249,85.608,58.276,-79.496,41.879,29138.245,163817.057,20220901_073013,479179,38814,65385,27033
4,KCCX20220901_113714_V06,58.347,0.066,50.292,88.466,67.483,-79.508,41.866,33741.380,163631.268,20220901_073714,479172,35374,66906,24377
1,KCCX20220901_102804_V06,-10.820,0.498,195.502,415.236,12.111,-78.619,40.403,6055.305,77780.339,20220901_062804,479171,4708,51745,3420
2,KCCX20220901_104156_V06,3.047,0.127,487.340,359.567,12.998,-76.896,40.650,6498.970,98291.068,20220901_064156,479176,64678,46568,57277
3,KCCX20220901_110245_V06,23.864,0.107,295.790,300.555,21.032,-78.029,40.921,10516.113,2123.035,20220901_070245,479180,58001,56233,46306
1,KCCX20220903_103849_V06,-2.039,0.065,297.431,303.011,8.310,-78.019,40.910,4155.033,1978.764,20220903_063849,479179,1393,53861,821
2,KCCX20220904_095427_V06,-47.389,0.088,260.725,157.608,16.963,-78.239,41.564,8481.535,73854.467,20220904_055427,479177,101466,115905,44658
2,KCCX20220904_100437_V06,-37.222,-1.000,260.725,157.608,33.128,-78.239,41.564,16564.035,73854.467,20220904_060437,479179,110014,117579,49401
2,KCCX20220904_100957_V06,-31.889,0.118,267.756,155.831,27.020,-78.197,41.572,13509.966,73865.417,20220904_060957,479181,108229,119750,47370
9,KCCX20220904_103722_V06,-4.472,0.097,270.047,149.196,34.691,-78.184,41.602,17345.345,76874.786,20220904_063722,479173,86262,136819,9990
14,KCCX20220904_110136_V06,19.761,0.065,38.500,480.540,27.410,-79.537,40.100,13705.167,158884.552,20220904_070136,479175,115486,159723,9106
4,KCCX20220905_101223_V06,-30.438,0.114,335.775,417.510,38.113,-77.793,40.394,19056.332,61417.546,20220905_061223,479183,240809,268728,23759
4,KCCX20220905_101820_V06,-24.488,0.214,344.045,410.031,30.664,-77.744,40.427,15331.791,59259.590,20220905_061820,479177,238711,270757,22682
8,KCCX20220905_101820_V06,-24.488,0.057,29.896,161.348,55.744,-79.622,41.536,27872.021,151806.246,20220905_061820,479177,238711,270757,22682
3,KCCX20220906_095427_V06,-49.353,0.069,273.408,46.945,20.533,-78.165,42.062,10266.550,127224.018,20220906_055427,479180,147074,142500,68866
16,KCCX20220906_104010_V06,-3.636,0.148,188.853,403.444,14.812,-78.659,40.455,7405.985,75918.259,20220906_064010,479180,68991,96681,18096
1,KCCX20220908_095236_V06,-53.164,0.059,219.178,390.012,1.902,-78.481,40.517,951.115,60486.477,20220908_055236,479173,205439,23479,197941
1,KCCX20220909_105231_V06,5.773,0.756,362.439,509.071,11.296,-77.638,39.981,5648.149,109098.028,20220909_065231,479171,151860,60926,127901
1,KCCX20220909_110635_V06,19.839,0.733,359.855,511.694,23.562,-77.654,39.969,11780.932,109996.634,20220909_070635,479169,151826,65170,124896
1,KCCX20220909_111336_V06,26.856,0.465,358.703,513.016,27.957,-77.660,39.963,13978.561,110478.195,20220909_071336,479175,136904,70693,108173
3,KCCX20220909_114846_V06,62.023,0.068,352.058,87.685,5.535,-77.690,41.878,2767.536,109302.106,20220909_074846,479171,109583,77998,81525
1,KCCX20220910_095204_V06,-55.657,0.189,351.730,87.188,5.277,-77.692,41.881,2638.309,109504.614,20220910_055204,479177,14441,37500,10991
3,KCCX20220910_100546_V06,-41.957,0.075,307.886,409.836,2.988,-77.957,40.429,1494.221,55059.116,20220910_060546,479177,15167,38900,11567
4,KCCX20220910_102628_V06,-21.257,0.131,298.142,300.819,10.653,-78.015,40.919,5326.477,1015.064,20220910_062628,479173,3036,45229,1735
6,KCCX20220910_114259_V06,55.259,0.059,194.316,422.165,9.627,-78.626,40.371,4813.589,80767.219,20220910_074259,479172,7453,52169,4026
3,KCCX20220912_100713_V06,-42.468,0.050,269.371,369.229,20.111,-78.185,40.611,10055.265,37850.892,20220912_060713,479180,60658,84489,26512
18,KCCX20220912_114756_V06,58.248,0.061,262.605,92.136,62.424,-78.229,41.859,31211.924,105600.631,20220912_074756,479172,15965,66670,3134
4,KCCX20220913_100531_V06,-45.150,0.164,334.123,288.942,15.178,-77.801,40.973,7589.199,17934.814,20220913_060531,479180,172608,45983,146959
5,KCCX20220913_101030_V06,-40.167,0.250,355.158,382.727,41.456,-77.678,40.550,20728.136,49714.654,20220913_061030,479177,177990,46675,150873
13,KCCX20220913_110254_V06,12.233,0.071,381.166,513.570,26.370,-77.529,39.960,13184.772,114236.794,20220913_070254,479177,123480,67372,87450
15,KCCX20220913_111154_V06,21.233,0.055,391.704,285.049,20.037,-77.459,40.989,10018.623,46457.349,20220913_071154,479181,122457,69602,84422
21,KCCX20220913_120123_V06,70.717,0.376,462.151,388.444,24.418,-77.047,40.521,12209.246,92351.795,20220913_080123,479177,112753,72696,77182
1,KCCX20220914_104600_V06,-5.649,0.624,511.246,271.906,15.680,-76.748,41.043,7839.985,106552.910,20220914_064600,479170,30068,46982,24783
1,KCCX20220914_105302_V06,1.384,0.836,514.866,276.091,22.271,-76.726,41.024,11135.307,108096.212,20220914_065302,479175,41522,57083,34241
1,KCCX20220914_110700_V06,15.351,0.826,515.127,280.285,28.777,-76.725,41.005,14388.544,108014.389,20220914_070700,479180,38372,67105,30258
1,KCCX20220914_111401_V06,22.367,0.565,523.330,289.871,38.931,-76.677,40.961,19465.323,111779.891,20220914_071401,479176,31992,66335,24681
1,KCCX20220915_104738_V06,-5.000,0.065,502.501,267.066,11.498,-76.799,41.065,5748.859,102580.716,20220915_064738,479174,43557,30748,39692
6,KCCX20220916_103438_V06,-18.985,0.122,28.448,372.517,33.636,-79.608,40.585,16818.104,140533.852,20220916_063438,479179,4272,42694,2047
6,KCCX20220916_104121_V06,-12.268,0.069,28.722,371.212,40.501,-79.606,40.591,20250.442,140234.363,20220916_064121,479176,3291,39401,1498
8,KCCX20220916_110817_V06,14.665,0.081,351.998,84.357,4.734,-77.691,41.893,2366.905,110911.785,20220916_070817,479176,6951,43907,4419
8,KCCX20220916_111503_V06,21.432,0.079,351.587,85.124,12.647,-77.693,41.890,6323.428,110490.769,20220916_071503,479172,8520,43519,5762
8,KCCX20220916_112150_V06,28.215,0.072,351.170,86.013,8.259,-77.696,41.886,4129.486,110009.882,20220916_072150,479174,9121,42604,6419
1,KCCX20220916_101331_V06,-40.101,0.492,352.180,86.862,4.941,-77.690,41.882,2470.600,109716.148,20220916_061331,479174,31788,45195,25890
7,KCCX20220916_104121_V06,-12.268,0.143,370.758,309.582,5.353,-77.584,40.879,2676.453,35701.868,20220916_064121,479176,3291,39401,1498
10,KCCX20220916_114256_V06,49.315,0.060,484.549,120.775,9.954,-76.895,41.725,4976.772,128627.357,20220916_074256,479180,9596,47034,6256
8,KCCX20220918_101543_V06,-39.877,0.184,351.550,86.590,5.229,-77.693,41.883,2614.574,109773.773,20220918_061543,479176,18059,30135,15426
8,KCCX20220918_102234_V06,-33.027,0.329,351.626,86.806,11.433,-77.693,41.882,5716.361,109677.851,20220918_062234,479173,11612,37675,9229
1,KCCX20220918_100151_V06,-53.743,0.333,352.019,86.605,5.273,-77.691,41.883,2636.677,109821.783,20220918_060151,479170,19283,31132,16694
3,KCCX20220918_100151_V06,-53.743,0.172,200.698,417.283,8.645,-78.589,40.393,4322.645,76838.012,20220918_060151,479170,19283,31132,16694
7,KCCX20220918_100151_V06,-53.743,0.068,455.507,168.515,2.740,-77.073,41.511,1370.163,101821.743,20220918_060151,479170,19283,31132,16694
12,KCCX20220918_105015_V06,-5.343,0.095,298.112,302.823,9.182,-78.015,40.910,4590.893,1697.976,20220918_065015,479181,5650,44856,3415
13,KCCX20220918_110413_V06,8.623,0.050,385.658,372.130,16.824,-77.498,40.597,8411.972,55991.327,20220918_070413,479179,24000,55392,18292
14,KCCX20220918_114619_V06,50.723,0.060,194.794,413.765,13.316,-78.624,40.409,6657.972,77477.053,20220918_074619,479179,15122,61897,9458
3,KCCX20220919_102648_V06,-29.784,0.071,192.609,413.122,13.737,-78.637,40.412,6868.284,77989.441,20220919_062648,479172,8091,41772,4582
7,KCCX20220919_110726_V06,10.849,0.586,389.456,207.659,15.684,-77.470,41.338,7841.991,64283.254,20220919_070726,479178,61339,63401,44468
1,KCCX20220920_110247_V06,5.207,0.089,518.112,356.437,20.634,-76.714,40.662,10316.851,112647.861,20220920_070247,479180,116292,47410,104768
2,KCCX20220920_110247_V06,5.207,0.055,343.755,302.221,27.690,-77.744,40.913,13844.845,21905.642,20220920_070247,479180,116292,47410,104768
3,KCCX20220920_120527_V06,67.874,0.160,23.798,341.512,26.032,-79.639,40.725,13016.039,139652.280,20220920_080527,479175,130684,69820,101884
2,KCCX20220921_110112_V06,2.629,0.172,371.673,522.446,15.402,-77.585,39.921,7701.019,116853.838,20220921_070112,479176,41818,66297,26248
2,KCCX20220921_110543_V06,7.145,0.052,371.818,521.777,20.865,-77.584,39.924,10432.395,116557.788,20220921_070543,479177,42707,67819,26417
3,KCCX20220921_110112_V06,2.629,0.130,134.713,430.713,22.349,-78.976,40.330,11174.480,105363.364,20220921_070112,479176,41818,66297,26248
3,KCCX20220921_110543_V06,7.145,0.259,136.671,432.137,27.782,-78.965,40.324,13890.848,105043.415,20220921_070543,479177,42707,67819,26417
5,KCCX20220921_111928_V06,20.895,0.139,162.322,454.840,17.682,-78.813,40.223,8841.045,103598.647,20220921_071928,479181,43869,72253,22754
5,KCCX20220921_112405_V06,25.512,0.118,163.446,455.939,23.324,-78.806,40.218,11661.763,103638.701,20220921_072405,479177,42895,74072,20408
21,KCCX20220922_115013_V06,50.648,0.259,30.126,485.215,34.119,-79.586,40.078,17059.584,163658.605,20220922_075013,479182,186665,203075,11002
1,KCCX20220924_111003_V06,8.480,0.067,26.012,156.390,32.379,-79.646,41.558,16189.423,154671.820,20220924_071003,479173,8201,31603,1521
1,KCCX20220924_111705_V06,15.513,0.059,28.888,158.050,39.639,-79.629,41.551,19819.720,153012.916,20220924_071705,479177,8364,30734,1957
2,KCCX20220924_112408_V06,22.563,0.143,17.057,259.073,26.998,-79.688,41.095,13499.178,142943.887,20220924_072408,479176,7561,29963,1897
3,KCCX20220924_114455_V06,43.346,0.079,24.908,417.541,28.993,-79.624,40.382,14496.661,149575.756,20220924_074455,479180,4845,25166,1465
5,KCCX20220924_121934_V06,77.996,0.073,28.464,201.581,33.152,-79.626,41.355,16576.244,144410.847,20220924_081934,479180,2436,19054,941
9,KCCX20220925_104442_V06,-17.876,0.093,18.959,291.510,28.371,-79.673,40.949,14185.577,140584.653,20220925_064442,479177,131869,159695,16463
9,KCCX20220925_105001_V06,-12.559,0.114,20.645,289.377,36.987,-79.663,40.959,18493.468,139778.611,20220925_065001,479179,139194,166189,17202
1,KCCX20220926_100652_V06,-56.717,0.057,200.830,420.603,6.374,-78.588,40.379,3187.044,78070.385,20220926_060652,479176,29300,72351,4146
1,KCCX20220926_101217_V06,-51.300,0.060,200.774,420.665,12.668,-78.588,40.378,6333.984,78111.901,20220926_061217,479177,29953,73092,4242
5,KCCX20220926_114211_V06,38.600,0.107,27.995,72.720,43.061,-79.644,41.935,21530.407,177230.602,20220926_074211,479177,46091,95483,5037
6,KCCX20220926_114723_V06,43.800,0.512,407.393,171.918,24.322,-77.361,41.498,12161.247,83573.744,20220926_074723,479174,48208,98278,5231
8,KCCX20220926_114723_V06,43.800,0.087,362.492,174.933,29.097,-77.630,41.486,14548.504,69905.323,20220926_074723,479174,48208,98278,5231
2,KCCX20220927_100609_V06,-58.445,0.196,203.416,418.590,3.431,-78.573,40.388,1715.452,76472.278,20220927_060609,479179,20963,63110,3385
2,KCCX20220927_101121_V06,-53.245,0.097,203.465,418.643,9.447,-78.572,40.387,4723.483,76477.396,20220927_061121,479182,21249,61628,3459
6,KCCX20220927_102147_V06,-42.811,0.056,311.449,329.878,18.356,-77.936,40.789,9178.043,15998.084,20220927_062147,479175,22487,59394,4058
1,KCCX20220928_101330_V06,-52.109,0.061,198.787,419.268,7.746,-78.600,40.384,3872.982,78212.835,20220928_061330,479176,6898,66133,2911
1,KCCX20220929_111135_V06,4.957,0.307,501.690,352.745,43.743,-76.811,40.679,21871.397,104236.481,20220929_071135,479176,5657,35804,4586
1,KCCX20220929_111826_V06,11.807,0.446,504.636,354.152,54.160,-76.794,40.673,27080.222,105840.088,20220929_071826,479175,7154,34469,5901
1,KCCX20220929_112522_V06,18.741,0.582,497.334,373.337,57.399,-76.838,40.587,28699.325,105260.240,20220929_072522,479174,9990,36473,8490
1,KCCX20220929_113208_V06,25.507,0.645,510.484,375.765,75.343,-76.761,40.575,37671.691,111852.582,20220929_073208,479175,9452,37216,8187
1,KCCX20220929_113859_V06,32.357,0.566,500.397,387.781,71.900,-76.821,40.522,35949.923,109389.808,20220929_073859,479175,9806,38843,8389
1,KCCX20220929_114554_V06,39.274,0.593,500.893,401.135,81.051,-76.820,40.462,40525.694,112456.899,20220929_074554,479173,9527,38594,8231
1,KCCX20220929_115256_V06,46.307,0.235,502.156,418.786,94.309,-76.814,40.382,47154.575,117235.983,20220929_075256,479173,9073,38934,7792
4,KCCX20220929_111826_V06,11.807,0.120,418.529,253.560,19.494,-77.298,41.130,9747.036,63650.910,20220929_071826,479175,7154,34469,5901
4,KCCX20220929_112522_V06,18.741,0.175,413.672,255.172,25.617,-77.327,41.123,12808.469,61095.848,20220929_072522,479174,9990,36473,8490
6,KCCX20220929_120644_V06,60.107,0.070,370.101,525.208,12.067,-77.594,39.908,6033.463,117932.864,20220929_080644,479178,6886,38788,5828
1,KCCX20220930_122505_V06,77.437,0.067,352.230,85.620,5.739,-77.689,41.888,2869.400,110325.336,20220930_082505,479172,3714,25801,2578
18,KCCX20221001_110036_V06,-8.071,0.241,349.751,88.254,5.838,-77.704,41.876,2919.106,108755.977,20221001_070036,479182,128608,204452,6853
23,KCCX20221001_112059_V06,12.313,0.154,352.881,86.361,6.366,-77.685,41.884,3182.831,110043.193,20221001_072059,479180,132260,205985,7136
36,KCCX20221001_120855_V06,60.246,0.113,394.098,111.468,9.391,-77.438,41.770,4695.656,105354.913,20221001_080855,479178,133492,209686,7591
3,KCCX20221002_102223_V06,-47.315,0.537,304.970,206.172,25.381,-77.974,41.345,12690.342,46979.532,20221002_062223,479181,206366,222802,44259
3,KCCX20221002_102820_V06,-41.365,0.160,303.794,206.482,32.607,-77.981,41.344,16303.548,46797.259,20221002_062820,479179,209190,217128,49778
3,KCCX20221002_103417_V06,-35.415,0.208,295.879,207.765,28.374,-78.029,41.338,14186.890,46163.314,20221002_063417,479173,208704,215653,51114
13,KCCX20221002_110944_V06,0.035,0.053,206.903,115.071,10.185,-78.564,41.754,5092.644,103520.367,20221002_070944,479178,181222,236992,13462
18,KCCX20221002_113918_V06,29.602,0.073,41.152,299.733,27.043,-79.540,40.914,13521.748,129424.212,20221002_073918,479180,177608,215820,22961
1,KCCX20221003_110240_V06,-8.063,0.201,196.362,419.558,9.029,-78.614,40.383,4514.477,79112.143,20221003_070240,479177,27593,63751,6349
2,KCCX20221003_113422_V06,23.637,0.165,307.935,422.655,10.538,-77.957,40.371,5269.190,61455.869,20221003_073422,479182,32404,57185,6907
3,KCCX20221003_114757_V06,37.221,0.085,31.028,254.574,38.046,-79.605,41.116,19023.056,136390.639,20221003_074757,479184,33767,59569,7431
6,KCCX20221004_103011_V06,-41.581,0.118,382.858,43.150,38.481,-77.503,42.078,19240.387,134942.279,20221004_063011,479181,133268,172161,40449
6,KCCX20221004_103502_V06,-36.731,0.163,382.509,42.577,44.874,-77.505,42.081,22437.184,135161.149,20221004_063502,479184,133178,171540,39925
15,KCCX20221004_104951_V06,-21.914,0.201,192.704,408.418,24.254,-78.636,40.433,12126.831,76267.616,20221004_064951,479175,124243,171326,34455
15,KCCX20221004_105436_V06,-17.164,0.373,191.906,409.081,30.225,-78.641,40.430,15112.394,76783.503,20221004_065436,479178,120480,166537,31150
27,KCCX20221004_114353_V06,32.119,0.082,157.632,397.214,26.708,-78.843,40.482,13353.836,86195.976,20221004_074353,479175,130504,163493,27833
27,KCCX20221004_114931_V06,37.753,0.436,153.996,400.508,32.971,-78.865,40.467,16485.676,88626.945,20221004_074931,479177,133936,163986,28863
40,KCCX20221004_122334_V06,71.803,0.179,296.650,541.175,23.849,-78.023,39.837,11924.345,120599.251,20221004_082334,479177,122533,168837,26016
40,KCCX20221004_122843_V06,76.953,0.067,294.994,541.577,30.619,-78.033,39.835,15309.566,120814.312,20221004_082843,479181,118291,170365,23259
4,KCCX20221004_102534_V06,-46.197,0.054,111.310,405.341,45.729,-79.116,40.443,22864.609,108051.680,20221004_062534,479179,132348,173908,39927
7,KCCX20221004_103011_V06,-41.581,0.078,256.472,75.210,72.060,-78.266,41.935,36029.785,114482.791,20221004_063011,479181,133268,172161,40449
12,KCCX20221004_103954_V06,-31.864,0.052,179.050,452.072,44.435,-78.715,40.236,22217.747,97152.846,20221004_063954,479178,132554,167896,41354
18,KCCX20221004_111034_V06,-1.197,0.171,162.017,77.136,40.391,-78.836,41.923,20195.274,131060.790,20221004_071034,479173,117916,158095,27128
43,KCCX20221004_122334_V06,71.803,0.052,391.751,145.339,39.276,-77.453,41.618,19637.840,89914.217,20221004_082334,479177,122533,168837,26016
43,KCCX20221004_122843_V06,76.953,0.146,381.654,138.945,34.264,-77.514,41.647,17132.103,90285.714,20221004_082843,479181,118291,170365,23259
10,KCCX20221005_120821_V06,55.547,0.290,352.248,85.010,6.069,-77.689,41.891,3034.485,110623.831,20221005_080821,479176,16447,79844,4768
10,KCCX20221005_121258_V06,60.164,0.465,352.150,85.606,11.143,-77.690,41.888,5571.320,110322.682,20221005_081258,479177,15898,82457,5443
10,KCCX20221005_121954_V06,67.097,-1.000,352.035,86.305,19.510,-77.690,41.885,9755.068,109969.770,20221005_081954,479174,14588,80519,5769
10,KCCX20221005_122656_V06,74.131,0.060,352.665,86.877,6.069,-77.687,41.882,3034.687,109766.984,20221005_082656,479175,12633,77553,5697
10,KCCX20221005_123357_V06,81.147,0.063,352.055,86.931,13.698,-77.690,41.882,6849.102,109667.982,20221005_083357,479177,12175,76429,5559
2,KCCX20221005_104136_V06,-31.203,0.101,349.923,88.184,5.596,-77.703,41.876,2797.821,108809.634,20221005_064136,479181,72666,96941,39133
7,KCCX20221005_112710_V06,14.364,0.084,352.197,85.093,6.559,-77.689,41.890,3279.392,110577.478,20221005_072710,479181,33718,102371,6180
1,KCCX20221009_102213_V06,-54.784,0.200,195.760,418.164,11.963,-78.618,40.389,5981.506,78785.735,20221009_062213,479173,1763,38660,1199
1,KCCX20221009_102855_V06,-48.084,0.131,196.546,416.786,8.953,-78.613,40.396,4476.271,78009.391,20221009_062855,479176,1624,38947,1123
2,KCCX20221009_102213_V06,-54.784,0.067,218.190,391.312,2.758,-78.487,40.511,1379.070,61299.706,20221009_062213,479173,1763,38660,1199
1,KCCX20221010_102248_V06,-55.262,0.061,209.094,418.271,6.540,-78.539,40.389,3269.976,74585.446,20221010_062248,479175,36638,91573,7748
1,KCCX20221010_102950_V06,-48.228,0.104,204.732,417.944,14.624,-78.565,40.391,7311.780,75806.771,20221010_062950,479176,38608,92158,8255
5,KCCX20221010_105204_V06,-25.995,0.234,375.827,57.625,57.085,-77.546,42.013,28542.717,126979.722,20221010_065204,479172,35265,88958,7575
9,KCCX20221010_110607_V06,-11.945,0.065,41.851,74.824,51.396,-79.560,41.926,25697.802,171278.339,20221010_070607,479177,27765,74851,4797
1,KCCX20221011_102231_V06,-56.612,0.147,352.014,87.179,5.153,-77.691,41.881,2576.427,109542.634,20221011_062231,479176,8007,46171,5514
2,KCCX20221011_102231_V06,-56.612,0.054,197.459,416.855,10.890,-78.608,40.395,5444.765,77732.886,20221011_062231,479176,8007,46171,5514
3,KCCX20221011_104310_V06,-35.962,0.102,196.224,416.610,11.678,-78.615,40.396,5839.241,78050.145,20221011_064310,479170,5004,40658,3162
1,KCCX20221012_102154_V06,-58.300,0.057,197.947,420.422,7.933,-78.605,40.379,3966.509,78924.621,20221012_062154,479174,3235,35755,2178
3,KCCX20221014_120836_V06,46.240,0.075,196.759,419.041,11.051,-78.612,40.385,5525.337,78786.861,20221014_080836,479171,1626,20496,1029
1,KCCX20221015_102617_V06,-57.165,0.258,350.257,87.524,6.109,-77.701,41.879,3054.619,109169.411,20221015_062617,479172,7664,43261,3678
1,KCCX20221015_103259_V06,-50.465,0.117,349.301,88.101,14.327,-77.707,41.877,7163.673,108779.266,20221015_063259,479173,10288,46343,4056
1,KCCX20221015_103941_V06,-43.765,0.062,352.251,85.664,6.081,-77.689,41.888,3040.546,110306.569,20221015_063941,479171,10683,48021,3564
5,KCCX20221016_112842_V06,4.157,0.068,42.101,210.216,67.420,-79.544,41.317,33709.774,136540.481,20221016_072842,479176,32572,67918,4749
5,KCCX20221016_113543_V06,11.174,-1.000,42.101,210.216,78.576,-79.544,41.317,39288.024,136540.481,20221016_073543,479178,34456,70494,5238
5,KCCX20221016_114351_V06,19.307,0.108,44.635,213.501,78.809,-79.529,41.302,39404.327,134808.436,20221016_074351,479171,34758,72560,5034
6,KCCX20221016_113543_V06,11.174,0.143,55.278,226.302,59.240,-79.464,41.246,29620.228,127789.016,20221016_073543,479178,34456,70494,5238
3,KCCX20221017_121715_V06,51.607,0.180,43.826,380.053,76.542,-79.516,40.553,38270.966,134195.296,20221017_081715,479181,15356,63301,2118
3,KCCX20221017_122416_V06,58.623,0.395,46.107,384.442,83.693,-79.502,40.533,41846.657,133783.433,20221017_082416,479168,14327,65705,2022
3,KCCX20221017_123117_V06,65.640,0.408,56.634,391.667,79.530,-79.439,40.501,39765.220,130028.609,20221017_083117,479173,14080,67477,2052
3,KCCX20221017_123812_V06,72.557,0.143,65.889,382.282,86.766,-79.386,40.544,43383.043,124075.043,20221017_083812,479168,13901,69342,2033
3,KCCX20221017_124514_V06,79.590,0.186,73.567,376.126,96.073,-79.341,40.573,48036.400,119443.657,20221017_084514,479177,13747,70591,1751
1,KCCX20221018_102845_V06,-57.999,0.759,195.231,417.568,9.795,-78.621,40.392,4897.568,78738.094,20221018_062845,479173,27341,48043,3449
6,KCCX20221018_104944_V06,-37.016,0.176,244.564,271.186,9.557,-78.334,41.052,4778.557,31238.325,20221018_064944,479174,22349,43979,2727
10,KCCX20221018_114542_V06,18.951,0.123,274.676,291.155,17.732,-78.154,40.963,8865.917,13412.257,20221018_074542,479172,8156,33015,1350
14,KCCX20221019_122706_V06,59.239,0.059,203.862,157.180,31.752,-78.580,41.565,15875.841,86081.746,20221019_082706,479185,185310,233026,6222
14,KCCX20221019_123151_V06,63.989,0.103,206.158,158.274,36.967,-78.566,41.560,18483.686,84989.242,20221019_083151,479179,186589,236013,5877
2,KCCX20221019_103516_V06,-52.594,0.053,64.313,179.093,28.996,-79.414,41.459,14497.843,132445.253,20221019_063516,479179,90820,179698,4201
3,KCCX20221020_123657_V06,67.971,0.061,10.523,133.789,12.443,-79.742,41.658,6221.401,166900.652,20221020_083657,479175,1139,45660,800
3,KCCX20221020_124340_V06,74.688,0.093,14.263,131.916,25.820,-79.719,41.667,12909.774,165754.339,20221020_084340,479178,1135,45845,781
3,KCCX20221020_125026_V06,81.455,0.144,28.555,121.602,43.369,-79.635,41.715,21684.463,162410.404,20221020_085026,479173,1158,46489,745
1,KCCX20221020_110056_V06,-28.045,0.099,196.539,416.924,11.910,-78.613,40.395,5955.160,78063.122,20221020_070056,479179,1232,40105,859
7,KCCX20221022_123544_V06,64.503,0.052,302.789,300.380,8.705,-77.987,40.921,4352.604,1407.229,20221022_083544,479173,1296,15824,860
7,KCCX20221022_124241_V06,71.453,0.132,302.671,300.346,15.646,-77.988,40.922,7822.825,1346.487,20221022_084241,479173,1250,16683,844
1,KCCX20221022_103158_V06,-59.264,0.451,300.923,302.333,10.580,-77.998,40.913,5289.913,1254.668,20221022_063158,479176,7570,33497,5243
2,KCCX20221022_103158_V06,-59.264,0.333,198.855,416.148,6.634,-78.600,40.399,3316.816,77007.542,20221022_063158,479176,7570,33497,5243
6,KCCX20221022_112731_V06,-3.714,0.051,300.577,302.950,9.048,-78.000,40.910,4524.193,1502.814,20221022_072731,479171,2932,17171,2269
2,KCCX20221026_112339_V06,-12.150,0.143,26.878,97.799,44.576,-79.648,41.822,22288.073,169912.260,20221026_072339,479176,12560,58678,3100
2,KCCX20221026_112816_V06,-7.533,0.071,27.116,93.987,50.854,-79.647,41.839,25426.925,170958.316,20221026_072816,479177,14344,59045,3584
1,KCCX20221026_111903_V06,-16.750,0.056,25.622,117.958,53.817,-79.653,41.731,26908.356,164637.942,20221026_071903,479176,11289,57810,2974
1,KCCX20221027_111950_V06,-17.121,0.053,299.784,303.361,13.448,-78.005,40.908,6723.923,1683.743,20221027_071950,479175,180000,27180,170257
1,KCCX20221028_112525_V06,-12.696,0.190,353.583,85.105,4.881,-77.681,41.890,2440.548,110737.466,20221028_072525,479171,10455,54289,5942
1,KCCX20221029_104042_V06,-58.576,0.424,353.937,86.660,5.107,-77.679,41.883,2553.261,110026.110,20221029_064042,479170,54503,43579,47436
1,KCCX20221029_104744_V06,-51.542,0.424,353.813,85.866,10.861,-77.680,41.887,5430.589,110395.866,20221029_064744,479170,46181,42619,39371
1,KCCX20221029_110148_V06,-37.476,0.128,353.460,85.011,4.922,-77.682,41.890,2461.239,110767.946,20221029_070148,479173,22803,42006,17912
10,KCCX20221029_120559_V06,26.708,0.210,353.093,85.040,5.796,-77.684,41.890,2898.060,110709.705,20221029_080559,479172,3890,20005,2039
12,KCCX20221029_130143_V06,82.441,0.347,352.991,85.438,6.445,-77.685,41.889,3222.710,110504.203,20221029_090143,479176,5899,30576,3288
3,KCCX20221030_113243_V06,-7.726,0.134,8.713,323.001,5.939,-79.730,40.807,2969.316,146096.889,20221030_073243,479168,10424,33935,6316
3,KCCX20221030_113720_V06,-3.109,0.063,8.871,322.964,12.448,-79.729,40.807,6223.901,146016.764,20221030_073720,479177,12241,32397,8643
1,KCCX20221030_104223_V06,-58.059,0.104,352.681,85.857,5.331,-77.687,41.887,2665.417,110263.741,20221030_064223,479174,24880,57898,15366
4,KCCX20221030_114157_V06,1.507,0.104,34.750,311.566,15.323,-79.577,40.860,7661.679,132751.237,20221030_074157,479172,13448,33789,9436
6,KCCX20221030_121527_V06,35.007,0.069,353.045,85.320,6.123,-77.684,41.889,3061.722,110567.987,20221030_081527,479169,9373,37754,5371
4,KCCX20221031_105302_V06,-48.579,0.077,284.402,309.531,8.591,-78.096,40.880,4295.517,9139.816,20221031_065302,479169,67327,90300,14367
9,KCCX20221031_112757_V06,-13.663,0.059,187.091,77.554,15.674,-78.684,41.923,7836.945,124730.227,20221031_072757,479173,97244,124543,15137
3,KCCX20221101_104257_V06,-59.836,0.081,82.962,312.147,10.507,-79.291,40.861,5253.729,108688.748,20221101_064257,479172,80074,120226,8014
7,KCCX20221101_110601_V06,-36.769,0.057,227.465,345.686,34.640,-78.433,40.717,17319.937,42861.937,20221101_070601,479172,77497,114572,8166
11,KCCX20221101_112528_V06,-17.319,0.097,125.422,310.665,19.303,-79.039,40.870,9651.541,87451.871,20221101_072528,479176,77286,111300,8426
12,KCCX20221101_112528_V06,-17.319,0.086,166.475,384.706,10.627,-78.792,40.539,5313.606,79063.415,20221101_072528,479176,77286,111300,8426
3,KCCX20221106_110707_V06,-41.573,0.071,277.115,396.793,19.465,-78.139,40.487,9732.393,49730.797,20221106_060707,479176,75794,115309,5357
2,KCCX20221108_124620_V06,55.271,0.106,134.401,378.202,6.021,-78.982,40.567,3010.300,91567.565,20221108_074620,479173,2955,17701,2323
1,KCCX20221109_112320_V06,-28.917,0.097,352.876,84.828,5.628,-77.685,41.891,2814.102,110786.931,20221109_062320,479183,2823,27011,1561
2,KCCX20221109_114141_V06,-10.567,0.065,352.844,85.764,6.336,-77.686,41.887,3168.171,110328.763,20221109_064141,479172,2633,20565,1680
3,KCCX20221116_110901_V06,-51.523,0.780,36.530,390.355,39.634,-79.558,40.506,19817.202,139266.503,20221116_060901,479167,9636,83982,1951
3,KCCX20221116_111604_V06,-44.473,0.373,39.631,387.183,47.943,-79.540,40.520,23971.369,137288.930,20221116_061604,479166,8801,81543,1864
3,KCCX20221116_112306_V06,-37.440,-1.000,42.391,384.359,56.543,-79.524,40.533,28271.597,135534.806,20221116_062306,479170,9333,81696,1945
3,KCCX20221116_113008_V06,-30.406,0.173,53.912,377.768,52.093,-79.457,40.564,26046.601,129041.670,20221116_063008,479171,9150,83211,2005
1,KCCX20221116_110158_V06,-58.573,0.206,198.522,417.704,8.271,-78.601,40.392,4135.448,77704.576,20221116_060158,479166,11974,84786,2074
4,KCCX20221116_110901_V06,-51.523,0.079,416.246,60.527,16.500,-77.302,41.999,8249.763,133098.080,20221116_060901,479167,9636,83982,1951
5,KCCX20221116_112306_V06,-37.440,0.278,45.981,385.207,43.060,-79.503,40.530,21530.079,133964.483,20221116_062306,479170,9333,81696,1945
21,KCCX20221117_121432_V06,12.820,0.184,32.994,166.685,35.295,-79.603,41.512,17647.739,149218.801,20221117_071432,479167,44873,113005,4005
21,KCCX20221117_122135_V06,19.870,0.280,39.087,162.545,47.046,-79.567,41.531,23523.064,147452.969,20221117_072135,479175,45425,118071,3529
21,KCCX20221117_122838_V06,26.920,0.473,55.828,146.738,59.466,-79.468,41.604,29732.920,144143.204,20221117_072838,479166,51570,128162,4105
21,KCCX20221117_123541_V06,33.970,0.104,70.015,145.682,64.089,-79.383,41.610,32044.384,138480.305,20221117_073541,479170,56900,134420,4474
21,KCCX20221117_124242_V06,40.986,0.117,75.845,153.100,66.977,-79.348,41.577,33488.357,134000.870,20221117_074242,479166,62221,142576,5297
34,KCCX20221117_131756_V06,76.220,0.073,55.458,119.793,57.954,-79.473,41.725,28976.767,151884.509,20221117_081756,479167,82074,169434,7670
34,KCCX20221117_132459_V06,83.270,0.112,60.821,117.133,65.246,-79.441,41.737,32622.782,150538.072,20221117_082459,479172,79615,171409,7640
12,KCCX20221117_112409_V06,-37.564,0.098,486.286,170.777,20.340,-76.888,41.499,10170.204,113359.106,20221117_062409,479165,43468,122136,5579
19,KCCX20221117_115218_V06,-9.414,0.060,33.196,96.120,40.003,-79.610,41.830,20001.579,167892.256,20221117_065218,479167,38138,99541,4534
25,KCCX20221117_123541_V06,33.970,0.059,215.018,421.800,13.397,-78.504,40.374,6698.620,74258.348,20221117_073541,479170,56900,134420,4474
29,KCCX20221117_131053_V06,69.170,0.075,83.143,166.171,68.995,-79.303,41.518,34497.581,127413.993,20221117_081053,479167,80433,167475,6729
30,KCCX20221117_131053_V06,69.170,0.056,230.061,295.414,12.738,-78.419,40.943,6368.774,35044.743,20221117_081053,479167,80433,167475,6729
31,KCCX20221117_131756_V06,76.220,0.303,288.010,81.532,22.808,-78.076,41.907,11403.763,109398.216,20221117_081756,479167,82074,169434,7670
3,KCCX20221118_123739_V06,34.767,0.065,26.152,453.314,35.927,-79.613,40.221,17963.310,156921.655,20221118_073739,479165,1504,63828,1008
1,KCCX20221119_111701_V06,-47.031,0.382,196.677,421.930,8.583,-78.612,40.372,4291.534,79909.895,20221119_061701,479169,3512,103678,2050
4,KCCX20221119_120520_V06,1.285,0.071,329.614,252.395,38.275,-77.828,41.137,19137.272,28032.214,20221119_070520,479165,2884,110746,1352
5,KCCX20221119_122628_V06,22.419,0.429,359.649,206.022,28.442,-77.648,41.346,14220.909,55655.059,20221119_072628,479167,6508,130198,1454
1,KCCX20221120_112133_V06,-43.656,0.060,334.148,321.844,13.122,-77.801,40.825,6560.978,20268.640,20221120_062133,479174,6040,98733,1992
2,KCCX20221123_120920_V06,0.696,0.133,183.329,411.369,27.530,-78.691,40.420,13765.043,80646.202,20221123_070920,479172,1630,20738,1522
2,KCCX20221123_121858_V06,10.330,0.125,182.411,411.438,38.495,-78.697,40.419,19247.650,81002.541,20221123_071858,479165,1226,23131,1134
1,KCCX20221123_112104_V06,-47.570,0.086,211.426,428.504,16.122,-78.525,40.343,8061.094,78036.123,20221123_062104,479172,3752,42529,2872
1,KCCX20221124_112408_V06,-45.630,0.069,214.570,427.284,15.780,-78.507,40.349,7889.818,76647.816,20221124_062408,479174,2060,40006,1642
3,KCCX20221125_112249_V06,-48.062,0.053,339.224,87.262,66.290,-77.768,41.881,33144.867,108162.082,20221125_062249,479175,242252,254416,29341
3,KCCX20221125_112833_V06,-42.328,0.175,342.980,86.551,73.572,-77.745,41.884,36785.846,108866.483,20221125_062833,479166,242339,260260,29748
3,KCCX20221125_113420_V06,-36.545,0.338,376.841,81.117,64.665,-77.541,41.908,32332.310,115989.665,20221125_063420,479167,244502,266760,30369
3,KCCX20221125_114008_V06,-30.745,0.158,382.556,81.302,71.332,-77.506,41.907,35666.023,116880.822,20221125_064008,479170,247988,266809,31311
3,KCCX20221125_114601_V06,-24.862,0.053,413.514,78.226,66.095,-77.320,41.919,33047.703,124568.500,20221125_064601,479165,245560,267899,34745
1,KCCX20221126_112426_V06,-47.549,0.090,193.478,416.948,14.265,-78.631,40.395,7132.328,79094.336,20221126_062426,479172,1928,33868,1366
1,KCCX20221127_111452_V06,-58.207,0.194,32.564,253.426,53.685,-79.596,41.122,26842.640,135730.724,20221127_061452,479182,65930,78568,19328
1,KCCX20221127_111928_V06,-53.607,0.056,33.087,253.358,61.084,-79.593,41.122,30541.767,135479.039,20221127_061928,479178,67078,80597,19636
1,KCCX20221127_112405_V06,-48.990,0.056,41.407,250.879,66.605,-79.544,41.134,33302.420,131608.317,20221127_062405,479169,65020,80807,18164
4,KCCX20221127_122926_V06,16.360,0.114,26.254,115.595,32.934,-79.649,41.742,16466.894,165031.873,20221127_072926,479179,117119,148637,18174
6,KCCX20221128_112831_V06,-45.635,0.061,469.011,233.971,34.488,-76.996,41.216,17243.870,90725.367,20221128_062831,479164,8925,62817,2989
6,KCCX20221128_113703_V06,-37.101,0.080,466.646,235.007,41.854,-77.010,41.211,20926.915,89435.694,20221128_063703,479165,6850,61397,1977
9,KCCX20221128_120257_V06,-11.201,0.081,288.158,374.706,7.024,-78.074,40.587,3511.812,37819.523,20221128_070257,479170,2649,59967,972
1,KCCX20221202_112900_V06,-49.309,0.086,352.850,85.987,6.103,-77.686,41.886,3051.300,110221.107,20221202_062900,479168,2982,26214,1728
3,KCCX20221203_114940_V06,-29.639,0.054,24.483,512.990,35.427,-79.616,39.953,17713.318,174122.480,20221203_064940,479171,215318,320615,24932
4,KCCX20221203_115411_V06,-25.122,0.250,34.760,456.303,54.120,-79.562,40.209,27059.765,153933.964,20221203_065411,479173,206435,312551,23674
4,KCCX20221203_120312_V06,-16.106,0.185,46.328,408.048,87.556,-79.499,40.427,43778.152,137862.364,20221203_070312,479171,194844,300739,21991
6,KCCX20221203_121213_V06,-7.089,0.070,19.141,305.176,26.016,-79.670,40.888,13008.032,140453.319,20221203_071213,479172,177650,296947,19047
7,KCCX20221203_122115_V06,1.944,0.149,31.453,567.594,31.525,-79.570,39.707,15762.682,189554.810,20221203_072115,479176,179179,293720,16993
8,KCCX20221203_122115_V06,1.944,0.060,64.035,63.191,21.127,-79.427,41.980,10563.704,167151.180,20221203_072115,479176,179179,293720,16993
10,KCCX20221203_124826_V06,29.128,0.054,38.096,119.731,59.241,-79.578,41.724,29620.651,158973.928,20221203_074826,479170,153367,279041,15908
14,KCCX20221203_131053_V06,51.578,0.061,33.899,424.615,55.906,-79.570,40.351,27953.100,146917.234,20221203_081053,479170,136625,256255,13642
5,KCCX20221206_122316_V06,1.089,0.050,355.023,103.900,19.653,-77.673,41.805,9826.305,101836.381,20221206_072316,479175,103402,192847,6235
12,KCCX20221206_130411_V06,42.006,0.060,72.795,229.330,19.953,-79.359,41.233,9976.511,118970.936,20221206_080411,479171,83704,183358,5733
16,KCCX20221206_131728_V06,55.289,0.061,277.055,437.842,31.640,-78.139,40.302,15819.950,69869.511,20221206_081728,479176,73869,176676,5208
20,KCCX20221206_133043_V06,68.539,0.524,305.306,424.587,24.024,-77.973,40.362,12012.152,62350.225,20221206_083043,479177,70116,170058,5030
10,KCCX20221207_122036_V06,-2.493,0.093,81.557,299.542,35.543,-79.300,40.918,17771.570,109221.786,20221207_072036,479168,108205,150193,10069
1,KCCX20221208_124944_V06,25.748,0.057,197.124,420.624,8.850,-78.610,40.378,4424.767,79267.987,20221208_074944,479166,1283,48595,907
1,KCCX20221209_121705_V06,-7.772,0.163,151.771,363.782,7.640,-78.880,40.633,3820.217,80684.609,20221209_071705,479168,1922,19099,1553
1,KCCX20221209_122401_V06,-0.839,0.133,152.737,363.659,15.843,-78.874,40.633,7921.325,80216.713,20221209_072401,479165,2333,19809,1947
1,KCCX20221209_123058_V06,6.111,0.052,153.039,365.573,19.042,-78.872,40.625,9520.967,80463.006,20221209_073058,479174,1366,19667,965
1,KCCX20221210_112544_V06,-59.968,0.149,352.438,85.400,6.125,-77.688,41.889,3062.386,110457.021,20221210_062544,479176,22317,48269,6364
2,KCCX20221210_112544_V06,-59.968,0.104,25.224,175.198,37.327,-79.649,41.473,18663.696,150895.234,20221210_062544,479176,22317,48269,6364
2,KCCX20221210_113015_V06,-55.451,-1.000,25.224,175.198,44.509,-79.649,41.473,22254.446,150895.234,20221210_063015,479175,22342,49377,6365
2,KCCX20221210_113446_V06,-50.934,0.050,26.763,162.865,36.277,-79.641,41.529,18138.691,152859.937,20221210_063446,479174,21693,50042,6122
4,KCCX20221210_124057_V06,15.249,0.054,351.995,86.653,6.527,-77.691,41.883,3263.615,109795.699,20221210_074057,479170,20879,58885,9971
5,KCCX20221210_130611_V06,40.482,0.102,352.023,86.304,6.916,-77.691,41.885,3457.947,109968.619,20221210_080611,479170,14276,50935,6547
7,KCCX20221210_133404_V06,68.366,0.119,352.243,85.745,6.418,-77.689,41.887,3209.110,110266.148,20221210_083404,479171,7500,52147,3840
1,KCCX20221211_114351_V06,-42.672,0.114,28.012,135.456,39.006,-79.637,41.652,19502.920,158943.685,20221211_064351,479176,242444,305925,28276
1,KCCX20221213_122356_V06,-4.152,0.730,156.606,367.739,9.329,-78.851,40.615,4664.297,79294.586,20221213_072356,479170,2548,18854,2126
1,KCCX20221213_123040_V06,2.581,0.523,157.776,366.220,17.414,-78.844,40.622,8707.186,78442.327,20221213_073040,479169,1309,19014,935
1,KCCX20221216_113133_V06,-58.673,0.179,199.414,420.325,6.903,-78.596,40.380,3451.391,78415.013,20221216_063133,479166,99577,177294,13664
1,KCCX20221217_113626_V06,-54.444,0.193,209.134,420.893,8.344,-78.539,40.377,4171.936,75617.143,20221217_063626,479169,14084,102406,1478
1,KCCX20221217_114329_V06,-47.394,0.051,209.728,420.175,15.480,-78.535,40.381,7740.063,75151.660,20221217_064329,479167,12160,95862,1457
6,KCCX20221217_121140_V06,-19.211,0.064,233.207,289.935,25.714,-78.401,40.968,12857.140,33773.434,20221217_071140,479167,7666,71652,1242
8,KCCX20221217_122532_V06,-5.344,0.085,166.213,235.352,6.716,-78.802,41.211,3358.070,74293.897,20221217_072532,479165,8912,62985,1443
4,KCCX20221219_133223_V06,60.289,0.160,197.311,420.572,8.441,-78.609,40.379,4220.289,79187.383,20221219_083223,479164,32496,170584,2562
1,KCCX20221221_113506_V06,-58.083,0.297,350.189,87.397,5.854,-77.702,41.880,2927.231,109223.424,20221221_063506,479168,7448,27655,4287
1,KCCX20221221_114208_V06,-51.050,0.117,350.988,86.798,12.666,-77.697,41.882,6332.939,109607.295,20221221_064208,479166,7230,26668,4233
5,KCCX20221221_122829_V06,-4.700,0.084,354.018,85.356,5.078,-77.678,41.889,2539.135,110668.420,20221221_072829,479173,5929,22142,3825
5,KCCX20221221_123531_V06,2.334,0.330,353.550,85.426,11.577,-77.681,41.889,5788.678,110577.755,20221221_073531,479174,6829,23718,4254
2,KCCX20221221_113506_V06,-58.083,0.082,178.062,365.221,6.163,-78.725,40.627,3081.623,69142.128,20221221_063506,479168,7448,27655,4287
3,KCCX20221221_122127_V06,-11.733,0.328,353.085,85.447,6.021,-77.684,41.889,3010.303,110511.519,20221221_072127,479169,6383,22290,4106
1,KCCX20221222_114444_V06,-48.945,0.065,51.256,291.473,55.971,-79.481,40.952,27985.262,124445.030,20221222_064444,479174,161460,212891,4271
2,KCCX20221223_130638_V06,32.494,0.063,26.148,197.778,42.985,-79.641,41.372,21492.306,146154.229,20221223_080638,479173,395719,414817,15292
2,KCCX20221223_131157_V06,37.811,0.129,26.551,197.133,49.570,-79.638,41.375,24784.872,146078.777,20221223_081157,479166,389163,413870,15469
2,KCCX20221223_131648_V06,42.661,0.243,32.385,189.137,53.953,-79.604,41.411,26976.310,144834.622,20221223_081648,479168,384329,411508,16746
2,KCCX20221223_132125_V06,47.278,0.351,35.857,183.752,53.288,-79.584,41.436,26643.779,144295.518,20221223_082125,479170,373867,409235,16552
2,KCCX20221223_132600_V06,51.861,0.112,39.801,175.268,58.628,-79.561,41.474,29314.167,144275.194,20221223_082600,479175,365348,407082,16422
2,KCCX20221223_133037_V06,56.478,0.190,42.500,167.052,61.616,-79.546,41.511,30807.769,144897.818,20221223_083037,479177,361553,406689,16886
1,KCCX20221223_122440_V06,-9.472,0.055,12.893,279.227,23.425,-79.710,41.004,11712.530,143928.577,20221223_072440,479172,403120,407695,16643
1,KCCX20221227_114147_V06,-53.847,0.059,197.171,422.563,7.407,-78.609,40.370,3703.661,79992.800,20221227_064147,479165,2336,71210,720
1,KCCX20221227_114844_V06,-46.897,0.131,197.347,421.912,14.412,-78.608,40.373,7206.187,79687.260,20221227_064844,479170,2010,67167,584
1,KCCX20221230_113708_V06,-59.232,0.062,198.028,424.354,5.810,-78.604,40.362,2905.121,80408.648,20221230_063708,479170,4262,65404,1038
3,KCCX20221230_115113_V06,-45.148,0.240,316.164,283.221,24.565,-77.908,40.999,12282.333,11649.265,20221230_065113,479170,5510,70632,1356
4,KCCX20221230_115113_V06,-45.148,0.195,413.096,168.992,32.836,-77.327,41.511,16418.068,86535.797,20221230_065113,479170,5510,70632,1356
5,KCCX20221230_120629_V06,-29.882,0.101,213.515,82.438,14.095,-78.525,41.901,7047.266,117060.648,20221230_070629,479171,7433,81168,1658
6,KCCX20221230_120629_V06,-29.882,0.052,167.901,124.535,27.540,-78.797,41.710,13770.140,109815.863,20221230_070629,479171,7433,81168,1658
13,KCCX20221230_130951_V06,33.485,0.070,290.143,82.235,32.229,-78.063,41.903,16114.410,108993.874,20221230_080951,479172,16066,69112,2608
2,KCCX20221231_115235_V06,-43.952,0.171,46.074,147.263,82.997,-79.527,41.601,41498.337,148161.191,20221231_065235,479167,24754,54064,2827
2,KCCX20221231_120639_V06,-29.885,0.081,57.462,149.139,91.992,-79.458,41.593,45995.997,142814.124,20221231_070639,479165,28191,59273,2157
1,KCCX20221231_113838_V06,-57.902,0.189,196.827,417.077,10.804,-78.611,40.394,5402.222,78025.126,20221231_063838,479172,25543,53478,2891
4,KCCX20221231_120639_V06,-29.885,0.066,23.022,477.342,27.650,-79.628,40.113,13824.995,164443.795,20221231_070639,479165,28191,59273,2157
10,KCCX20221231_134059_V06,64.448,0.121,175.564,43.084,57.556,-78.756,42.077,28777.760,142732.157,20221231_084059,479176,66910,96158,13395
