track_id,filename,from_sunrise,det_score,x,y,r,lon,lat,radius,geo_dist,local_time,n_radar_pixels,n_refAbove40_pixels,n_xcorrAbove0.95_pixels,n_xcorrBelow0.95_refAbove40_pixels
1,KAPX20230603_100253_V06,7.985,0.059,399.523,423.240,27.256,-84.096,44.351,13627.832,79203.674,20230603_060253,479174,12049,52671,8467
2,KAPX20230604_104512_V06,50.759,0.223,397.994,411.051,23.046,-84.105,44.406,11523.182,74052.640,20230604_064512,479171,1678,58526,1039
2,KAPX20230604_105215_V06,57.809,0.106,394.091,415.762,31.587,-84.129,44.385,15793.672,74588.589,20230604_065215,479176,1520,58672,932
1,KAPX20230604_102354_V06,29.459,0.050,311.695,368.651,8.615,-84.646,44.598,4307.587,34820.079,20230604_062354,479177,1378,58821,809
4,KAPX20230605_092051_V06,-33.171,0.088,318.277,121.651,42.668,-84.602,45.710,21334.240,89641.691,20230605_052051,479178,102288,125741,14461
8,KAPX20230605_093802_V06,-15.987,0.060,412.932,225.168,59.085,-84.001,45.242,29542.431,67737.267,20230605_053802,479178,82493,121051,6757
2,KAPX20230608_090232_V06,-50.457,0.153,203.951,467.583,8.716,-85.320,44.152,4357.857,96578.140,20230608_050232,479178,4224,29601,2387
1,KAPX20230609_101809_V06,25.425,0.100,209.055,98.567,3.188,-85.305,45.812,1594.110,110505.845,20230609_061809,479176,5536,23076,3163
2,KAPX20230609_110139_V06,68.925,0.137,205.953,104.333,8.839,-85.324,45.786,4419.313,108547.755,20230609_070139,479174,5757,23727,3706
1,KAPX20230610_094454_V06,-7.598,0.066,346.429,330.366,14.002,-84.426,44.770,7001.205,27738.903,20230610_054454,479173,7610,38200,2544
2,KAPX20230615_091902_V06,-32.913,0.050,219.187,470.317,36.795,-85.225,44.140,18397.701,94258.304,20230615_051902,479176,133685,154776,6618
4,KAPX20230615_094338_V06,-8.313,0.077,441.362,19.249,19.758,-83.805,46.167,9879.169,157165.654,20230615_054338,479175,147439,172180,5725
1,KAPX20230621_090352_V06,-48.680,0.117,205.475,466.504,6.125,-85.311,44.156,3062.675,95732.029,20230621_050352,479176,12060,40392,8472
2,KAPX20230621_090352_V06,-48.680,0.071,168.151,144.979,4.870,-85.565,45.602,2434.809,101754.053,20230621_050352,479176,12060,40392,8472
3,KAPX20230621_091101_V06,-41.530,0.161,351.500,60.498,19.132,-84.387,45.984,9565.960,122488.470,20230621_051101,479176,11884,40252,8442
1,KAPX20230623_100121_V06,8.308,0.506,207.515,424.777,16.617,-85.300,44.344,8308.441,77657.711,20230623_060121,479178,17616,49945,9203
1,KAPX20230625_093339_V06,-20.029,0.061,23.513,175.697,35.980,-86.487,45.453,17990.084,151572.182,20230625_053339,479172,20577,55828,6710
1,KAPX20230625_093814_V06,-15.445,0.283,23.634,175.473,40.994,-86.486,45.454,20497.104,151562.942,20230625_053814,479174,22120,58521,7202
1,KAPX20230625_094252_V06,-10.812,0.440,25.586,172.556,40.426,-86.474,45.467,20213.101,151281.913,20230625_054252,479181,23277,59958,7757
1,KAPX20230625_094730_V06,-6.179,0.360,26.903,166.397,40.012,-86.467,45.495,20006.074,152012.904,20230625_054730,479181,24942,61439,8777
1,KAPX20230625_095206_V06,-1.579,0.130,27.712,158.906,40.337,-86.463,45.529,20168.523,153336.278,20230625_055206,479171,25910,62679,9516
5,KAPX20230625_101031_V06,16.838,0.133,39.068,465.263,40.579,-86.351,44.152,20289.570,154432.474,20230625_061031,479178,27027,68799,8936
5,KAPX20230625_101507_V06,21.438,0.373,39.865,465.737,46.094,-86.346,44.150,23047.043,154222.913,20230625_061507,479169,27577,69880,9099
5,KAPX20230625_101943_V06,26.038,0.239,42.135,463.483,47.291,-86.332,44.160,23645.504,152660.854,20230625_061943,479177,28405,70604,8581
5,KAPX20230625_102419_V06,30.638,0.322,44.760,459.348,45.174,-86.316,44.179,22586.828,150448.914,20230625_062419,479171,28105,71124,8760
5,KAPX20230625_102855_V06,35.238,0.089,49.204,444.495,53.723,-86.290,44.246,26861.468,144721.735,20230625_062855,479172,28570,71844,8410
19,KAPX20230626_094646_V06,-7.282,0.065,387.124,428.671,10.126,-84.174,44.327,5063.110,77696.271,20230626_054646,479171,60153,101309,8002
2,KAPX20230627_090119_V06,-53.136,0.291,388.533,558.748,23.728,-84.170,43.742,11864.090,136737.624,20230627_050119,479174,29115,67097,4835
2,KAPX20230627_090828_V06,-45.986,0.312,390.997,561.481,30.017,-84.155,43.729,15008.432,138431.058,20230627_050828,479170,31112,68167,5194
28,KAPX20230627_102925_V06,34.964,0.063,244.492,145.182,63.100,-85.075,45.603,31550.213,82233.853,20230627_062925,479172,48121,109390,4345
28,KAPX20230627_103356_V06,39.481,0.050,244.395,144.879,68.452,-85.076,45.605,34226.147,82392.834,20230627_063356,479180,53177,114426,4697
1,KAPX20230627_090119_V06,-53.136,0.325,510.936,479.146,17.590,-83.403,44.093,8794.764,138371.937,20230627_050119,479174,29115,67097,4835
9,KAPX20230627_090828_V06,-45.986,0.051,148.453,317.406,7.098,-85.678,44.825,3548.826,76271.448,20230627_050828,479170,31112,68167,5194
17,KAPX20230627_095241_V06,-1.769,0.113,300.858,125.779,48.511,-84.714,45.691,24255.402,87111.439,20230627_055241,479178,34619,81170,3788
18,KAPX20230627_095241_V06,-1.769,0.067,193.807,265.502,14.374,-85.394,45.060,7186.882,55827.829,20230627_055241,479178,34619,81170,3788
26,KAPX20230627_102023_V06,25.931,0.055,233.063,353.065,14.162,-85.142,44.668,7080.997,42709.776,20230627_062023,479172,46190,99972,4447
1,KAPX20230630_092109_V06,-34.710,0.097,297.562,419.003,8.120,-84.735,44.372,4059.767,59513.871,20230630_052109,479173,508,23560,236
1,KAPX20230701_090228_V06,-53.926,0.149,205.660,468.428,8.286,-85.309,44.148,4143.024,96524.523,20230701_050228,479167,19567,30963,14100
2,KAPX20230701_092304_V06,-33.326,0.055,334.504,414.855,37.418,-84.503,44.390,18709.234,59962.888,20230701_052304,479175,13630,36171,8267
5,KAPX20230701_110301_V06,66.624,0.393,321.666,146.183,8.695,-84.581,45.599,4347.256,77667.735,20230701_070301,479178,19704,53627,7531
2,KAPX20230702_090436_V06,-52.356,0.077,192.142,338.750,4.814,-85.401,44.731,2406.897,57303.940,20230702_050436,479172,17893,37770,13462
1,KAPX20230705_092135_V06,-37.240,0.054,346.334,409.068,32.998,-84.429,44.416,16499.048,59250.970,20230705_052135,479170,8674,26031,6226
15,KAPX20230706_101256_V06,13.431,0.074,35.234,101.293,25.704,-86.422,45.789,12851.941,165518.534,20230706_061256,479184,226305,266931,13443
1,KAPX20230707_094015_V06,-19.959,0.325,458.751,64.745,6.638,-83.696,45.961,3319.218,141904.026,20230707_054015,479169,4100,26230,2385
1,KAPX20230707_094705_V06,-13.126,0.051,458.944,64.264,14.194,-83.695,45.963,7097.003,142157.074,20230707_054705,479171,3812,25958,2188
9,KAPX20230708_104710_V06,46.224,0.148,48.560,265.653,58.528,-86.316,45.051,29263.939,126887.704,20230708_064710,479174,33303,75350,6600
9,KAPX20230708_105229_V06,51.541,0.376,49.068,263.980,64.830,-86.313,45.058,32414.950,126752.223,20230708_065229,479172,34665,76267,6272
9,KAPX20230708_110351_V06,62.907,0.178,57.370,245.609,71.506,-86.262,45.142,35752.810,124325.781,20230708_070351,479170,36866,77875,6129
5,KAPX20230708_101413_V06,13.274,0.051,408.323,497.073,19.814,-84.044,44.018,9906.981,112440.586,20230708_061413,479180,26095,65387,5849
7,KAPX20230708_101837_V06,17.674,0.056,495.271,83.123,28.830,-83.462,45.876,14414.967,145916.288,20230708_061837,479182,27160,66298,5803
8,KAPX20230708_102723_V06,26.441,0.162,16.695,275.594,26.151,-86.517,45.003,13075.338,142177.380,20230708_062723,479180,28933,68346,6037
11,KAPX20230708_112325_V06,82.474,0.197,19.060,251.610,28.742,-86.505,45.111,14371.065,142538.316,20230708_072325,479176,39592,82088,6280
2,KAPX20230710_093942_V06,-22.786,0.677,350.184,281.202,5.555,-84.402,44.991,2777.340,26794.552,20230710_053942,479168,32870,23373,22501
2,KAPX20230710_094426_V06,-18.053,0.327,350.638,281.269,10.884,-84.399,44.991,5442.105,26995.383,20230710_054426,479175,28873,24862,18515
2,KAPX20230710_094924_V06,-13.086,0.102,350.842,281.157,4.895,-84.397,44.992,2447.662,27110.618,20230710_054924,479173,33684,28225,20632
5,KAPX20230710_102715_V06,24.764,0.440,42.685,66.308,50.286,-86.379,45.947,25143.141,173797.878,20230710_062715,479178,4439,24874,878
5,KAPX20230710_103152_V06,29.381,0.192,44.982,64.523,55.778,-86.364,45.955,27889.112,173554.038,20230710_063152,479178,10969,28895,2559
1,KAPX20230713_101147_V06,6.801,0.071,293.296,418.223,15.802,-84.762,44.375,7900.881,59206.506,20230713_061147,479166,3038,37601,2214
11,KAPX20230715_094932_V06,-17.223,0.054,183.890,397.494,17.013,-85.449,44.466,8506.651,75806.448,20230715_054932,479178,136674,177718,12571
15,KAPX20230715_101135_V06,4.827,0.089,127.057,128.124,44.946,-85.830,45.675,22472.931,121912.526,20230715_061135,479178,111823,157753,9296
16,KAPX20230715_101135_V06,4.827,0.055,190.620,279.188,53.321,-85.413,44.999,26660.418,55671.195,20230715_061135,479178,111823,157753,9296
20,KAPX20230715_102805_V06,21.327,0.134,302.903,206.947,14.860,-84.701,45.326,7430.031,46548.923,20230715_062805,479176,99782,146953,9065
23,KAPX20230715_103922_V06,32.611,0.055,200.214,189.595,29.386,-85.357,45.402,14692.909,74408.575,20230715_063922,479181,93536,140092,9784
27,KAPX20230715_110332_V06,56.777,0.080,415.790,348.581,25.580,-83.989,44.686,12790.195,62784.216,20230715_070332,479183,90547,142468,8139
1,KAPX20230716_091315_V06,-54.423,0.125,265.699,334.960,10.666,-84.936,44.750,5333.052,24488.813,20230716_051315,479171,39311,51156,29101
6,KAPX20230717_103616_V06,27.657,0.062,24.469,425.535,39.627,-86.447,44.329,19813.690,151390.561,20230717_063616,479170,1861,51297,885
6,KAPX20230717_104313_V06,34.607,0.129,26.075,429.521,48.919,-86.436,44.311,24459.335,151501.575,20230717_064313,479174,2307,52660,1000
5,KAPX20230720_094920_V06,-22.190,0.054,458.094,527.633,34.315,-83.736,43.879,17157.743,138573.751,20230720_054920,479174,126908,143986,32085
1,KAPX20230722_110223_V06,48.838,0.772,160.636,69.697,7.267,-85.618,45.940,3633.326,134593.846,20230722_070223,479171,4820,27497,2855
12,KAPX20230723_113032_V06,75.956,0.072,334.568,380.276,31.449,-84.502,44.546,15724.350,43701.068,20230723_073032,479179,17120,52376,4634
1,KAPX20230724_104129_V06,25.861,0.109,242.499,494.626,31.769,-85.078,44.031,15884.459,101471.076,20230724_064129,479167,12490,28397,10220
1,KAPX20230727_102144_V06,2.906,0.750,64.729,435.002,16.915,-86.194,44.290,8457.560,135626.456,20230727_062144,479179,1333,31276,872
1,KAPX20230727_102854_V06,10.072,0.388,66.516,433.249,30.119,-86.183,44.298,15059.637,134415.237,20230727_062854,479172,1763,32176,1138
12,KAPX20230728_102026_V06,0.516,0.410,82.556,430.819,18.909,-86.082,44.310,9454.615,126881.285,20230728_062026,479175,25166,72560,6037
12,KAPX20230728_102510_V06,5.249,0.240,83.450,430.463,26.859,-86.077,44.312,13429.523,126406.551,20230728_062510,479168,24637,69020,6689
12,KAPX20230728_102953_V06,9.966,0.249,87.932,430.471,34.235,-86.049,44.312,17117.463,124494.270,20230728_062953,479170,23623,66432,6210
12,KAPX20230728_103436_V06,14.683,0.085,95.854,435.073,37.803,-85.999,44.292,18901.543,122393.043,20230728_063436,479177,21926,63252,6521
11,KAPX20230728_102026_V06,0.516,0.811,382.323,394.344,35.947,-84.202,44.482,17973.291,62605.637,20230728_062026,479175,25166,72560,6037
11,KAPX20230728_102510_V06,5.249,0.811,391.721,393.503,37.715,-84.143,44.485,18857.270,65489.877,20230728_062510,479168,24637,69020,6689
24,KAPX20230729_111519_V06,54.301,0.139,219.514,412.112,7.630,-85.225,44.402,3815.088,69005.549,20230729_071519,479172,94577,142477,9975
24,KAPX20230729_112027_V06,59.434,0.106,220.368,412.684,13.881,-85.219,44.399,6940.570,68990.857,20230729_072027,479184,87589,137011,8388
24,KAPX20230729_112519_V06,64.301,0.265,224.925,413.650,15.557,-85.191,44.395,7778.430,68103.955,20230729_072519,479180,82041,129817,8273
15,KAPX20230729_102958_V06,8.951,0.054,300.952,588.797,16.243,-84.714,43.608,8121.305,144399.467,20230729_062958,479191,127044,173144,8776
15,KAPX20230729_103415_V06,13.234,0.063,301.965,589.019,21.671,-84.708,43.607,10835.296,144512.908,20230729_063415,479191,121947,169337,8149
1,KAPX20230730_101944_V06,-2.390,0.680,60.413,433.057,15.962,-86.221,44.299,7980.889,137027.481,20230730_061944,479173,2133,26363,1211
1,KAPX20230730_102654_V06,4.776,0.811,61.585,433.317,27.763,-86.214,44.298,13881.431,136578.867,20230730_062654,479172,2924,22670,1905
1,KAPX20230730_103403_V06,11.926,0.627,65.574,437.358,35.449,-86.188,44.280,17724.344,135851.624,20230730_063403,479172,3636,20883,2754
1,KAPX20230730_104108_V06,19.010,0.085,62.310,436.579,46.356,-86.209,44.283,23177.970,137067.922,20230730_064108,479169,3718,18798,2909
1,KAPX20230731_102533_V06,2.311,0.859,69.017,427.987,24.034,-86.168,44.322,12016.760,132035.646,20230731_062533,479175,2752,33090,1676
1,KAPX20230731_103244_V06,9.494,0.607,69.690,433.061,32.195,-86.163,44.299,16097.581,132992.468,20230731_063244,479171,2983,31253,2000
1,KAPX20230731_103954_V06,16.661,0.296,73.517,431.021,44.603,-86.139,44.309,22301.262,130825.463,20230731_063954,479171,4065,29701,2936
19,KAPX20230801_102451_V06,0.487,0.057,462.019,576.629,22.635,-83.716,43.658,11317.303,160291.876,20230801_062451,479177,17635,38843,2610
19,KAPX20230801_102934_V06,5.204,0.566,463.074,574.839,29.294,-83.709,43.666,14646.806,159788.721,20230801_062934,479174,19609,38959,3522
19,KAPX20230801_103417_V06,9.921,0.363,464.441,571.878,31.175,-83.700,43.679,15587.506,158870.057,20230801_063417,479174,20700,40284,3610
19,KAPX20230801_103849_V06,14.454,0.097,469.476,565.387,33.525,-83.668,43.708,16762.546,157442.308,20230801_063849,479175,22103,40827,3886
20,KAPX20230801_102934_V06,5.204,0.519,68.184,422.870,14.480,-86.173,44.345,7240.010,131182.644,20230801_062934,479174,19609,38959,3522
20,KAPX20230801_103417_V06,9.921,0.722,70.056,423.790,20.986,-86.162,44.341,10492.934,130573.943,20230801_063417,479174,20700,40284,3610
20,KAPX20230801_103849_V06,14.454,0.337,74.007,423.353,28.078,-86.137,44.343,14039.036,128733.194,20230801_063849,479175,22103,40827,3886
20,KAPX20230801_104312_V06,18.837,0.059,77.687,420.337,36.383,-86.114,44.357,18191.640,126396.091,20230801_064312,479175,22774,40722,4330
1,KAPX20230801_092828_V06,-55.896,0.455,173.321,132.207,23.624,-85.532,45.659,11811.888,105121.190,20230801_052828,479169,35549,66102,18980
14,KAPX20230801_100118_V06,-23.063,0.059,340.519,146.748,26.919,-84.460,45.596,13459.461,79259.183,20230801_060118,479182,15045,41699,3495
16,KAPX20230801_100556_V06,-18.429,0.204,197.414,408.231,20.142,-85.364,44.418,10071.114,74561.842,20230801_060556,479175,14139,38238,2743
2,KAPX20230802_102331_V06,-1.977,0.164,73.341,427.063,15.025,-86.141,44.327,7512.400,129922.275,20230802_062331,479171,3464,31214,1731
2,KAPX20230802_103036_V06,5.107,-1.000,73.341,427.063,26.287,-86.141,44.327,13143.650,129922.275,20230802_063036,479172,4127,32122,2209
2,KAPX20230802_103725_V06,11.923,0.060,83.732,425.645,36.726,-86.076,44.334,18362.938,125058.478,20230802_063725,479178,4516,33674,2304
1,KAPX20230803_094408_V06,-42.497,0.072,448.056,126.642,13.732,-83.769,45.683,6865.929,113988.765,20230803_054408,479171,5264,52258,3280
3,KAPX20230803_104042_V06,14.070,0.203,27.570,398.527,49.749,-86.431,44.451,24874.588,144849.833,20230803_064042,479173,4132,51219,2918
1,KAPX20230804_100601_V06,-21.757,0.315,439.389,295.529,9.246,-83.837,44.924,4622.971,69730.421,20230804_060601,479175,3895,33604,2284
3,KAPX20230804_104144_V06,13.959,0.081,271.134,573.759,12.139,-84.899,43.675,6069.616,137638.247,20230804_064144,479172,9646,43128,6812
4,KAPX20230804_111024_V06,42.626,0.082,354.896,422.604,31.062,-84.375,44.355,15531.157,67166.213,20230804_071024,479170,9817,48078,6712
1,KAPX20230805_102333_V06,-5.373,0.289,453.327,582.113,23.128,-83.770,43.634,11563.894,160543.612,20230805_062333,479172,2349,41248,1354
1,KAPX20230805_103044_V06,1.810,0.543,454.647,580.801,30.261,-83.761,43.640,15130.717,160284.749,20230805_063044,479172,3642,42736,2441
1,KAPX20230805_103754_V06,8.977,0.649,462.598,577.418,29.149,-83.712,43.654,14574.436,160778.536,20230805_063754,479173,4613,42806,3346
1,KAPX20230805_104504_V06,16.143,0.693,467.438,576.497,31.537,-83.682,43.658,15768.698,161621.631,20230805_064504,479178,5015,42234,3788
1,KAPX20230805_105214_V06,23.310,0.555,468.273,573.458,37.685,-83.676,43.672,18842.398,160542.354,20230805_065214,479173,5263,42250,3872
2,KAPX20230805_104504_V06,16.143,0.088,47.009,408.715,44.239,-86.308,44.407,22119.522,137680.220,20230805_064504,479178,5015,42234,3788
1,KAPX20230806_102335_V06,-6.495,0.716,447.679,573.801,24.748,-83.804,43.671,12374.037,155544.322,20230806_062335,479174,1407,16200,974
1,KAPX20230806_102818_V06,-1.778,0.846,448.970,571.323,30.683,-83.796,43.683,15341.511,154764.381,20230806_062818,479174,2081,17515,1532
1,KAPX20230806_103302_V06,2.955,0.866,447.145,567.327,33.468,-83.807,43.701,16734.136,152574.032,20230806_063302,479171,2881,17226,2202
1,KAPX20230806_103745_V06,7.672,0.892,445.130,563.488,41.316,-83.819,43.718,20658.158,150406.614,20230806_063745,479176,3424,16617,2657
1,KAPX20230806_104229_V06,12.405,0.854,446.012,560.730,46.126,-83.814,43.730,23063.187,149415.400,20230806_064229,479174,3688,16051,2905
1,KAPX20230806_104712_V06,17.122,0.804,448.858,551.132,53.041,-83.795,43.773,26520.430,145967.217,20230806_064712,479174,3783,15300,2913
1,KAPX20230806_105155_V06,21.838,0.545,447.544,550.818,54.288,-83.803,43.775,27143.888,145498.096,20230806_065155,479172,3383,14968,2523
1,KAPX20230806_110124_V06,31.322,0.249,452.829,543.472,59.979,-83.770,43.808,29989.288,143731.921,20230806_070124,479177,2455,14465,1635
2,KAPX20230806_103302_V06,2.955,0.119,33.695,426.937,26.160,-86.389,44.324,13080.089,147505.453,20230806_063302,479171,2881,17226,2202
2,KAPX20230806_103745_V06,7.672,0.909,33.255,430.557,30.127,-86.391,44.307,15063.723,148490.559,20230806_063745,479176,3424,16617,2657
2,KAPX20230806_104229_V06,12.405,0.864,32.697,434.640,31.529,-86.394,44.289,15764.497,149648.799,20230806_064229,479174,3688,16051,2905
2,KAPX20230806_104712_V06,17.122,0.711,31.924,428.146,39.865,-86.400,44.318,19932.411,148565.062,20230806_064712,479174,3783,15300,2913
2,KAPX20230806_105155_V06,21.838,0.407,34.709,421.473,50.389,-86.383,44.348,25194.719,145889.395,20230806_065155,479172,3383,14968,2523
3,KAPX20230807_103145_V06,0.512,0.613,49.040,433.994,20.850,-86.292,44.293,10424.845,142245.622,20230807_063145,479179,34922,77327,3797
3,KAPX20230807_103628_V06,5.228,0.459,44.700,435.163,29.705,-86.319,44.288,14852.735,144436.337,20230807_063628,479174,33718,75260,3669
3,KAPX20230807_104114_V06,9.995,0.451,35.988,436.836,38.930,-86.373,44.279,19465.212,148682.739,20230807_064114,479175,33239,74691,3660
3,KAPX20230807_104557_V06,14.712,0.175,33.793,428.309,51.950,-86.388,44.318,25975.236,147757.464,20230807_064557,479178,33277,74067,3927
1,KAPX20230808_103107_V06,-1.286,0.073,71.243,425.205,20.935,-86.154,44.335,10467.630,130390.057,20230808_063107,479176,3636,29144,2287
2,KAPX20230809_103029_V06,-3.088,0.314,72.004,425.908,20.179,-86.149,44.332,10089.339,130225.718,20230809_063029,479174,6407,31462,3254
2,KAPX20230809_103502_V06,1.462,0.616,72.300,426.934,25.925,-86.147,44.327,12962.424,130345.389,20230809_063502,479171,6318,31023,3254
2,KAPX20230809_103938_V06,6.062,0.435,75.214,427.934,31.894,-86.129,44.323,15947.131,129321.142,20230809_063938,479172,7117,31885,3544
2,KAPX20230809_104416_V06,10.695,0.256,77.322,425.758,38.511,-86.116,44.333,19255.339,127867.685,20230809_064416,479175,6872,31990,3402
2,KAPX20230809_104853_V06,15.312,0.075,84.247,425.964,42.401,-86.072,44.332,21200.401,124916.071,20230809_064853,479173,7642,32515,4115
13,KAPX20230810_103310_V06,-1.578,0.474,61.575,429.435,14.370,-86.214,44.315,7185.227,135646.215,20230810_063310,479174,11146,51974,1468
13,KAPX20230810_103747_V06,3.039,0.214,61.559,429.797,20.195,-86.214,44.313,10097.666,135740.045,20230810_063747,479174,10814,50758,1553
13,KAPX20230810_104224_V06,7.656,-1.000,61.546,430.079,26.353,-86.214,44.312,13176.573,135813.387,20230810_064224,479176,11080,51106,1689
13,KAPX20230810_104701_V06,12.272,-1.000,61.532,430.362,32.511,-86.214,44.311,16255.481,135886.836,20230810_064701,479179,11561,50877,1795
13,KAPX20230810_105137_V06,16.872,-1.000,61.519,430.643,38.647,-86.214,44.310,19323.274,135960.126,20230810_065137,479179,12523,50684,2497
13,KAPX20230810_110050_V06,26.089,0.185,31.325,417.110,47.946,-86.405,44.368,23973.172,146544.416,20230810_070050,479181,13939,50907,2670
27,KAPX20230810_115251_V06,78.106,0.093,346.599,367.789,12.089,-84.426,44.602,6044.605,41130.457,20230810_075251,479170,16603,50361,5868
27,KAPX20230810_120217_V06,87.539,0.106,355.583,369.357,21.513,-84.370,44.595,10756.336,44440.690,20230810_080217,479178,15457,51424,5341
8,KAPX20230810_101003_V06,-24.694,0.396,298.165,225.328,22.252,-84.731,45.243,11125.854,37347.485,20230810_061003,479175,24158,57195,9346
17,KAPX20230810_105137_V06,16.872,0.100,29.321,428.183,36.133,-86.416,44.318,18066.418,149748.033,20230810_065137,479179,12523,50684,2497
25,KAPX20230810_114324_V06,68.656,0.109,343.854,406.948,29.170,-84.444,44.426,14584.900,57794.888,20230810_074324,479173,15105,48488,4484
2,KAPX20230811_103455_V06,-1.003,0.116,71.176,423.988,24.322,-86.154,44.340,12161.139,130128.312,20230811_063455,479172,3051,14068,2134
2,KAPX20230811_104156_V06,6.013,0.319,76.028,422.151,37.332,-86.124,44.349,18666.043,127558.230,20230811_064156,479176,3722,14354,2636
3,KAPX20230811_104905_V06,13.163,0.107,219.012,484.237,5.369,-85.225,44.077,2684.314,100626.040,20230811_064905,479173,6196,15593,4748
4,KAPX20230812_103729_V06,0.384,0.186,77.123,425.763,20.434,-86.117,44.333,10216.982,127955.548,20230812_063729,479180,1989,32173,477
4,KAPX20230812_104036_V06,3.501,0.296,77.537,425.785,25.338,-86.114,44.333,12668.926,127780.866,20230812_064036,479190,1780,32885,437
4,KAPX20230812_104344_V06,6.634,0.400,82.021,429.013,27.271,-86.086,44.319,13635.692,126648.180,20230812_064344,479194,1969,33036,689
4,KAPX20230812_104651_V06,9.751,0.563,89.653,430.850,28.717,-86.038,44.311,14358.504,123862.285,20230812_064651,479187,1891,33164,708
4,KAPX20230812_104959_V06,12.884,0.205,95.262,431.376,31.986,-86.003,44.309,15992.891,121631.873,20230812_064959,479193,1839,33033,707
1,KAPX20230812_093816_V06,-58.832,0.052,203.792,463.149,3.339,-85.321,44.172,1669.270,94701.819,20230812_053816,479179,26517,44646,7634
5,KAPX20230812_103729_V06,0.384,0.097,278.215,82.541,21.644,-84.860,45.885,10821.880,109273.505,20230812_063729,479180,1989,32173,477
5,KAPX20230812_104036_V06,3.501,-1.000,278.215,82.541,26.599,-84.860,45.885,13299.630,109273.505,20230812_064036,479190,1780,32885,437
5,KAPX20230812_104344_V06,6.634,0.294,283.947,79.745,19.559,-84.823,45.898,9779.743,110419.691,20230812_064344,479194,1969,33036,689
6,KAPX20230812_103729_V06,0.384,0.070,57.254,418.448,5.329,-86.242,44.364,2664.667,135051.434,20230812_063729,479180,1989,32173,477
7,KAPX20230813_104235_V06,4.303,0.278,73.427,435.121,25.826,-86.139,44.290,12912.933,131902.569,20230813_064235,479170,24411,100936,1434
7,KAPX20230813_104925_V06,11.136,0.212,75.427,437.775,33.429,-86.126,44.279,16714.492,131733.549,20230813_064925,479175,24271,103347,1702
7,KAPX20230813_110315_V06,24.970,0.065,87.355,447.328,42.895,-86.051,44.237,21447.274,129347.811,20230813_070315,479178,24726,104037,1628
6,KAPX20230813_103541_V06,-2.597,0.539,254.566,167.702,39.526,-85.010,45.502,19762.794,69940.891,20230813_063541,479176,23239,96998,877
6,KAPX20230813_104235_V06,4.303,0.219,256.441,170.043,45.874,-84.998,45.492,22937.020,68531.530,20230813_064235,479170,24411,100936,1434
4,KAPX20230813_102838_V06,-9.647,0.279,250.800,158.722,44.147,-85.035,45.542,22073.713,74799.650,20230813_062838,479178,22084,91624,583
3,KAPX20230814_104750_V06,8.370,0.479,51.596,421.859,25.672,-86.277,44.348,12836.105,138342.080,20230814_064750,479175,12961,25857,7804
3,KAPX20230814_110142_V06,22.236,0.160,49.312,425.577,43.777,-86.291,44.331,21888.717,140190.703,20230814_070142,479173,14891,27226,9334
7,KAPX20230815_110711_V06,26.534,0.282,27.355,442.740,31.999,-86.427,44.252,15999.348,153875.055,20230815_070711,479179,104390,127705,16271
4,KAPX20230816_103921_V06,-2.485,0.132,280.845,44.397,25.074,-84.843,46.057,12536.835,128159.700,20230816_063921,479177,14752,33547,2836
4,KAPX20230816_104359_V06,2.148,0.162,283.081,45.365,30.808,-84.829,46.053,15403.962,127598.080,20230816_064359,479177,15269,33184,3563
4,KAPX20230816_104829_V06,6.648,0.233,292.663,49.123,31.484,-84.767,46.036,15741.879,125491.894,20230816_064829,479175,15527,33193,3794
4,KAPX20230816_105253_V06,11.048,0.083,302.833,54.982,31.805,-84.701,46.010,15902.540,122517.158,20230816_065253,479173,15516,33202,3629
4,KAPX20230816_110207_V06,20.281,0.077,317.642,66.629,33.308,-84.606,45.957,16653.831,117018.319,20230816_070207,479178,15634,32761,4052
9,KAPX20230816_112951_V06,48.015,0.065,23.350,227.596,33.486,-86.481,45.219,16742.907,142983.723,20230816_072951,479177,13637,29653,2989
9,KAPX20230816_113414_V06,52.398,0.084,24.400,226.826,40.882,-86.474,45.223,20441.020,142574.240,20230816_073414,479178,12958,28881,2514
6,KAPX20230816_104829_V06,6.648,0.066,75.587,421.158,33.452,-86.127,44.353,16725.883,127515.399,20230816_064829,479175,15527,33193,3794
5,KAPX20230817_101109_V06,-31.873,0.137,90.880,190.180,103.848,-86.055,45.394,51923.950,118101.196,20230817_061109,479182,190214,193479,18489
5,KAPX20230817_101554_V06,-27.123,0.079,92.502,189.932,110.556,-86.045,45.395,55277.842,117441.974,20230817_061554,479180,197190,201443,17619
5,KAPX20230817_102037_V06,-22.406,-1.000,93.773,189.738,117.393,-86.037,45.396,58696.298,116926.310,20230817_062037,479187,206236,211479,16581
5,KAPX20230817_102522_V06,-17.656,0.122,120.834,187.410,127.193,-85.864,45.408,63596.306,105802.914,20230817_062522,479185,216174,221411,15399
5,KAPX20230817_103008_V06,-12.890,0.104,123.451,185.820,131.245,-85.847,45.415,65622.439,105126.747,20230817_063008,479190,224864,227680,16319
1,KAPX20230818_105131_V06,7.305,0.142,63.026,448.906,19.617,-86.203,44.228,9808.640,139937.393,20230818_065131,479175,2002,44681,1302
2,KAPX20230820_094938_V06,-56.956,0.051,229.577,214.368,2.250,-85.169,45.292,1125.114,55435.375,20230820_054938,479170,15071,22650,11340
3,KAPX20230820_103243_V06,-13.873,0.058,210.413,408.103,1.997,-85.282,44.419,998.344,70199.734,20230820_063243,479172,647,22432,405
2,KAPX20230822_103632_V06,-12.434,0.053,71.451,380.267,65.699,-86.158,44.537,32849.457,121117.325,20230822_063632,479179,182175,203286,17718
2,KAPX20230822_104249_V06,-6.151,0.054,73.856,378.846,75.664,-86.143,44.544,37832.137,119747.197,20230822_064249,479179,186795,208948,15138
2,KAPX20230822_104859_V06,0.016,0.089,88.849,380.787,77.873,-86.048,44.536,38936.351,113038.889,20230822_064859,479178,186730,209817,13932
2,KAPX20230822_110132_V06,12.566,0.050,103.854,348.740,24.853,-85.957,44.681,12426.565,101055.378,20230822_070132,479176,201061,217736,16166
2,KAPX20230824_104940_V06,-1.678,0.139,25.265,452.869,31.523,-86.438,44.206,15761.358,157200.592,20230824_064940,479175,9580,52771,1620
1,KAPX20230825_111657_V06,24.418,0.056,458.385,579.047,28.626,-83.738,43.647,14312.923,160431.609,20230825_071657,479173,56532,58455,38824
2,KAPX20230826_105004_V06,-3.651,0.118,201.748,481.771,5.282,-85.333,44.088,2641.094,103312.943,20230826_065004,479173,21420,76749,13860
2,KAPX20230826_110406_V06,10.382,0.088,201.704,483.509,17.024,-85.333,44.080,8512.048,104088.319,20230826_070406,479175,41815,90751,29373
1,KAPX20230826_105004_V06,-3.651,0.127,331.880,420.761,33.523,-84.520,44.364,16761.545,62449.267,20230826_065004,479173,21420,76749,13860
2,KAPX20230828_104402_V06,-12.055,0.463,187.250,67.700,16.543,-85.447,45.950,8271.709,129108.400,20230828_064402,479174,6426,42440,4437
2,KAPX20230828_105112_V06,-4.889,0.056,187.310,68.626,28.189,-85.446,45.946,14094.251,128679.037,20230828_065112,479171,8354,44020,6021
2,KAPX20230828_110533_V06,9.461,0.099,192.502,66.445,31.023,-85.413,45.956,15511.581,128553.119,20230828_070533,479173,9491,48548,7069
3,KAPX20230828_110533_V06,9.461,0.105,475.325,571.201,33.438,-83.633,43.682,16719.122,161468.846,20230828_070533,479173,9491,48548,7069
3,KAPX20230828_111243_V06,16.628,0.198,478.436,569.405,41.982,-83.613,43.690,20991.224,161569.021,20230828_071243,479172,10830,50484,8152
1,KAPX20230828_101523_V06,-40.705,0.099,225.420,77.959,7.512,-85.200,45.905,3756.117,117115.504,20230828_061523,479176,19113,46332,13748
6,KAPX20230829_103913_V06,-18.056,0.050,53.579,322.598,75.859,-86.277,44.795,37929.600,123727.316,20230829_063913,479175,176286,196471,14120
1,KAPX20230831_110417_V06,4.644,0.118,462.182,574.697,23.392,-83.714,43.667,11696.234,159500.298,20230831_070417,479172,2489,13982,1547
1,KAPX20230831_111116_V06,11.627,0.566,459.375,573.199,32.662,-83.732,43.674,16330.832,158144.211,20230831_071116,479174,2774,13581,1835
1,KAPX20230831_111827_V06,18.811,0.639,455.438,570.945,37.332,-83.756,43.684,18666.186,156182.938,20230831_071827,479179,2912,13451,2150
1,KAPX20230831_112539_V06,26.011,0.632,458.315,570.137,37.149,-83.738,43.687,18574.268,156554.725,20230831_072539,479173,3044,13932,2188
1,KAPX20230831_113251_V06,33.211,0.169,457.753,568.436,40.419,-83.741,43.695,20209.705,155678.865,20230831_073251,479171,2494,13476,1715
2,KAPX20230902_101705_V06,-44.921,0.111,8.451,142.993,14.396,-86.588,45.598,7197.783,165568.922,20230902_061705,479185,177738,102186,115378
2,KAPX20230902_102025_V06,-41.587,0.071,8.884,143.610,19.613,-86.585,45.596,9806.584,165232.130,20230902_062025,479185,184249,101961,119911
2,KAPX20230902_102345_V06,-38.254,0.071,17.298,156.374,23.350,-86.530,45.539,11674.751,158547.101,20230902_062345,479191,177405,104723,111635
5,KAPX20230902_103346_V06,-28.237,0.142,56.190,321.947,61.436,-86.261,44.798,30718.231,122397.782,20230902_063346,479185,157491,110014,92478
10,KAPX20230902_120129_V06,59.479,0.160,79.986,158.723,20.068,-86.128,45.534,10033.888,130733.977,20230902_080129,479187,100851,110607,50045
2,KAPX20230903_111912_V06,16.014,0.059,22.766,207.660,26.722,-86.487,45.309,13361.174,146103.585,20230903_071912,479172,71040,84182,48398
2,KAPX20230903_112612_V06,23.014,0.103,25.052,209.393,35.262,-86.473,45.301,17631.230,144746.156,20230903_072612,479178,71392,84907,46645
3,KAPX20230903_120540_V06,62.481,0.104,28.706,439.559,33.874,-86.419,44.267,16936.939,152542.634,20230903_080540,479179,68453,88097,36312
3,KAPX20230903_121017_V06,67.097,0.117,30.141,440.573,39.734,-86.410,44.262,19866.801,152138.414,20230903_081017,479178,64726,87378,33903
1,KAPX20230903_103749_V06,-25.369,0.104,4.856,296.555,5.743,-86.589,44.907,2871.477,147582.093,20230903_063749,479175,19754,40111,14543
1,KAPX20230904_121550_V06,71.465,0.101,286.180,39.054,15.546,-84.809,46.081,7773.148,130655.929,20230904_081550,479174,122431,53598,106376
1,KAPX20230904_122300_V06,78.632,0.229,288.719,39.116,22.391,-84.793,46.081,11195.366,130564.018,20230904_082300,479173,127500,54993,110182
1,KAPX20230905_111349_V06,8.266,0.098,297.419,296.751,21.184,-84.736,44.922,10591.881,2074.807,20230905_071349,479170,146459,53308,130478
10,KAPX20230906_110758_V06,1.234,0.058,382.887,164.596,33.448,-84.189,45.515,16723.930,79379.795,20230906_070758,479176,75114,110021,37847
11,KAPX20230906_111241_V06,5.950,0.087,311.653,175.199,17.948,-84.645,45.469,8974.117,62671.663,20230906_071241,479178,79653,118818,38652
14,KAPX20230906_112206_V06,15.367,0.129,381.293,165.179,17.737,-84.200,45.513,8868.374,78716.646,20230906_072206,479172,76729,124002,32094
18,KAPX20230906_112705_V06,20.350,0.099,291.797,138.721,51.124,-84.772,45.633,25562.239,80743.788,20230906_072705,479173,79068,127781,31777
2,KAPX20230907_104002_V06,-27.883,0.101,418.491,340.245,5.038,-83.972,44.724,2518.847,62569.455,20230907_064002,479179,71097,123501,25648
2,KAPX20230907_104446_V06,-23.149,0.163,418.333,339.890,11.661,-83.973,44.725,5830.495,62437.810,20230907_064446,479179,64619,132553,18581
13,KAPX20230907_111748_V06,9.884,0.125,385.537,265.032,21.574,-84.177,45.063,10786.934,46204.493,20230907_071748,479180,104047,133919,49203
24,KAPX20230907_114609_V06,38.234,0.098,242.876,524.478,12.649,-85.075,43.897,6324.457,115816.109,20230907_074609,479172,118246,166849,49051
33,KAPX20230907_120502_V06,57.117,0.053,240.551,162.608,4.860,-85.100,45.525,2429.817,74851.291,20230907_080502,479173,110505,170831,42454
3,KAPX20230909_112019_V06,10.033,0.061,457.530,573.221,28.137,-83.743,43.674,14068.473,157690.823,20230909_072019,479172,49212,52059,37879
3,KAPX20230909_112728_V06,17.183,0.691,456.973,568.064,32.024,-83.746,43.697,16012.160,155321.478,20230909_072728,479175,51092,50474,39334
3,KAPX20230909_113438_V06,24.350,0.670,457.188,564.176,33.792,-83.745,43.714,16895.834,153701.770,20230909_073438,479172,45487,49760,34548
3,KAPX20230909_114148_V06,31.517,0.221,453.352,562.891,39.683,-83.768,43.720,19841.395,152174.631,20230909_074148,479171,40981,49660,31098
1,KAPX20230909_105138_V06,-18.650,0.279,297.159,396.596,6.971,-84.738,44.473,3485.710,48318.927,20230909_065138,479172,58038,57741,45533
3,KAPX20230910_120525_V06,53.949,0.097,30.028,281.429,54.916,-86.431,44.978,27458.069,135304.962,20230910_080525,479171,52468,64858,12544
3,KAPX20230910_121002_V06,58.566,0.085,32.457,307.429,43.524,-86.412,44.861,21762.020,133823.190,20230910_081002,479183,53980,65539,13879
1,KAPX20230915_120559_V06,48.582,0.051,377.170,85.628,40.921,-84.223,45.871,20460.720,113919.648,20230915_080559,479172,4248,28287,2872
1,KAPX20230915_121308_V06,55.732,0.155,373.723,86.404,50.566,-84.245,45.867,25282.876,112980.287,20230915_081308,479176,4238,29777,2886
1,KAPX20230916_114932_V06,30.942,0.051,387.437,333.925,66.896,-84.168,44.753,33448.151,46893.792,20230916_074932,479178,12054,33876,5980
1,KAPX20230916_120352_V06,45.276,0.095,396.137,333.980,74.386,-84.113,44.753,37193.180,50982.703,20230916_080352,479174,14313,35779,7529
1,KAPX20230917_111309_V06,-6.632,0.076,370.003,303.180,8.408,-84.277,44.892,4204.124,35037.472,20230917_071309,479172,51561,70420,30754
5,KAPX20230920_104245_V06,-40.612,0.071,316.216,435.696,20.937,-84.618,44.297,10468.256,68330.990,20230920_064245,479177,15560,43658,4973
10,KAPX20230920_110045_V06,-22.612,0.132,330.018,444.253,19.826,-84.532,44.258,9913.136,73671.570,20230920_070045,479175,9408,35076,823
1,KAPX20230922_120933_V06,43.793,0.068,353.523,440.378,19.516,-84.385,44.275,9758.213,75117.679,20230922_080933,479170,28206,39532,22610
1,KAPX20230923_113331_V06,6.560,0.128,157.138,402.066,27.041,-85.617,44.444,13520.714,87788.115,20230923_073331,479172,61781,49234,53014
1,KAPX20230923_114034_V06,13.610,0.239,156.489,400.028,34.516,-85.621,44.454,17258.229,87465.806,20230923_074034,479173,57946,47816,50182
1,KAPX20230925_104404_V06,-45.296,0.055,26.786,495.885,32.990,-86.423,44.013,16494.804,168090.005,20230925_064404,479171,94217,39262,80364
1,KAPX20230925_105114_V06,-38.130,0.050,26.493,492.830,39.769,-86.426,44.027,19884.426,167323.999,20230925_065114,479172,73927,38845,61310
2,KAPX20230925_120028_V06,31.104,0.167,252.906,189.345,5.721,-85.020,45.405,2860.363,60129.794,20230925_080028,479175,14256,28110,10966
2,KAPX20230926_104939_V06,-40.920,0.122,455.680,390.979,28.284,-83.741,44.494,14141.855,90157.464,20230926_064939,479172,22324,35504,12133
2,KAPX20230928_105136_V06,-41.391,0.050,371.655,560.393,31.980,-84.275,43.735,15990.158,135036.035,20230928_065136,479174,21639,38472,12217
7,KAPX20231001_110122_V06,-35.281,0.669,363.710,411.414,17.419,-84.320,44.405,8709.351,64171.656,20231001_070122,479178,147711,110633,77752
7,KAPX20231001_110651_V06,-29.798,0.435,364.963,412.575,23.402,-84.312,44.400,11701.139,64987.305,20231001_070651,479173,122597,117946,52820
7,KAPX20231001_111221_V06,-24.298,0.097,366.994,418.878,23.769,-84.299,44.372,11884.364,68227.861,20231001_071221,479184,98155,125234,28452
7,KAPX20231001_111924_V06,-17.248,-1.000,369.353,425.634,25.750,-84.285,44.341,12875.123,71752.523,20231001_071924,479171,86272,131769,13751
7,KAPX20231001_112525_V06,-11.231,-1.000,371.367,431.399,27.441,-84.272,44.315,13720.665,74764.568,20231001_072525,479181,85206,134082,10226
7,KAPX20231001_113111_V06,-5.465,-1.000,373.297,436.925,29.062,-84.261,44.290,14531.073,77654.496,20231001_073111,479175,89667,140652,10404
7,KAPX20231001_113713_V06,0.569,0.075,377.714,428.656,30.513,-84.233,44.327,15256.332,75153.024,20231001_073713,479181,93938,143405,10330
1,KAPX20231001_103939_V06,-56.998,0.612,368.083,403.397,10.943,-84.292,44.441,5471.592,61899.557,20231001_063939,479170,171024,109279,101403
1,KAPX20231001_104454_V06,-51.748,0.205,368.259,404.636,16.840,-84.291,44.436,8420.054,62465.736,20231001_064454,479175,165753,109553,96027
1,KAPX20231001_105022_V06,-46.281,0.433,358.275,405.455,19.423,-84.354,44.432,9711.399,60242.846,20231001_065022,479181,164688,109574,94336
14,KAPX20231001_113713_V06,0.569,0.075,431.382,267.921,14.688,-83.886,45.049,7343.994,67620.785,20231001_073713,479181,93938,143405,10330
14,KAPX20231001_114330_V06,6.852,0.674,434.409,269.620,19.052,-83.867,45.041,9525.783,68899.954,20231001_074330,479178,100132,145543,10951
1,KAPX20231002_105352_V06,-44.008,0.104,404.497,122.393,65.980,-84.049,45.704,32989.990,103034.032,20231002_065352,479179,73575,89996,45783
1,KAPX20231002_110317_V06,-34.592,0.123,405.393,118.414,79.273,-84.043,45.722,39636.355,104977.720,20231002_070317,479174,62356,97899,34457
1,KAPX20231002_110800_V06,-29.875,0.267,399.902,124.492,81.026,-84.078,45.695,40513.064,100974.635,20231002_070800,479178,54658,96724,28687
3,KAPX20231002_113251_V06,-5.025,0.140,316.473,53.520,23.242,-84.613,46.016,11621.098,123514.905,20231002_073251,479181,38464,86924,18983
4,KAPX20231002_113251_V06,-5.025,0.064,90.528,174.682,24.523,-86.059,45.463,12261.265,122048.226,20231002_073251,479181,38464,86924,18983
2,KAPX20231004_104558_V06,-54.375,0.052,251.758,172.065,2.133,-85.028,45.482,1066.370,68364.082,20231004_064558,479173,6684,32996,4166
11,KAPX20231007_120331_V06,19.439,0.075,227.596,408.071,12.536,-85.174,44.420,6268.080,65041.557,20231007_080331,479170,212843,200408,47866
11,KAPX20231007_120904_V06,24.989,0.284,229.001,410.538,18.745,-85.165,44.409,9372.302,65687.741,20231007_080904,479179,212615,199911,48801
11,KAPX20231007_121422_V06,30.289,-1.000,230.124,412.510,25.081,-85.158,44.400,12540.339,66221.573,20231007_081422,479181,216343,201734,51118
11,KAPX20231007_122053_V06,36.806,-1.000,231.506,414.935,32.871,-85.150,44.389,16435.631,66898.503,20231007_082053,479173,218502,201222,53852
11,KAPX20231007_122606_V06,42.022,0.087,213.060,414.652,30.229,-85.265,44.390,15114.701,71943.980,20231007_082606,479176,216253,200283,54286
11,KAPX20231007_123130_V06,47.422,-1.000,206.796,415.819,33.321,-85.305,44.385,16660.460,74332.029,20231007_083130,479169,216764,199306,56457
11,KAPX20231007_123730_V06,53.422,0.065,219.973,439.224,23.153,-85.221,44.280,11576.609,80292.567,20231007_083730,479177,211789,197507,57578
7,KAPX20231007_112107_V06,-22.961,0.101,20.426,275.718,21.323,-86.493,45.003,10661.470,140313.126,20231007_072107,479176,194846,203626,38961
10,KAPX20231007_115223_V06,8.306,0.057,235.866,108.456,46.270,-85.132,45.768,23134.823,100997.980,20231007_075223,479176,206188,201917,42733
25,KAPX20231007_130150_V06,77.756,0.054,284.857,392.673,31.689,-84.815,44.490,15844.669,46950.863,20231007_090150,479174,208276,197161,57646
5,KAPX20231009_111757_V06,-28.643,0.101,321.718,389.313,9.089,-84.583,44.505,4544.495,45958.071,20231009_071757,479172,84370,116059,15478
9,KAPX20231009_113928_V06,-7.127,0.056,342.326,364.596,21.070,-84.453,44.616,10535.143,38613.800,20231009_073928,479176,91661,119613,21153
2,KAPX20231010_121953_V06,32.024,0.059,21.815,446.886,33.979,-86.461,44.233,16989.323,157291.582,20231010_081953,479173,61606,140273,6607
2,KAPX20231010_122702_V06,39.174,0.240,23.889,447.747,42.093,-86.448,44.229,21046.391,156577.991,20231010_082702,479174,63382,143649,5995
2,KAPX20231010_123413_V06,46.358,0.401,28.462,451.206,41.856,-86.419,44.214,20928.119,155399.770,20231010_083413,479167,67418,146789,6830
2,KAPX20231010_124121_V06,53.491,-1.000,32.535,454.177,43.130,-86.393,44.201,21565.109,154360.126,20231010_084121,479171,67595,150441,6459
2,KAPX20231010_124832_V06,60.674,0.100,33.774,453.363,43.803,-86.385,44.205,21901.732,153619.929,20231010_084832,479173,68607,151961,6564
2,KAPX20231010_130406_V06,76.241,0.054,33.294,465.928,49.025,-86.387,44.148,24512.731,157054.103,20231010_090406,479176,74986,158662,8020
1,KAPX20231010_113652_V06,-10.992,0.059,26.790,357.922,39.033,-86.441,44.634,19516.598,139641.267,20231010_073652,479173,50238,129508,4278
4,KAPX20231010_124121_V06,53.491,0.385,27.693,450.334,37.082,-86.424,44.218,18540.955,155524.577,20231010_084121,479171,67595,150441,6459
5,KAPX20231013_123216_V06,40.580,0.088,38.812,222.383,71.655,-86.383,45.244,35827.477,136238.289,20231013_083216,479171,89538,95669,26770
5,KAPX20231013_123739_V06,45.963,0.060,40.002,223.252,79.502,-86.376,45.241,39750.922,135544.542,20231013_083739,479178,88619,95253,26474
5,KAPX20231013_124301_V06,51.330,-1.000,40.985,223.969,87.446,-86.369,45.237,43723.146,134971.911,20231013_084301,479174,89793,96011,26917
5,KAPX20231013_124824_V06,56.713,-1.000,41.970,224.688,95.415,-86.363,45.234,47707.706,134397.817,20231013_084824,479176,90178,95085,27008
5,KAPX20231013_125347_V06,62.096,0.109,49.673,243.220,86.904,-86.311,45.152,43452.162,128343.070,20231013_085347,479178,91625,94407,27750
5,KAPX20231013_130449_V06,73.130,0.087,37.888,206.636,63.549,-86.391,45.315,31774.498,139122.001,20231013_090449,479180,93144,96523,26403
2,KAPX20231013_113900_V06,-12.687,0.079,44.850,263.947,85.324,-86.339,45.058,42661.903,128842.124,20231013_073900,479183,80971,108365,17598
2,KAPX20231013_114337_V06,-8.070,0.071,44.854,262.457,91.475,-86.340,45.065,45737.556,128946.746,20231013_074337,479175,80886,105133,18191
4,KAPX20231013_122222_V06,30.680,0.080,41.872,229.661,78.453,-86.363,45.212,39226.643,133769.870,20231013_082222,479175,90648,95708,27600
4,KAPX20231013_122714_V06,35.546,0.054,41.920,229.658,84.122,-86.362,45.212,42060.996,133747.175,20231013_082714,479175,90211,95530,27357
3,KAPX20231013_121659_V06,25.296,0.065,42.521,250.445,87.375,-86.356,45.118,43687.599,131102.088,20231013_081659,479178,91606,95701,28357
2,KAPX20231014_121234_V06,19.593,0.087,30.803,340.828,32.270,-86.418,44.711,16135.220,136137.765,20231014_081234,479172,25889,58316,6628
4,KAPX20231018_115141_V06,-6.487,0.191,21.904,413.414,28.478,-86.465,44.384,14238.912,150166.571,20231018_075141,479170,3280,13955,1665
5,KAPX20231018_121932_V06,21.363,0.066,22.699,224.471,27.653,-86.486,45.233,13826.384,143701.546,20231018_081932,479176,3221,14000,2051
1,KAPX20231019_113811_V06,-21.299,0.091,322.595,562.905,31.539,-84.580,43.724,15769.398,131936.998,20231019_073811,479177,336261,304167,59926
5,KAPX20231020_111318_V06,-47.499,0.054,173.888,97.201,31.406,-85.531,45.817,15702.824,119406.326,20231020_071318,479179,70636,124182,7411
13,KAPX20231020_114519_V06,-15.482,0.054,179.524,102.027,34.444,-85.494,45.795,17221.783,115874.644,20231020_074519,479169,81249,134565,9747
14,KAPX20231020_115044_V06,-10.065,0.650,407.194,347.956,6.947,-84.044,44.689,3473.341,58715.966,20231020_075044,479175,84060,136760,10514
28,KAPX20231020_125341_V06,52.885,0.061,32.840,180.402,33.741,-86.427,45.433,16870.724,146353.963,20231020_085341,479178,100421,152595,12461
1,KAPX20231021_112239_V06,-39.469,0.092,24.308,474.477,44.491,-86.442,44.109,22245.258,163131.904,20231021_072239,479185,49441,54731,33554
1,KAPX20231021_112710_V06,-34.953,0.051,24.049,470.572,36.805,-86.444,44.127,18402.712,162206.324,20231021_072710,479170,57485,55308,40186
3,KAPX20231021_123526_V06,33.314,0.065,25.298,457.463,41.008,-86.438,44.186,20503.836,158315.829,20231021_083526,479176,24122,43702,11439
3,KAPX20231023_130949_V06,65.042,0.094,23.717,394.726,33.535,-86.456,44.468,16767.582,146035.262,20231023_090949,479173,23402,42317,4491
7,KAPX20231025_122329_V06,16.037,0.058,45.619,194.298,76.930,-86.343,45.371,38465.218,137733.786,20231025_082329,479183,238883,284270,26125
7,KAPX20231025_122852_V06,21.421,0.087,47.713,198.005,83.222,-86.330,45.355,41610.804,136062.359,20231025_082852,479177,215513,275884,22367
7,KAPX20231025_123356_V06,26.487,0.075,63.189,198.922,90.396,-86.231,45.352,45197.940,128740.481,20231025_083356,479178,194423,264555,20057
7,KAPX20231025_123858_V06,31.521,-1.000,75.401,200.283,97.320,-86.153,45.347,48660.177,122870.164,20231025_083858,479179,172023,250866,17536
7,KAPX20231025_124400_V06,36.554,0.437,57.472,255.995,61.017,-86.260,45.095,30508.389,123243.877,20231025_084400,479174,153548,234185,16510
7,KAPX20231025_124846_V06,41.321,0.686,61.022,252.615,66.260,-86.238,45.110,33129.834,121815.396,20231025_084846,479172,137789,219610,15659
7,KAPX20231025_125334_V06,46.121,0.550,68.826,254.395,64.249,-86.188,45.103,32124.425,117814.694,20231025_085334,479177,123363,204960,15051
10,KAPX20231025_123858_V06,31.521,0.110,61.170,226.078,75.309,-86.240,45.230,37654.644,125004.282,20231025_083858,479179,172023,250866,17536
10,KAPX20231025_124400_V06,36.554,-1.000,61.170,226.078,83.312,-86.240,45.230,41656.144,125004.282,20231025_084400,479174,153548,234185,16510
10,KAPX20231025_124846_V06,41.321,0.056,108.573,180.141,31.948,-85.943,45.440,15974.049,112927.446,20231025_084846,479172,137789,219610,15659
16,KAPX20231025_125334_V06,46.121,0.375,395.943,416.988,24.603,-84.118,44.379,12301.687,75649.160,20231025_085334,479177,123363,204960,15051
4,KAPX20231027_114801_V06,-22.117,0.055,504.875,244.951,33.897,-83.417,45.147,16948.376,106071.091,20231027_074801,479172,18003,65589,1170
9,KAPX20231028_120113_V06,-10.266,0.195,303.317,170.252,24.583,-84.699,45.491,12291.271,64895.325,20231028_080113,479179,73943,102717,14863
14,KAPX20231028_122433_V06,13.067,0.223,334.914,326.964,17.522,-84.499,44.786,8761.036,22057.035,20231028_082433,479180,67139,75727,24601
20,KAPX20231028_130632_V06,55.051,0.090,294.592,161.193,19.499,-84.754,45.532,9749.443,69455.977,20231028_090632,479174,34807,52643,15083
7,KAPX20231029_121153_V06,-0.952,0.059,25.171,476.517,36.998,-86.436,44.100,18499.104,163316.518,20231029_081153,479173,73503,122999,8574
7,KAPX20231029_121904_V06,6.231,0.390,27.433,473.421,46.663,-86.422,44.114,23331.719,161529.941,20231029_081904,479171,79237,129549,11302
7,KAPX20231029_122614_V06,13.398,0.371,36.158,469.558,53.716,-86.368,44.132,26858.160,156813.914,20231029_082614,479173,81435,139618,11456
7,KAPX20231029_123325_V06,20.581,0.170,45.930,459.633,57.975,-86.308,44.178,28987.288,150028.426,20231029_083325,479172,83784,149587,10287
7,KAPX20231029_124035_V06,27.748,0.130,61.567,445.870,67.070,-86.212,44.241,33535.039,139757.026,20231029_084035,479171,90757,157506,10074
7,KAPX20231029_124746_V06,34.931,0.145,57.438,437.361,67.808,-86.239,44.279,33903.828,139377.468,20231029_084746,479172,95181,165002,10088
8,KAPX20231029_121904_V06,6.231,0.074,299.202,284.290,6.896,-84.725,44.978,3448.250,7865.332,20231029_081904,479171,79237,129549,11302
8,KAPX20231029_122614_V06,13.398,0.147,302.286,283.516,16.721,-84.705,44.981,8360.453,8320.912,20231029_082614,479173,81435,139618,11456
6,KAPX20231029_121153_V06,-0.952,0.063,33.186,322.735,33.116,-86.406,44.792,16558.067,133890.227,20231029_081153,479173,73503,122999,8574
14,KAPX20231029_130206_V06,49.264,0.050,243.500,312.781,8.491,-85.077,44.849,4245.283,28963.932,20231029_090206,479177,109435,179802,11766
26,KAPX20231030_133357_V06,79.758,0.052,103.599,308.199,29.537,-85.962,44.864,14768.662,98286.259,20231030_093357,479171,123702,217592,10780
26,KAPX20231030_134106_V06,86.908,0.175,107.468,305.909,37.436,-85.938,44.874,18718.025,96311.232,20231030_094106,479174,129602,219753,11543
3,KAPX20231030_115222_V06,-21.825,0.438,173.420,173.397,13.583,-85.529,45.474,6791.365,89513.681,20231030_075222,479171,82610,202342,15023
6,KAPX20231030_121351_V06,-0.342,0.271,288.664,416.660,48.182,-84.791,44.382,24090.895,58604.939,20231030_081351,479173,76860,198621,8827
18,KAPX20231030_124942_V06,35.508,0.074,326.614,61.033,33.812,-84.548,45.982,16906.231,120222.157,20231030_084942,479170,87451,199686,9157
6,KAPX20231031_120859_V06,-6.568,0.051,306.708,144.451,37.881,-84.677,45.607,18940.720,77846.999,20231031_080859,479172,54683,110052,3793
1,KAPX20231103_124209_V06,22.502,0.052,56.327,329.587,86.439,-86.259,44.764,43219.593,122731.236,20231103_084209,479174,86191,119382,7301
1,KAPX20231104_133745_V06,76.732,0.094,284.994,304.323,9.964,-84.815,44.888,4982.098,7808.373,20231104_093745,479173,2710,20452,1910
1,KAPX20231104_134439_V06,83.632,0.154,286.169,304.216,16.748,-84.807,44.888,8373.958,7229.413,20231104_094439,479172,2386,19943,1722
2,KAPX20231108_114848_V06,-37.708,0.061,23.696,176.910,27.316,-86.486,45.447,13657.768,151240.543,20231108_064848,479174,215740,290251,24968
2,KAPX20231108_115356_V06,-32.574,0.119,25.068,177.695,34.243,-86.477,45.444,17121.600,150454.256,20231108_065356,479180,222884,297304,24602
2,KAPX20231108_120458_V06,-21.541,0.296,34.898,172.523,45.315,-86.415,45.468,22657.272,147079.389,20231108_070458,479176,239683,308818,22279
2,KAPX20231108_121022_V06,-16.141,0.170,47.256,161.985,54.567,-86.337,45.517,27283.425,143985.984,20231108_071022,479180,247881,319847,20352
2,KAPX20231108_121616_V06,-10.241,0.402,52.956,168.068,56.844,-86.300,45.490,28422.099,140032.801,20231108_071616,479177,244903,314142,20834
1,KAPX20231108_113410_V06,-52.341,0.238,30.560,203.848,39.752,-86.438,45.327,19876.226,143041.023,20231108_063410,479171,222055,287109,24741
1,KAPX20231108_113903_V06,-47.458,0.138,31.698,204.543,44.556,-86.431,45.324,22277.765,142388.813,20231108_063903,479173,217997,289036,24079
5,KAPX20231109_125110_V06,23.287,0.059,325.885,153.621,70.343,-84.554,45.566,35171.665,74324.885,20231109_075110,479174,32031,83937,8402
13,KAPX20231109_133303_V06,65.170,0.070,402.450,154.261,69.175,-84.064,45.561,34587.467,89072.738,20231109_083303,479169,22687,74105,6653
2,KAPX20231110_130358_V06,34.715,0.267,304.815,310.875,20.685,-84.689,44.858,10342.430,5946.443,20231110_080358,479173,4493,21892,3272
1,KAPX20231116_120024_V06,-37.012,0.065,235.356,213.214,2.983,-85.132,45.297,1491.423,54107.831,20231116_070024,479174,20743,45741,14253
2,KAPX20231122_120522_V06,-39.960,0.160,296.741,202.087,6.251,-84.741,45.348,3125.744,48983.616,20231122_070522,479172,12991,41575,288
10,KAPX20231123_132953_V06,43.275,0.078,234.772,109.912,29.327,-85.139,45.762,14663.567,100484.174,20231123_082953,479174,7119,30804,423
18,KAPX20231123_135024_V06,63.792,0.054,257.129,128.562,34.624,-84.995,45.678,17311.804,88358.734,20231123_085024,479168,9349,49215,438
1,KAPX20231126_140932_V06,79.163,0.123,31.563,167.035,53.889,-86.437,45.493,26944.416,149781.562,20231126_090932,479172,451021,454096,12371
12,KAPX20231128_141012_V06,77.399,0.075,472.922,272.092,23.390,-83.623,45.028,11695.091,87579.685,20231128_091012,479173,82963,134640,2818
3,KAPX20231129_121049_V06,-43.173,0.129,417.541,133.813,17.793,-83.966,45.652,8896.320,101776.726,20231129_071049,479174,162031,218442,3591
7,KAPX20231129_122510_V06,-28.823,0.054,83.037,188.271,79.784,-86.105,45.402,39891.830,122020.621,20231129_072510,479174,144203,212348,4332
7,KAPX20231129_123219_V06,-21.673,-1.000,83.037,188.271,91.152,-86.105,45.402,45576.080,122020.621,20231129_073219,479171,131979,208314,3968
7,KAPX20231129_123929_V06,-14.506,0.147,133.846,207.721,66.437,-85.779,45.317,33218.536,95029.700,20231129_073929,479174,117109,201973,3673
2,KAPX20231205_121626_V06,-44.263,0.057,28.351,429.896,42.015,-86.422,44.310,21007.452,150554.036,20231205_071626,479173,523,12401,226
2,KAPX20231205_122325_V06,-37.280,0.066,28.441,430.203,49.245,-86.422,44.309,24622.307,150579.956,20231205_072325,479171,897,12285,454
2,KAPX20231205_123035_V06,-30.113,0.078,28.823,424.239,48.334,-86.420,44.335,24166.836,149141.275,20231205_073035,479170,1009,12375,361
2,KAPX20231205_123745_V06,-22.946,-1.000,29.150,419.404,49.008,-86.419,44.357,24504.141,148000.816,20231205_073745,479172,1103,12429,349
2,KAPX20231205_124454_V06,-15.796,-1.000,29.477,414.581,49.681,-86.417,44.379,24840.662,146894.014,20231205_074454,479171,1199,12631,384
2,KAPX20231205_125205_V06,-8.613,-1.000,29.805,409.735,50.358,-86.416,44.401,25178.751,145813.950,20231205_075205,479171,1572,13852,533
2,KAPX20231205_130619_V06,5.620,0.052,30.289,375.484,53.224,-86.417,44.555,26612.167,140037.302,20231205_080619,479173,1976,15012,542
2,KAPX20231205_131324_V06,12.704,0.159,33.813,380.452,57.669,-86.394,44.533,28834.594,139039.759,20231205_081324,479169,2060,16358,559
2,KAPX20231205_132034_V06,19.870,0.158,34.005,382.262,57.493,-86.393,44.525,28746.702,139212.562,20231205_082034,479173,2210,16727,595
2,KAPX20231205_132743_V06,27.020,0.107,36.030,384.065,61.284,-86.380,44.517,30641.993,138516.183,20231205_082743,479173,2426,16469,654
2,KAPX20231205_133452_V06,34.170,-1.000,37.748,385.834,64.304,-86.369,44.509,32152.127,137970.358,20231205_083452,479173,2424,17170,659
2,KAPX20231205_134204_V06,41.370,0.076,32.507,371.230,52.751,-86.404,44.574,26375.412,138407.055,20231205_084204,479173,2048,17589,576
2,KAPX20231205_134915_V06,48.554,0.194,32.477,372.403,59.818,-86.404,44.569,29909.008,138573.675,20231205_084915,479171,1723,18062,512
2,KAPX20231205_140335_V06,62.887,0.077,31.790,374.868,53.137,-86.408,44.558,26568.447,139231.627,20231205_090335,479173,2068,18474,548
10,KAPX20231209_132423_V06,19.701,0.065,26.285,518.390,35.413,-86.424,43.912,17706.614,175081.474,20231209_082423,479170,181201,233411,18137
14,KAPX20231209_140759_V06,63.301,0.084,204.942,363.624,21.461,-85.319,44.619,10730.452,57192.729,20231209_090759,479173,118780,199180,16431
15,KAPX20231209_141237_V06,67.935,0.123,229.123,416.483,23.973,-85.164,44.382,11986.403,68175.923,20231209_091237,479170,113577,196756,16716
3,KAPX20231210_122917_V06,-36.325,0.196,46.922,311.912,48.816,-86.320,44.842,24408.026,126679.301,20231210_072917,479171,78352,193167,3969
3,KAPX20231210_123628_V06,-29.142,0.188,47.446,314.515,57.421,-86.317,44.831,28710.388,126485.618,20231210_073628,479171,75193,185473,3891
5,KAPX20231211_130643_V06,0.213,0.183,274.791,109.310,27.794,-84.882,45.765,13896.778,96174.471,20231211_080643,479173,47609,131304,1993
5,KAPX20231211_131354_V06,7.396,0.235,282.152,119.635,24.913,-84.834,45.719,12456.738,90623.015,20231211_081354,479171,43462,126087,1998
2,KAPX20231213_132450_V06,16.633,0.194,40.734,484.117,52.673,-86.338,44.067,26336.708,158995.335,20231213_082450,479173,2774,18143,463
2,KAPX20231213_133141_V06,23.483,0.071,45.236,487.995,60.985,-86.309,44.050,30492.253,158308.558,20231213_083141,479173,3088,17904,527
1,KAPX20231213_131759_V06,9.783,0.149,33.041,452.852,52.134,-86.390,44.207,26067.230,153810.602,20231213_081759,479172,2686,18400,529
3,KAPX20231213_133849_V06,30.616,0.057,26.310,408.263,43.292,-86.438,44.407,21645.994,147162.204,20231213_083849,479173,2858,17564,341
1,KAPX20231216_121440_V06,-55.826,0.089,31.601,427.586,57.387,-86.402,44.321,28693.687,148590.377,20231216_071440,479171,208539,234967,31226
1,KAPX20231216_122150_V06,-48.659,0.238,32.623,430.956,64.931,-86.395,44.306,32465.602,148862.242,20231216_072150,479173,197494,226359,29379
1,KAPX20231216_122859_V06,-41.509,0.151,34.832,449.415,50.849,-86.379,44.223,25424.706,152183.305,20231216_072859,479170,190284,223289,27234
1,KAPX20231216_123609_V06,-34.342,0.065,35.260,448.259,57.018,-86.377,44.228,28508.838,151713.658,20231216_073609,479173,180651,217479,24859
4,KAPX20231216_131158_V06,1.474,0.063,34.019,509.893,42.774,-86.376,43.951,21386.906,169411.435,20231216_081158,479171,153467,183130,20352
6,KAPX20231216_134037_V06,30.124,0.076,24.628,435.772,50.623,-86.445,44.283,25311.333,153512.240,20231216_084037,479173,141023,176097,15551
8,KAPX20231216_140917_V06,58.791,0.061,47.468,424.534,65.032,-86.303,44.336,32515.854,140784.227,20231216_090917,479175,154008,195579,15099
10,KAPX20231216_141628_V06,65.974,0.088,25.180,506.919,36.920,-86.432,43.963,18460.094,172004.009,20231216_091628,479173,154674,201506,15642
3,KAPX20231217_130751_V06,-3.335,0.094,17.920,326.698,19.656,-86.502,44.773,9827.982,141670.166,20231217_080751,479173,18730,77677,4077
3,KAPX20231217_131504_V06,3.882,0.082,20.193,318.248,31.714,-86.488,44.811,15857.137,140200.699,20231217_081504,479174,19527,77728,3743
3,KAPX20231217_132154_V06,10.715,0.118,26.677,298.591,44.056,-86.450,44.900,22028.180,136663.404,20231217_082154,479172,20474,78085,3469
3,KAPX20231217_132845_V06,17.565,0.105,30.823,289.089,45.385,-86.425,44.944,22692.449,134699.060,20231217_082845,479175,21877,78036,3628
3,KAPX20231217_133540_V06,24.482,-1.000,35.407,277.387,49.671,-86.398,44.997,24835.381,132778.719,20231217_083540,479174,22474,77467,3430
3,KAPX20231217_134238_V06,31.448,-1.000,40.024,265.600,53.988,-86.370,45.050,26993.804,131120.797,20231217_084238,479175,24344,76779,4170
3,KAPX20231217_134938_V06,38.448,0.056,50.542,282.071,62.910,-86.301,44.977,31454.832,125050.565,20231217_084938,479176,24912,73352,3910
2,KAPX20231217_130041_V06,-10.502,0.060,162.421,364.371,22.192,-85.586,44.614,11096.077,75946.532,20231217_080041,479173,19083,76894,4564
5,KAPX20231217_131504_V06,3.882,0.057,230.347,148.163,27.290,-85.166,45.589,13644.989,83525.492,20231217_081504,479174,19527,77728,3743
6,KAPX20231217_133540_V06,24.482,0.091,38.890,272.615,69.655,-86.376,45.018,34827.320,131271.068,20231217_083540,479174,22474,77467,3430
14,KAPX20231218_141021_V06,58.510,0.146,75.889,425.339,40.520,-86.125,44.335,20259.970,128389.775,20231218_091021,479178,275384,337397,8574
2,KAPX20231220_124400_V06,-29.037,0.100,36.026,247.676,44.601,-86.398,45.130,22300.293,134554.662,20231220_074400,479172,25751,51853,2587
2,KAPX20231220_125111_V06,-21.854,0.113,36.434,247.554,51.651,-86.395,45.131,25825.330,134366.923,20231220_075111,479173,25800,53009,2352
2,KAPX20231220_130533_V06,-7.487,0.076,69.535,215.632,75.208,-86.188,45.277,37604.088,122711.068,20231220_080533,479179,25700,54894,2362
8,KAPX20231220_141711_V06,64.146,0.078,50.837,214.000,56.831,-86.308,45.283,28415.432,131793.535,20231220_091711,479177,43305,77444,2989
8,KAPX20231220_142421_V06,71.313,0.142,53.530,210.763,65.782,-86.291,45.298,32891.206,131063.518,20231220_092421,479167,41537,77348,2547
8,KAPX20231220_143132_V06,78.496,0.064,57.375,207.706,66.481,-86.267,45.312,33240.455,129793.236,20231220_093132,479170,42406,77547,2143
6,KAPX20231220_134830_V06,35.463,0.059,44.396,173.424,63.553,-86.354,45.465,31776.287,142613.714,20231220_084830,479176,43858,73217,2707
6,KAPX20231220_140251_V06,49.813,0.189,51.049,169.690,73.468,-86.312,45.482,36734.044,140496.704,20231220_090251,479164,39577,69412,2845
1,KAPX20231220_123650_V06,-36.204,0.088,47.745,204.747,66.600,-86.329,45.324,33300.175,134820.268,20231220_073650,479173,25689,48960,2530
7,KAPX20231220_141711_V06,64.146,0.106,30.019,433.630,50.497,-86.411,44.293,25248.398,150621.094,20231220_091711,479177,43305,77444,2989
1,KAPX20231225_134003_V06,24.718,0.091,28.499,86.103,49.890,-86.468,45.856,24945.114,172818.293,20231225_084003,479172,454,38332,188
8,KAPX20231227_134132_V06,25.572,0.079,299.340,490.416,28.487,-84.724,44.050,14243.567,95208.366,20231227_084132,479173,50400,117678,6138
6,KAPX20231228_141337_V06,57.403,0.101,43.591,229.255,55.935,-86.352,45.214,27967.684,132994.556,20231228_091337,479171,244644,261711,46817
6,KAPX20231228_142046_V06,64.553,0.050,50.799,227.831,68.009,-86.306,45.221,34004.254,129720.320,20231228_092046,479171,241612,254913,49761
6,KAPX20231228_142756_V06,71.720,0.129,64.313,207.909,77.764,-86.223,45.312,38882.217,126520.047,20231228_092756,479173,240160,248682,52333
6,KAPX20231228_143504_V06,78.853,0.072,46.695,214.360,65.490,-86.334,45.281,32745.224,133695.171,20231228_093504,479175,237576,244768,54094
6,KAPX20231228_144216_V06,86.053,0.051,48.459,210.476,77.364,-86.323,45.299,38682.077,133498.817,20231228_094216,479179,235086,241068,56321
5,KAPX20231231_133706_V06,20.387,0.082,407.225,190.261,30.279,-84.035,45.399,15139.557,76713.351,20231231_083706,479168,16870,100615,1501
