track_id,filename,from_sunrise,det_score,x,y,r,lon,lat,radius,geo_dist,local_time,n_radar_pixels,n_refAbove40_pixels,n_xcorrAbove0.95_pixels,n_xcorrBelow0.95_refAbove40_pixels
12,KFCX20180602_091533_V06,-47.078,0.391,323.675,154.193,11.642,-80.140,37.681,5821.239,73858.442,20180602_051533,479171,55862,96174,8991
12,KFCX20180602_091933_V06,-43.078,0.089,324.008,154.124,17.108,-80.138,37.681,8553.969,73919.086,20180602_051933,479183,57974,96865,9367
2,KFCX20180602_090333_V06,-59.078,0.151,155.136,305.131,11.281,-81.088,36.998,5640.417,72477.617,20180602_050333,479170,50931,90990,9293
42,KFCX20180602_110121_V06,58.722,0.088,250.791,250.188,21.526,-80.551,37.248,10762.920,35009.707,20180602_070121,479169,106071,124248,12697
1,KFCX20180605_101439_V06,12.859,0.081,23.542,430.325,38.128,-81.816,36.427,19063.936,152818.459,20180605_061439,479170,4433,39572,2834
1,KFCX20180610_093610_V06,-24.822,0.094,316.419,126.457,49.786,-80.181,37.806,24893.024,87158.765,20180610_053610,479174,21529,64260,8774
1,KFCX20180610_094544_V06,-15.255,0.051,316.158,125.796,56.778,-80.182,37.809,28388.984,87476.040,20180610_054544,479173,19939,58176,7989
10,KFCX20180611_103833_V06,37.633,0.158,167.327,297.428,10.890,-81.020,37.033,5445.040,66348.996,20180611_063833,479171,16086,43206,6947
19,KFCX20180611_110528_V06,64.550,0.101,31.924,290.893,28.266,-81.781,37.056,14133.106,134115.156,20180611_070528,479182,12244,41838,4828
17,KFCX20180612_110520_V06,64.460,0.057,311.632,176.174,31.717,-80.208,37.582,15858.562,62185.320,20180612_070520,479173,37580,73858,6159
20,KFCX20180612_111046_V06,69.893,0.056,189.134,326.430,6.037,-80.896,36.903,3018.255,56986.413,20180612_071046,479194,37643,74723,5775
6,KFCX20180614_100201_V06,1.143,0.094,84.154,208.315,10.475,-81.494,37.431,5237.453,117255.769,20180614_060201,479175,7500,44892,4237
1,KFCX20180615_102740_V06,26.751,0.058,48.993,159.297,56.185,-81.696,37.650,28092.606,143876.509,20180615_062740,479174,79868,65629,56362
1,KFCX20180616_101749_V06,16.831,0.110,309.288,398.377,25.891,-80.222,36.581,12945.547,49407.173,20180616_061749,479170,65539,70411,39489
2,KFCX20180616_102724_V06,26.414,0.063,30.416,427.737,47.897,-81.778,36.439,23948.635,149157.926,20180616_062724,479173,62294,66463,38031
1,KFCX20180617_102706_V06,26.016,0.096,26.584,424.144,47.041,-81.799,36.455,23520.451,150139.895,20180617_062706,479178,61496,49831,40754
1,KFCX20180617_103126_V06,30.350,0.051,25.704,416.374,38.411,-81.805,36.490,19205.301,148980.943,20180617_063126,479197,59315,47649,40262
2,KFCX20180621_090453_V06,-56.860,0.074,319.543,241.262,15.919,-80.164,37.289,7959.446,30952.071,20180621_050453,479175,79150,78178,45811
7,KFCX20180621_100425_V06,2.673,0.055,255.120,234.402,38.009,-80.527,37.319,19004.593,39740.667,20180621_060425,479187,20117,47693,8567
9,KFCX20180621_103600_V06,34.257,0.056,245.553,225.556,15.687,-80.581,37.359,7843.376,46114.933,20180621_063600,479182,9519,31988,5215
5,KFCX20180625_102058_V06,18.152,0.186,9.320,239.900,15.887,-81.913,37.284,7943.370,148414.100,20180625_062058,479180,80065,106039,19109
5,KFCX20180625_102554_V06,23.085,0.148,10.008,240.845,22.606,-81.909,37.279,11303.161,147982.142,20180625_062554,479185,81333,106437,18903
2,KFCX20180625_091417_V06,-48.531,0.079,25.095,287.597,27.828,-81.820,37.070,13914.219,137592.165,20180625_051417,479177,124368,79758,73448
3,KFCX20180628_091805_V06,-45.789,0.053,137.109,354.051,19.625,-81.187,36.777,9812.477,85812.408,20180628_051805,479176,34673,60346,7531
12,KFCX20180628_110355_V06,60.044,0.112,297.626,215.875,20.794,-80.288,37.403,10396.889,42079.233,20180628_070355,479171,11912,33265,4424
1,KFCX20180630_112429_V06,79.791,0.053,470.795,492.686,34.436,-79.325,36.152,17217.918,128742.779,20180630_072429,479172,29046,58421,20904
2,KFCX20180702_091434_V06,-51.032,0.343,386.852,343.787,14.066,-79.787,36.826,7033.054,48632.536,20180702_051434,479173,19145,37675,6343
2,KFCX20180702_092409_V06,-41.448,0.513,388.447,337.234,21.024,-79.778,36.855,10511.885,47982.528,20180702_052409,479172,20328,38963,6434
9,KFCX20180702_105024_V06,44.802,0.285,372.818,300.646,16.454,-79.865,37.021,8227.139,36410.658,20180702_065024,479173,27456,49098,10824
9,KFCX20180702_110936_V06,64.002,0.567,374.459,287.880,23.420,-79.855,37.078,11709.951,37719.584,20180702_070936,479169,24817,49407,9803
10,KFCX20180702_111912_V06,73.602,0.350,203.317,203.585,24.016,-80.821,37.457,12007.828,68270.683,20180702_071912,479172,22886,48674,9086
10,KFCX20180702_112847_V06,83.185,0.140,201.110,201.703,35.458,-80.833,37.466,17728.789,69716.301,20180702_072847,479175,20894,48379,8136
11,KFCX20180702_111912_V06,73.602,0.272,369.266,119.105,29.833,-79.881,37.838,14916.729,96851.606,20180702_071912,479172,22886,48674,9086
12,KFCX20180705_103358_V06,26.855,0.124,296.936,159.968,8.190,-80.292,37.655,4094.952,70032.612,20180705_063358,479185,12691,33238,7358
12,KFCX20180705_103817_V06,31.172,0.133,296.929,160.397,14.008,-80.292,37.653,7003.838,69818.428,20180705_063817,479178,12525,33326,7218
12,KFCX20180705_104236_V06,35.489,0.089,303.473,159.144,21.971,-80.254,37.659,10985.721,70449.568,20180705_064236,479180,12453,33149,7113
12,KFCX20180705_104625_V06,39.305,-1.000,307.874,158.369,28.613,-80.230,37.662,14306.290,70924.665,20180705_064625,479188,12290,32533,6995
12,KFCX20180705_105046_V06,43.655,0.077,308.852,154.567,29.184,-80.224,37.679,14591.912,72850.917,20180705_065046,479183,12466,32501,7264
9,KFCX20180705_100132_V06,-5.578,0.053,331.485,178.791,31.185,-80.096,37.570,15592.636,62615.825,20180705_060132,479190,12353,36268,6890
11,KFCX20180705_102059_V06,13.872,0.066,304.734,154.776,8.468,-80.247,37.678,4233.818,72650.534,20180705_062059,479187,12577,33797,7619
16,KFCX20180705_111343_V06,66.605,0.071,313.418,151.705,16.892,-80.198,37.692,8446.091,74450.512,20180705_071343,479185,11303,30315,6601
16,KFCX20180705_111733_V06,70.439,0.063,319.562,155.939,29.909,-80.163,37.673,14954.414,72691.510,20180705_071733,479193,11438,30047,6580
11,KFCX20180706_101056_V06,3.279,0.107,208.521,8.497,11.875,-80.797,38.336,5937.284,152760.131,20180706_061056,479182,39686,38214,29665
11,KFCX20180706_101446_V06,7.112,0.067,208.800,8.741,17.026,-80.796,38.335,8512.932,152601.970,20180706_061446,479186,43675,39742,32337
2,KFCX20180706_090929_V06,-58.171,0.232,202.205,225.684,10.841,-80.826,37.358,5420.485,61414.226,20180706_050929,479169,16512,37624,10757
1,KFCX20180709_100013_V06,-9.175,0.389,491.099,309.456,27.095,-79.201,36.977,13547.577,95666.622,20180709_060013,479171,8680,27811,6278
2,KFCX20180710_102308_V06,13.129,0.138,230.593,267.306,17.834,-80.665,37.171,8917.212,38360.907,20180710_062308,479171,45250,43463,40599
1,KFCX20180712_101114_V06,-0.043,0.130,216.012,271.848,9.966,-80.747,37.150,4982.965,44290.382,20180712_061114,479171,22474,41179,18306
1,KFCX20180712_102049_V06,9.540,0.412,214.558,271.106,17.661,-80.755,37.153,8830.278,45097.550,20180712_062049,479175,28426,40615,23379
1,KFCX20180713_102316_V06,11.333,0.319,218.651,277.106,12.633,-80.732,37.126,6316.591,42254.695,20180713_062316,479175,21606,47089,15598
19,KFCX20180716_111231_V06,58.531,0.051,31.070,358.655,38.442,-81.780,36.750,19221.186,137625.913,20180716_071231,479178,59983,71212,19730
19,KFCX20180716_111627_V06,62.464,0.088,31.684,358.555,43.356,-81.777,36.751,21678.032,137315.387,20180716_071627,479177,61270,72249,20373
19,KFCX20180716_112017_V06,66.297,0.101,34.160,358.235,43.080,-81.763,36.752,21539.936,136071.829,20180716_072017,479188,61313,72059,20345
19,KFCX20180716_112420_V06,70.347,0.129,39.618,359.370,36.904,-81.732,36.748,18451.853,133532.202,20180716_072420,479179,62585,73154,20838
19,KFCX20180716_112821_V06,74.364,0.081,39.742,360.276,42.612,-81.731,36.744,21306.061,133573.467,20180716_072821,479185,64130,74270,21631
4,KFCX20180716_091626_V06,-57.553,0.052,370.222,498.394,28.582,-79.884,36.130,14290.811,105227.386,20180716_051626,479183,62576,74947,22415
11,KFCX20180716_101624_V06,2.414,0.133,222.340,272.080,13.872,-80.711,37.149,6935.791,41263.196,20180716_061624,479186,48504,66399,14692
4,KFCX20180717_103206_V06,17.406,0.113,190.836,341.741,16.142,-80.886,36.835,8070.810,58436.308,20180717_063206,479176,55136,52392,28951
2,KFCX20180718_101017_V06,-5.129,0.272,219.904,277.107,8.623,-80.725,37.126,4311.508,41651.917,20180718_061017,479170,44053,38216,39736
2,KFCX20180718_101952_V06,4.454,0.074,220.933,287.176,22.360,-80.719,37.081,11180.135,40050.091,20180718_061952,479173,78070,36422,71621
2,KFCX20180718_102927_V06,14.038,0.061,221.564,295.310,17.620,-80.715,37.044,8809.958,39288.061,20180718_062927,479174,97870,37800,89204
1,KFCX20180718_093154_V06,-43.512,0.083,281.207,359.776,5.323,-80.379,36.755,2661.633,31330.238,20180718_053154,479172,38805,45599,30916
1,KFCX20180719_100444_V06,-11.408,0.060,216.974,271.055,6.631,-80.741,37.154,3315.706,43963.674,20180719_060444,479173,18163,37341,12622
1,KFCX20180719_101418_V06,-1.841,0.059,217.256,275.937,23.697,-80.740,37.132,11848.699,43085.778,20180719_061418,479174,42547,41423,33791
1,KFCX20180719_102353_V06,7.742,0.121,216.281,272.084,27.141,-80.745,37.149,13570.531,44125.309,20180719_062353,479175,49083,41699,41017
2,KFCX20180719_101418_V06,-1.841,0.446,487.287,305.547,26.393,-79.222,36.995,13196.709,93684.497,20180719_061418,479174,42547,41423,33791
2,KFCX20180719_102353_V06,7.742,0.088,484.717,308.603,38.836,-79.237,36.981,19418.013,92458.776,20180719_062353,479175,49083,41699,41017
2,KFCX20180720_101758_V06,1.087,0.127,487.689,285.654,27.769,-79.219,37.084,13884.529,94118.043,20180720_061758,479169,7345,43472,5644
2,KFCX20180720_102734_V06,10.687,0.685,489.532,287.858,35.145,-79.208,37.074,17572.389,94960.284,20180720_062734,479173,8578,44042,6963
2,KFCX20180720_103709_V06,20.271,0.181,492.660,294.138,43.474,-79.191,37.046,21736.904,96374.569,20180720_063709,479175,6852,43320,5478
1,KFCX20180720_101758_V06,1.087,0.581,219.282,270.213,18.362,-80.729,37.158,9181.011,43019.178,20180720_061758,479169,7345,43472,5644
1,KFCX20180720_102734_V06,10.687,0.052,218.470,269.552,29.222,-80.733,37.160,14611.118,43515.097,20180720_062734,479173,8578,44042,6963
1,KFCX20180720_103709_V06,20.271,0.058,217.408,249.523,21.015,-80.740,37.251,10507.711,48397.500,20180720_063709,479175,6852,43320,5478
3,KFCX20180724_101854_V06,-1.017,0.502,494.073,294.592,17.742,-79.183,37.044,8870.953,97073.986,20180724_061854,479193,38282,63200,6578
3,KFCX20180724_102245_V06,2.833,0.609,492.797,293.339,23.841,-79.190,37.049,11920.363,96456.036,20180724_062245,479176,38871,63809,7363
3,KFCX20180724_102648_V06,6.883,0.690,487.640,288.609,31.638,-79.219,37.071,15819.163,93992.855,20180724_062648,479190,39748,64428,8319
3,KFCX20180724_103038_V06,10.716,0.716,486.651,287.784,35.131,-79.225,37.075,17565.396,93525.290,20180724_063038,479174,41583,65273,9888
3,KFCX20180724_103435_V06,14.666,0.649,483.267,287.611,38.847,-79.244,37.076,19423.627,91842.555,20180724_063435,479176,43393,64811,12134
3,KFCX20180724_103832_V06,18.616,0.260,481.087,283.094,45.106,-79.256,37.096,22552.893,90937.213,20180724_063832,479174,48049,66085,15677
4,KFCX20180724_105001_V06,30.100,0.112,262.676,305.421,15.752,-80.484,37.000,7875.916,18857.834,20180724_065001,479178,55264,66300,22139
4,KFCX20180724_105352_V06,33.950,0.111,262.217,304.838,20.444,-80.486,37.002,10222.179,19045.967,20180724_065352,479185,58608,66099,24672
4,KFCX20180724_110131_V06,41.600,0.053,260.077,300.755,14.632,-80.498,37.021,7316.067,19965.224,20180724_070131,479181,62779,66792,28244
2,KFCX20180724_092334_V06,-56.350,0.179,449.600,523.574,14.024,-79.444,36.014,7011.904,134504.201,20180724_052334,479187,49208,76803,10042
2,KFCX20180726_103525_V06,13.938,0.310,226.835,276.599,10.942,-80.686,37.129,5471.123,38408.131,20180726_063525,479173,36449,42062,30738
2,KFCX20180726_104501_V06,23.538,0.401,228.017,276.616,20.002,-80.679,37.129,10001.221,37843.135,20180726_064501,479174,35774,41612,29587
1,KFCX20180726_102549_V06,4.338,0.164,227.900,275.500,15.378,-80.680,37.134,7689.156,38074.645,20180726_062549,479170,33422,44168,28172
1,KFCX20180727_100412_V06,-18.069,0.243,219.338,273.878,8.102,-80.728,37.141,4050.762,42393.428,20180727_060412,479175,25725,54877,16450
1,KFCX20180728_101446_V06,-8.299,0.238,225.961,277.238,10.207,-80.691,37.126,5103.508,38729.429,20180728_061446,479171,31872,41545,25974
1,KFCX20180728_102423_V06,1.318,0.339,225.584,278.484,17.132,-80.693,37.120,8566.100,38731.833,20180728_062423,479170,54564,37065,48875
1,KFCX20180728_103358_V06,10.901,0.139,227.068,286.944,18.799,-80.684,37.082,9399.421,37045.938,20180728_063358,479172,63745,36736,57640
1,KFCX20180728_104531_V06,22.451,0.128,228.731,290.397,19.065,-80.675,37.067,9532.301,35956.414,20180728_064531,479174,64335,36027,57813
3,KFCX20180729_103236_V06,8.734,0.266,214.521,276.794,10.552,-80.755,37.128,5275.972,44286.568,20180729_063236,479173,35043,54108,26571
3,KFCX20180729_104213_V06,18.350,0.169,213.989,277.558,19.535,-80.758,37.124,9767.309,44445.323,20180729_064213,479174,36732,53329,29154
3,KFCX20180729_110322_V06,39.500,0.166,212.574,280.971,28.380,-80.766,37.109,14190.147,44736.615,20180729_070322,479172,31217,54748,24912
2,KFCX20180729_103236_V06,8.734,0.424,480.615,299.331,29.372,-79.259,37.023,14686.146,90308.359,20180729_063236,479173,35043,54108,26571
2,KFCX20180729_104213_V06,18.350,0.579,477.205,297.211,45.544,-79.278,37.033,22772.141,88613.233,20180729_064213,479174,36732,53329,29154
3,KFCX20180731_093606_V06,-49.382,0.277,317.354,213.801,22.999,-80.176,37.412,11499.573,43964.164,20180731_053606,479186,31385,41776,14293
3,KFCX20180731_094010_V06,-45.315,0.158,317.726,212.777,28.124,-80.174,37.417,14062.041,44503.021,20180731_054010,479177,28829,40700,13169
6,KFCX20180731_094400_V06,-41.482,0.051,394.407,197.742,29.439,-79.740,37.484,14719.471,69586.742,20180731_054400,479186,26599,39671,11828
7,KFCX20180731_100310_V06,-22.315,0.383,313.111,223.166,16.142,-80.200,37.370,8070.946,38972.090,20180731_060310,479182,14488,28187,4750
2,KFCX20180801_093711_V06,-49.112,0.057,372.791,352.283,40.597,-79.866,36.788,20298.717,44810.602,20180801_053711,479185,31247,55772,6710
5,KFCX20180801_094601_V06,-40.279,0.113,424.507,510.488,32.001,-79.583,36.074,16000.587,122277.444,20180801_054601,479180,35713,60267,7215
7,KFCX20180802_110042_V06,33.587,0.178,40.610,167.839,84.430,-81.743,37.611,42214.928,145558.976,20180802_070042,479188,175813,178955,23089
7,KFCX20180802_110524_V06,38.287,0.268,41.534,166.184,89.847,-81.738,37.618,44923.605,145526.192,20180802_070524,479170,175511,179545,23048
7,KFCX20180802_111239_V06,45.537,0.144,46.864,168.457,90.139,-81.708,37.608,45069.420,142637.302,20180802_071239,479182,179042,181147,24502
7,KFCX20180802_111742_V06,50.587,-1.000,50.188,169.646,91.147,-81.689,37.603,45573.613,140888.282,20180802_071742,479183,179238,184683,24210
7,KFCX20180802_112232_V06,55.420,0.089,57.088,170.218,85.114,-81.650,37.601,42557.062,137704.167,20180802_072232,479185,177221,186713,22887
8,KFCX20180802_110524_V06,38.287,0.429,248.948,420.621,28.304,-80.559,36.480,14151.834,65489.947,20180802_070524,479170,175511,179545,23048
8,KFCX20180802_111239_V06,45.537,0.141,253.231,413.567,34.536,-80.535,36.512,17268.000,61409.894,20180802_071239,479182,179042,181147,24502
2,KFCX20180802_093453_V06,-52.230,0.059,236.915,372.423,13.710,-80.627,36.697,6855.207,48022.910,20180802_053453,479195,204580,208324,24659
2,KFCX20180804_102905_V06,0.325,0.733,83.347,85.450,17.604,-81.507,37.984,8801.948,152455.248,20180804_062905,479174,50030,35496,42890
2,KFCX20180804_103842_V06,9.942,0.838,79.434,91.010,28.737,-81.529,37.959,14368.345,151925.979,20180804_063842,479170,71756,34454,62536
2,KFCX20180804_104816_V06,19.509,0.377,79.556,95.428,32.164,-81.528,37.939,16082.052,150370.305,20180804_064816,479172,81832,34499,71747
1,KFCX20180804_094107_V06,-47.641,0.114,263.997,67.796,9.183,-80.479,38.070,4591.692,117489.103,20180804_054107,479171,116583,30065,106730
4,KFCX20180804_102905_V06,0.325,0.202,224.790,276.384,10.435,-80.697,37.130,5217.304,39415.083,20180804_062905,479174,50030,35496,42890
4,KFCX20180804_103842_V06,9.942,-1.000,224.790,276.384,25.725,-80.697,37.130,12862.554,39415.083,20180804_063842,479170,71756,34454,62536
4,KFCX20180804_104816_V06,19.509,0.099,228.857,280.600,21.114,-80.674,37.111,10556.820,36870.160,20180804_064816,479172,81832,34499,71747
3,KFCX20180805_101511_V06,-14.401,0.321,301.931,119.579,8.675,-80.263,37.837,4337.341,90215.709,20180805_061511,479174,35936,56128,26577
3,KFCX20180805_102446_V06,-4.818,-1.000,301.931,119.579,23.912,-80.263,37.837,11956.091,90215.709,20180805_062446,479174,76599,50493,62707
3,KFCX20180805_103422_V06,4.782,0.120,312.568,119.603,33.312,-80.203,37.837,16655.780,90417.349,20180805_063422,479169,117451,45405,100833
3,KFCX20180805_104359_V06,14.399,0.185,316.950,122.578,45.703,-80.178,37.823,22851.485,89115.063,20180805_064359,479172,133414,40244,118029
7,KFCX20180805_103422_V06,4.782,0.645,490.935,300.641,28.930,-79.201,37.016,14465.233,95467.793,20180805_063422,479169,117451,45405,100833
7,KFCX20180805_104359_V06,14.399,0.146,494.131,298.452,44.005,-79.183,37.026,22002.741,97068.719,20180805_064359,479172,133414,40244,118029
8,KFCX20180805_103422_V06,4.782,0.169,75.968,91.147,31.728,-81.549,37.958,15863.834,153142.216,20180805_063422,479169,117451,45405,100833
8,KFCX20180805_104359_V06,14.399,0.144,76.414,91.255,39.849,-81.546,37.958,19924.645,152942.186,20180805_064359,479172,133414,40244,118029
8,KFCX20180805_110312_V06,33.615,0.074,75.586,77.533,24.140,-81.552,38.020,12069.973,157997.530,20180805_070312,479174,134314,39012,118392
4,KFCX20180805_101511_V06,-14.401,0.077,44.617,356.541,11.186,-81.704,36.761,5593.044,130783.356,20180805_061511,479174,35936,56128,26577
5,KFCX20180805_102446_V06,-4.818,0.068,359.344,515.260,17.810,-79.945,36.054,8905.226,111644.980,20180805_062446,479174,76599,50493,62707
6,KFCX20180805_102446_V06,-4.818,0.058,228.123,278.912,13.623,-80.679,37.118,6811.703,37453.222,20180805_062446,479174,76599,50493,62707
6,KFCX20180805_103422_V06,4.782,0.101,223.643,274.294,11.932,-80.704,37.139,5966.162,40283.904,20180805_063422,479169,117451,45405,100833
1,KFCX20180806_101325_V06,-16.997,0.179,231.518,289.526,4.951,-80.659,37.071,2475.460,34639.368,20180806_061325,479171,45395,74538,33649
1,KFCX20180806_102300_V06,-7.413,0.192,225.940,281.290,15.601,-80.691,37.108,7800.740,38193.455,20180806_062300,479173,60496,61061,48178
1,KFCX20180806_103236_V06,2.187,0.261,225.005,276.446,21.467,-80.696,37.130,10733.588,39303.392,20180806_063236,479167,98068,49376,82436
1,KFCX20180806_104212_V06,11.787,0.103,230.602,277.483,23.527,-80.665,37.125,11763.417,36479.666,20180806_064212,479174,109468,47013,92896
2,KFCX20180806_103236_V06,2.187,0.149,290.324,164.768,10.596,-80.329,37.633,5298.130,67788.733,20180806_063236,479167,98068,49376,82436
3,KFCX20180806_110124_V06,30.987,0.092,158.011,353.469,29.025,-81.069,36.781,14512.749,75861.471,20180806_070124,479175,109377,50195,90504
6,KFCX20180807_102434_V06,-6.677,0.068,496.441,301.861,19.248,-79.171,37.011,9623.772,98225.111,20180807_062434,479193,34789,53166,16408
6,KFCX20180807_102824_V06,-2.844,0.596,497.590,300.169,26.314,-79.164,37.018,13157.124,98795.080,20180807_062824,479189,41418,51016,22026
6,KFCX20180807_103214_V06,0.989,0.586,497.899,299.895,30.957,-79.162,37.019,15478.603,98949.605,20180807_063214,479185,47941,50302,27217
6,KFCX20180807_103604_V06,4.823,0.647,499.996,298.741,35.506,-79.150,37.025,17753.217,99999.907,20180807_063604,479189,54205,49967,32635
6,KFCX20180807_104014_V06,8.989,0.634,503.641,297.950,41.217,-79.130,37.028,20608.508,101825.542,20180807_064014,479177,55867,49840,33695
6,KFCX20180807_104424_V06,13.156,0.219,509.662,295.442,46.989,-79.096,37.039,23494.360,104855.747,20180807_064424,479180,57814,49568,35379
3,KFCX20180807_101239_V06,-18.594,0.070,227.662,279.024,8.102,-80.681,37.118,4051.001,37658.902,20180807_061239,479194,26657,59662,9487
3,KFCX20180807_101629_V06,-14.761,0.057,227.540,278.594,13.390,-80.682,37.120,6695.005,37777.974,20180807_061629,479185,27291,57915,10110
3,KFCX20180807_102031_V06,-10.727,0.067,221.044,278.697,17.942,-80.718,37.119,8971.127,40889.833,20180807_062031,479178,29388,55922,11775
3,KFCX20180807_102434_V06,-6.677,0.285,223.392,277.629,19.841,-80.705,37.124,9920.450,39903.933,20180807_062434,479193,34789,53166,16408
7,KFCX20180807_105255_V06,21.673,0.078,321.151,188.583,17.927,-80.155,37.526,8963.654,56703.280,20180807_065255,479175,57807,48935,35905
2,KFCX20180808_103622_V06,4.290,0.207,102.432,94.699,18.079,-81.398,37.944,9039.711,142461.759,20180808_063622,479179,22668,37656,17909
2,KFCX20180808_104012_V06,8.124,0.413,103.067,93.982,24.903,-81.394,37.947,12451.706,142500.825,20180808_064012,479188,25496,37377,19870
2,KFCX20180808_104401_V06,11.940,0.096,112.627,92.356,28.425,-81.340,37.955,14212.277,139843.326,20180808_064401,479186,26395,37643,20324
1,KFCX20180808_102437_V06,-7.460,0.125,226.575,276.230,10.015,-80.687,37.131,5007.696,38588.561,20180808_062437,479175,13557,39857,10359
1,KFCX20180808_102841_V06,-3.393,0.611,226.571,276.538,15.985,-80.687,37.129,7992.636,38542.938,20180808_062841,479186,16652,37846,13025
1,KFCX20180809_103428_V06,1.557,0.132,224.127,277.714,18.191,-80.701,37.124,9095.379,39538.952,20180809_063428,479172,6692,40526,5188
2,KFCX20180810_101610_V06,-17.578,0.538,221.514,274.863,6.687,-80.716,37.137,3343.565,41206.522,20180810_061610,479171,75993,99520,36972
2,KFCX20180810_102545_V06,-7.994,0.110,221.684,276.293,14.841,-80.715,37.130,7420.294,40912.793,20180810_062545,479171,67810,82827,38851
2,KFCX20180810_103520_V06,1.589,0.568,226.357,282.212,19.795,-80.688,37.104,9897.308,37880.159,20180810_063520,479171,85525,61148,61845
2,KFCX20180810_104455_V06,11.172,0.206,228.771,289.144,24.328,-80.675,37.072,12164.010,36025.807,20180810_064455,479172,92125,49688,71058
2,KFCX20180810_110405_V06,30.339,0.183,221.964,276.095,13.182,-80.713,37.131,6591.106,40807.594,20180810_070405,479173,97085,48566,75385
2,KFCX20180810_111340_V06,39.922,0.199,222.853,277.891,22.394,-80.708,37.123,11197.047,40126.470,20180810_071340,479167,97789,48740,75493
4,KFCX20180810_103520_V06,1.589,0.352,483.718,313.895,25.073,-79.243,36.957,12536.358,92121.312,20180810_063520,479171,85525,61148,61845
4,KFCX20180810_104455_V06,11.172,0.161,487.167,314.354,36.940,-79.223,36.955,18469.784,93858.393,20180810_064455,479172,92125,49688,71058
4,KFCX20180810_110405_V06,30.339,0.102,490.886,312.771,40.814,-79.202,36.962,20406.767,95656.460,20180810_070405,479173,97085,48566,75385
1,KFCX20180810_094725_V06,-46.328,0.061,37.205,261.780,27.740,-81.754,37.187,13870.244,132779.878,20180810_054725,479173,216758,42730,193341
6,KFCX20180810_111340_V06,39.922,0.057,28.077,420.451,41.184,-81.791,36.472,20592.197,148703.023,20180810_071340,479167,97789,48740,75493
9,KFCX20180811_102855_V06,-5.663,0.589,216.999,276.940,10.601,-80.741,37.127,5300.507,43072.313,20180811_062855,479181,58620,79222,16470
9,KFCX20180811_103246_V06,-1.813,0.418,216.304,277.217,16.563,-80.745,37.126,8281.672,43370.696,20180811_063246,479180,64091,74639,23396
9,KFCX20180811_103637_V06,2.037,-1.000,215.810,277.413,22.572,-80.748,37.125,11285.770,43583.810,20180811_063637,479183,71811,72784,31473
9,KFCX20180811_104026_V06,5.854,0.084,216.112,280.364,23.350,-80.746,37.112,11675.071,43077.993,20180811_064026,479184,80224,71358,39433
4,KFCX20180811_101704_V06,-17.513,0.270,270.208,140.434,4.838,-80.443,37.743,2418.781,81161.640,20180811_061704,479179,81119,98857,26910
11,KFCX20180811_103246_V06,-1.813,0.079,274.012,201.578,11.876,-80.421,37.467,5938.156,50897.808,20180811_063246,479180,64091,74639,23396
11,KFCX20180811_103637_V06,2.037,-1.000,274.012,201.578,17.998,-80.421,37.467,8998.906,50897.808,20180811_063637,479183,71811,72784,31473
11,KFCX20180811_104026_V06,5.854,0.053,281.277,199.705,13.294,-80.380,37.476,6646.828,51013.851,20180811_064026,479184,80224,71358,39433
12,KFCX20180811_103637_V06,2.037,0.059,267.676,354.280,9.912,-80.455,36.779,4955.980,31587.948,20180811_063637,479183,71811,72784,31473
13,KFCX20180811_104026_V06,5.854,0.285,268.622,155.615,10.883,-80.452,37.675,5441.269,73877.532,20180811_064026,479184,80224,71358,39433
16,KFCX20180811_104417_V06,9.704,0.073,367.222,135.242,22.910,-79.893,37.766,11455.170,88971.998,20180811_064417,479183,85195,71489,43943
17,KFCX20180811_104417_V06,9.704,0.058,480.039,300.561,24.522,-79.263,37.017,12260.765,90020.030,20180811_064417,479183,85195,71489,43943
1,KFCX20180815_102553_V06,-12.035,0.291,221.883,277.640,8.870,-80.714,37.124,4434.875,40626.985,20180815_062553,479175,17578,51044,12983
1,KFCX20180815_103528_V06,-2.451,0.721,223.419,280.942,18.048,-80.705,37.109,9023.857,39458.569,20180815_063528,479171,39524,32275,33222
1,KFCX20180815_104503_V06,7.132,0.589,226.889,285.069,21.924,-80.685,37.091,10962.033,37309.949,20180815_064503,479169,54735,32101,47431
1,KFCX20180815_110414_V06,26.315,0.083,227.687,284.605,24.861,-80.681,37.093,12430.256,36966.839,20180815_070414,479170,58440,31580,51096
1,KFCX20180815_111350_V06,35.915,0.082,223.218,283.873,25.542,-80.706,37.096,12770.783,39228.540,20180815_071350,479174,54643,32482,46808
2,KFCX20180815_103528_V06,-2.451,0.409,489.450,307.002,24.391,-79.210,36.988,12195.587,94789.644,20180815_063528,479171,39524,32275,33222
2,KFCX20180815_104503_V06,7.132,0.147,496.294,309.447,40.115,-79.172,36.976,20057.345,98260.491,20180815_064503,479169,54735,32101,47431
3,KFCX20180815_104503_V06,7.132,0.726,377.334,225.596,8.951,-79.838,37.359,4475.365,53657.725,20180815_064503,479169,54735,32101,47431
4,KFCX20180815_104503_V06,7.132,0.072,283.317,135.005,1.958,-80.369,37.767,978.882,82917.989,20180815_064503,479169,54735,32101,47431
6,KFCX20180815_110414_V06,26.315,0.116,194.259,342.750,13.699,-80.867,36.830,6849.531,57028.058,20180815_070414,479170,58440,31580,51096
2,KFCX20180816_103103_V06,-7.701,0.634,222.788,273.087,11.322,-80.709,37.145,5661.194,40884.015,20180816_063103,479171,26941,54925,16256
2,KFCX20180816_104039_V06,1.899,0.670,225.161,271.147,21.830,-80.695,37.153,10915.086,40104.303,20180816_064039,479170,60478,56453,41509
2,KFCX20180816_105014_V06,11.482,0.075,228.082,275.248,28.989,-80.679,37.135,14494.289,38029.120,20180816_065014,479169,75722,54280,55559
1,KFCX20180816_100218_V06,-36.451,0.492,248.348,59.440,18.380,-80.569,38.108,9189.848,123021.374,20180816_060218,479173,87314,64999,66417
3,KFCX20180816_105014_V06,11.482,0.204,79.758,87.290,23.801,-81.527,37.976,11900.564,153094.607,20180816_065014,479169,75722,54280,55559
4,KFCX20180816_114746_V06,69.016,0.055,420.730,169.573,31.567,-79.591,37.610,15783.432,88863.491,20180816_074746,479174,45212,49017,29651
1,KFCX20180817_103041_V06,-8.900,0.407,225.195,271.807,9.098,-80.695,37.150,4548.815,39970.624,20180817_063041,479184,15041,41704,10185
1,KFCX20180817_103431_V06,-5.066,0.193,225.949,271.770,15.295,-80.691,37.151,7647.669,39624.670,20180817_063431,479185,19384,38402,13438
1,KFCX20180817_103821_V06,-1.233,0.554,231.290,273.608,19.217,-80.661,37.142,9608.349,36802.316,20180817_063821,479178,22239,37291,15441
1,KFCX20180817_104210_V06,2.584,0.065,227.873,278.056,20.590,-80.680,37.122,10294.940,37695.621,20180817_064210,479194,24922,37596,17950
4,KFCX20180818_102737_V06,-12.797,0.269,501.059,315.666,13.875,-79.146,36.948,6937.366,100834.352,20180818_062737,479177,58262,85700,12245
4,KFCX20180818_103152_V06,-8.547,0.328,501.151,315.049,19.827,-79.145,36.951,9913.480,100856.748,20180818_063152,479185,61295,81764,13364
4,KFCX20180818_103555_V06,-4.497,0.157,502.309,312.863,22.564,-79.138,36.961,11281.764,101358.744,20180818_063555,479188,69087,81526,17260
4,KFCX20180818_103957_V06,-0.464,0.076,503.456,311.805,23.048,-79.132,36.965,11523.754,101899.256,20180818_063957,479183,81635,84377,24756
4,KFCX20180818_104405_V06,3.670,0.328,507.532,310.101,27.509,-79.109,36.973,13754.486,103888.806,20180818_064405,479184,94229,86920,34036
11,KFCX20180818_105249_V06,12.403,0.120,410.650,58.322,23.114,-79.643,38.111,11557.121,132902.057,20180818_065249,479187,109094,93202,42618
4,KFCX20180819_103808_V06,-3.110,0.373,226.766,289.531,8.793,-80.686,37.071,4396.618,36989.198,20180819_063808,479187,24996,37672,14215
4,KFCX20180819_104227_V06,1.207,0.235,225.585,288.968,16.027,-80.693,37.073,8013.438,37614.010,20180819_064227,479187,31312,37082,20525
4,KFCX20180819_104646_V06,5.524,0.105,225.509,285.356,19.558,-80.693,37.089,9778.987,37958.669,20180819_064646,479173,37898,36655,26829
4,KFCX20180819_105105_V06,9.840,0.303,227.730,291.382,26.756,-80.680,37.062,13377.904,36391.232,20180819_065105,479179,42439,37395,30845
6,KFCX20180819_104646_V06,5.524,0.183,488.903,307.735,23.395,-79.213,36.985,11697.281,94530.613,20180819_064646,479173,37898,36655,26829
6,KFCX20180819_105105_V06,9.840,0.065,488.688,307.768,30.135,-79.214,36.984,15067.726,94423.993,20180819_065105,479179,42439,37395,30845
5,KFCX20180819_103808_V06,-3.110,0.059,365.146,222.998,6.006,-79.906,37.371,3003.147,50431.403,20180819_063808,479187,24996,37672,14215
7,KFCX20180819_104646_V06,5.524,0.121,365.500,234.621,10.378,-79.905,37.318,5188.972,46272.917,20180819_064646,479173,37898,36655,26829
3,KFCX20180820_103651_V06,-5.221,0.098,485.580,307.042,14.863,-79.232,36.988,7431.618,92856.681,20180820_063651,479172,12209,33973,6866
3,KFCX20180820_104046_V06,-1.305,0.051,486.087,306.941,20.391,-79.229,36.988,10195.553,93108.199,20180820_064046,479179,19768,38162,12534
3,KFCX20180822_104755_V06,4.194,0.094,339.864,296.464,33.170,-80.050,37.040,16585.152,20010.225,20180822_064755,479173,64698,40872,52622
1,KFCX20180823_102856_V06,-15.613,0.114,260.245,145.873,1.914,-80.500,37.718,956.890,79585.915,20180823_062856,479170,41024,67824,30392
1,KFCX20180823_103830_V06,-6.047,0.058,260.730,135.057,10.724,-80.497,37.767,5362.165,84776.782,20180823_063830,479170,52942,47262,40782
3,KFCX20180823_103830_V06,-6.047,0.182,263.018,123.748,2.120,-80.484,37.818,1060.200,90044.961,20180823_063830,479170,52942,47262,40782
3,KFCX20180823_104804_V06,3.520,0.159,263.749,126.564,10.848,-80.480,37.805,5424.189,88591.858,20180823_064804,479170,92362,45255,78035
5,KFCX20180823_104804_V06,3.520,0.814,189.594,346.452,11.534,-80.893,36.813,5766.802,59890.024,20180823_064804,479170,92362,45255,78035
5,KFCX20180823_110711_V06,22.637,0.732,191.526,351.713,21.466,-80.882,36.790,10733.147,60084.844,20180823_070711,479172,117658,49152,100044
7,KFCX20180823_104804_V06,3.520,0.068,223.249,280.304,13.598,-80.706,37.112,6798.794,39618.956,20180823_064804,479170,92362,45255,78035
7,KFCX20180823_110711_V06,22.637,0.098,224.563,286.530,26.913,-80.698,37.084,13456.329,38315.283,20180823_070711,479172,117658,49152,100044
2,KFCX20180823_102856_V06,-15.613,0.052,162.260,356.492,9.636,-81.046,36.767,4818.020,74437.451,20180823_062856,479170,41024,67824,30392
4,KFCX20180823_103830_V06,-6.047,0.120,261.384,169.675,2.530,-80.493,37.611,1265.041,67962.989,20180823_063830,479170,52942,47262,40782
6,KFCX20180823_104804_V06,3.520,0.300,183.751,373.887,8.020,-80.925,36.689,4009.777,68871.412,20180823_064804,479170,92362,45255,78035
10,KFCX20180824_110750_V06,22.465,0.745,174.905,326.058,13.037,-80.976,36.905,6518.288,63890.318,20180824_070750,479175,28737,32150,20469
10,KFCX20180824_111724_V06,32.031,0.455,173.700,324.209,23.440,-80.983,36.913,11720.218,64299.510,20180824_071724,479169,25357,31712,17240
10,KFCX20180824_112657_V06,41.581,0.091,171.110,323.285,27.996,-80.997,36.917,13997.864,65488.212,20180824_072657,479171,20962,30475,13752
5,KFCX20180824_102935_V06,-15.785,0.169,149.176,344.351,16.803,-81.119,36.821,8401.320,78604.678,20180824_062935,479173,33839,67954,22025
5,KFCX20180824_103909_V06,-6.219,0.157,150.934,344.099,25.208,-81.110,36.823,12603.832,77726.205,20180824_063909,479171,34590,55732,25354
8,KFCX20180824_104843_V06,3.348,0.907,252.516,107.938,16.376,-80.544,37.889,8187.778,98922.594,20180824_064843,479167,34083,43711,25993
8,KFCX20180824_110750_V06,22.465,0.808,251.597,108.923,21.399,-80.549,37.885,10699.340,98556.050,20180824_070750,479175,28737,32150,20469
1,KFCX20180824_102000_V06,-25.369,0.654,368.320,100.179,13.816,-79.886,37.924,6907.902,105588.925,20180824_062000,479169,62719,65631,44187
2,KFCX20180824_102000_V06,-25.369,0.094,320.684,150.064,5.246,-80.157,37.700,2622.902,75678.158,20180824_062000,479169,62719,65631,44187
3,KFCX20180824_102000_V06,-25.369,0.064,296.975,150.781,7.637,-80.291,37.696,3818.344,74624.891,20180824_062000,479169,62719,65631,44187
6,KFCX20180824_102935_V06,-15.785,0.053,159.515,271.590,6.373,-81.065,37.150,3186.749,71664.428,20180824_062935,479173,33839,67954,22025
7,KFCX20180824_103909_V06,-6.219,0.332,181.758,427.162,7.958,-80.934,36.449,3979.219,86820.748,20180824_063909,479171,34590,55732,25354
5,KFCX20180825_103905_V06,-7.106,0.766,489.249,300.263,22.044,-79.211,37.018,11021.767,94624.512,20180825_063905,479173,13509,28949,11234
5,KFCX20180825_104838_V06,2.444,0.626,489.617,296.772,34.348,-79.209,37.034,17174.046,94822.092,20180825_064838,479172,13200,30542,10540
1,KFCX20180825_101958_V06,-26.223,0.269,149.932,324.388,31.370,-81.116,36.911,15685.017,76018.207,20180825_061958,479171,23183,44439,18296
3,KFCX20180825_102932_V06,-16.656,0.092,299.938,149.139,8.190,-80.275,37.704,4095.070,75430.335,20180825_062932,479172,17072,32814,14926
6,KFCX20180825_103905_V06,-7.106,0.144,181.244,427.690,8.432,-80.936,36.447,4215.759,87189.200,20180825_063905,479173,13509,28949,11234
7,KFCX20180825_104838_V06,2.444,0.865,186.780,328.396,9.037,-80.909,36.895,4518.429,58363.231,20180825_064838,479172,13200,30542,10540
8,KFCX20180825_104838_V06,2.444,0.594,259.823,113.381,20.691,-80.502,37.865,10345.716,95447.627,20180825_064838,479172,13200,30542,10540
3,KFCX20180827_110744_V06,19.907,0.254,187.138,337.599,10.150,-80.907,36.853,5074.911,59479.953,20180827_070744,479170,118443,33401,103857
3,KFCX20180827_111717_V06,29.457,0.757,188.483,340.951,18.828,-80.899,36.838,9414.110,59398.911,20180827_071717,479171,119646,33698,104810
3,KFCX20180827_112651_V06,39.023,0.459,187.855,341.291,18.556,-80.903,36.836,9277.901,59752.395,20180827_072651,479170,119307,33487,104924
3,KFCX20180827_113625_V06,48.590,0.063,186.852,342.210,23.711,-80.908,36.832,11855.537,60382.410,20180827_073625,479174,118650,33398,104474
1,KFCX20180827_102930_V06,-18.327,0.102,298.749,152.274,4.575,-80.281,37.690,2287.266,73865.562,20180827_062930,479174,39417,59935,26865
2,KFCX20180827_104837_V06,0.790,0.332,495.127,311.392,36.355,-79.179,36.968,18177.443,97729.548,20180827_064837,479172,87864,31739,76844
2,KFCX20180828_102941_V06,-18.960,0.193,261.204,150.181,2.521,-80.494,37.699,1260.571,77380.249,20180828_062941,479172,30965,37291,24203
2,KFCX20180828_103915_V06,-9.393,0.064,261.680,149.588,11.935,-80.491,37.702,5967.320,77608.499,20180828_063915,479176,40519,27794,33167
6,KFCX20180828_110756_V06,19.290,0.050,204.563,258.513,9.524,-80.812,37.210,4761.896,52031.963,20180828_070756,479172,145285,36480,129866
3,KFCX20180829_104030_V06,-8.959,0.122,353.644,291.514,26.681,-79.973,37.062,13340.282,27155.345,20180829_064030,479172,48958,33592,37688
3,KFCX20180829_105003_V06,0.591,0.070,346.653,284.033,35.317,-80.012,37.096,17658.599,24654.612,20180829_065003,479174,138304,52178,106533
1,KFCX20180829_103056_V06,-18.526,0.257,238.955,317.701,16.431,-80.617,36.944,8215.652,31779.821,20180829_063056,479172,18644,34178,13966
2,KFCX20180830_110819_V06,18.043,0.826,196.043,343.541,17.133,-80.857,36.827,8566.679,56353.619,20180830_070819,479172,81979,27487,72665
2,KFCX20180830_111754_V06,27.626,0.596,195.151,346.236,24.252,-80.862,36.814,12126.159,57295.416,20180830_071754,479175,73800,27864,64378
2,KFCX20180830_112730_V06,37.226,0.376,194.437,348.339,24.056,-80.866,36.805,12027.761,58052.359,20180830_072730,479171,74724,30023,64283
1,KFCX20180830_104908_V06,-1.140,0.065,181.065,431.063,10.237,-80.937,36.432,5118.263,88491.532,20180830_064908,479170,59353,25244,52585
2,KFCX20180831_110637_V06,15.529,0.110,295.619,297.193,27.359,-80.299,37.037,13679.485,2601.570,20180831_070637,479172,77775,42011,63416
3,KFCX20180831_112545_V06,34.663,0.066,29.223,468.747,42.895,-81.781,36.254,21447.666,159527.352,20180831_072545,479172,90355,50357,68449
4,KFCX20180831_113521_V06,44.263,0.056,33.515,302.340,34.066,-81.771,37.004,17033.081,133247.417,20180831_073521,479172,87480,52242,63900
2,KFCX20180901_115355_V06,62.017,0.096,412.506,284.858,23.951,-79.641,37.091,11975.266,56760.148,20180901_075355,479185,84644,55831,54779
2,KFCX20180902_120806_V06,75.388,0.052,89.811,397.219,14.259,-81.448,36.580,7129.292,115792.004,20180902_080806,479171,147013,65369,105359
1,KFCX20180903_110046_V06,7.243,0.172,380.061,33.496,25.013,-79.817,38.224,12506.653,139135.081,20180903_070046,479170,197554,85969,135998
2,KFCX20180903_110046_V06,7.243,0.069,201.621,266.676,13.047,-80.828,37.173,6523.403,51934.695,20180903_070046,479170,197554,85969,135998
3,KFCX20180903_114836_V06,55.076,0.134,40.134,267.496,57.182,-81.737,37.162,28591.072,130945.546,20180903_074836,479172,211305,73459,166275
1,KFCX20180904_105002_V06,-4.302,0.505,379.940,20.501,14.027,-79.817,38.282,7013.401,145353.053,20180904_065002,479172,117896,48502,97143
1,KFCX20180904_110911_V06,14.848,0.219,379.981,25.619,28.268,-79.817,38.259,14134.136,142900.395,20180904_070911,479172,235376,50203,202947
2,KFCX20180904_111844_V06,24.398,0.129,196.619,329.237,13.164,-80.854,36.891,6582.037,53718.109,20180904_071844,479170,249741,56848,210197
3,KFCX20180905_110048_V06,5.654,0.364,185.703,330.303,11.907,-80.915,36.886,5953.327,59122.709,20180905_070048,479169,162904,54187,132172
3,KFCX20180905_111021_V06,15.204,0.861,184.562,330.068,18.355,-80.922,36.887,9177.475,59644.911,20180905_071021,479174,176723,54413,146129
3,KFCX20180905_111954_V06,24.754,0.425,185.750,329.948,20.888,-80.915,36.888,10444.086,59054.682,20180905_071954,479172,170165,59388,137160
1,KFCX20180905_100324_V06,-51.746,0.060,139.862,379.085,2.863,-81.170,36.664,1431.652,89301.115,20180905_060324,479172,246136,23800,230913
2,KFCX20180905_101258_V06,-42.180,0.057,291.037,510.535,13.193,-80.324,36.076,6596.739,105362.680,20180905_061258,479171,223519,25563,207943
4,KFCX20180905_110048_V06,5.654,0.080,337.668,288.335,14.100,-80.062,37.077,7049.988,19716.403,20180905_070048,479169,162904,54187,132172
1,KFCX20180906_104102_V06,-14.924,0.515,152.825,364.739,13.068,-81.098,36.730,6533.915,80392.192,20180906_064102,479171,43616,37092,34671
2,KFCX20180906_110942_V06,13.743,0.069,397.466,250.997,10.673,-79.725,37.244,5336.250,54545.486,20180906_070942,479173,174639,47709,152627
1,KFCX20180907_110653_V06,10.116,0.297,355.209,92.443,34.938,-79.960,37.959,17469.242,107387.263,20180907_070653,479169,169282,41599,151050
2,KFCX20180907_112601_V06,29.249,0.111,431.765,104.301,17.714,-79.525,37.903,8856.922,117961.923,20180907_072601,479175,191573,52545,163781
1,KFCX20180910_101750_V06,-41.365,0.177,290.904,258.512,19.844,-80.325,37.211,9921.978,21236.921,20180910_061750,479187,73883,71818,34566
1,KFCX20180910_102206_V06,-37.098,0.394,292.373,256.662,24.739,-80.317,37.219,12369.729,22002.188,20180910_062206,479181,70048,71447,32312
1,KFCX20180910_102622_V06,-32.831,0.467,297.023,251.235,24.444,-80.291,37.244,12221.823,24427.663,20180910_062622,479178,65469,70212,30475
1,KFCX20180910_103024_V06,-28.798,0.281,305.609,243.180,20.893,-80.243,37.280,10446.381,28548.066,20180910_063024,479178,57270,68898,25405
1,KFCX20180910_103426_V06,-24.765,0.137,305.759,242.272,25.823,-80.242,37.284,12911.608,29007.179,20180910_063426,479180,46348,68394,18264
3,KFCX20180910_102622_V06,-32.831,0.098,24.218,464.093,28.577,-81.809,36.275,14288.332,160454.084,20180910_062622,479178,65469,70212,30475
3,KFCX20180910_103024_V06,-28.798,0.084,24.399,463.564,34.209,-81.808,36.277,17104.586,160241.286,20180910_063024,479178,57270,68898,25405
8,KFCX20180911_112832_V06,28.525,0.158,97.204,287.790,23.489,-81.414,37.074,11744.265,101581.823,20180911_072832,479174,38994,44170,22669
8,KFCX20180911_113806_V06,38.092,0.088,99.825,287.766,32.860,-81.400,37.074,16430.064,100274.199,20180911_073806,479172,36590,41260,20959
8,KFCX20180911_114740_V06,47.658,-1.000,102.285,287.744,42.591,-81.386,37.074,21295.498,99047.103,20180911_074740,479173,36361,40199,20546
8,KFCX20180911_120647_V06,66.775,0.077,68.342,334.257,45.889,-81.573,36.863,22944.334,117088.708,20180911_080647,479174,32054,37983,18443
7,KFCX20180911_111858_V06,18.958,0.077,298.596,236.911,29.874,-80.282,37.308,14937.092,31552.308,20180911_071858,479172,41181,47824,21795
7,KFCX20180911_112832_V06,28.525,0.069,301.902,235.731,37.979,-80.263,37.314,18989.669,32148.553,20180911_072832,479174,38994,44170,22669
7,KFCX20180911_113806_V06,38.092,0.051,323.526,219.421,17.610,-80.141,37.387,8804.939,41971.724,20180911_073806,479172,36590,41260,20959
9,KFCX20180911_113806_V06,38.092,0.064,59.493,336.307,29.578,-81.623,36.853,14788.953,121615.966,20180911_073806,479172,36590,41260,20959
9,KFCX20180911_114740_V06,47.658,0.115,55.199,336.702,43.483,-81.647,36.851,21741.421,123768.497,20180911_074740,479173,36361,40199,20546
3,KFCX20180911_102135_V06,-38.425,0.053,262.758,377.936,11.127,-80.482,36.673,5563.324,43188.418,20180911_062135,479172,115887,31063,99353
11,KFCX20180911_114740_V06,47.658,0.065,109.904,292.257,25.802,-81.343,37.054,12900.858,95126.865,20180911_074740,479173,36361,40199,20546
12,KFCX20180911_120647_V06,66.775,0.763,335.340,159.774,4.921,-80.074,37.656,2460.419,72305.328,20180911_080647,479174,32054,37983,18443
1,KFCX20180912_110413_V06,3.398,0.290,257.570,338.816,11.393,-80.512,36.849,5696.739,28753.139,20180912_070413,479181,39891,43488,25261
3,KFCX20180912_111949_V06,18.998,0.058,21.233,409.656,20.864,-81.830,36.520,10432.074,149779.256,20180912_071949,479173,83731,62725,54381
5,KFCX20180912_122048_V06,79.982,0.081,183.981,419.138,14.339,-80.922,36.486,7169.434,83147.896,20180912_082048,479189,89700,59156,62016
1,KFCX20180913_102243_V06,-38.912,0.149,300.965,382.451,17.128,-80.269,36.653,8563.755,41228.133,20180913_062243,479171,249370,25277,231315
1,KFCX20180913_103216_V06,-29.362,-1.000,300.965,382.451,32.312,-80.269,36.653,16156.005,41228.133,20180913_063216,479173,204673,31191,184738
1,KFCX20180913_104150_V06,-19.795,0.487,298.378,351.133,30.277,-80.283,36.794,15138.732,25579.237,20180913_064150,479171,115746,50547,94709
1,KFCX20180913_110056_V06,-0.695,0.260,294.484,354.216,33.002,-80.305,36.780,16500.851,27247.760,20180913_070056,479171,56026,54187,37299
1,KFCX20180913_111029_V06,8.855,0.081,273.138,343.368,20.306,-80.425,36.829,10153.049,25506.852,20180913_071029,479173,92817,51183,72488
1,KFCX20180913_112003_V06,18.421,0.065,272.063,345.819,29.183,-80.431,36.818,14591.489,26832.195,20180913_072003,479172,121536,48905,100772
6,KFCX20180913_111029_V06,8.855,0.070,19.499,445.596,7.697,-81.837,36.358,3848.676,158018.001,20180913_071029,479173,92817,51183,72488
6,KFCX20180913_112003_V06,18.421,0.076,17.710,438.963,24.970,-81.847,36.388,12485.205,157320.138,20180913_072003,479172,121536,48905,100772
2,KFCX20180913_103216_V06,-29.362,0.165,292.992,386.608,14.539,-80.313,36.634,7269.674,43445.459,20180913_063216,479173,204673,31191,184738
4,KFCX20180913_111029_V06,8.855,0.127,287.672,260.451,21.521,-80.344,37.202,10760.567,20713.052,20180913_071029,479173,92817,51183,72488
4,KFCX20180913_112003_V06,18.421,-1.000,287.672,260.451,36.732,-80.344,37.202,18366.067,20713.052,20180913_072003,479172,121536,48905,100772
4,KFCX20180913_112936_V06,27.971,0.056,272.723,263.225,23.192,-80.428,37.190,11595.812,22893.341,20180913_072936,479172,137658,47573,114564
9,KFCX20180913_113911_V06,37.555,0.115,50.185,246.735,68.474,-81.682,37.256,34236.961,127715.313,20180913_073911,479172,145699,48356,120256
10,KFCX20180913_120752_V06,66.238,0.177,425.604,135.435,65.965,-79.561,37.763,32982.552,103510.828,20180913_080752,479173,168393,47757,137993
2,KFCX20180914_111908_V06,16.694,0.127,26.840,395.204,50.627,-81.800,36.585,25313.589,144637.619,20180914_071908,479172,117513,53073,89284
3,KFCX20180914_113815_V06,35.811,0.062,209.124,283.793,20.784,-80.785,37.096,10392.136,46154.919,20180914_073815,479170,128501,63344,99387
1,KFCX20180915_101259_V06,-50.267,0.078,328.510,218.023,16.800,-80.113,37.393,8400.211,43396.876,20180915_061259,479183,160836,148586,43831
1,KFCX20180915_101823_V06,-44.867,0.370,330.003,217.182,25.182,-80.105,37.397,12590.830,44042.757,20180915_061823,479172,167547,151465,47364
1,KFCX20180915_102324_V06,-39.851,0.050,329.372,216.217,29.200,-80.108,37.402,14600.070,44391.019,20180915_062324,479185,176419,156536,49924
6,KFCX20180915_122038_V06,77.383,0.083,35.268,244.784,34.162,-81.766,37.264,17081.059,135214.314,20180915_082038,479178,223141,211392,27933
6,KFCX20180915_122705_V06,83.833,0.062,35.730,242.961,40.614,-81.764,37.272,20307.166,135177.579,20180915_082705,479179,222175,209351,28966
5,KFCX20180915_122038_V06,77.383,0.102,327.608,224.503,13.727,-80.118,37.364,6863.338,40193.080,20180915_082038,479178,223141,211392,27933
10,KFCX20180917_122701_V06,82.142,0.080,321.651,204.746,16.992,-80.152,37.453,8495.911,48841.904,20180917_082701,479183,109312,136379,12796
8,KFCX20180918_104439_V06,-21.038,0.184,301.436,361.127,31.743,-80.266,36.749,15871.733,30571.792,20180918_064439,479201,165761,126041,68033
8,KFCX20180918_110019_V06,-5.371,0.051,265.018,368.042,62.064,-80.470,36.717,31031.754,38253.779,20180918_070019,479169,116583,125303,24077
27,KFCX20180918_121556_V06,70.246,0.203,323.615,370.506,19.357,-80.142,36.706,9678.410,37177.897,20180918_081556,479176,94116,90349,37823
27,KFCX20180918_122029_V06,74.796,0.364,324.297,371.039,25.242,-80.138,36.704,12621.166,37539.626,20180918_082029,479176,89356,87880,35444
27,KFCX20180918_122500_V06,79.312,0.095,330.420,371.823,22.383,-80.104,36.700,11191.256,38999.985,20180918_082500,479184,84148,86027,32763
12,KFCX20180918_110712_V06,1.512,0.063,137.411,293.944,31.921,-81.188,37.048,15960.257,81350.954,20180918_070712,479185,129249,115879,40891
15,KFCX20180918_112042_V06,15.012,0.083,280.238,380.465,66.542,-80.385,36.662,33270.844,41428.161,20180918_072042,479174,146663,113498,61378
19,KFCX20180918_114008_V06,34.446,0.061,48.838,388.479,21.343,-81.678,36.617,10671.353,133145.667,20180918_074008,479181,136802,107975,60445
25,KFCX20180918_121137_V06,65.929,0.052,312.054,385.763,27.045,-80.207,36.638,13522.625,43302.851,20180918_081137,479182,99911,93090,40564
1,KFCX20180919_110844_V06,2.231,0.958,296.208,97.590,11.779,-80.296,37.936,5889.534,101222.771,20180919_070844,479173,119600,29473,105067
1,KFCX20180919_111817_V06,11.781,0.969,297.544,102.612,20.275,-80.288,37.913,10137.625,98701.709,20180919_071817,479174,137982,30340,121556
1,KFCX20180919_112751_V06,21.348,0.909,298.315,103.078,24.877,-80.284,37.911,12438.379,98464.742,20180919_072751,479174,145662,31560,127818
1,KFCX20180919_113723_V06,30.881,0.758,297.472,104.640,29.980,-80.289,37.904,14989.843,97688.112,20180919_073723,479170,142821,33874,124092
1,KFCX20180919_114656_V06,40.431,0.139,296.349,100.893,30.086,-80.295,37.921,15042.899,99570.233,20180919_074656,479174,136167,35744,116639
2,KFCX20180919_110844_V06,2.231,0.936,169.384,350.429,15.038,-81.006,36.795,7519.121,70006.167,20180919_070844,479173,119600,29473,105067
2,KFCX20180919_111817_V06,11.781,0.898,171.432,355.016,23.454,-80.994,36.774,11726.955,69922.202,20180919_071817,479174,137982,30340,121556
2,KFCX20180919_112751_V06,21.348,0.727,169.503,355.867,27.746,-81.005,36.770,13873.067,70976.380,20180919_072751,479174,145662,31560,127818
2,KFCX20180919_113723_V06,30.881,0.623,165.425,355.283,31.945,-81.028,36.773,15972.566,72743.839,20180919_073723,479170,142821,33874,124092
2,KFCX20180919_114656_V06,40.431,0.468,161.854,354.704,34.556,-81.048,36.775,17278.208,74291.497,20180919_074656,479174,136167,35744,116639
3,KFCX20180919_110844_V06,2.231,0.703,128.694,323.577,9.674,-81.235,36.914,4836.955,86460.588,20180919_070844,479173,119600,29473,105067
3,KFCX20180919_111817_V06,11.781,0.190,128.285,322.919,19.087,-81.238,36.917,9543.634,86618.991,20180919_071817,479174,137982,30340,121556
3,KFCX20180919_112751_V06,21.348,0.407,134.116,326.485,27.465,-81.205,36.901,13732.673,83992.435,20180919_072751,479174,145662,31560,127818
3,KFCX20180919_113723_V06,30.881,0.415,133.536,325.686,34.344,-81.208,36.905,17171.759,84217.054,20180919_073723,479170,142821,33874,124092
4,KFCX20180919_110844_V06,2.231,0.377,219.725,294.530,13.388,-80.725,37.048,6694.008,40230.460,20180919_070844,479173,119600,29473,105067
4,KFCX20180919_111817_V06,11.781,0.061,219.275,299.662,26.695,-80.728,37.025,13347.320,40362.748,20180919_071817,479174,137982,30340,121556
6,KFCX20180919_112751_V06,21.348,0.167,67.737,333.489,16.160,-81.577,36.866,8079.802,117332.376,20180919_072751,479174,145662,31560,127818
4,KFCX20180920_111521_V06,8.032,0.158,125.605,314.609,12.158,-81.253,36.954,6079.185,87502.783,20180920_071521,479175,91229,32749,77107
4,KFCX20180920_112453_V06,17.566,0.368,127.737,314.044,24.098,-81.241,36.957,12049.023,86417.086,20180920_072453,479170,100316,28480,85853
4,KFCX20180920_113426_V06,27.116,0.096,130.340,309.858,27.345,-81.227,36.976,13672.585,84973.255,20180920_073426,479176,96549,25286,83245
1,KFCX20180920_110345_V06,-3.568,0.216,217.670,281.002,7.773,-80.737,37.109,3886.322,42246.860,20180920_070345,479172,68579,36556,55481
1,KFCX20180920_111521_V06,8.032,0.056,216.768,283.973,20.738,-80.742,37.095,10369.164,42380.313,20180920_071521,479175,91229,32749,77107
3,KFCX20180920_111521_V06,8.032,0.541,163.236,339.055,14.211,-81.041,36.846,7105.314,71115.341,20180920_071521,479175,91229,32749,77107
3,KFCX20180920_112453_V06,17.566,0.165,164.841,338.974,25.072,-81.032,36.846,12536.118,70333.070,20180920_072453,479170,100316,28480,85853
8,KFCX20180920_113426_V06,27.116,0.075,26.324,311.011,17.007,-81.811,36.965,8503.400,136948.893,20180920_073426,479176,96549,25286,83245
1,KFCX20180921_112432_V06,16.398,0.451,166.282,347.227,7.906,-81.023,36.809,3952.770,70906.488,20180921_072432,479170,18655,31140,13061
1,KFCX20180923_105354_V06,-15.875,0.379,281.686,199.315,13.813,-80.378,37.478,6906.685,51168.499,20180923_065354,479168,64417,74958,12067
1,KFCX20180923_110132_V06,-8.242,0.245,276.093,193.651,29.642,-80.409,37.503,14820.823,54501.478,20180923_070132,479175,55576,67971,7788
9,KFCX20180924_113135_V06,20.985,0.051,267.130,223.358,14.830,-80.460,37.369,7414.957,41696.570,20180924_073135,479180,109205,104210,21412
16,KFCX20180925_122010_V06,68.742,0.087,273.050,270.460,12.869,-80.426,37.157,6434.299,19992.988,20180925_082010,479178,14874,27780,5420
16,KFCX20180925_122358_V06,72.542,0.170,272.646,270.757,18.853,-80.428,37.156,9426.357,20021.061,20180925_082358,479186,14797,27061,5908
3,KFCX20180925_103458_V06,-36.458,0.228,379.168,222.500,13.340,-79.827,37.372,6670.097,55393.545,20180925_063458,479179,86661,59804,51645
7,KFCX20180925_105012_V06,-21.225,0.061,292.564,71.183,45.968,-80.317,38.055,22984.015,114468.873,20180925_065012,479186,43838,53140,19030
1,KFCX20180926_110655_V06,-5.337,0.545,166.459,338.398,7.856,-81.023,36.849,3928.196,69475.741,20180926_070655,479190,41084,51000,17152
1,KFCX20180926_111104_V06,-1.187,0.852,168.679,338.582,12.400,-81.010,36.848,6199.904,68435.521,20180926_071104,479186,50675,54340,23197
1,KFCX20180926_111514_V06,2.980,0.819,172.747,337.517,15.989,-80.988,36.853,7994.690,66333.800,20180926_071514,479181,53041,51100,27535
1,KFCX20180926_111934_V06,7.313,0.920,179.261,337.285,17.461,-80.951,36.854,8730.729,63182.540,20180926_071934,479182,52237,45539,30518
1,KFCX20180926_112352_V06,11.613,0.915,184.544,337.054,23.036,-80.921,36.855,11518.023,60627.836,20180926_072352,479179,49887,40567,31850
1,KFCX20180926_112801_V06,15.763,0.513,189.810,335.901,27.550,-80.892,36.861,13775.021,57945.640,20180926_072801,479186,50238,38143,33315
4,KFCX20180926_111514_V06,2.980,0.242,216.451,289.671,16.873,-80.744,37.070,8436.293,42092.699,20180926_071514,479181,53041,51100,27535
4,KFCX20180926_111934_V06,7.313,0.056,216.821,289.039,22.950,-80.742,37.073,11474.766,41948.924,20180926_071934,479182,52237,45539,30518
5,KFCX20180926_111934_V06,7.313,0.365,210.331,316.060,10.674,-80.778,36.951,5337.137,45547.796,20180926_071934,479182,52237,45539,30518
1,KFCX20180927_102548_V06,-47.286,0.050,339.888,140.068,31.492,-80.048,37.744,15745.750,82415.321,20180927_062548,479186,262813,93606,178266
4,KFCX20180928_111253_V06,-1.038,0.131,174.993,317.822,10.239,-80.976,36.942,5119.350,63135.716,20180928_071253,479197,21799,34310,13936
4,KFCX20180928_111753_V06,3.962,0.372,175.701,317.755,16.596,-80.972,36.942,8298.013,62780.267,20180928_071753,479181,23708,33120,16226
4,KFCX20180928_112253_V06,8.962,0.195,182.764,321.540,21.724,-80.932,36.925,10862.235,59599.155,20180928_072253,479180,29528,32654,20946
4,KFCX20180928_112753_V06,13.962,0.748,174.087,340.456,20.235,-80.980,36.840,10117.701,66126.424,20180928_072753,479184,32137,32179,23085
4,KFCX20180928_113253_V06,18.962,0.438,173.413,346.797,20.958,-80.983,36.811,10478.942,67480.040,20180928_073253,479199,35809,32349,26324
4,KFCX20180928_113753_V06,23.962,0.069,175.881,348.239,26.725,-80.970,36.805,13362.708,66582.003,20180928_073753,479182,34021,32135,24608
3,KFCX20180928_111253_V06,-1.038,0.172,218.691,286.349,10.292,-80.731,37.085,5145.849,41223.256,20180928_071253,479197,21799,34310,13936
3,KFCX20180928_111753_V06,3.962,0.235,219.016,286.519,16.698,-80.730,37.084,8348.994,41048.988,20180928_071753,479181,23708,33120,16226
3,KFCX20180928_112253_V06,8.962,0.593,222.323,290.023,19.304,-80.711,37.068,9651.793,39157.608,20180928_072253,479180,29528,32654,20946
3,KFCX20180928_112753_V06,13.962,0.264,225.970,293.338,24.175,-80.690,37.053,12087.298,37164.676,20180928_072753,479184,32137,32179,23085
3,KFCX20180928_113253_V06,18.962,0.064,226.711,289.828,24.703,-80.686,37.069,12351.409,36995.603,20180928_073253,479199,35809,32349,26324
7,KFCX20180928_111753_V06,3.962,0.395,424.030,188.898,8.419,-79.573,37.523,4209.465,83257.160,20180928_071753,479181,23708,33120,16226
7,KFCX20180928_112253_V06,8.962,0.566,424.134,190.084,15.360,-79.572,37.517,7680.080,82901.738,20180928_072253,479180,29528,32654,20946
7,KFCX20180928_112753_V06,13.962,0.676,427.073,196.306,20.569,-79.556,37.489,10284.602,82006.102,20180928_072753,479184,32137,32179,23085
7,KFCX20180928_113253_V06,18.962,0.446,429.004,199.071,24.023,-79.545,37.477,12011.424,81897.077,20180928_073253,479199,35809,32349,26324
7,KFCX20180928_113753_V06,23.962,0.138,432.134,200.621,26.855,-79.527,37.470,13427.620,82667.521,20180928_073753,479182,34021,32135,24608
5,KFCX20180928_111753_V06,3.962,0.720,167.800,342.187,11.758,-81.015,36.832,5879.000,69384.118,20180928_071753,479181,23708,33120,16226
5,KFCX20180928_112253_V06,8.962,0.855,169.714,342.505,17.106,-81.004,36.830,8553.179,68521.970,20180928_072253,479180,29528,32654,20946
6,KFCX20180928_111753_V06,3.962,0.426,195.916,324.995,12.825,-80.858,36.910,6412.714,53521.749,20180928_071753,479181,23708,33120,16226
9,KFCX20180928_112753_V06,13.962,0.055,390.705,386.776,6.688,-79.767,36.632,3344.126,62764.486,20180928_072753,479184,32137,32179,23085
1,KFCX20180929_111109_V06,-3.610,0.502,217.216,286.947,9.543,-80.740,37.082,4771.379,41903.328,20180929_071109,479176,48968,29051,39222
1,KFCX20180929_112041_V06,5.923,0.641,219.135,288.050,19.098,-80.729,37.077,9548.979,40871.513,20180929_072041,479170,68244,27365,55659
1,KFCX20180929_113015_V06,15.490,0.232,222.149,292.884,29.821,-80.712,37.055,14910.292,39087.914,20180929_073015,479170,78774,27300,65070
2,KFCX20180929_112041_V06,5.923,0.585,169.860,344.166,16.644,-81.004,36.823,8321.795,68715.200,20180929_072041,479170,68244,27365,55659
2,KFCX20180929_113015_V06,15.490,0.486,172.102,344.701,27.757,-80.991,36.821,13878.429,67742.228,20180929_073015,479170,78774,27300,65070
1,KFCX20181001_113618_V06,19.850,0.183,32.744,261.990,48.642,-81.779,37.186,24321.203,134972.794,20181001_073618,479174,48447,31471,36612
1,KFCX20181001_114550_V06,29.383,0.057,32.754,262.167,57.852,-81.779,37.185,28926.057,134955.377,20181001_074550,479172,54549,33396,40363
3,KFCX20181002_111522_V06,-1.935,0.698,169.297,342.725,13.278,-81.007,36.829,6639.061,68754.475,20181002_071522,479173,65157,43962,45527
3,KFCX20181002_112053_V06,3.582,0.868,170.937,343.619,16.746,-80.998,36.825,8372.961,68117.431,20181002_072053,479192,85046,45591,63381
3,KFCX20181002_112613_V06,8.915,0.848,172.888,345.361,17.316,-80.986,36.818,8658.197,67481.560,20181002_072613,479178,87249,41815,67051
3,KFCX20181002_113143_V06,14.415,0.557,175.113,346.174,20.154,-80.974,36.814,10076.942,66574.508,20181002_073143,479185,91046,41344,69674
3,KFCX20181002_113715_V06,19.949,0.454,173.710,346.860,23.199,-80.982,36.811,11599.473,67351.736,20181002_073715,479175,95181,42445,72105
1,KFCX20181002_111020_V06,-6.968,0.452,218.860,284.870,6.422,-80.730,37.091,3211.203,41269.116,20181002_071020,479184,34322,35640,20697
1,KFCX20181002_111522_V06,-1.935,0.159,219.217,285.683,13.203,-80.728,37.088,6601.467,41020.854,20181002_071522,479173,65157,43962,45527
1,KFCX20181002_112053_V06,3.582,0.173,222.042,288.545,17.451,-80.713,37.075,8725.430,39397.625,20181002_072053,479192,85046,45591,63381
1,KFCX20181003_111202_V06,-6.124,0.866,169.111,347.885,8.976,-81.008,36.806,4488.241,69686.483,20181003_071202,479172,42221,29858,35778
1,KFCX20181003_112135_V06,3.426,0.053,167.234,345.445,16.895,-81.018,36.817,8447.345,70164.259,20181003_072135,479173,87819,26874,80323
1,KFCX20181003_113107_V06,12.959,0.879,173.305,352.235,31.997,-80.984,36.787,15998.550,68520.168,20181003_073107,479169,101966,29125,92912
1,KFCX20181003_114041_V06,22.526,0.706,174.957,354.403,40.760,-80.975,36.777,20379.773,68182.756,20181003_074041,479176,111371,32712,100584
1,KFCX20181003_115013_V06,32.059,0.194,179.887,350.507,54.445,-80.947,36.795,27222.260,65149.907,20181003_075013,479175,118545,36219,104944
1,KFCX20181003_120917_V06,51.126,0.114,174.772,359.926,64.937,-80.975,36.752,32468.683,69414.122,20181003_080917,479171,116444,41422,100030
2,KFCX20181003_111202_V06,-6.124,0.401,218.680,290.065,8.975,-80.731,37.068,4487.633,40962.100,20181003_071202,479172,42221,29858,35778
2,KFCX20181003_112135_V06,3.426,0.839,222.718,292.428,17.931,-80.709,37.057,8965.322,38826.058,20181003_072135,479173,87819,26874,80323
2,KFCX20181003_113107_V06,12.959,0.081,220.162,293.786,21.453,-80.723,37.051,10726.418,40039.590,20181003_073107,479169,101966,29125,92912
4,KFCX20181003_115013_V06,32.059,0.054,390.979,404.150,31.225,-79.766,36.554,15612.667,69145.349,20181003_075013,479175,118545,36219,104944
5,KFCX20181003_120917_V06,51.126,0.063,287.226,35.268,18.438,-80.347,38.217,9218.990,132520.146,20181003_080917,479171,116444,41422,100030
2,KFCX20181004_111758_V06,-1.051,0.830,179.683,344.295,15.346,-80.948,36.823,7672.962,64105.969,20181004_071758,479169,118399,47836,94355
2,KFCX20181004_112730_V06,8.482,0.658,183.138,348.241,23.541,-80.929,36.805,11770.382,63213.640,20181004_072730,479172,168987,59478,131073
3,KFCX20181004_112730_V06,8.482,0.933,312.589,95.168,19.792,-80.203,37.947,9895.882,102609.423,20181004_072730,479172,168987,59478,131073
3,KFCX20181004_113702_V06,18.015,0.457,318.251,98.437,31.374,-80.170,37.932,15686.987,101193.808,20181004_073702,479170,186530,59257,150458
1,KFCX20181004_110826_V06,-10.585,0.162,219.258,287.179,8.366,-80.728,37.081,4183.220,40876.709,20181004_070826,479173,40824,32572,31212
1,KFCX20181005_111400_V06,-5.883,0.177,171.965,346.980,8.747,-80.992,36.810,4373.278,68190.920,20181005_071400,479171,46365,37200,32607
1,KFCX20181005_112334_V06,3.683,0.089,171.920,344.108,16.351,-80.992,36.823,8175.474,67730.944,20181005_072334,479174,53582,31704,41947
1,KFCX20181005_113309_V06,13.267,0.676,184.551,349.265,24.039,-80.921,36.800,12019.699,62760.439,20181005_073309,479174,65653,31400,52852
1,KFCX20181005_114242_V06,22.817,0.069,182.342,348.306,25.601,-80.933,36.805,12800.528,63594.219,20181005_074242,479171,72934,31805,59212
5,KFCX20181005_113309_V06,13.267,0.164,385.668,391.019,21.087,-79.795,36.613,10543.350,62497.106,20181005_073309,479174,65653,31400,52852
5,KFCX20181005_114242_V06,22.817,0.192,385.344,392.467,30.163,-79.797,36.607,15081.327,62916.019,20181005_074242,479171,72934,31805,59212
5,KFCX20181005_120149_V06,41.933,0.077,380.396,400.504,33.951,-79.825,36.570,16975.707,64351.525,20181005_080149,479169,70676,33669,57155
4,KFCX20181005_113309_V06,13.267,0.702,295.447,93.688,23.407,-80.300,37.954,11703.735,103181.127,20181005_073309,479174,65653,31400,52852
4,KFCX20181005_114242_V06,22.817,0.564,294.115,94.563,30.530,-80.308,37.950,15265.125,102760.597,20181005_074242,479171,72934,31805,59212
1,KFCX20181006_102251_V06,-57.904,0.050,388.997,446.526,6.296,-79.778,36.363,3147.934,85718.114,20181006_062251,479174,253584,17360,243112
1,KFCX20181007_114554_V06,24.271,0.057,372.643,393.712,10.164,-79.868,36.601,5081.772,59285.346,20181007_074554,479171,138791,53818,110199
2,KFCX20181007_120459_V06,43.354,0.056,47.169,245.033,68.106,-81.699,37.263,34052.807,129368.329,20181007_080459,479174,140209,56304,108641
1,KFCX20181008_113725_V06,14.907,0.905,169.385,326.496,11.233,-81.007,36.903,5616.503,66637.515,20181008_073725,479169,37952,40059,30792
1,KFCX20181008_114657_V06,24.440,0.826,166.828,324.321,17.785,-81.021,36.912,8892.270,67687.502,20181008_074657,479173,28538,37322,22491
1,KFCX20181010_120408_V06,39.847,0.083,230.881,225.672,28.366,-80.664,37.358,14183.111,50749.561,20181010_080408,479185,92333,122222,10356
1,KFCX20181015_112715_V06,-1.569,0.069,267.775,180.033,33.348,-80.457,37.565,16673.889,62109.880,20181015_072715,479173,14136,29216,3801
1,KFCX20181015_113229_V06,3.665,0.140,272.683,177.179,39.708,-80.429,37.577,19854.137,62911.274,20181015_073229,479174,16040,30849,4225
1,KFCX20181016_114634_V06,16.825,0.103,222.437,288.297,18.538,-80.710,37.076,9268.820,39220.597,20181016_074634,479174,18199,29427,6305
1,KFCX20181017_113615_V06,5.581,0.076,229.115,302.277,18.016,-80.672,37.013,9007.906,35460.881,20181017_073615,479170,16615,56612,11558
1,KFCX20181017_114549_V06,15.147,0.487,231.157,306.948,24.441,-80.661,36.992,12220.619,34596.422,20181017_074549,479173,19225,53073,13666
1,KFCX20181017_120456_V06,34.264,0.069,259.783,338.204,28.782,-80.500,36.852,14390.902,27735.105,20181017_080456,479174,18953,53888,12608
2,KFCX20181017_113615_V06,5.581,0.059,184.977,351.873,13.330,-80.919,36.789,6664.833,63089.156,20181017_073615,479170,16615,56612,11558
3,KFCX20181017_114549_V06,15.147,0.410,418.835,312.853,16.359,-79.607,36.964,8179.317,59764.087,20181017_074549,479173,19225,53073,13666
29,KFCX20181020_122809_V06,54.664,0.111,43.503,142.285,54.178,-81.729,37.726,27088.867,150553.063,20181020_082809,479179,146143,161591,17465
29,KFCX20181020_123219_V06,58.831,0.411,42.759,138.866,61.751,-81.733,37.741,30875.598,151770.329,20181020_083219,479184,144439,162214,17177
29,KFCX20181020_123628_V06,62.981,0.182,42.622,137.321,65.603,-81.734,37.748,32801.647,152239.873,20181020_083628,479183,144540,162513,17308
29,KFCX20181020_124016_V06,66.781,0.106,52.118,161.773,56.864,-81.678,37.639,28432.247,141908.504,20181020_084016,479183,142432,161766,15500
29,KFCX20181020_124405_V06,70.598,-1.000,52.118,161.773,62.933,-81.678,37.639,31466.497,141908.504,20181020_084405,479190,138448,158352,14890
29,KFCX20181020_124801_V06,74.531,0.056,60.592,156.475,64.670,-81.631,37.663,32334.883,139566.892,20181020_084801,479183,135361,155241,13825
29,KFCX20181020_125203_V06,78.564,0.089,71.203,153.057,65.847,-81.571,37.679,32923.356,135959.717,20181020_085203,479183,132366,152490,13976
10,KFCX20181020_110250_V06,-30.652,0.056,152.515,101.842,15.244,-81.113,37.914,7622.110,123509.486,20181020_070250,479189,138798,152136,17292
10,KFCX20181020_110723_V06,-26.102,0.067,150.865,100.720,23.772,-81.122,37.919,11886.066,124452.716,20181020_070723,479179,139546,154310,17457
26,KFCX20181020_121937_V06,46.131,0.090,26.044,179.005,28.514,-81.825,37.559,14257.179,149743.024,20181020_081937,479179,140633,156400,16393
26,KFCX20181020_122354_V06,50.414,0.152,27.921,178.963,34.326,-81.814,37.560,17163.236,148893.309,20181020_082354,479183,144270,158530,17393
27,KFCX20181020_122354_V06,50.414,0.314,150.886,266.091,28.491,-81.114,37.174,14245.509,76460.512,20181020_082354,479183,144270,158530,17393
27,KFCX20181020_122809_V06,54.664,0.391,154.273,266.511,33.877,-81.095,37.172,16938.461,74762.631,20181020_082809,479179,146143,161591,17465
2,KFCX20181020_104436_V06,-48.886,0.050,270.758,187.488,22.021,-80.440,37.531,11010.567,58124.810,20181020_064436,479192,124672,137178,14187
2,KFCX20181020_104905_V06,-44.402,-1.000,270.758,187.488,29.150,-80.440,37.531,14574.817,58124.810,20181020_064905,479177,129524,140067,15297
2,KFCX20181020_105321_V06,-40.136,0.067,293.047,195.866,29.101,-80.313,37.493,14550.423,52183.027,20181020_065321,479185,134702,144654,16160
17,KFCX20181020_112125_V06,-12.069,0.063,373.675,272.672,6.312,-79.860,37.147,3155.895,39289.752,20181020_072125,479184,139802,157810,16652
22,KFCX20181020_114003_V06,6.564,0.081,249.579,271.784,30.384,-80.558,37.151,15192.183,28889.618,20181020_074003,479189,140253,158703,15988
22,KFCX20181020_114439_V06,11.164,0.173,270.556,259.032,24.676,-80.440,37.209,12337.950,25225.511,20181020_074439,479172,137633,156305,16025
24,KFCX20181020_114439_V06,11.164,0.114,422.987,201.150,23.271,-79.579,37.467,11635.269,78893.966,20181020_074439,479172,137633,156305,16025
31,KFCX20181020_123628_V06,62.981,0.249,229.135,313.059,21.269,-80.672,36.965,10634.304,36029.123,20181020_083628,479183,144540,162513,17308
33,KFCX20181020_125203_V06,78.564,0.131,266.933,247.993,20.100,-80.461,37.258,10050.222,30814.603,20181020_085203,479183,132366,152490,13976
34,KFCX20181020_125203_V06,78.564,0.090,145.797,328.143,20.707,-81.139,36.894,10353.374,78375.114,20181020_085203,479183,132366,152490,13976
1,KFCX20181025_122633_V06,48.258,0.113,279.418,345.133,17.206,-80.390,36.821,8603.003,24802.008,20181025_082633,479172,5442,4972,4305
2,KFCX20181029_112538_V06,-16.604,0.119,298.774,302.268,10.054,-80.281,37.014,5026.978,1289.077,20181029_072538,479173,8098,19150,4260
3,KFCX20181029_120401_V06,21.779,0.522,224.952,98.225,9.441,-80.701,37.932,4720.737,107639.636,20181029_080401,479171,11941,16911,7414
1,KFCX20181101_114423_V06,-0.871,0.210,236.133,316.531,6.758,-80.633,36.949,3379.198,32985.698,20181101_074423,479172,11544,28901,10057
8,KFCX20181102_112229_V06,-23.786,0.157,22.342,234.270,33.608,-81.840,37.310,16803.799,142665.777,20181102_072229,479199,26757,40235,8696
8,KFCX20181102_112639_V06,-19.620,-1.000,22.342,234.270,40.233,-81.840,37.310,20116.299,142665.777,20181102_072639,479184,22870,37418,7300
8,KFCX20181102_113049_V06,-15.453,0.606,27.177,222.143,48.904,-81.814,37.365,24451.950,141857.444,20181102_073049,479171,21535,37112,6349
8,KFCX20181102_113500_V06,-11.270,0.501,29.809,224.526,50.444,-81.799,37.354,25222.034,140267.173,20181102_073500,479188,20804,35525,6128
8,KFCX20181102_113909_V06,-7.120,0.132,36.046,221.912,58.727,-81.764,37.367,29363.336,137631.333,20181102_073909,479175,20121,34998,6135
8,KFCX20181102_114319_V06,-2.953,0.050,42.156,226.984,67.569,-81.729,37.344,33784.661,133991.571,20181102_074319,479187,19643,32865,6515
11,KFCX20181102_115550_V06,9.564,0.144,27.066,307.070,49.496,-81.807,36.982,24747.793,136512.906,20181102_075550,479184,20078,31749,7078
11,KFCX20181102_120412_V06,17.930,0.430,34.300,293.457,68.870,-81.768,37.044,34435.151,132890.476,20181102_080412,479173,18641,39814,6001
11,KFCX20181102_121348_V06,27.530,0.397,47.297,269.514,82.179,-81.697,37.153,41089.736,127267.642,20181102_081348,479168,14846,34793,4792
5,KFCX20181102_110759_V06,-38.286,0.131,243.413,222.492,23.809,-80.594,37.373,11904.644,47983.225,20181102_070759,479203,36206,50062,10359
5,KFCX20181102_111210_V06,-34.103,0.115,244.499,222.194,29.221,-80.587,37.374,14610.302,47786.449,20181102_071210,479174,33805,47434,10061
6,KFCX20181102_110759_V06,-38.286,0.114,228.887,149.775,18.409,-80.677,37.700,9204.311,83103.246,20181102_070759,479203,36206,50062,10359
6,KFCX20181102_111210_V06,-34.103,0.502,228.393,148.461,23.954,-80.680,37.706,11977.214,83802.608,20181102_071210,479174,33805,47434,10061
7,KFCX20181102_111621_V06,-29.920,0.051,319.117,156.537,35.287,-80.166,37.670,17643.299,72365.716,20181102_071621,479183,31769,44514,9836
9,KFCX20181102_112639_V06,-19.620,0.219,25.601,227.569,46.899,-81.823,37.340,23449.276,141898.965,20181102_072639,479184,22870,37418,7300
6,KFCX20181103_130214_V06,74.944,0.500,295.982,72.469,15.802,-80.297,38.049,7901.016,113783.057,20181103_090214,479171,7642,18056,4954
1,KFCX20181107_113320_V06,-18.074,0.081,32.434,216.327,58.434,-81.785,37.392,29216.862,140171.909,20181107_063320,479171,119080,54270,89391
4,KFCX20181107_130150_V06,70.426,0.071,187.345,88.776,15.396,-80.915,37.974,7698.215,119694.072,20181107_080150,479174,40473,43973,20211
1,KFCX20181108_112530_V06,-26.945,0.086,24.153,89.615,34.280,-81.844,37.962,17140.011,173459.928,20181108_062530,479172,211629,18796,200815
2,KFCX20181108_114444_V06,-7.711,0.560,276.814,272.018,7.358,-80.405,37.150,3678.982,18169.988,20181108_064444,479172,112596,34014,94734
4,KFCX20181108_120555_V06,13.472,0.067,154.974,37.826,14.050,-81.102,38.202,7025.137,149806.046,20181108_070555,479170,78327,24704,66260
9,KFCX20181109_123818_V06,44.816,0.155,183.729,251.723,29.030,-80.929,37.240,14514.912,62947.819,20181109_073818,479180,62987,96374,10967
9,KFCX20181109_124326_V06,49.949,0.137,185.975,250.952,34.598,-80.917,37.243,17299.114,62063.174,20181109_074326,479174,66778,101797,11466
9,KFCX20181109_124835_V06,55.099,0.218,199.910,239.488,27.382,-80.839,37.295,13690.950,58480.177,20181109_074835,479178,70874,107825,12469
9,KFCX20181109_125345_V06,60.266,0.125,203.136,238.280,33.066,-80.820,37.301,16532.944,57428.206,20181109_075345,479179,73661,113205,12894
13,KFCX20181109_130930_V06,76.016,0.097,260.807,219.604,30.181,-80.495,37.386,15090.521,44720.459,20181109_080930,479166,85597,133185,14316
2,KFCX20181112_121842_V06,22.091,0.312,309.571,333.572,16.062,-80.220,36.873,8030.876,17454.998,20181112_071842,479172,12121,17735,5184
5,KFCX20181113_112356_V06,-33.718,0.056,49.573,476.334,53.919,-81.667,36.221,26959.402,153140.105,20181113_062356,479170,192951,200250,35700
5,KFCX20181113_113033_V06,-27.101,0.121,53.451,469.838,60.714,-81.646,36.251,30356.918,149692.407,20181113_063033,479174,190981,200525,35516
6,KFCX20181113_114724_V06,-10.251,0.103,33.274,283.628,34.946,-81.774,37.088,17473.009,133613.870,20181113_064724,479177,205276,206221,40030
1,KFCX20181114_130944_V06,71.040,0.103,39.226,488.342,48.311,-81.723,36.167,24155.462,160838.432,20181114_080944,479173,62519,66016,18512
1,KFCX20181114_131921_V06,80.657,0.660,40.359,493.412,56.005,-81.717,36.144,28002.644,161880.779,20181114_081921,479171,65003,66412,20336
1,KFCX20181119_120045_V06,-3.124,0.104,310.282,299.422,6.130,-80.216,37.027,3064.762,5148.896,20181119_070045,479173,6046,9108,4133
5,KFCX20181120_123625_V06,31.516,0.085,264.382,199.291,51.114,-80.476,37.478,25556.953,53410.847,20181120_073625,479171,20535,41116,6981
5,KFCX20181124_125026_V06,41.481,0.077,23.947,369.612,27.965,-81.819,36.700,13982.262,142347.173,20181124_075026,479172,398744,343378,58014
13,KFCX20181126_132408_V06,73.196,0.092,201.826,289.655,21.567,-80.826,37.069,10783.342,49358.614,20181126_082408,479180,46143,56811,7539
13,KFCX20181126_132935_V06,78.646,0.497,207.226,286.374,27.138,-80.796,37.084,13569.085,46884.380,20181126_082935,479175,44403,55017,7518
13,KFCX20181126_133501_V06,84.079,0.215,222.717,280.613,24.415,-80.709,37.111,12207.520,39838.706,20181126_083501,479177,44043,54685,7561
8,KFCX20181126_121210_V06,1.229,0.264,72.930,117.815,61.895,-81.564,37.838,30947.540,145560.973,20181126_071210,479175,55293,75435,7823
10,KFCX20181126_124510_V06,34.229,0.098,171.997,51.458,55.882,-81.004,38.142,27941.236,139783.437,20181126_074510,479182,57762,72260,8628
11,KFCX20181130_131634_V06,61.768,0.083,170.035,293.727,27.938,-81.005,37.050,13968.979,65058.076,20181130_081634,479172,162978,182734,19254
13,KFCX20181130_133502_V06,80.235,0.077,28.094,477.396,33.175,-81.786,36.215,16587.564,162328.730,20181130_083502,479176,159005,163546,18936
3,KFCX20181201_121110_V06,-4.570,0.078,28.016,406.188,46.295,-81.793,36.536,23147.301,145988.987,20181201_071110,479174,204480,196511,32094
2,KFCX20181203_122847_V06,11.209,0.064,306.486,302.947,15.921,-80.238,37.011,7960.438,3561.796,20181203_072847,479169,4673,12860,3261
3,KFCX20181203_133559_V06,78.409,0.274,336.043,257.446,2.202,-80.071,37.216,1101.192,27883.598,20181203_083559,479169,2979,14644,2196
8,KFCX20181205_124223_V06,23.028,0.061,105.927,289.003,37.323,-81.365,37.069,18661.737,97192.016,20181205_074223,479173,66465,103882,8165
1,KFCX20181208_120223_V06,-19.518,0.071,40.475,517.289,48.238,-81.714,36.036,24118.931,169239.031,20181208_070223,479169,12492,12921,3172
1,KFCX20181209_132557_V06,63.236,0.178,20.949,446.643,28.177,-81.829,36.353,14088.415,157618.091,20181209_082557,479167,476853,462120,14736
2,KFCX20181210_130318_V06,39.794,0.050,25.128,287.242,37.668,-81.820,37.072,18834.194,137583.810,20181210_080318,479174,155267,173776,7055
10,KFCX20181213_130933_V06,43.794,0.671,24.325,288.011,23.123,-81.824,37.068,11561.502,137967.857,20181213_080933,479173,9869,30695,2124
10,KFCX20181213_131909_V06,53.394,0.356,25.572,291.462,33.784,-81.817,37.053,16892.194,137280.520,20181213_081909,479171,13977,39685,2579
10,KFCX20181213_132846_V06,63.010,0.335,34.997,291.018,37.861,-81.764,37.055,18930.542,132577.621,20181213_082846,479173,19071,48250,3181
11,KFCX20181213_130933_V06,43.794,0.068,27.298,338.486,48.221,-81.803,36.841,24110.609,137702.290,20181213_080933,479173,9869,30695,2124
6,KFCX20181214_134449_V06,78.356,0.054,249.908,93.390,11.164,-80.559,37.955,5581.869,106297.984,20181214_084449,479175,142298,175359,22415
3,KFCX20181216_120208_V06,-25.664,0.088,194.924,290.219,30.072,-80.865,37.067,15036.049,52765.227,20181216_070208,479174,114017,133191,22806
5,KFCX20181216_120759_V06,-19.814,0.056,123.224,258.356,33.532,-81.270,37.208,16766.243,90807.284,20181216_070759,479174,112221,130362,22199
5,KFCX20181216_121403_V06,-13.747,-1.000,123.224,258.356,43.178,-81.270,37.208,21589.243,90807.284,20181216_071403,479176,111422,124745,21486
5,KFCX20181216_122052_V06,-6.930,0.189,138.533,276.092,32.734,-81.183,37.128,16367.199,81613.664,20181216_072052,479178,113997,119493,23422
11,KFCX20181216_124413_V06,16.420,0.064,222.891,342.947,32.611,-80.706,36.830,16305.441,44130.868,20181216_074413,479175,114406,121978,25341
14,KFCX20181216_125003_V06,22.253,0.054,437.439,342.080,19.607,-79.504,36.832,9803.682,71868.214,20181216_075003,479174,112685,123899,23235
21,KFCX20181216_132350_V06,56.036,0.126,356.539,209.242,20.883,-79.955,37.433,10441.257,53464.357,20181216_082350,479173,98814,111759,20815
2,KFCX20181220_122603_V06,-4.108,0.389,30.533,437.129,42.747,-81.776,36.397,21373.592,151175.798,20181220_072603,479175,8262,66843,1892
2,KFCX20181220_123539_V06,5.492,0.734,31.184,429.603,46.403,-81.773,36.431,23201.732,149213.969,20181220_073539,479171,9618,67824,2474
2,KFCX20181220_124514_V06,15.076,0.155,31.409,419.104,43.028,-81.773,36.478,21514.033,146907.296,20181220_074514,479174,11308,66960,2757
6,KFCX20181220_131923_V06,49.226,0.051,231.048,312.361,23.612,-80.661,36.968,11805.817,35025.810,20181220_081923,479179,31692,69555,6984
7,KFCX20181220_133505_V06,64.926,0.144,14.372,361.953,23.723,-81.873,36.734,11861.375,146134.871,20181220_083505,479176,49989,87055,9270
8,KFCX20181220_133505_V06,64.926,0.076,368.836,359.037,27.988,-79.889,36.758,13994.125,45342.436,20181220_083505,479176,49989,87055,9270
2,KFCX20181225_123551_V06,3.375,0.068,23.548,216.517,35.085,-81.835,37.390,17542.641,144391.094,20181225_073551,479173,24522,25016,5801
2,KFCX20181225_124527_V06,12.975,0.172,26.645,212.843,42.619,-81.818,37.407,21309.648,143456.755,20181225_074527,479171,23493,24632,5543
2,KFCX20181225_130441_V06,32.208,0.145,52.921,201.459,58.477,-81.671,37.460,29238.696,133002.137,20181225_080441,479174,27774,29830,5980
3,KFCX20181225_133332_V06,61.058,0.053,43.385,150.864,66.481,-81.729,37.687,33240.349,148402.029,20181225_083332,479169,35185,36507,5681
3,KFCX20181225_134310_V06,70.691,0.077,47.344,150.671,81.415,-81.706,37.688,40707.479,146743.141,20181225_084310,479174,38621,39503,5418
1,KFCX20181225_120700_V06,-25.475,0.051,26.970,324.155,32.709,-81.806,36.905,16354.294,137048.437,20181225_070700,479172,24448,24438,5629
1,KFCX20181228_121313_V06,-20.289,0.103,60.701,143.904,73.857,-81.631,37.720,36928.642,142854.678,20181228_071313,479176,306671,298510,21034
3,KFCX20181230_121508_V06,-18.903,0.051,23.688,160.750,29.872,-81.840,37.641,14935.964,154708.362,20181230_071508,479173,9050,22523,4014
3,KFCX20181230_122022_V06,-13.670,0.448,25.911,162.857,36.031,-81.827,37.632,18015.682,153242.228,20181230_072022,479180,8447,22092,3799
3,KFCX20181230_122530_V06,-8.536,0.144,35.841,159.271,42.815,-81.771,37.649,21407.399,149653.513,20181230_072530,479168,8051,23114,3369
2,KFCX20181230_120954_V06,-24.136,0.233,29.585,226.176,34.322,-81.800,37.347,17160.923,140155.456,20181230_070954,479173,10605,24318,4334
6,KFCX20181231_132424_V06,50.147,0.068,26.304,289.364,29.772,-81.813,37.062,14885.942,136951.201,20181231_082424,479176,156733,180060,19872
6,KFCX20181231_132932_V06,55.280,0.190,28.280,288.928,37.458,-81.802,37.064,18729.189,135972.927,20181231_082932,479172,152927,174128,21103
