track_id,filename,from_sunrise,det_score,x,y,r,lon,lat,radius,geo_dist,local_time,n_radar_pixels,n_refAbove40_pixels,n_xcorrAbove0.95_pixels,n_xcorrBelow0.95_refAbove40_pixels
1,KGYX20200602_084844_V06,-12.159,0.057,298.568,302.325,11.201,-70.266,43.881,5600.647,1365.042,20200602_044844,479178,10714,13412,7932
3,KGYX20200605_092021_V06,20.678,0.088,225.967,326.910,12.712,-70.717,43.769,6356.163,39386.109,20200605_052021,479171,79852,80824,23838
8,KGYX20200605_095213_V06,52.545,0.144,265.492,371.696,29.746,-70.471,43.569,14873.091,39784.194,20200605_055213,479176,95958,95571,25333
9,KGYX20200605_095213_V06,52.545,0.109,137.524,378.996,18.752,-71.262,43.531,9375.802,90331.146,20200605_055213,479176,95958,95571,25333
1,KGYX20200607_080054_V06,-58.143,0.104,282.153,139.269,2.199,-70.369,44.615,1099.670,80859.552,20200607_040054,479182,22668,27606,13445
2,KGYX20200607_080513_V06,-53.826,0.061,292.108,161.541,1.929,-70.307,44.514,964.600,69341.798,20200607_040513,479188,21168,26547,12371
7,KGYX20200607_083401_V06,-25.026,0.070,292.223,162.414,1.991,-70.306,44.510,995.678,68902.776,20200607_043401,479180,16879,20987,9584
9,KGYX20200607_085013_V06,-8.826,0.105,291.397,162.735,1.942,-70.311,44.509,970.764,68767.384,20200607_045013,479187,17720,21293,9966
1,KGYX20200608_100936_V06,70.816,0.059,292.052,161.257,1.968,-70.307,44.516,983.795,69485.328,20200608_060936,479168,14893,15876,11257
6,KGYX20200609_082902_V06,-29.529,0.086,26.719,198.398,31.325,-71.970,44.336,15662.661,145778.535,20200609_042902,479173,99454,84927,39070
6,KGYX20200609_083451_V06,-23.712,-1.000,26.719,198.398,40.574,-71.970,44.336,20286.911,145778.535,20200609_043451,479169,93609,83395,33855
6,KGYX20200609_084027_V06,-18.112,0.121,39.344,193.845,53.622,-71.892,44.357,26811.112,140721.546,20200609_044027,479168,90907,83192,30976
10,KGYX20200609_084601_V06,-12.545,0.211,481.083,479.862,35.319,-69.145,43.076,17659.668,127614.278,20200609_044601,479167,88272,82615,28505
10,KGYX20200609_085136_V06,-6.962,0.117,485.111,484.308,41.875,-69.121,43.056,20937.311,130609.786,20200609_045136,479181,87829,83675,27942
4,KGYX20200609_082258_V06,-35.595,0.162,73.434,95.093,12.373,-71.689,44.805,6186.450,152740.957,20200609_042258,479171,107445,84057,46306
7,KGYX20200609_084027_V06,-18.112,0.087,360.251,96.653,79.203,-69.876,44.806,39601.501,106042.666,20200609_044027,479168,90907,83192,30976
11,KGYX20200609_085136_V06,-6.962,0.221,132.334,131.353,41.033,-71.314,44.645,20516.506,118905.124,20200609_045136,479181,87829,83675,27942
12,KGYX20200609_085136_V06,-6.962,0.198,482.310,426.709,22.247,-69.133,43.316,11123.549,111009.208,20200609_045136,479181,87829,83675,27942
15,KGYX20200609_100211_V06,63.621,0.160,205.967,268.820,6.758,-70.843,44.030,3378.759,49533.964,20200609_060211,479174,56612,48662,27563
20,KGYX20200609_101846_V06,80.205,0.085,428.106,64.953,8.242,-69.445,44.946,4121.067,133845.208,20200609_061846,479174,53201,43111,26776
1,KGYX20200611_080847_V06,-49.447,0.058,282.189,139.438,1.706,-70.369,44.614,852.757,80773.469,20200611_040847,479175,18936,49969,9636
1,KGYX20200612_080127_V06,-56.671,0.109,282.759,139.205,2.446,-70.366,44.615,1222.939,80858.113,20200612_040127,479175,37264,26209,28281
2,KGYX20200612_080127_V06,-56.671,0.056,256.788,108.686,2.159,-70.530,44.752,1079.359,98066.595,20200612_040127,479175,37264,26209,28281
3,KGYX20200612_085112_V06,-6.921,0.055,281.903,139.292,2.111,-70.371,44.614,1055.397,80861.779,20200612_045112,479173,22377,19565,17258
4,KGYX20200612_100854_V06,70.779,0.141,202.757,268.925,7.783,-70.863,44.030,3891.649,51043.771,20200612_060854,479174,22702,17943,17371
1,KGYX20200613_080043_V06,-57.332,0.070,282.795,139.393,1.989,-70.365,44.614,994.480,80762.779,20200613_040043,479172,19781,24615,13746
1,KGYX20200614_082411_V06,-33.830,0.071,282.987,138.874,2.241,-70.364,44.616,1120.464,81010.677,20200614_042411,479172,10885,13929,8343
1,KGYX20200615_080708_V06,-50.882,0.063,288.623,113.797,1.948,-70.329,44.729,974.068,93274.869,20200615_040708,479172,18002,20485,13670
2,KGYX20200616_101736_V06,79.546,0.060,205.594,268.680,5.292,-70.846,44.031,2646.185,49733.037,20200616_061736,479176,22842,15473,17093
2,KGYX20200616_102302_V06,84.979,0.057,205.654,268.760,11.960,-70.845,44.030,5980.167,49691.698,20200616_062302,479174,22931,15814,17157
1,KGYX20200616_084838_V06,-9.421,0.063,205.366,268.779,5.438,-70.847,44.030,2719.019,49825.696,20200616_044838,479179,22988,15454,17381
1,KGYX20200617_080340_V06,-54.463,0.202,174.806,328.927,2.664,-71.034,43.759,1332.041,64246.186,20200617_040340,479174,27477,23647,19769
1,KGYX20200617_080915_V06,-48.879,0.065,174.763,328.548,8.961,-71.035,43.760,4480.709,64224.995,20200617_040915,479170,27632,23496,19767
4,KGYX20200617_084244_V06,-15.396,0.135,382.003,418.693,12.429,-69.751,43.356,6214.733,72132.809,20200617_044244,479179,20848,17031,15210
4,KGYX20200617_084810_V06,-9.963,0.131,381.501,417.673,19.143,-69.754,43.361,9571.324,71570.598,20200617_044810,479172,21146,15863,15782
5,KGYX20200617_101122_V06,73.237,0.103,137.676,327.621,6.192,-71.265,43.763,3095.898,82328.586,20200617_061122,479175,21071,15881,15532
1,KGYX20200618_080106_V06,-57.141,0.100,130.090,329.939,3.703,-71.312,43.752,1851.622,86263.909,20200618_040106,479171,28195,25127,19545
1,KGYX20200618_080642_V06,-51.541,0.059,130.531,330.175,10.179,-71.309,43.751,5089.273,86067.314,20200618_040642,479176,30078,25651,20954
3,KGYX20200618_080106_V06,-57.141,0.062,164.009,380.589,3.359,-71.098,43.526,1679.415,79038.472,20200618_040106,479171,28195,25127,19545
4,KGYX20200618_080642_V06,-51.541,0.050,345.133,146.755,2.058,-69.973,44.581,1029.018,79876.707,20200618_040642,479176,30078,25651,20954
5,KGYX20200618_092444_V06,26.492,0.070,205.459,268.854,5.521,-70.847,44.030,2760.382,49769.715,20200618_052444,479173,25644,19819,18688
1,KGYX20200619_080453_V06,-53.505,0.097,133.359,331.032,4.174,-71.291,43.747,2086.914,84752.949,20200619_040453,479171,29078,21133,21905
2,KGYX20200619_080453_V06,-53.505,0.091,174.623,328.467,2.462,-71.035,43.761,1230.824,64284.065,20200619_040453,479171,29078,21133,21905
2,KGYX20200619_081028_V06,-47.922,0.066,174.915,327.339,2.175,-71.034,43.766,1087.317,64018.660,20200619_041028,479171,28703,21785,21361
3,KGYX20200619_080453_V06,-53.505,0.071,291.991,161.545,1.985,-70.307,44.514,992.325,69343.171,20200619_040453,479171,29078,21133,21905
6,KGYX20200619_084930_V06,-8.888,0.108,281.881,139.446,2.214,-70.371,44.614,1106.796,80786.442,20200619_044930,479177,27312,21910,21500
7,KGYX20200619_091724_V06,19.012,0.172,281.726,139.514,2.319,-70.372,44.613,1159.340,80761.643,20200619_051724,479178,25703,20834,19663
1,KGYX20200620_080039_V06,-57.921,0.119,282.761,139.156,2.280,-70.366,44.615,1140.186,80882.378,20200620_040039,479170,25205,24996,17869
2,KGYX20200620_080039_V06,-57.921,0.073,209.545,269.902,2.843,-70.821,44.025,1421.251,47665.378,20200620_040039,479170,25205,24996,17869
3,KGYX20200620_080039_V06,-57.921,0.062,134.282,332.551,5.390,-71.286,43.740,2695.133,84442.422,20200620_040039,479170,25205,24996,17869
4,KGYX20200620_080039_V06,-57.921,0.059,174.524,328.025,2.378,-71.036,43.763,1188.841,64283.613,20200620_040039,479170,25205,24996,17869
5,KGYX20200620_090137_V06,3.046,0.052,292.341,162.124,2.052,-70.305,44.512,1025.917,69044.459,20200620_050137,479182,21733,25524,15884
6,KGYX20200620_095530_V06,56.929,0.067,205.554,268.739,5.023,-70.846,44.031,2511.656,49742.792,20200620_055530,479182,21364,20849,15897
1,KGYX20200621_102052_V06,82.078,0.064,292.332,162.433,1.937,-70.305,44.510,968.277,68890.090,20200621_062052,479192,14776,21767,10947
1,KGYX20200622_092122_V06,22.325,0.105,206.073,268.959,5.166,-70.843,44.030,2582.823,49461.451,20200622_052122,479174,10283,11028,7912
2,KGYX20200622_094208_V06,43.092,0.098,206.130,269.231,5.109,-70.842,44.028,2554.449,49392.229,20200622_054208,479182,9775,11135,7422
1,KGYX20200623_080206_V06,-57.228,0.156,208.594,269.423,3.141,-70.827,44.028,1570.684,48192.095,20200623_040206,479176,16331,21494,11153
2,KGYX20200623_080206_V06,-57.228,0.098,281.768,139.468,2.052,-70.372,44.614,1025.818,80781.951,20200623_040206,479176,16331,21494,11153
4,KGYX20200623_081924_V06,-39.928,0.054,292.312,161.975,2.017,-70.305,44.512,1008.518,69119.414,20200623_041924,479181,15038,20013,10423
5,KGYX20200623_084520_V06,-13.995,0.416,200.196,271.013,9.289,-70.879,44.020,4644.564,51964.165,20200623_044520,479184,12287,16048,8915
5,KGYX20200623_084940_V06,-9.662,-1.000,200.196,271.013,16.179,-70.879,44.020,8089.564,51964.165,20200623_044940,479179,12344,15213,9069
5,KGYX20200623_085359_V06,-5.345,0.182,199.767,272.035,11.969,-70.882,44.016,5984.419,52030.213,20200623_045359,479174,11516,14069,8537
2,KGYX20200624_094938_V06,49.985,0.109,25.975,254.314,42.963,-71.968,44.084,21481.724,138903.919,20200624_054938,479172,10738,14608,7826
2,KGYX20200624_095405_V06,54.435,0.057,25.931,251.565,48.028,-71.968,44.097,24014.129,139158.054,20200624_055405,479175,10878,14837,7943
2,KGYX20200624_100249_V06,63.168,-1.000,25.865,247.425,58.886,-71.969,44.115,29442.894,139565.505,20200624_060249,479172,11311,15655,7886
2,KGYX20200624_100706_V06,67.451,0.162,28.789,204.585,36.075,-71.957,44.308,18037.310,143752.835,20200624_060706,479175,11616,15840,8017
1,KGYX20200624_080338_V06,-56.015,0.118,281.779,139.725,1.866,-70.372,44.613,933.064,80653.912,20200624_040338,479177,11359,17660,8442
2,KGYX20200625_083234_V06,-27.435,0.328,202.068,271.692,8.930,-70.868,44.017,4464.891,50970.910,20200625_043234,479192,28461,26233,20846
2,KGYX20200625_083654_V06,-23.102,0.487,201.951,272.048,13.654,-70.868,44.016,6826.750,50977.609,20200625_043654,479180,27127,26014,19879
2,KGYX20200625_084114_V06,-18.769,0.065,202.286,271.874,9.283,-70.866,44.016,4641.502,50840.824,20200625_044114,479178,24881,24633,18519
2,KGYX20200625_084533_V06,-14.452,-1.000,202.286,271.874,16.147,-70.866,44.016,8073.252,50840.824,20200625_044533,479188,23874,23794,17776
2,KGYX20200625_084953_V06,-10.119,0.074,202.887,271.649,9.269,-70.863,44.017,4634.485,50583.101,20200625_044953,479182,24292,23186,18179
1,KGYX20200625_080216_V06,-57.735,0.145,203.617,269.298,6.995,-70.858,44.028,3497.459,50577.535,20200625_040216,479174,30601,26839,21755
1,KGYX20200626_080052_V06,-59.521,0.213,95.680,395.043,11.508,-71.519,43.457,5754.011,112671.856,20200626_040052,479177,37390,26981,24617
1,KGYX20200626_080626_V06,-53.954,0.379,95.287,394.402,19.407,-71.522,43.460,9703.719,112715.398,20200626_040626,479172,38623,27303,25620
5,KGYX20200626_084742_V06,-12.688,0.081,216.192,299.991,31.743,-70.778,43.890,15871.538,41904.206,20200626_044742,479175,46979,32738,30069
5,KGYX20200626_085333_V06,-6.838,0.100,218.833,296.946,38.214,-70.762,43.904,19106.972,40612.449,20200626_045333,479171,47235,31411,30903
2,KGYX20200626_080052_V06,-59.521,0.174,530.245,396.541,12.602,-68.835,43.448,6300.964,124832.606,20200626_040052,479177,37390,26981,24617
6,KGYX20200626_084742_V06,-12.688,0.069,331.773,367.922,14.019,-70.060,43.586,7009.455,37493.045,20200626_044742,479175,46979,32738,30069
13,KGYX20200626_101942_V06,79.312,0.058,428.280,106.457,39.472,-69.447,44.759,19735.794,116097.736,20200626_061942,479173,37567,28669,23418
1,KGYX20200627_080323_V06,-57.422,0.140,173.816,328.465,3.182,-71.040,43.761,1591.009,64677.111,20200627_040323,479183,32162,27734,23590
3,KGYX20200627_080323_V06,-57.422,0.070,292.090,162.829,2.168,-70.307,44.509,1084.000,68699.442,20200627_040323,479183,32162,27734,23590
6,KGYX20200627_081925_V06,-41.389,0.180,202.893,268.787,8.662,-70.863,44.030,4330.856,51000.197,20200627_041925,479171,32906,28435,23751
1,KGYX20200628_080349_V06,-57.437,0.070,314.011,155.359,2.701,-70.169,44.542,1350.578,72658.989,20200628_040349,479175,39589,29324,28835
2,KGYX20200628_080349_V06,-57.437,0.067,175.179,328.616,2.662,-71.032,43.760,1330.923,64029.427,20200628_040349,479175,39589,29324,28835
3,KGYX20200628_084827_V06,-12.804,0.055,201.184,269.223,9.617,-70.873,44.028,4808.315,51749.210,20200628_044827,479175,35245,28305,26300
8,KGYX20200629_090600_V06,4.267,0.100,28.363,295.320,30.721,-71.948,43.900,15360.545,135838.690,20200629_050600,479194,306859,286477,29311
9,KGYX20200630_090755_V06,5.674,0.050,343.195,174.013,36.812,-69.986,44.458,18406.071,66592.876,20200630_050755,479179,87620,109113,13944
1,KGYX20200702_080321_V06,-59.998,0.054,205.531,269.350,4.673,-70.846,44.028,2336.555,49658.199,20200702_040321,479184,13663,22004,9566
2,KGYX20200702_080724_V06,-55.948,0.142,292.374,162.530,2.011,-70.305,44.510,1005.486,68840.501,20200702_040724,479191,13303,21302,9420
1,KGYX20200703_080802_V06,-55.910,0.093,206.301,269.181,5.256,-70.841,44.029,2627.886,49318.821,20200703_040802,479167,13838,19755,10047
1,KGYX20200703_081205_V06,-51.860,0.100,206.157,269.172,10.341,-70.842,44.029,5170.582,49388.402,20200703_041205,479177,13663,19930,10002
2,KGYX20200703_101315_V06,69.307,0.055,292.456,161.522,1.894,-70.304,44.515,947.163,69341.793,20200703_061315,479184,18418,36602,12640
12,KGYX20200705_092228_V06,17.251,0.067,141.610,282.558,67.817,-71.244,43.966,33908.478,79673.710,20200705_052228,479174,39548,50264,15045
12,KGYX20200705_092758_V06,22.751,0.075,145.512,282.345,74.369,-71.219,43.967,37184.442,77746.513,20200705_052758,479169,41099,51764,15708
12,KGYX20200705_093329_V06,28.268,0.069,164.992,290.423,63.992,-71.098,43.931,31996.229,67673.639,20200705_053329,479176,42493,54314,15675
1,KGYX20200705_081350_V06,-51.382,0.091,228.932,216.746,14.037,-70.702,44.265,7018.606,54730.893,20200705_041350,479172,36873,42862,16322
1,KGYX20200705_081850_V06,-46.382,0.228,210.055,214.021,36.212,-70.820,44.277,18106.081,62214.569,20200705_041850,479177,36312,42149,16558
1,KGYX20200707_080647_V06,-59.808,0.071,281.727,139.062,2.079,-70.372,44.616,1039.467,80986.103,20200707_040647,479174,28894,29720,20735
2,KGYX20200707_080647_V06,-59.808,0.059,292.177,65.447,4.979,-70.307,44.947,2489.639,117341.763,20200707_040647,479174,28894,29720,20735
1,KGYX20200708_081054_V06,-56.416,0.229,282.828,138.480,2.756,-70.365,44.618,1378.036,81214.925,20200708_041054,479172,14003,16401,9954
3,KGYX20200708_081054_V06,-56.416,0.153,203.504,269.758,6.973,-70.859,44.026,3486.671,50562.048,20200708_041054,479172,14003,16401,9954
6,KGYX20200708_101237_V06,65.301,0.063,282.193,139.124,1.998,-70.369,44.615,999.096,80929.079,20200708_061237,479180,12675,13218,10069
1,KGYX20200709_081135_V06,-56.482,0.213,281.836,139.646,2.117,-70.371,44.613,1058.548,80689.660,20200709_041135,479172,14200,23825,10733
1,KGYX20200709_081837_V06,-49.448,0.439,281.905,139.202,7.920,-70.371,44.615,3959.823,80906.482,20200709_041837,479174,15194,22339,11504
5,KGYX20200709_081837_V06,-49.448,0.058,267.913,123.157,15.887,-70.459,44.687,7943.626,89865.206,20200709_041837,479174,15194,22339,11504
1,KGYX20200710_081458_V06,-53.870,0.144,208.392,269.615,3.336,-70.828,44.027,1667.847,48257.928,20200710_041458,479173,17689,19642,13342
1,KGYX20200710_082149_V06,-47.020,0.059,208.292,269.349,11.360,-70.829,44.028,5679.916,48347.227,20200710_042149,479171,16804,19234,12542
3,KGYX20200710_081458_V06,-53.870,0.083,292.533,163.018,1.916,-70.304,44.508,958.149,68592.559,20200710_041458,479173,17689,19642,13342
3,KGYX20200712_081119_V06,-59.131,0.060,174.953,328.724,2.590,-71.033,43.759,1294.769,64151.751,20200712_041119,479173,12279,19716,8958
1,KGYX20200713_081955_V06,-51.368,0.078,133.278,330.009,3.742,-71.292,43.752,1870.813,84700.412,20200713_041955,479169,29082,24145,21164
3,KGYX20200716_102830_V06,74.586,0.064,205.785,268.632,5.200,-70.845,44.031,2599.949,49649.791,20200716_062830,479173,18999,17890,14889
1,KGYX20200718_081547_V06,-59.972,0.127,282.601,139.529,2.336,-70.367,44.613,1167.927,80705.640,20200718_041547,479172,18548,25778,13307
2,KGYX20200718_081547_V06,-59.972,0.089,287.792,115.458,2.136,-70.334,44.722,1067.947,92472.614,20200718_041547,479172,18548,25778,13307
3,KGYX20200718_081547_V06,-59.972,0.070,174.817,327.575,2.235,-71.034,43.765,1117.744,64091.870,20200718_041547,479172,18548,25778,13307
2,KGYX20200719_090523_V06,-11.318,0.108,242.376,9.145,13.747,-70.624,45.200,6873.461,148254.165,20200719_050523,479176,39579,28417,30668
2,KGYX20200719_090941_V06,-7.018,0.106,242.025,10.020,20.524,-70.626,45.196,10262.229,147859.159,20200719_050941,479171,44242,28245,34806
2,KGYX20200719_091358_V06,-2.734,0.135,243.435,14.511,24.930,-70.617,45.175,12464.893,145519.395,20200719_051358,479172,49319,29308,38995
2,KGYX20200719_091815_V06,1.549,0.163,249.205,20.669,26.358,-70.580,45.148,13178.839,141956.013,20200719_051815,479175,51005,29585,40357
1,KGYX20200719_090106_V06,-15.601,0.057,243.565,504.647,8.081,-70.603,42.970,4040.576,106142.680,20200719_050106,479179,35917,28485,27691
12,KGYX20200720_101729_V06,59.822,0.355,445.844,534.706,17.846,-69.365,42.832,8922.802,138164.352,20200720_061729,479180,23439,24525,14861
12,KGYX20200720_102207_V06,64.455,-1.000,445.844,534.706,25.213,-69.365,42.832,12606.302,138164.352,20200720_062207,479174,23575,25098,14596
12,KGYX20200720_102644_V06,69.072,-1.000,445.844,534.706,32.553,-69.365,42.832,16276.552,138164.352,20200720_062644,479179,24394,25802,14974
12,KGYX20200720_103101_V06,73.355,0.277,443.735,526.306,41.092,-69.377,42.869,20545.803,134046.640,20200720_063101,479178,25422,26622,15209
1,KGYX20200720_082051_V06,-56.812,0.158,282.901,139.593,2.398,-70.365,44.613,1198.864,80657.799,20200720_042051,479172,29769,28146,17800
8,KGYX20200720_092328_V06,5.805,0.054,291.889,33.706,25.910,-70.308,45.090,12955.090,133208.901,20200720_052328,479169,23673,25842,15516
16,KGYX20200720_102644_V06,69.072,0.070,438.456,528.506,40.697,-69.410,42.860,20348.364,133589.945,20200720_062644,479179,24394,25802,14974
1,KGYX20200721_101654_V06,58.264,0.074,272.630,128.040,20.356,-70.429,44.665,10178.032,87062.298,20200721_061654,479183,23369,24752,18509
2,KGYX20200721_103458_V06,76.330,0.099,282.471,138.981,2.361,-70.367,44.616,1180.523,80985.245,20200721_063458,479172,21932,23154,17302
1,KGYX20200722_084958_V06,-29.658,0.081,228.232,320.634,15.897,-70.703,43.798,7948.524,37337.706,20200722_044958,479171,63825,32424,49104
2,KGYX20200722_090829_V06,-11.141,0.245,26.652,166.024,37.780,-71.975,44.481,18889.879,152207.905,20200722_050829,479180,43411,30370,33910
3,KGYX20200722_090829_V06,-11.141,0.134,240.591,517.989,14.961,-70.621,42.910,7480.562,112969.578,20200722_050829,479180,43411,30370,33910
3,KGYX20200722_091321_V06,-6.275,0.086,241.763,512.475,11.203,-70.614,42.935,5601.267,110155.859,20200722_051321,479177,41209,30567,32146
1,KGYX20200723_082338_V06,-56.992,0.110,283.039,139.314,2.366,-70.364,44.614,1182.941,80789.372,20200723_042338,479170,59043,51692,29762
2,KGYX20200723_082755_V06,-52.709,0.062,411.617,112.507,34.307,-69.552,44.733,17153.736,109100.896,20200723_042755,479178,59072,51069,30135
6,KGYX20200726_104422_V06,80.670,0.054,295.612,9.583,12.738,-70.285,45.198,6368.969,145224.889,20200726_064422,479170,38813,29358,25683
6,KGYX20200726_104839_V06,84.954,0.073,296.125,9.949,19.013,-70.282,45.196,9506.566,145038.247,20200726_064839,479179,39319,30373,25445
1,KGYX20200726_102258_V06,59.270,0.079,288.196,161.839,5.056,-70.331,44.513,2527.851,69332.001,20200726_062258,479172,36957,24243,27653
2,KGYX20200726_102258_V06,59.270,0.057,396.035,14.216,20.472,-69.646,45.176,10236.118,150744.277,20200726_062258,479172,36957,24243,27653
3,KGYX20200726_102715_V06,63.554,0.172,317.516,505.686,24.189,-70.150,42.966,12094.736,103215.055,20200726_062715,479175,39021,26442,28375
1,KGYX20200727_082610_V06,-58.573,0.180,281.460,139.582,2.595,-70.374,44.613,1297.501,80742.862,20200727_042610,479169,37353,33900,17059
10,KGYX20200727_095050_V06,26.093,0.060,352.577,151.650,32.113,-69.926,44.558,16056.492,78695.757,20200727_055050,479175,36286,37148,13300
17,KGYX20200727_104535_V06,80.843,0.103,386.053,280.649,16.150,-69.721,43.977,8075.089,44100.842,20200727_064535,479175,55297,60549,15145
1,KGYX20200729_103951_V06,72.996,0.050,205.294,269.363,5.731,-70.848,44.028,2865.536,49769.007,20200729_063951,479183,31164,22235,24297
1,KGYX20200730_094957_V06,22.027,0.097,292.439,162.274,2.285,-70.304,44.511,1142.418,68966.666,20200730_054957,479174,23887,24876,16505
1,KGYX20200801_090420_V06,-25.748,0.092,523.296,325.735,6.852,-68.870,43.767,3426.010,112386.788,20200801_050420,479170,38741,36128,28621
1,KGYX20200802_094329_V06,12.314,0.072,224.941,517.552,8.673,-70.717,42.911,4336.348,115067.998,20200802_054329,479176,27680,24069,20619
1,KGYX20200802_094918_V06,18.130,0.096,226.137,516.972,16.606,-70.709,42.914,8303.211,114600.118,20200802_054918,479175,28741,24205,21461
2,KGYX20200802_094918_V06,18.130,0.055,236.308,482.000,16.541,-70.648,43.072,8270.275,96411.212,20200802_054918,479175,28741,24205,21461
4,KGYX20200802_100758_V06,36.797,0.102,25.971,441.840,34.635,-71.944,43.241,17317.614,154281.039,20200802_060758,479176,25416,23166,18357
1,KGYX20200803_083246_V06,-59.497,0.092,281.786,139.878,2.141,-70.372,44.612,1070.370,80577.158,20200803_043246,479176,19503,21883,12640
2,KGYX20200803_091250_V06,-19.431,0.139,282.862,138.943,2.136,-70.365,44.616,1068.073,80983.146,20200803_051250,479172,17364,21341,11044
3,KGYX20200803_095032_V06,18.269,0.078,281.893,140.126,2.375,-70.371,44.611,1187.305,80448.192,20200803_055032,479178,18855,26090,12580
6,KGYX20200803_104336_V06,71.336,0.081,302.486,526.902,23.708,-70.242,42.870,11854.147,113457.643,20200803_064336,479177,25284,36640,18018
7,KGYX20200804_100851_V06,35.486,0.086,300.557,365.837,13.806,-70.253,43.595,6903.135,32919.435,20200804_060851,479173,98303,82489,39504
7,KGYX20200804_101412_V06,40.836,0.051,300.995,365.488,21.721,-70.251,43.597,10860.640,32747.692,20200804_061412,479171,95620,82386,38478
11,KGYX20200804_104313_V06,69.853,0.061,363.319,142.373,33.039,-69.858,44.600,16519.676,84934.622,20200804_064313,479178,87135,78804,33212
11,KGYX20200804_105001_V06,76.653,0.465,369.220,138.992,38.514,-69.821,44.615,19257.184,87628.522,20200804_065001,479177,90211,81987,32756
4,KGYX20200804_094624_V06,13.036,0.087,288.354,361.714,16.010,-70.329,43.614,8005.150,31401.532,20200804_054624,479171,98962,79357,40246
5,KGYX20200804_095201_V06,18.653,0.052,27.698,218.999,35.258,-71.962,44.243,17629.128,142047.046,20200804_055201,479172,101184,82651,39439
2,KGYX20200805_091019_V06,-24.151,0.065,283.125,139.055,2.046,-70.363,44.616,1023.209,80913.785,20200805_051019,479172,12330,17294,9148
2,KGYX20200805_091544_V06,-18.735,0.053,283.023,139.071,8.372,-70.364,44.615,4186.139,80910.783,20200805_051544,479172,12969,16824,9905
1,KGYX20200805_084315_V06,-51.218,0.113,282.825,139.229,2.324,-70.365,44.615,1161.991,80843.027,20200805_044315,479178,16855,17401,11751
3,KGYX20200805_102239_V06,48.182,0.109,203.723,269.184,5.590,-70.857,44.028,2794.876,50544.011,20200805_062239,479177,14388,14287,11109
1,KGYX20200806_084033_V06,-55.027,0.084,174.627,327.337,2.145,-71.035,43.766,1072.453,64159.543,20200806_044033,479176,49533,29460,36989
2,KGYX20200806_104500_V06,69.423,0.083,292.411,161.488,2.007,-70.305,44.515,1003.483,69359.844,20200806_064500,479178,20753,17553,16178
1,KGYX20200807_093850_V06,2.143,0.910,282.915,369.116,16.193,-70.363,43.580,8096.619,35598.334,20200807_053850,479173,54565,24410,46596
1,KGYX20200807_094723_V06,10.693,0.130,282.073,367.908,26.260,-70.368,43.586,13129.782,35116.912,20200807_054723,479168,54968,23122,47750
2,KGYX20200808_093305_V06,-4.724,0.113,292.756,369.462,6.283,-70.302,43.579,3141.516,34919.166,20200808_053305,479175,75542,49135,48064
2,KGYX20200808_093839_V06,0.843,0.755,292.895,369.989,12.826,-70.301,43.576,6413.146,35174.162,20200808_053839,479172,72690,45757,47707
2,KGYX20200808_094405_V06,6.276,0.635,290.193,370.408,19.717,-70.318,43.575,9858.716,35543.732,20200808_054405,479175,72085,43154,48313
2,KGYX20200808_094924_V06,11.593,0.572,295.817,372.609,20.010,-70.283,43.565,10005.041,36364.480,20200808_054924,479171,70478,40799,48067
1,KGYX20200808_084254_V06,-54.907,0.079,259.683,71.571,3.899,-70.512,44.919,1949.598,115979.937,20200808_044254,479173,125089,45712,93519
2,KGYX20200809_093614_V06,-2.694,0.770,296.163,369.188,11.166,-70.281,43.580,5583.143,34647.338,20200809_053614,479177,23936,22671,17560
2,KGYX20200809_094149_V06,2.889,0.853,299.186,368.244,15.367,-70.262,43.584,7683.673,34124.476,20200809_054149,479168,25230,22072,18882
2,KGYX20200809_094702_V06,8.106,0.735,301.735,367.993,18.760,-70.246,43.585,9379.811,34007.769,20200809_054702,479167,26361,21709,19925
2,KGYX20200809_095228_V06,13.539,0.533,305.433,370.888,22.792,-70.223,43.572,11396.023,35548.090,20200809_055228,479168,26461,20732,20206
1,KGYX20200809_084046_V06,-58.161,0.050,207.671,269.671,5.020,-70.833,44.026,2509.941,48591.438,20200809_044046,479171,64179,29562,49331
4,KGYX20200809_094149_V06,2.889,0.054,343.401,152.916,4.907,-69.984,44.553,2453.636,76676.713,20200809_054149,479168,25230,22072,18882
3,KGYX20200812_084235_V06,-59.722,0.064,291.144,161.983,2.096,-70.313,44.512,1047.867,69150.329,20200812_044235,479174,49003,30013,33146
4,KGYX20200812_084235_V06,-59.722,0.051,281.945,138.938,2.205,-70.371,44.616,1102.730,81035.286,20200812_044235,479174,49003,30013,33146
8,KGYX20200812_094355_V06,1.611,0.052,301.278,363.948,12.915,-70.249,43.604,6457.596,31980.387,20200812_054355,479177,28735,28006,17644
9,KGYX20200812_094930_V06,7.194,0.087,364.181,289.738,29.308,-69.857,43.937,14654.240,32498.126,20200812_054930,479180,29624,27668,18812
1,KGYX20200813_094539_V06,2.213,0.062,297.175,376.395,8.162,-70.274,43.548,4081.091,38223.619,20200813_054539,479175,69972,32928,57809
1,KGYX20200815_101656_V06,31.230,0.122,281.559,140.300,2.634,-70.373,44.610,1317.062,80380.817,20200815_061656,479173,23153,24537,18742
1,KGYX20200815_102202_V06,36.330,-1.000,281.559,140.300,10.743,-70.373,44.610,5371.562,80380.817,20200815_062202,479175,22828,24469,18356
1,KGYX20200815_102710_V06,41.463,0.085,282.729,139.381,2.535,-70.366,44.614,1267.742,80772.659,20200815_062710,479175,22648,24423,18135
7,KGYX20200818_101512_V06,26.088,0.060,198.938,247.709,41.272,-70.888,44.125,20635.916,56894.298,20200818_061512,479173,159155,140409,36600
1,KGYX20200820_094754_V06,-3.488,0.056,369.627,333.594,6.063,-69.825,43.739,3031.651,38653.730,20200820_054754,479176,26683,26960,18848
1,KGYX20200821_085426_V06,-58.092,0.109,174.869,327.242,2.372,-71.034,43.766,1185.917,64031.091,20200821_045426,479176,75634,47192,45683
2,KGYX20200821_085426_V06,-58.092,0.075,163.555,252.073,11.494,-71.109,44.104,5746.834,72308.803,20200821_045426,479176,75634,47192,45683
6,KGYX20200821_093528_V06,-17.058,0.136,497.785,466.456,20.021,-69.041,43.136,10010.716,129254.040,20200821_053528,479172,60328,53608,25742
10,KGYX20200821_102943_V06,37.192,0.056,331.525,568.998,28.659,-70.065,42.681,14329.407,135419.294,20200821_062943,479173,57908,47063,25225
13,KGYX20200821_111106_V06,78.575,0.149,203.005,268.410,6.358,-70.862,44.032,3178.890,51004.931,20200821_071106,479177,40485,36230,18817
5,KGYX20200822_092035_V06,-33.079,0.057,160.519,372.565,11.997,-71.120,43.562,5998.594,78613.934,20200822_052035,479174,166247,36382,141084
5,KGYX20200822_092454_V06,-28.762,0.065,162.039,373.121,17.434,-71.111,43.559,8716.764,78070.143,20200822_052454,479171,149496,41645,122777
5,KGYX20200822_092914_V06,-24.429,-1.000,163.194,373.543,23.240,-71.104,43.557,11619.907,77660.304,20200822_052914,479179,127705,47616,99960
5,KGYX20200822_093334_V06,-20.096,0.128,165.606,384.077,23.999,-71.088,43.510,11999.494,79263.393,20200822_053334,479190,105311,51899,78093
5,KGYX20200822_093754_V06,-15.762,0.084,168.697,391.081,24.212,-71.068,43.479,12105.891,79900.194,20200822_053754,479177,90467,55482,63663
7,KGYX20200822_100552_V06,12.204,0.084,367.616,321.435,15.951,-69.837,43.794,7975.636,35466.214,20200822_060552,479179,61936,39482,45922
1,KGYX20200823_094941_V06,-5.115,0.080,209.390,559.975,14.273,-70.810,42.720,7136.302,137656.395,20200823_054941,479167,70016,40290,54049
1,KGYX20200823_100050_V06,6.035,0.070,208.448,561.145,29.001,-70.816,42.715,14500.262,138364.291,20200823_060050,479173,73299,36802,58261
10,KGYX20200824_111522_V06,79.432,0.155,186.203,102.607,13.878,-70.976,44.777,6938.839,113922.912,20200824_071522,479181,50124,45691,32363
1,KGYX20200826_090241_V06,-55.521,0.059,267.239,124.500,16.150,-70.464,44.681,8075.100,89265.829,20200826_050241,479172,67782,28612,53090
2,KGYX20200826_093935_V06,-18.621,0.099,281.882,140.371,2.294,-70.371,44.610,1146.801,80327.110,20200826_053935,479173,15163,19880,11378
2,KGYX20200826_094815_V06,-9.954,-1.000,281.882,140.371,16.074,-70.371,44.610,8036.801,80327.110,20200826_054815,479171,21182,20886,17085
2,KGYX20200826_100536_V06,7.396,0.104,282.484,139.224,2.401,-70.367,44.615,1200.710,80863.464,20200826_060536,479173,29038,19259,24929
1,KGYX20200829_093100_V06,-30.601,0.163,4.197,283.910,6.686,-72.100,43.949,3342.854,148119.906,20200829_053100,479177,161273,31799,138858
1,KGYX20200829_093517_V06,-26.318,-1.000,4.197,283.910,13.496,-72.100,43.949,6748.104,148119.906,20200829_053517,479171,153482,35843,128543
1,KGYX20200829_093934_V06,-22.035,0.050,11.457,283.611,18.732,-72.054,43.951,9365.782,144504.124,20200829_053934,479174,140845,39142,113977
1,KGYX20200829_094352_V06,-17.735,-1.000,16.771,283.392,24.415,-72.021,43.953,12207.749,141857.784,20200829_054352,479171,123143,42086,95617
1,KGYX20200829_094809_V06,-13.451,0.141,24.030,280.080,23.374,-71.977,43.968,11686.893,138344.167,20200829_054809,479174,105513,45337,76557
1,KGYX20200829_095226_V06,-9.168,0.124,30.766,279.547,27.815,-71.935,43.971,13907.379,135004.693,20200829_055226,479171,89920,48219,60359
1,KGYX20200830_094757_V06,-14.782,0.086,291.659,161.632,2.159,-70.309,44.514,1079.742,69309.381,20200830_054757,479172,14041,21028,10682
2,KGYX20200830_100607_V06,3.385,0.074,282.847,139.375,2.625,-70.365,44.614,1312.473,80768.931,20200830_060607,479174,18648,21284,14316
3,KGYX20200830_110540_V06,62.935,0.054,282.646,139.332,2.326,-70.366,44.614,1162.895,80801.117,20200830_070540,479174,22952,21326,17067
1,KGYX20200831_100615_V06,2.388,0.326,307.075,387.167,23.688,-70.213,43.499,11843.864,43726.733,20200831_060615,479169,22458,18709,17106
1,KGYX20200831_101041_V06,6.821,0.067,304.301,388.129,29.464,-70.230,43.495,14731.824,44116.961,20200831_061041,479174,26052,19711,20126
1,KGYX20200831_101513_V06,11.355,-1.000,302.129,388.883,35.674,-70.244,43.491,17837.156,44454.139,20200831_061513,479171,30595,17116,25470
1,KGYX20200831_102208_V06,18.271,0.129,295.660,375.838,18.257,-70.284,43.550,9128.714,37980.959,20200831_062208,479178,30655,20022,24171
1,KGYX20200901_101518_V06,10.309,0.346,293.415,373.126,16.686,-70.298,43.562,8342.985,36710.887,20200901_061518,479175,15813,16099,11880
1,KGYX20200901_101949_V06,14.826,0.067,299.595,374.903,14.136,-70.259,43.554,7067.965,37452.023,20200901_061949,479178,15922,16145,11988
10,KGYX20200902_101148_V06,5.680,0.276,284.571,382.187,11.146,-70.352,43.521,5573.149,41811.416,20200902_061148,479168,16172,22494,11243
10,KGYX20200902_101619_V06,10.197,0.476,284.322,380.833,17.472,-70.354,43.528,8735.819,41169.737,20200902_061619,479178,16881,22175,12036
10,KGYX20200902_102050_V06,14.714,0.649,284.192,375.782,20.812,-70.355,43.550,10405.893,38706.549,20200902_062050,479177,17069,21900,12338
10,KGYX20200902_102521_V06,19.230,0.332,286.120,374.747,20.207,-70.343,43.555,10103.334,38012.639,20200902_062521,479175,18057,22359,13075
10,KGYX20200902_102951_V06,23.730,0.125,287.679,374.455,21.930,-70.333,43.556,10964.787,37733.713,20200902_062951,479171,17919,22325,12986
20,KGYX20200902_112708_V06,81.014,0.230,457.765,431.033,13.805,-69.285,43.298,6902.292,102541.880,20200902_072708,479173,21856,24574,15762
20,KGYX20200902_113125_V06,85.297,0.513,458.284,430.501,19.386,-69.282,43.300,9693.178,102572.231,20200902_073125,479173,21823,24349,15613
20,KGYX20200902_113546_V06,89.647,0.129,459.028,428.778,22.867,-69.277,43.308,11433.422,102315.352,20200902_073546,479170,22248,24801,15984
5,KGYX20200902_093451_V06,-31.270,0.211,384.318,507.352,8.484,-69.740,42.957,4242.184,111919.753,20200902_053451,479175,29188,29861,19296
5,KGYX20200902_093929_V06,-26.636,0.174,385.680,508.116,16.667,-69.732,42.954,8333.453,112531.411,20200902_053929,479175,21629,27808,13765
8,KGYX20200902_100238_V06,-3.486,0.091,456.015,450.786,31.832,-69.297,43.209,15915.784,108486.521,20200902_060238,479173,14535,22861,9885
8,KGYX20200902_100716_V06,1.147,0.065,455.465,452.504,37.241,-69.301,43.201,18620.449,108888.195,20200902_060716,479174,14771,22012,10237
8,KGYX20200902_101148_V06,5.680,0.368,454.002,457.912,33.260,-69.310,43.177,16630.140,110286.854,20200902_061148,479168,16172,22494,11243
18,KGYX20200902_110544_V06,59.614,0.060,24.357,168.999,44.708,-71.989,44.468,22354.181,152594.460,20200902_070544,479171,22588,24149,16367
18,KGYX20200902_111001_V06,63.897,0.077,24.826,169.097,50.812,-71.986,44.467,25405.880,152361.785,20200902_071001,479173,21894,23755,16019
17,KGYX20200902_110113_V06,55.097,0.063,12.786,124.265,19.531,-72.068,44.668,9765.545,168355.623,20200902_070113,479174,21531,23856,15502
17,KGYX20200902_110544_V06,59.614,-1.000,12.786,124.265,26.713,-72.068,44.668,13356.295,168355.623,20200902_070544,479171,22588,24149,16367
17,KGYX20200902_111001_V06,63.897,-1.000,12.786,124.265,33.523,-72.068,44.668,16761.545,168355.623,20200902_071001,479173,21894,23755,16019
17,KGYX20200902_111418_V06,68.180,0.117,24.431,126.094,32.324,-71.994,44.661,16162.168,162927.767,20200902_071418,479180,21674,23804,15727
19,KGYX20200902_112708_V06,81.014,0.742,537.696,432.432,26.292,-68.793,43.286,13145.975,136049.293,20200902_072708,479173,21856,24574,15762
19,KGYX20200902_113125_V06,85.297,0.673,537.673,430.953,30.982,-68.793,43.293,15490.905,135680.695,20200902_073125,479173,21823,24349,15613
1,KGYX20200902_090704_V06,-59.053,0.146,281.733,139.899,2.358,-70.372,44.612,1179.047,80569.959,20200902_050704,479178,37076,28857,26351
7,KGYX20200902_095322_V06,-12.753,0.089,377.550,511.817,26.980,-69.782,42.937,13489.958,112783.236,20200902_055322,479175,13988,22839,9199
11,KGYX20200902_101148_V06,5.680,0.253,351.586,482.546,21.913,-69.940,43.069,10956.611,94847.295,20200902_061148,479168,16172,22494,11243
11,KGYX20200902_101619_V06,10.197,0.119,355.697,507.067,25.071,-69.916,42.959,12535.401,107213.513,20200902_061619,479178,16881,22175,12036
15,KGYX20200902_102521_V06,19.230,0.053,432.901,478.483,16.131,-69.441,43.085,8065.466,111264.223,20200902_062521,479175,18057,22359,13075
16,KGYX20200902_103421_V06,28.230,0.052,282.846,139.167,2.419,-70.365,44.615,1209.671,80872.499,20200902_063421,479172,18256,22533,13157
1,KGYX20200904_091606_V06,-52.276,0.061,279.134,397.146,5.592,-70.386,43.454,2796.040,49680.848,20200904_051606,479169,79904,33133,61824
2,KGYX20200904_092959_V06,-38.393,0.063,380.926,519.384,17.104,-69.762,42.903,8552.206,116916.917,20200904_052959,479173,56514,34719,40069
3,KGYX20200904_095247_V06,-15.593,0.055,282.321,379.404,1.858,-70.366,43.534,929.102,40674.031,20200904_055247,479175,24176,22815,15614
1,KGYX20200907_101526_V06,3.673,0.698,299.383,370.308,8.462,-70.261,43.575,4230.814,35155.559,20200907_061526,479172,13397,24658,6792
1,KGYX20200907_101952_V06,8.106,0.109,299.862,370.566,13.885,-70.258,43.574,6942.629,35283.241,20200907_061952,479169,14027,25048,7229
1,KGYX20200907_102418_V06,12.540,0.875,300.766,367.452,16.445,-70.252,43.588,8222.506,33728.040,20200907_062418,479174,13690,23739,7412
1,KGYX20200907_102855_V06,17.156,0.866,302.596,358.941,23.692,-70.241,43.626,11846.093,29499.212,20200907_062855,479174,12734,23274,6947
1,KGYX20200907_103321_V06,21.590,0.629,303.327,356.457,27.523,-70.236,43.637,13761.667,28277.637,20200907_063321,479170,12784,22452,7174
1,KGYX20200909_104518_V06,31.282,0.137,266.800,224.285,9.943,-70.465,44.232,4971.600,41337.139,20200909_064518,479170,27922,24819,20487
1,KGYX20200910_101135_V06,-3.564,0.678,283.699,378.187,5.995,-70.358,43.539,2997.492,39933.862,20200910_061135,479174,21054,26996,12690
1,KGYX20200910_101552_V06,0.719,0.836,285.213,377.392,10.675,-70.348,43.543,5337.266,39396.190,20200910_061552,479172,23111,27254,14802
1,KGYX20200910_102009_V06,5.002,0.882,288.949,374.764,12.074,-70.325,43.555,6037.225,37788.204,20200910_062009,479176,25300,27739,16977
1,KGYX20200910_102426_V06,9.286,0.864,292.413,372.761,15.555,-70.304,43.564,7777.358,36577.762,20200910_062426,479176,27614,27593,19074
1,KGYX20200910_102842_V06,13.552,0.845,295.391,370.383,20.108,-70.285,43.575,10053.953,35266.958,20200910_062842,479179,29130,27679,20436
1,KGYX20200910_103259_V06,17.836,0.682,297.152,367.087,23.363,-70.275,43.589,11681.621,33573.933,20200910_063259,479171,29869,27634,21136
1,KGYX20200910_103716_V06,22.119,0.077,277.276,353.946,42.040,-70.398,43.649,21019.962,29268.197,20200910_063716,479172,30466,27431,21454
4,KGYX20200911_102648_V06,10.522,0.784,280.584,394.780,10.731,-70.377,43.465,5365.353,48374.056,20200911_062648,479175,53439,29312,43456
4,KGYX20200911_103105_V06,14.805,0.899,281.348,397.906,15.090,-70.372,43.451,7544.796,49833.424,20200911_063105,479169,57965,18597,51363
4,KGYX20200911_103801_V06,21.738,0.610,284.450,402.578,18.111,-70.353,43.430,9055.262,51875.116,20200911_063801,479172,62724,17748,56211
3,KGYX20200911_102231_V06,6.238,0.085,361.967,202.125,32.002,-69.868,44.331,16001.129,57921.131,20200911_062231,479172,53351,29726,43026
3,KGYX20200911_102648_V06,10.522,0.533,366.160,200.846,38.595,-69.842,44.337,19297.317,59600.171,20200911_062648,479175,53439,29312,43456
3,KGYX20200911_103105_V06,14.805,0.646,386.923,197.271,36.826,-69.712,44.352,18413.101,67284.414,20200911_063105,479169,57965,18597,51363
3,KGYX20200911_103801_V06,21.738,0.128,392.269,196.971,44.399,-69.678,44.354,22199.571,69153.142,20200911_063801,479172,62724,17748,56211
2,KGYX20200911_101357_V06,-2.328,0.078,333.447,199.088,38.532,-70.047,44.345,19265.892,53155.095,20200911_061357,479174,57185,32852,44962
7,KGYX20200911_103105_V06,14.805,0.051,119.897,257.239,33.163,-71.381,44.078,16581.470,92554.715,20200911_063105,479169,57965,18597,51363
1,KGYX20200912_100841_V06,-8.727,0.058,345.194,154.798,5.052,-69.973,44.544,2525.955,76036.147,20200912_060841,479172,55534,37330,42205
1,KGYX20200913_091853_V06,-59.659,0.058,282.218,139.150,1.957,-70.369,44.615,978.519,80914.950,20200913_051853,479174,36240,25513,26701
2,KGYX20200913_091853_V06,-59.659,0.051,174.088,329.011,2.578,-71.039,43.758,1288.858,64605.536,20200913_051853,479174,36240,25513,26701
2,KGYX20200914_100305_V06,-16.593,0.068,292.201,161.756,1.999,-70.306,44.513,999.432,69231.790,20200914_060305,479171,21363,28012,12658
4,KGYX20200914_101659_V06,-2.693,0.078,282.881,138.847,2.184,-70.365,44.616,1091.789,81030.025,20200914_061659,479174,21347,26854,12172
6,KGYX20200914_103529_V06,15.807,0.057,282.728,138.801,2.231,-70.366,44.617,1115.299,81060.809,20200914_063529,479173,40267,29667,27518
9,KGYX20200914_105402_V06,34.357,0.066,338.595,90.258,27.436,-70.013,44.835,13717.949,106631.780,20200914_065402,479173,50770,31406,35902
12,KGYX20200914_113540_V06,75.990,0.131,262.576,178.478,21.620,-70.492,44.438,10809.931,63577.165,20200914_073540,479168,43581,29389,30844
1,KGYX20200916_100703_V06,-14.899,0.062,205.229,268.744,5.089,-70.848,44.031,2544.445,49896.252,20200916_060703,479170,14559,16267,10152
1,KGYX20200916_101124_V06,-10.549,0.092,205.292,268.739,10.551,-70.848,44.031,5275.480,49866.989,20200916_061124,479174,13542,14871,9749
1,KGYX20200916_101550_V06,-6.115,-1.000,205.341,268.736,16.475,-70.847,44.031,8237.262,49844.348,20200916_061550,479173,14003,14797,9987
1,KGYX20200916_102007_V06,-1.832,0.074,205.552,268.857,4.981,-70.846,44.030,2490.294,49725.027,20200916_062007,479178,15360,15121,11163
1,KGYX20200917_093117_V06,-51.803,0.126,281.880,139.427,2.454,-70.371,44.614,1226.944,80795.923,20200917_053117,479172,40901,27162,30066
2,KGYX20200917_103004_V06,6.980,0.276,309.345,378.322,7.910,-70.199,43.539,3954.859,39438.623,20200917_063004,479172,18991,16592,14264
1,KGYX20200920_102143_V06,-4.794,0.077,297.446,300.641,13.811,-70.273,43.889,6905.712,1316.627,20200920_062143,479175,36246,31019,27041
1,KGYX20200921_103306_V06,5.445,0.211,203.055,269.444,6.791,-70.862,44.027,3395.498,50823.355,20200921_063306,479169,42292,25629,33209
2,KGYX20200921_104700_V06,19.345,0.052,292.060,379.199,10.980,-70.306,43.535,5489.967,39798.123,20200921_064700,479175,49348,26546,38925
1,KGYX20200923_093223_V06,-57.567,0.276,282.660,139.329,2.553,-70.366,44.614,1276.428,80801.780,20200923_053223,479179,31115,26640,22277
1,KGYX20200923_093655_V06,-53.034,0.057,283.039,139.123,8.154,-70.364,44.615,4076.979,80884.318,20200923_053655,479177,30836,26780,22212
1,KGYX20200925_102739_V06,-4.604,0.387,340.866,153.352,6.439,-70.000,44.551,3219.608,76117.529,20200925_062739,479175,71219,26829,59821
1,KGYX20200926_093908_V06,-54.276,0.120,283.287,139.395,2.374,-70.362,44.614,1186.913,80735.902,20200926_053908,479170,43186,23334,35377
1,KGYX20200927_103642_V06,2.132,0.073,203.540,267.258,6.211,-70.859,44.037,3105.732,50932.617,20200927_063642,479170,12039,11578,9145
2,KGYX20200928_112234_V06,46.838,0.117,41.414,327.412,46.159,-71.863,43.757,23079.607,130017.573,20200928_072234,479177,28808,39790,9512
1,KGYX20201001_094031_V06,-58.716,0.065,208.284,269.972,3.009,-70.829,44.025,1504.271,48253.386,20201001_054031,479169,32330,24212,23476
2,KGYX20201005_103002_V06,-13.927,0.118,20.283,301.045,25.542,-71.997,43.873,12771.027,139859.330,20201005_063002,479173,40949,37143,25311
4,KGYX20201005_104336_V06,-0.360,0.066,24.980,300.330,23.870,-71.968,43.877,11934.763,137510.283,20201005_064336,479174,34873,31138,22021
4,KGYX20201007_102816_V06,-18.085,0.250,19.183,521.655,26.685,-71.976,42.881,13342.716,178877.819,20201007_062816,479173,25996,26934,16538
4,KGYX20201007_103233_V06,-13.802,0.163,21.104,521.651,32.378,-71.964,42.881,16188.861,178123.904,20201007_063233,479178,21940,24669,13473
4,KGYX20201007_103654_V06,-9.452,0.266,30.408,520.527,34.317,-71.907,42.887,17158.637,174149.447,20201007_063654,479180,21314,23868,13141
1,KGYX20201007_094939_V06,-56.702,0.116,366.053,91.695,3.356,-69.839,44.828,1678.036,109263.395,20201007_054939,479174,66001,36768,48260
1,KGYX20201007_095356_V06,-52.418,0.064,365.743,91.631,8.777,-69.841,44.828,4388.723,109247.253,20201007_055356,479174,68375,35921,50665
5,KGYX20201007_103654_V06,-9.452,0.136,364.506,77.997,20.178,-69.849,44.890,10088.963,115592.355,20201007_063654,479180,21314,23868,13141
5,KGYX20201007_104115_V06,-5.102,0.073,365.078,77.247,27.749,-69.845,44.893,13874.352,116032.495,20201007_064115,479178,22771,23329,14447
1,KGYX20201013_100725_V06,-46.235,0.067,272.540,124.973,17.060,-70.430,44.679,8529.924,88583.882,20201013_060725,479178,148168,50710,107670
2,KGYX20201013_110559_V06,12.331,0.056,281.959,139.405,2.438,-70.371,44.614,1219.124,80802.741,20201013_070559,479181,111412,86967,38193
1,KGYX20201014_100406_V06,-50.788,0.329,298.900,302.156,9.534,-70.264,43.882,4767.097,1210.033,20201014_060406,479175,39869,29966,29124
3,KGYX20201016_104250_V06,-14.543,0.054,24.075,287.381,26.087,-71.975,43.935,13043.314,138106.807,20201016_064250,479181,17848,20660,10297
3,KGYX20201016_104758_V06,-9.409,0.092,24.722,286.269,32.660,-71.971,43.940,16329.780,137810.194,20201016_064758,479177,18254,21343,10335
13,KGYX20201017_122058_V06,82.339,0.055,386.297,70.624,2.012,-69.710,44.922,1006.035,122536.046,20201017_082058,479175,448536,366031,87958
1,KGYX20201020_100626_V06,-55.981,0.058,283.412,139.363,2.532,-70.361,44.614,1265.995,80745.728,20201020_060626,479169,50979,50434,20848
3,KGYX20201026_112831_V06,18.407,0.145,24.030,214.567,28.429,-71.985,44.263,14214.725,144445.635,20201026_072831,479172,232460,211641,44637
3,KGYX20201026_113535_V06,25.473,0.157,25.246,213.583,36.645,-71.978,44.267,18322.424,144011.830,20201026_073535,479176,225594,210401,42115
2,KGYX20201026_104610_V06,-23.943,0.057,35.532,326.896,36.269,-71.899,43.759,18134.312,132915.918,20201026_064610,479174,198372,180766,39634
1,KGYX20201027_101420_V06,-57.073,0.061,292.668,161.325,1.879,-70.303,44.515,939.487,69434.300,20201027_061420,479178,48742,52954,18068
1,KGYX20201027_101938_V06,-51.773,0.054,291.056,155.915,9.801,-70.313,44.540,4900.478,72181.064,20201027_061938,479172,48564,51400,18456
2,KGYX20201027_101938_V06,-51.773,0.212,281.746,139.379,2.758,-70.372,44.614,1378.784,80827.223,20201027_061938,479172,48564,51400,18456
1,KGYX20201028_103148_V06,-40.907,0.099,27.190,479.309,39.644,-71.932,43.072,19822.151,163230.594,20201028_063148,479174,52437,39644,34023
1,KGYX20201028_103714_V06,-35.474,0.116,28.223,476.774,46.444,-71.926,43.084,23222.074,162104.654,20201028_063714,479178,49655,38717,32747
4,KGYX20201028_121815_V06,65.543,0.176,25.333,447.767,35.708,-71.947,43.214,17853.752,155946.203,20201028_081815,479182,78031,74362,26969
1,KGYX20201029_101559_V06,-58.027,0.076,174.628,326.968,1.830,-71.035,43.767,914.841,64119.740,20201029_061559,479175,14845,15942,10204
1,KGYX20201029_102134_V06,-52.444,0.116,174.697,327.084,8.176,-71.035,43.767,4088.227,64098.419,20201029_062134,479169,14903,16240,10286
2,KGYX20201029_120518_V06,51.289,0.071,205.933,269.320,5.767,-70.844,44.028,2883.385,49472.063,20201029_080518,479170,20866,15073,15486
1,KGYX20201030_112110_V06,5.849,0.159,417.121,126.043,2.522,-69.518,44.672,1260.925,104854.985,20201030_072110,479174,159933,154409,27372
3,KGYX20201030_112110_V06,5.849,0.055,43.573,248.144,73.872,-71.859,44.114,36935.776,130808.706,20201030_072110,479174,159933,154409,27372
1,KGYX20201031_114228_V06,25.839,0.290,440.760,126.286,11.713,-69.369,44.670,5856.369,111792.204,20201031_074228,479169,26678,19401,20341
1,KGYX20201031_114748_V06,31.172,0.313,440.824,128.329,18.901,-69.369,44.660,9450.527,111020.968,20201031_074748,479168,25942,18177,20151
6,KGYX20201101_113403_V06,16.110,0.093,320.847,523.937,26.202,-70.129,42.884,13101.173,112452.634,20201101_063403,479169,85107,75672,31280
7,KGYX20201101_113403_V06,16.110,0.060,209.968,237.151,30.896,-70.820,44.173,15447.857,54899.503,20201101_063403,479169,85107,75672,31280
3,KGYX20201102_103106_V06,-48.155,0.086,333.395,346.761,12.142,-70.050,43.681,6071.064,28730.772,20201102_053106,479175,69198,73424,20886
3,KGYX20201102_103619_V06,-42.939,-1.000,333.395,346.761,20.437,-70.050,43.681,10218.314,28730.772,20201102_053619,479171,66267,70476,19856
3,KGYX20201102_104155_V06,-37.339,0.198,339.348,354.482,21.833,-70.013,43.646,10916.722,33602.725,20201102_054155,479168,64234,68666,19734
3,KGYX20201102_104728_V06,-31.789,0.118,332.451,351.490,28.659,-70.056,43.659,14329.423,30431.582,20201102_054728,479176,63042,66205,20248
5,KGYX20201102_115426_V06,35.178,0.098,32.895,187.937,34.117,-71.933,44.383,17058.407,144830.416,20201102_065426,479179,51072,53275,16107
7,KGYX20201102_123330_V06,74.245,0.116,15.888,288.129,19.444,-72.026,43.931,9722.165,142180.024,20201102_073330,479168,49474,53725,14967
12,KGYX20201103_121321_V06,52.777,0.200,447.490,422.325,15.314,-69.348,43.337,7656.944,95807.999,20201103_071321,479176,51652,49757,17359
5,KGYX20201106_105214_V06,-32.300,0.075,32.938,509.876,36.772,-71.893,42.935,18386.147,169830.710,20201106_055214,479176,62542,45541,38140
5,KGYX20201106_110230_V06,-22.034,0.090,35.929,510.000,47.439,-71.875,42.935,23719.407,168696.160,20201106_060230,479174,57508,41633,35592
8,KGYX20201106_112928_V06,4.933,0.054,31.696,307.035,32.601,-71.925,43.848,16300.529,134197.949,20201106_062928,479176,46833,37017,24305
10,KGYX20201106_113451_V06,10.316,0.075,40.098,421.825,45.694,-71.859,43.332,22847.076,143518.765,20201106_063451,479179,46379,37225,23551
1,KGYX20201110_103334_V06,-56.254,0.129,135.479,329.805,5.655,-71.278,43.753,2827.427,83599.700,20201110_053334,479169,56144,31495,41393
2,KGYX20201110_120829_V06,38.663,0.066,207.741,269.066,7.179,-70.832,44.029,3589.651,48653.283,20201110_070829,479181,37669,20779,28796
3,KGYX20201110_124734_V06,77.746,0.130,322.198,402.904,14.106,-70.120,43.428,7053.215,52635.620,20201110_074734,479171,34564,19794,26119
1,KGYX20201111_103627_V06,-54.690,0.126,281.784,139.773,2.255,-70.372,44.612,1127.396,80629.831,20201111_053627,479181,20043,19306,13518
1,KGYX20201112_103309_V06,-59.306,0.153,286.799,115.203,2.259,-70.340,44.723,1129.570,92634.191,20201112_053309,479181,32986,28672,23560
1,KGYX20201115_104458_V06,-51.418,0.053,205.371,270.096,4.881,-70.847,44.024,2440.617,49620.965,20201115_054458,479175,19307,21566,13251
2,KGYX20201115_122219_V06,45.932,0.073,204.121,268.631,7.153,-70.855,44.031,3576.746,50440.264,20201115_072219,479177,16845,14235,12509
3,KGYX20201115_123845_V06,62.365,0.094,205.653,268.538,5.266,-70.845,44.031,2633.173,49727.154,20201115_073845,479170,17314,14449,12970
5,KGYX20201116_110514_V06,-32.451,0.102,356.068,421.691,26.400,-69.911,43.343,13199.841,66993.055,20201116_060514,479171,23642,33497,13109
6,KGYX20201116_111605_V06,-21.601,0.055,304.601,234.381,18.818,-70.228,44.187,9408.825,32890.252,20201116_061605,479173,24157,32443,14325
10,KGYX20201116_120506_V06,27.416,0.052,34.324,322.908,29.585,-71.907,43.776,14792.297,133330.791,20201116_070506,479172,20286,27454,12209
13,KGYX20201116_124949_V06,72.133,0.088,522.889,466.731,57.544,-68.887,43.133,28772.020,139175.179,20201116_074949,479176,24608,32735,12112
10,KGYX20201117_123418_V06,55.323,0.063,356.952,26.690,23.376,-69.895,45.121,11687.946,139590.413,20201117_073418,479175,54750,58069,14785
1,KGYX20201119_104637_V06,-54.923,0.136,248.476,185.694,2.377,-70.580,44.405,1188.276,62690.871,20201119_054637,479173,14877,15228,10891
4,KGYX20201119_124707_V06,65.577,0.066,38.237,120.523,49.132,-71.908,44.687,24566.032,158691.477,20201119_074707,479171,18235,16900,11439
2,KGYX20201120_130218_V06,79.492,0.087,29.246,65.193,33.929,-71.972,44.935,16964.506,179194.057,20201120_080218,479175,27122,22953,13537
1,KGYX20201122_122322_V06,38.054,0.060,205.621,270.156,5.474,-70.846,44.024,2736.851,49492.766,20201122_072322,479173,14974,14097,10959
4,KGYX20201128_125440_V06,62.159,0.081,23.606,449.435,26.892,-71.958,43.206,13446.156,157102.423,20201128_075440,479170,15342,14316,10470
4,KGYX20201128_130457_V06,72.443,0.117,30.127,429.535,51.477,-71.920,43.296,25738.385,149675.472,20201128_080457,479171,14852,14367,10207
4,KGYX20201128_131010_V06,77.659,0.107,36.818,443.920,44.979,-71.877,43.232,22489.700,149981.519,20201128_081010,479167,14301,13751,9917
6,KGYX20201128_131010_V06,77.659,0.078,23.242,103.666,18.066,-72.005,44.762,9033.188,169662.803,20201128_081010,479167,14301,13751,9917
6,KGYX20201128_131523_V06,82.876,0.088,23.890,106.979,26.000,-72.000,44.747,12999.910,168444.275,20201128_081523,479175,14641,13850,10235
1,KGYX20201128_110257_V06,-49.557,0.053,208.542,269.891,2.650,-70.827,44.025,1325.232,48143.352,20201128_060257,479175,20517,19882,10150
2,KGYX20201128_120046_V06,8.259,0.104,30.979,430.358,31.534,-71.915,43.293,15767.109,149470.029,20201128_070046,479175,21121,16424,14011
2,KGYX20201128_120621_V06,13.843,0.062,31.926,421.569,49.963,-71.910,43.332,24981.583,147175.543,20201128_070621,479173,20534,16801,13454
1,KGYX20201129_105344_V06,-59.917,0.106,292.287,162.062,2.113,-70.305,44.512,1056.519,69076.577,20201129_055344,479176,13546,14969,9526
1,KGYX20201130_110356_V06,-50.841,0.063,174.820,327.284,2.201,-71.034,43.766,1100.428,64059.415,20201130_060356,479173,14900,19048,10062
1,KGYX20201202_111326_V06,-43.531,0.078,208.446,269.631,3.165,-70.828,44.027,1582.649,48229.961,20201202_061326,479172,15361,11971,12486
3,KGYX20201202_122028_V06,23.502,0.076,298.002,301.844,13.546,-70.269,43.883,6773.033,1359.554,20201202_072028,479174,13447,11410,10686
1,KGYX20201204_111620_V06,-42.735,0.059,32.794,383.012,35.644,-71.909,43.506,17822.079,139901.737,20201204_061620,479170,30298,44863,13130
6,KGYX20201204_131417_V06,75.215,0.061,45.192,246.426,57.995,-71.849,44.121,28997.284,130189.755,20201204_081417,479175,69849,95050,15576
9,KGYX20201206_112821_V06,-32.729,0.210,281.736,27.974,28.397,-70.373,45.115,14198.561,136319.357,20201206_062821,479177,67339,104297,11645
9,KGYX20201206_113256_V06,-28.146,0.090,282.913,28.282,34.012,-70.366,45.114,17006.169,136127.351,20201206_063256,479181,65100,101545,12183
9,KGYX20201206_113732_V06,-23.546,0.163,287.330,31.200,35.229,-70.337,45.101,17614.373,134549.431,20201206_063732,479175,64741,99136,13131
9,KGYX20201206_114200_V06,-19.079,0.289,292.361,37.809,33.651,-70.305,45.071,16825.749,131151.319,20201206_064200,479176,64426,95269,14263
5,KGYX20201206_111916_V06,-41.813,0.132,260.116,126.726,45.858,-70.508,44.671,22929.203,88902.572,20201206_061916,479177,70240,108374,11749
5,KGYX20201206_112345_V06,-37.329,-1.000,260.116,126.726,52.987,-70.508,44.671,26493.453,88902.572,20201206_062345,479175,68986,107232,11386
5,KGYX20201206_112821_V06,-32.729,0.121,238.369,152.140,60.297,-70.645,44.556,30148.424,80095.178,20201206_062821,479177,67339,104297,11645
8,KGYX20201206_112821_V06,-32.729,0.301,327.400,380.900,13.478,-70.087,43.527,6738.914,42706.955,20201206_062821,479177,67339,104297,11645
14,KGYX20201206_115113_V06,-9.863,0.067,246.917,249.408,6.035,-70.589,44.119,3017.252,36665.383,20201206_065113,479168,60699,90748,14031
16,KGYX20201206_120236_V06,1.521,0.260,420.840,479.409,30.084,-69.515,43.082,15041.938,108154.924,20201206_070236,479183,56635,86621,14031
21,KGYX20201206_123443_V06,33.637,0.065,505.025,478.197,25.344,-68.998,43.082,12671.961,135820.957,20201206_073443,479168,49576,78522,14290
22,KGYX20201206_124348_V06,42.721,0.069,418.023,21.792,31.212,-69.507,45.141,15605.991,151103.294,20201206_074348,479170,45518,73314,13200
1,KGYX20201208_111054_V06,-52.089,0.064,281.637,139.180,2.672,-70.373,44.615,1335.770,80932.430,20201208_061054,479173,11024,22799,7756
3,KGYX20201209_113303_V06,-30.854,0.095,22.693,423.787,30.746,-71.966,43.321,15373.194,151840.777,20201209_063303,479169,16377,22896,11748
3,KGYX20201209_113719_V06,-26.587,0.164,23.169,422.094,36.358,-71.964,43.329,18178.755,151279.882,20201209_063719,479170,16342,21439,11994
5,KGYX20201209_125259_V06,49.080,0.076,17.327,225.429,26.912,-72.026,44.213,13456.184,146171.735,20201209_075259,479171,15035,22579,9149
5,KGYX20201209_130130_V06,57.596,0.081,20.105,222.552,33.421,-72.009,44.227,16710.688,145206.261,20201209_080130,479170,15309,22044,9682
2,KGYX20201209_112847_V06,-35.120,0.059,17.189,228.454,29.985,-72.026,44.200,14992.393,145860.445,20201209_062847,479170,15668,22713,11032
4,KGYX20201209_122028_V06,16.563,0.059,203.936,268.377,7.254,-70.856,44.032,3626.831,50567.724,20201209_072028,479166,14449,19348,10500
1,KGYX20201210_111340_V06,-51.123,0.081,205.613,269.077,5.714,-70.846,44.029,2856.802,49661.668,20201210_061340,479167,35636,55943,10162
2,KGYX20201210_111816_V06,-46.523,0.083,304.914,376.099,15.925,-70.227,43.549,7962.736,38128.914,20201210_061816,479176,37008,56664,10004
1,KGYX20201214_112855_V06,-39.116,0.069,30.434,386.759,59.045,-71.923,43.489,29522.341,141591.725,20201214_062855,479175,20904,33317,11282
1,KGYX20201217_123509_V06,25.030,0.274,21.334,515.232,32.340,-71.963,42.910,16170.059,176053.507,20201217_073509,479170,458220,452001,12434
1,KGYX20201217_124113_V06,31.096,0.228,22.718,514.846,39.254,-71.955,42.912,19627.160,175388.194,20201217_074113,479175,458276,452720,11946
1,KGYX20201218_111651_V06,-53.896,0.085,281.724,139.223,2.493,-70.372,44.615,1246.525,80906.347,20201218_061651,479171,15807,28194,8151
1,KGYX20201220_111334_V06,-58.319,0.116,131.490,330.410,5.342,-71.303,43.750,2670.943,85615.809,20201220_061334,479172,10760,19429,7825
1,KGYX20201220_111804_V06,-53.819,0.074,133.174,330.726,3.263,-71.293,43.748,1631.567,84815.766,20201220_061804,479172,12414,20207,9102
2,KGYX20201220_111334_V06,-58.319,0.086,174.111,326.763,2.231,-71.039,43.768,1115.545,64351.403,20201220_061334,479172,10760,19429,7825
4,KGYX20201220_130418_V06,52.414,0.051,205.470,268.911,5.753,-70.847,44.030,2876.568,49755.649,20201220_080418,479167,13405,21210,9985
1,KGYX20201221_111348_V06,-58.599,0.087,248.834,185.192,2.432,-70.578,44.408,1215.963,62846.857,20201221_061348,479170,8305,13772,5684
1,KGYX20201221_111817_V06,-54.116,0.078,248.828,185.180,8.061,-70.578,44.408,4030.386,62853.383,20201221_061817,479168,8948,13205,6447
2,KGYX20201222_132707_V06,74.242,0.062,24.212,298.235,30.750,-71.973,43.886,15375.124,137896.726,20201222_082707,479164,37395,55768,11619
2,KGYX20201222_133406_V06,81.226,-1.000,24.212,298.235,41.854,-71.973,43.886,20926.874,137896.726,20201222_083406,479172,37334,57922,10600
2,KGYX20201222_134105_V06,88.209,0.147,28.656,291.086,49.158,-71.946,43.919,24579.124,135745.289,20201222_084105,479174,39365,58381,11397
3,KGYX20201222_133406_V06,81.226,0.110,21.947,317.741,27.210,-71.985,43.798,13604.834,139309.386,20201222_083406,479172,37334,57922,10600
1,KGYX20201223_111515_V06,-58.060,0.059,281.997,139.593,2.574,-70.370,44.613,1286.938,80707.222,20201223_061515,479170,8571,14222,6803
1,KGYX20201224_111831_V06,-55.189,0.068,281.882,139.307,2.668,-70.371,44.614,1333.847,80855.526,20201224_061831,479177,5936,15284,4805
1,KGYX20201224_112521_V06,-48.356,0.172,281.874,139.317,9.453,-70.371,44.614,4726.358,80851.150,20201224_062521,479174,6375,15192,5090
4,KGYX20201225_122429_V06,10.421,0.056,26.625,464.682,40.620,-71.937,43.138,20309.982,159572.646,20201225_072429,479177,384643,363644,34350
1,KGYX20201226_112122_V06,-53.011,0.226,15.149,289.660,16.486,-72.031,43.924,8243.071,142519.190,20201226_062122,479174,24699,34974,10464
1,KGYX20201226_112823_V06,-45.994,-1.000,15.149,289.660,27.643,-72.031,43.924,13821.321,142519.190,20201226_062823,479169,25230,35747,10698
1,KGYX20201226_113523_V06,-38.994,0.085,22.415,281.773,22.210,-71.986,43.960,11104.801,139091.204,20201226_063523,479167,28340,36997,12736
4,KGYX20201229_121936_V06,4.521,0.093,301.965,358.073,11.601,-70.245,43.630,5800.362,29053.358,20201229_071936,479168,16962,27437,10665
1,KGYX20201230_112019_V06,-54.913,0.066,249.218,183.954,2.349,-70.576,44.413,1174.549,63335.340,20201230_062019,479173,8420,16065,6723
8,KGYX20201231_130508_V06,49.794,0.054,252.181,107.870,35.264,-70.559,44.756,17631.834,98995.550,20201231_080508,479166,39703,47450,13046
8,KGYX20201231_130928_V06,54.127,0.677,256.332,108.729,39.466,-70.533,44.752,19733.132,98096.334,20201231_080928,479173,35508,46466,10642
1,KGYX20201231_114244_V06,-32.606,0.059,49.945,322.709,62.987,-71.810,43.779,31493.275,125542.274,20201231_064244,479166,100213,98589,31610
3,KGYX20201231_122155_V06,6.577,0.139,248.636,183.715,2.876,-70.579,44.414,1438.183,63561.877,20201231_072155,479171,56480,61300,17912
