track_id,filename,from_sunrise,det_score,x,y,r,lon,lat,radius,geo_dist,local_time,n_radar_pixels,n_refAbove40_pixels,n_xcorrAbove0.95_pixels,n_xcorrBelow0.95_refAbove40_pixels
1,KTYX20150607_102720_V06,65.897,0.268,298.585,305.563,14.565,-75.689,43.731,7282.436,2869.869,20150607_062720,479176,9923,15517,7518
3,KTYX20150608_084733_V06,-33.602,0.066,339.351,116.862,11.903,-75.432,44.580,5951.523,93659.253,20150608_044733,479195,307154,285165,32867
3,KTYX20150609_085937_V06,-21.289,0.103,239.501,93.326,59.574,-76.062,44.685,29787.237,107673.441,20150609_045937,479190,274134,259088,34588
1,KTYX20150610_101325_V06,52.721,0.077,181.124,212.199,8.894,-76.423,44.149,4446.856,73892.813,20150610_061325,479173,8787,18512,7268
12,KTYX20150612_103935_V06,79.195,0.198,453.359,60.724,63.698,-74.710,44.828,31849.140,142101.895,20150612_063935,479179,78145,86178,14913
12,KTYX20150612_104515_V06,84.861,0.129,458.340,62.412,71.061,-74.679,44.821,35530.509,142758.340,20150612_064515,479191,79283,91004,14816
2,KTYX20150613_093812_V06,17.909,0.064,255.889,365.584,15.385,-75.953,43.460,7692.686,39519.075,20150613_053812,479180,5995,24860,5265
2,KTYX20150613_094753_V06,27.592,0.145,254.609,364.013,24.403,-75.960,43.467,12201.414,39236.267,20150613_054753,479170,6598,26168,5844
1,KTYX20150613_092831_V06,8.226,0.059,268.320,255.987,17.284,-75.877,43.954,8641.926,27114.151,20150613_052831,479174,5903,23864,5185
7,KTYX20150616_092507_V06,4.897,0.066,286.851,184.850,16.768,-75.762,44.274,8383.850,57948.921,20150616_052507,479172,49022,63403,8438
7,KTYX20150616_093032_V06,10.314,0.189,301.802,178.140,14.141,-75.669,44.304,7070.293,60936.895,20150616_053032,479182,47641,62356,8592
1,KTYX20150617_084051_V06,-39.419,0.051,179.547,213.139,8.280,-76.433,44.144,4139.889,74252.586,20150617_044051,479168,9965,15947,8266
1,KTYX20150617_085032_V06,-29.735,0.109,179.517,212.571,15.670,-76.433,44.147,7835.113,74431.200,20150617_045032,479173,10946,14659,9334
1,KTYX20150617_090012_V06,-20.069,0.493,179.408,213.792,9.105,-76.434,44.141,4552.271,74118.309,20150617_050012,479179,5676,17679,4399
1,KTYX20150617_090953_V06,-10.385,0.126,179.090,213.464,16.781,-76.436,44.143,8390.381,74343.324,20150617_050953,479172,8849,19076,7639
2,KTYX20150617_085032_V06,-29.735,0.075,348.680,31.359,5.256,-75.372,44.964,2628.227,136507.898,20150617_045032,479173,10946,14659,9334
1,KTYX20150620_095340_V06,33.037,0.083,178.617,213.687,8.281,-76.439,44.142,4140.503,74471.200,20150620_055340,479177,7383,25195,5834
4,KTYX20150621_093443_V06,13.896,0.088,342.523,293.501,16.091,-75.416,43.785,8045.647,21508.289,20150621_053443,479187,99248,116979,12095
7,KTYX20150621_100727_V06,46.629,0.081,176.862,211.739,5.783,-76.450,44.150,2891.315,75750.920,20150621_060727,479180,93160,106440,11258
2,KTYX20150623_082958_V06,-51.338,0.124,232.863,115.006,14.717,-76.103,44.587,7358.261,98400.074,20150623_042958,479188,276622,256203,24505
20,KTYX20150623_094331_V06,22.212,0.056,370.191,204.616,62.687,-75.241,44.184,31343.742,59213.338,20150623_054331,479183,304312,284193,31116
22,KTYX20150623_100030_V06,39.195,0.050,406.042,188.069,77.813,-75.016,44.258,38906.292,77093.303,20150623_060030,479178,325760,297393,34036
1,KTYX20150627_083007_V06,-52.555,0.055,171.090,213.417,2.805,-76.486,44.143,1402.685,77644.035,20150627_043007,479178,9873,13957,7973
5,KTYX20150629_095222_V06,28.820,0.056,74.799,299.910,81.048,-77.078,43.748,40524.082,112600.755,20150629_055222,479177,31144,69993,8216
6,KTYX20150629_095222_V06,28.820,0.053,368.004,423.999,37.429,-75.262,43.197,18714.306,70711.056,20150629_055222,479177,31144,69993,8216
8,KTYX20150629_102122_V06,57.820,0.165,429.558,311.397,27.405,-74.876,43.702,13702.290,65029.183,20150629_062122,479175,30064,73072,7365
1,KTYX20150630_082403_V06,-59.980,0.413,179.087,213.062,8.527,-76.436,44.145,4263.727,74461.523,20150630_042403,479184,23066,28587,9883
1,KTYX20150630_082916_V06,-54.763,0.449,179.344,213.323,13.695,-76.434,44.143,6847.665,74281.114,20150630_042916,479183,24651,29613,10306
1,KTYX20150630_083430_V06,-49.530,0.147,179.255,213.755,9.047,-76.435,44.141,4523.296,74191.757,20150630_043430,479186,26721,30058,11240
3,KTYX20150630_090547_V06,-18.247,0.054,26.280,385.102,40.988,-77.368,43.360,20493.914,143322.144,20150630_050547,479175,37237,37376,14493
5,KTYX20150701_091629_V06,-8.060,0.254,365.658,375.215,18.937,-75.275,43.417,9468.309,49920.736,20150701_051629,479183,98449,101430,16228
1,KTYX20150702_093508_V06,10.048,0.562,243.997,258.380,21.164,-76.029,43.943,10581.966,34887.505,20150702_053508,479172,5109,11366,4306
1,KTYX20150702_094448_V06,19.715,0.103,244.645,258.822,31.869,-76.025,43.941,15934.388,34495.534,20150702_054448,479175,5861,11375,4874
2,KTYX20150708_091438_V06,-14.284,0.061,57.223,330.412,58.925,-77.184,43.609,29462.494,122336.993,20150708_051438,479172,93255,134607,15390
3,KTYX20150708_094853_V06,19.966,0.054,228.433,256.734,6.356,-76.126,43.950,3178.062,41814.192,20150708_054853,479170,55188,102367,10614
1,KTYX20150709_102053_V06,51.237,0.098,27.099,439.696,38.254,-77.357,43.115,19126.923,153288.979,20150709_062053,479177,9124,15751,6631
2,KTYX20150709_104148_V06,72.154,0.067,28.633,174.622,49.685,-77.381,44.307,24842.285,149465.312,20150709_064148,479196,9939,16441,6801
1,KTYX20150710_083229_V06,-57.916,0.134,177.605,213.272,7.181,-76.445,44.144,3590.559,75003.869,20150710_043229,479178,10675,18864,8567
1,KTYX20150710_084209_V06,-48.249,0.373,177.618,212.880,14.213,-76.445,44.145,7106.536,75111.787,20150710_044209,479173,10918,16525,8971
1,KTYX20150711_090911_V06,-21.991,0.096,264.952,222.866,2.445,-75.899,44.103,1222.511,42361.628,20150711_050911,479177,9118,12728,7691
1,KTYX20150711_091852_V06,-12.308,-1.000,264.952,222.866,17.842,-75.899,44.103,8920.761,42361.628,20150711_051852,479173,9025,12049,7816
1,KTYX20150711_092833_V06,-2.625,0.692,242.921,254.830,17.355,-76.036,43.959,8677.351,36394.813,20150711_052833,479176,9431,10524,8281
1,KTYX20150711_093814_V06,7.059,0.771,242.438,255.178,20.137,-76.039,43.957,10068.727,36477.369,20150711_053814,479170,11205,9991,9929
1,KTYX20150711_095001_V06,18.842,0.754,242.997,251.460,24.247,-76.035,43.974,12123.386,37434.714,20150711_055001,479177,11640,10209,10250
1,KTYX20150711_095941_V06,28.509,0.280,242.239,252.258,31.574,-76.040,43.970,15787.130,37468.943,20150711_055941,479175,10765,10787,9332
3,KTYX20150711_092833_V06,-2.625,0.102,362.499,117.454,3.285,-75.287,44.577,1642.448,96474.293,20150711_052833,479176,9431,10524,8281
3,KTYX20150711_093814_V06,7.059,0.246,363.437,117.095,12.070,-75.281,44.578,6035.136,96796.996,20150711_053814,479170,11205,9991,9929
7,KTYX20150711_102843_V06,57.542,0.075,178.217,212.595,8.602,-76.441,44.147,4301.046,74951.205,20150711_062843,479170,9734,10834,8176
7,KTYX20150711_103823_V06,67.209,-1.000,178.217,212.595,23.972,-76.441,44.147,11986.046,74951.205,20150711_063823,479178,9500,10764,7914
7,KTYX20150711_104804_V06,76.892,0.211,178.156,212.756,8.720,-76.441,44.146,4360.064,74929.271,20150711_064804,479174,9112,10698,7585
5,KTYX20150712_093600_V06,4.028,0.524,245.484,248.241,16.119,-76.020,43.988,8059.566,37586.451,20150712_053600,479177,15451,19208,13409
5,KTYX20150712_094541_V06,13.711,0.815,247.606,249.342,22.694,-76.007,43.983,11347.022,36439.483,20150712_054541,479169,15097,16983,13046
5,KTYX20150712_095521_V06,23.378,0.708,248.594,247.770,23.838,-76.000,43.990,11919.070,36642.133,20150712_055521,479170,14408,15756,12441
1,KTYX20150712_083759_V06,-53.989,0.399,177.109,213.228,7.131,-76.448,44.144,3565.737,75219.012,20150712_043759,479175,13310,19277,10511
1,KTYX20150712_084740_V06,-44.306,0.105,177.655,213.208,15.272,-76.445,44.144,7636.202,75001.803,20150712_044740,479178,13621,19458,10879
1,KTYX20150712_085720_V06,-34.639,-1.000,178.167,213.190,23.835,-76.441,44.144,11917.462,74798.343,20150712_045720,479180,13961,19513,11332
1,KTYX20150712_090700_V06,-24.972,0.072,178.445,214.400,10.463,-76.440,44.139,5231.277,74335.444,20150712_050700,479174,20108,18641,17334
3,KTYX20150715_100207_V06,27.627,0.151,234.730,274.878,28.732,-76.086,43.868,14366.098,34969.126,20150715_060207,479169,10846,43335,6806
2,KTYX20150716_094215_V06,6.882,0.086,119.232,460.512,19.289,-76.789,43.028,9644.386,120872.955,20150716_054215,479170,10533,8009,8817
2,KTYX20150716_095157_V06,16.582,0.642,120.527,464.753,26.842,-76.781,43.009,13421.011,121813.333,20150716_055157,479177,11902,8185,10119
2,KTYX20150716_100139_V06,26.282,0.686,118.251,471.530,33.031,-76.794,42.978,16515.519,124955.051,20150716_060139,479180,12107,8325,10079
2,KTYX20150716_101119_V06,35.949,0.363,116.257,471.587,34.759,-76.806,42.978,17379.409,125701.766,20150716_061119,479176,10686,8168,8845
1,KTYX20150716_093234_V06,-2.801,0.646,229.814,254.867,12.900,-76.117,43.958,6449.959,41722.673,20150716_053234,479175,8700,8703,7224
1,KTYX20150716_094215_V06,6.882,0.581,226.521,256.557,20.564,-76.138,43.950,10282.108,42680.273,20150716_054215,479170,10533,8009,8817
1,KTYX20150716_095157_V06,16.582,0.536,222.255,255.247,22.193,-76.164,43.956,11096.344,44852.783,20150716_055157,479177,11902,8185,10119
6,KTYX20150718_092124_V06,-15.775,0.076,212.534,289.846,32.351,-76.223,43.800,16175.690,44026.950,20150718_052124,479182,59321,71345,9021
6,KTYX20150718_092703_V06,-10.125,0.054,213.882,290.967,41.473,-76.215,43.795,20736.539,43295.049,20150718_052703,479176,63293,75808,8347
6,KTYX20150718_093242_V06,-4.475,-1.000,215.018,291.911,50.573,-76.208,43.791,25286.455,42683.184,20150718_053242,479191,68752,81230,7543
6,KTYX20150718_093821_V06,1.175,0.167,247.564,277.540,20.221,-76.006,43.856,10110.725,28521.684,20150718_053821,479182,75037,86215,8172
6,KTYX20150718_094400_V06,6.825,0.063,249.781,276.013,26.358,-75.992,43.863,13178.830,27826.806,20150718_054400,479176,80014,90841,8964
6,KTYX20150718_094939_V06,12.475,-1.000,251.647,274.727,32.944,-75.981,43.869,16472.179,27279.664,20150718_054939,479186,77488,87106,10171
6,KTYX20150718_095518_V06,18.125,0.051,256.636,269.282,27.898,-75.950,43.894,13948.896,26570.738,20150718_055518,479192,77504,90958,8691
3,KTYX20150718_085307_V06,-44.059,0.073,301.877,343.908,15.371,-75.668,43.558,7685.270,21974.115,20150718_045307,479188,44223,53109,7932
2,KTYX20150719_103307_V06,55.013,0.053,318.324,384.567,59.937,-75.567,43.375,29968.258,43264.706,20150719_063307,479188,25115,34180,7801
4,KTYX20150720_093552_V06,-3.180,0.070,243.987,256.287,10.094,-76.029,43.952,5047.222,35525.707,20150720_053552,479177,21535,36444,15576
4,KTYX20150720_093922_V06,0.320,0.575,245.142,258.077,15.724,-76.022,43.944,7862.185,34521.356,20150720_053922,479178,22021,37180,16225
4,KTYX20150720_094258_V06,3.920,0.644,246.195,263.282,18.700,-76.015,43.921,9349.788,32569.836,20150720_054258,479189,22494,37734,16563
4,KTYX20150720_094636_V06,7.553,0.117,253.478,266.869,25.745,-75.970,43.905,12872.497,28556.534,20150720_054636,479174,20559,23071,17747
4,KTYX20150720_095613_V06,17.170,0.115,240.689,254.974,14.112,-76.049,43.958,7055.826,37232.536,20150720_055613,479174,19980,23339,17359
5,KTYX20150720_094258_V06,3.920,0.166,266.334,233.244,15.201,-75.890,44.056,7600.496,37382.586,20150720_054258,479189,22494,37734,16563
5,KTYX20150720_094636_V06,7.553,0.142,266.690,232.938,20.259,-75.888,44.057,10129.601,37439.411,20150720_054636,479174,20559,23071,17747
5,KTYX20150720_095613_V06,17.170,0.682,269.963,230.834,19.255,-75.867,44.067,9627.471,37703.330,20150720_055613,479174,19980,23339,17359
3,KTYX20150720_093552_V06,-3.180,0.581,266.206,235.603,13.400,-75.891,44.045,6699.850,36362.848,20150720_053552,479177,21535,36444,15576
3,KTYX20150720_093922_V06,0.320,0.302,266.129,235.928,18.377,-75.891,44.044,9188.497,36236.911,20150720_053922,479178,22021,37180,16225
2,KTYX20150720_093216_V06,-6.780,0.611,244.257,255.896,13.088,-76.027,43.954,6543.888,35540.547,20150720_053216,479168,21540,35538,15670
2,KTYX20150721_091434_V06,-25.438,0.207,8.787,362.495,15.727,-77.479,43.460,7863.668,148921.763,20150721_051434,479199,66096,71175,17020
2,KTYX20150721_092013_V06,-19.788,0.517,10.600,362.712,22.546,-77.468,43.460,11272.964,148058.338,20150721_052013,479178,69845,69778,21834
1,KTYX20150722_093122_V06,-9.610,0.086,259.279,228.650,5.993,-75.934,44.077,2996.635,41076.063,20150722_053122,479187,10793,23129,7378
1,KTYX20150722_093633_V06,-4.427,0.899,261.398,229.986,10.304,-75.921,44.071,5151.855,39975.284,20150722_053633,479180,10498,21935,7309
1,KTYX20150722_094145_V06,0.773,0.909,264.895,233.721,14.516,-75.899,44.054,7258.112,37500.809,20150722_054145,479182,10754,20686,7710
1,KTYX20150722_094658_V06,5.990,0.545,265.925,235.929,19.113,-75.893,44.044,9556.471,36284.358,20150722_054658,479183,12139,19968,8905
1,KTYX20150722_095210_V06,11.190,0.435,265.788,244.418,29.978,-75.893,44.006,14989.027,32633.555,20150722_055210,479183,13525,20320,10001
1,KTYX20150722_095722_V06,16.390,0.251,263.583,250.446,32.712,-75.907,43.979,16355.811,30748.023,20150722_055722,479183,13490,19732,10194
1,KTYX20150722_100234_V06,21.590,0.148,257.228,258.477,31.421,-75.946,43.942,15710.287,29806.068,20150722_060234,479185,14765,20224,11189
1,KTYX20150722_100746_V06,26.790,0.109,249.913,262.722,29.759,-75.992,43.923,14879.392,31218.422,20150722_060746,479194,13943,19525,10400
5,KTYX20150722_101810_V06,37.190,0.052,513.139,456.562,19.469,-74.372,43.044,9734.636,132230.632,20150722_061810,479190,12669,19220,9054
8,KTYX20150723_094352_V06,1.905,0.051,241.633,256.679,12.061,-76.044,43.950,6030.455,36343.386,20150723_054352,479169,10564,14580,8669
8,KTYX20150723_095329_V06,11.522,0.717,246.261,255.504,23.581,-76.015,43.956,11790.485,34884.722,20150723_055329,479172,11618,16206,9454
8,KTYX20150723_100309_V06,21.189,0.676,253.665,251.323,38.790,-75.969,43.975,19394.841,33602.172,20150723_060309,479177,12447,15661,10377
8,KTYX20150723_101248_V06,30.839,0.095,267.087,239.745,59.682,-75.885,44.027,29841.014,34329.140,20150723_061248,479175,12525,15947,10565
1,KTYX20150723_084434_V06,-57.395,0.096,178.143,214.502,8.439,-76.441,44.138,4219.475,74429.317,20150723_044434,479168,20315,32876,11051
1,KTYX20150723_084945_V06,-52.211,0.329,178.379,214.532,14.022,-76.440,44.138,7010.755,74324.069,20150723_044945,479175,19935,32085,10927
6,KTYX20150723_093414_V06,-7.728,0.063,393.811,66.805,11.229,-75.087,44.804,5614.529,125678.597,20150723_053414,479176,9141,13541,7256
6,KTYX20150723_094352_V06,1.905,0.084,395.121,67.672,23.472,-75.079,44.800,11735.919,125523.465,20150723_054352,479169,10564,14580,8669
11,KTYX20150723_100309_V06,21.189,0.057,131.689,468.218,32.029,-76.712,42.994,16014.261,118981.073,20150723_060309,479177,12447,15661,10377
1,KTYX20150725_102849_V06,44.850,0.112,75.023,340.260,32.666,-77.072,43.566,16333.113,114275.520,20150725_062849,479180,13411,20567,9720
4,KTYX20150727_101755_V06,31.902,0.107,23.638,434.038,16.815,-77.379,43.140,8407.654,153575.600,20150727_061755,479180,22802,29661,16633
4,KTYX20150727_102735_V06,41.569,0.245,24.979,433.115,30.284,-77.370,43.144,15142.236,152771.053,20150727_062735,479182,21848,29965,15435
3,KTYX20150727_091019_V06,-35.698,0.262,89.081,381.977,20.965,-76.981,43.379,10482.303,113144.846,20150727_051019,479178,23222,43904,14670
5,KTYX20150727_102735_V06,41.569,0.094,64.365,229.387,59.851,-77.151,44.064,29925.728,122994.043,20150727_062735,479182,21848,29965,15435
1,KTYX20150728_110022_V06,73.314,0.086,168.960,395.469,36.000,-76.488,43.323,18000.200,81064.608,20150728_070022,479183,19075,31795,14746
1,KTYX20150729_094306_V06,-5.000,0.248,126.196,464.253,20.026,-76.746,43.012,10012.950,119568.904,20150729_054306,479180,22035,33458,17711
1,KTYX20150729_095245_V06,4.650,0.491,129.443,464.147,29.877,-76.726,43.012,14938.288,118357.215,20150729_055245,479175,24567,36420,19785
8,KTYX20150730_094711_V06,-1.973,0.154,324.476,525.572,16.538,-75.531,42.741,8269.100,113447.976,20150730_054711,479183,33667,37395,14843
1,KTYX20150731_095544_V06,5.514,0.104,238.834,307.150,11.562,-76.060,43.723,5781.166,30791.162,20150731_055544,479172,19905,24713,17962
1,KTYX20150801_094210_V06,-9.123,0.187,262.482,229.353,8.536,-75.914,44.074,4267.881,39995.566,20150801_054210,479179,35808,44753,11223
1,KTYX20150801_094628_V06,-4.823,0.069,263.130,229.500,15.227,-75.910,44.073,7613.524,39779.775,20150801_054628,479189,33961,41874,11248
2,KTYX20150801_094628_V06,-4.823,0.483,249.660,411.724,14.044,-75.990,43.253,7021.967,61270.608,20150801_054628,479189,33961,41874,11248
2,KTYX20150801_095046_V06,-0.523,0.206,250.493,411.217,20.839,-75.985,43.255,10419.547,60868.974,20150801_055046,479178,32633,39970,11148
1,KTYX20150803_091315_V06,-40.202,0.093,41.484,153.468,59.333,-77.303,44.404,29666.435,148578.342,20150803_051315,479178,11959,21242,6296
1,KTYX20150803_091828_V06,-34.985,0.076,41.873,151.864,65.281,-77.300,44.411,32640.403,148806.834,20150803_051828,479181,13734,20793,6721
1,KTYX20150803_092803_V06,-25.402,-1.000,42.458,149.449,76.986,-77.297,44.422,38493.130,149158.712,20150803_052803,479176,17665,24032,7479
1,KTYX20150803_093739_V06,-15.802,0.100,68.325,152.376,68.826,-77.134,44.411,34413.250,137355.653,20150803_053739,479175,18245,26653,7839
9,KTYX20150803_105026_V06,56.982,0.167,41.190,311.552,60.945,-77.285,43.693,30472.694,129534.092,20150803_065026,479190,12239,23010,6166
9,KTYX20150803_105537_V06,62.165,0.147,41.872,312.799,67.145,-77.281,43.687,33572.438,129222.335,20150803_065537,479193,11458,23465,5755
14,KTYX20150803_111624_V06,82.948,0.063,23.890,359.555,47.654,-77.386,43.475,23827.187,141229.965,20150803_071624,479187,8092,20848,5446
14,KTYX20150803_112136_V06,88.148,0.309,24.895,357.035,53.158,-77.381,43.486,26579.122,140477.727,20150803_072136,479190,8120,21537,5539
3,KTYX20150803_091828_V06,-34.985,0.090,45.667,231.105,40.437,-77.267,44.055,20218.662,131749.309,20150803_051828,479181,13734,20793,6721
3,KTYX20150804_095126_V06,-3.108,0.278,254.343,229.109,10.000,-75.965,44.074,5000.011,42160.657,20150804_055126,479188,26799,31919,10975
3,KTYX20150804_095637_V06,2.075,0.775,256.350,229.634,15.741,-75.952,44.072,7870.648,41402.542,20150804_055637,479175,26699,32383,10791
3,KTYX20150804_100150_V06,7.292,0.133,258.607,230.311,18.942,-75.938,44.069,9470.835,40527.655,20150804_060150,479196,25877,31865,10133
4,KTYX20150804_095126_V06,-3.108,0.056,244.736,420.455,9.544,-76.020,43.213,4771.963,66263.490,20150804_055126,479188,26799,31919,10975
5,KTYX20150804_100150_V06,7.292,0.058,130.418,460.635,31.222,-76.720,43.028,15610.896,116792.313,20150804_060150,479196,25877,31865,10133
3,KTYX20150805_100921_V06,13.713,0.056,215.189,302.724,10.054,-76.206,43.742,5027.184,42427.399,20150805_060921,479182,12780,28093,8525
10,KTYX20150806_095825_V06,1.679,0.772,315.687,174.041,8.963,-75.582,44.323,4481.380,63466.029,20150806_055825,479175,10125,14165,8675
10,KTYX20150806_100806_V06,11.362,0.564,318.491,176.347,19.196,-75.564,44.312,9598.177,62514.011,20150806_060806,479176,10689,15198,9142
13,KTYX20150806_095825_V06,1.679,0.153,128.245,469.421,29.503,-76.733,42.988,14751.480,120626.635,20150806_055825,479175,10125,14165,8675
13,KTYX20150806_100806_V06,11.362,0.219,130.264,466.015,42.360,-76.721,43.004,21179.874,118712.895,20150806_060806,479176,10689,15198,9142
14,KTYX20150806_095825_V06,1.679,0.142,254.303,240.069,14.326,-75.965,44.025,7163.021,37682.815,20150806_055825,479175,10125,14165,8675
14,KTYX20150806_100806_V06,11.362,0.344,256.629,238.190,22.097,-75.951,44.034,11048.459,37753.984,20150806_060806,479176,10689,15198,9142
16,KTYX20150806_101746_V06,21.029,0.055,221.309,304.022,13.655,-76.168,43.737,6827.377,39396.639,20150806_061746,479174,11529,15711,9849
16,KTYX20150806_102726_V06,30.695,0.067,223.836,304.627,24.655,-76.153,43.734,12327.432,38151.986,20150806_062726,479175,11966,16023,10243
1,KTYX20150806_090021_V06,-56.388,0.262,178.568,214.367,8.627,-76.439,44.139,4313.641,74294.359,20150806_050021,479172,33165,24833,26951
17,KTYX20150806_103707_V06,40.379,0.090,99.369,481.527,22.599,-76.909,42.932,11299.664,135281.942,20150806_063707,479169,12571,15746,10642
4,KTYX20150807_094534_V06,-12.277,0.426,368.256,118.574,6.550,-75.250,44.571,3275.234,96920.185,20150807_054534,479175,5676,17378,3928
4,KTYX20150807_095513_V06,-2.627,0.907,371.059,128.465,15.029,-75.233,44.527,7514.427,92835.410,20150807_055513,479176,10662,19478,8118
4,KTYX20150807_100454_V06,7.057,0.479,373.341,127.426,29.948,-75.219,44.531,14974.135,93755.880,20150807_060454,479180,14252,20457,10799
4,KTYX20150807_101435_V06,16.740,0.214,377.407,139.426,35.589,-75.194,44.477,17794.740,89128.640,20150807_061435,479171,15378,21431,11159
7,KTYX20150807_095513_V06,-2.627,0.659,116.415,458.663,26.133,-76.806,43.036,13066.442,121323.323,20150807_055513,479176,10662,19478,8118
7,KTYX20150807_100454_V06,7.057,0.379,117.205,459.092,36.833,-76.802,43.034,18416.684,121165.451,20150807_060454,479180,14252,20457,10799
7,KTYX20150807_101435_V06,16.740,0.199,109.483,458.672,41.239,-76.849,43.036,20619.656,123969.339,20150807_061435,479171,15378,21431,11159
9,KTYX20150807_100454_V06,7.057,0.332,368.431,504.717,15.502,-75.262,42.834,7750.784,107925.690,20150807_060454,479180,14252,20457,10799
9,KTYX20150807_101435_V06,16.740,0.339,368.409,506.794,28.951,-75.262,42.824,14475.450,108907.778,20150807_061435,479171,15378,21431,11159
9,KTYX20150807_102415_V06,26.407,0.304,374.787,506.631,31.001,-75.223,42.825,15500.381,109874.471,20150807_062415,479173,17065,21804,12317
2,KTYX20150807_094534_V06,-12.277,0.901,236.737,417.985,10.757,-76.069,43.224,5378.687,66937.492,20150807_054534,479175,5676,17378,3928
2,KTYX20150807_095513_V06,-2.627,0.843,235.747,417.449,18.391,-76.075,43.227,9195.586,66937.839,20150807_055513,479176,10662,19478,8118
3,KTYX20150807_094534_V06,-12.277,0.827,303.841,166.962,6.388,-75.656,44.354,3194.019,66546.914,20150807_054534,479175,5676,17378,3928
3,KTYX20150807_095513_V06,-2.627,0.610,304.315,167.770,12.244,-75.653,44.351,6121.987,66150.049,20150807_055513,479176,10662,19478,8118
1,KTYX20150807_090443_V06,-53.127,0.107,170.792,213.054,2.673,-76.487,44.144,1336.393,77868.949,20150807_050443,479175,37081,37786,26783
2,KTYX20150808_100310_V06,4.214,0.241,120.239,463.964,30.100,-76.782,43.013,15050.117,121653.335,20150808_060310,479181,11736,17388,9966
2,KTYX20150808_101251_V06,13.897,0.233,119.230,466.775,39.097,-76.788,43.000,19548.263,122975.349,20150808_061251,479178,13076,15386,11096
2,KTYX20150808_102231_V06,23.564,0.377,104.662,481.772,49.998,-76.876,42.931,24998.808,133414.590,20150808_062231,479175,13397,14574,11320
2,KTYX20150808_103212_V06,33.247,0.411,108.925,476.366,56.750,-76.851,42.956,28375.248,130014.034,20150808_063212,479168,12089,14241,10143
2,KTYX20150808_104153_V06,42.930,0.199,110.993,476.503,64.744,-76.838,42.956,32372.052,129302.930,20150808_064153,479170,12118,14266,10077
1,KTYX20150808_095329_V06,-5.470,0.921,233.486,414.526,15.238,-76.089,43.240,7619.209,66219.793,20150808_055329,479179,9697,16698,8179
1,KTYX20150808_100310_V06,4.214,0.901,234.682,417.159,27.352,-76.082,43.228,13675.789,67068.436,20150808_060310,479181,11736,17388,9966
1,KTYX20150808_101251_V06,13.897,0.178,232.511,412.656,35.773,-76.096,43.248,17886.260,65662.394,20150808_061251,479178,13076,15386,11096
3,KTYX20150808_100310_V06,4.214,0.156,387.095,513.556,19.482,-75.148,42.793,9741.017,115316.404,20150808_060310,479181,11736,17388,9966
1,KTYX20150809_095047_V06,-9.283,0.914,235.406,409.318,12.201,-76.078,43.263,6100.254,63488.012,20150809_055047,479172,7328,24354,4747
1,KTYX20150809_100028_V06,0.400,0.884,232.631,410.193,22.672,-76.095,43.259,11335.911,64577.456,20150809_060028,479172,11015,27187,7720
1,KTYX20150809_101008_V06,10.067,0.053,235.925,409.520,37.118,-76.075,43.262,18559.044,63443.067,20150809_061008,479177,11772,26417,8426
3,KTYX20150809_100028_V06,0.400,0.123,310.683,426.350,6.470,-75.614,43.187,3235.022,63400.331,20150809_060028,479172,11015,27187,7720
4,KTYX20150809_101008_V06,10.067,0.086,121.007,446.722,36.287,-76.779,43.090,18143.436,115721.655,20150809_061008,479177,11772,26417,8426
5,KTYX20150809_101008_V06,10.067,0.057,279.425,341.058,8.676,-75.807,43.571,4338.102,22962.506,20150809_061008,479177,11772,26417,8426
6,KTYX20150809_101949_V06,19.750,0.082,12.370,238.853,19.725,-77.474,44.017,9862.513,147028.662,20150809_061949,479171,11354,24057,8038
6,KTYX20150810_095737_V06,-3.567,0.075,130.596,443.357,16.039,-76.721,43.106,8019.748,110960.564,20150810_055737,479175,43207,26187,35570
6,KTYX20150810_100718_V06,6.117,0.697,141.802,443.810,33.345,-76.652,43.104,16672.337,106897.145,20150810_060718,479181,36362,30222,29109
6,KTYX20150810_101658_V06,15.783,0.442,144.285,439.020,42.856,-76.637,43.126,21428.230,104371.498,20150810_061658,479177,31449,34618,23272
5,KTYX20150810_095737_V06,-3.567,0.848,245.119,401.637,20.383,-76.018,43.298,10191.694,57753.609,20150810_055737,479175,43207,26187,35570
5,KTYX20150810_100718_V06,6.117,0.067,246.995,400.340,32.996,-76.007,43.304,16498.112,56740.183,20150810_060718,479181,36362,30222,29109
1,KTYX20150810_090714_V06,-53.950,0.461,342.086,414.472,3.480,-75.421,43.240,1739.882,60981.451,20150810_050714,479171,29825,20047,23206
7,KTYX20150810_095737_V06,-3.567,0.068,302.499,313.207,33.408,-75.665,43.696,16703.802,6720.528,20150810_055737,479175,43207,26187,35570
2,KTYX20150811_090227_V06,-59.853,0.080,146.057,343.611,10.531,-76.633,43.556,5265.484,80000.803,20150811_050227,479181,398840,371101,34790
5,KTYX20150811_090740_V06,-54.636,0.098,77.887,303.984,11.100,-77.058,43.730,5549.896,111074.347,20150811_050740,479194,396535,368930,35159
1,KTYX20150812_100346_V06,0.342,0.058,234.481,414.339,8.279,-76.083,43.241,4139.257,65890.287,20150812_060346,479184,10922,25494,7895
1,KTYX20150812_100858_V06,5.542,0.467,234.922,414.915,14.003,-76.081,43.238,7001.615,66031.637,20150812_060858,479184,13619,27796,10207
1,KTYX20150812_101410_V06,10.742,0.074,237.785,417.289,15.847,-76.063,43.227,7923.590,66384.125,20150812_061410,479197,14977,28387,11265
3,KTYX20150812_101410_V06,10.742,0.487,243.840,243.552,12.970,-76.030,44.009,6484.947,39812.953,20150812_061410,479197,14977,28387,11265
3,KTYX20150812_101923_V06,15.958,0.705,244.854,243.522,19.261,-76.024,44.009,9630.512,39467.912,20150812_061923,479193,15410,28695,11209
3,KTYX20150812_102435_V06,21.158,0.373,244.856,244.754,21.736,-76.024,44.004,10868.179,39028.588,20150812_062435,479189,13895,27279,10150
2,KTYX20150812_100858_V06,5.542,0.081,204.346,219.796,31.448,-76.277,44.115,15724.236,62414.698,20150812_060858,479184,13619,27796,10207
8,KTYX20150813_094237_V06,-21.933,0.124,127.725,449.739,6.597,-76.738,43.077,3298.373,114127.723,20150813_054237,479177,9560,28496,6184
8,KTYX20150813_095216_V06,-12.283,0.376,133.252,453.490,18.517,-76.703,43.060,9258.519,113318.287,20150813_055216,479182,10200,28639,7002
8,KTYX20150813_100156_V06,-2.616,0.593,139.104,456.790,24.540,-76.667,43.046,12270.114,112328.205,20150813_060156,479181,12267,30269,9614
8,KTYX20150813_101135_V06,7.034,0.471,139.448,455.462,34.072,-76.665,43.052,17036.181,111742.424,20150813_061135,479185,14601,32054,11725
8,KTYX20150813_102115_V06,16.701,0.227,141.514,450.423,46.410,-76.653,43.075,23204.954,109252.928,20150813_062115,479177,14501,30375,11455
8,KTYX20150813_103055_V06,26.367,0.159,139.947,444.362,52.123,-76.663,43.102,26061.585,107769.534,20150813_063055,479175,13356,30180,10174
10,KTYX20150813_095216_V06,-12.283,0.901,244.496,415.899,11.522,-76.022,43.234,5760.923,64252.024,20150813_055216,479182,10200,28639,7002
10,KTYX20150813_100156_V06,-2.616,0.957,248.505,418.974,23.742,-75.997,43.220,11870.897,64819.908,20150813_060156,479181,12267,30269,9614
10,KTYX20150813_101135_V06,7.034,0.556,251.030,418.791,32.201,-75.981,43.221,16100.396,64244.239,20150813_061135,479185,14601,32054,11725
10,KTYX20150813_102115_V06,16.701,0.055,252.420,418.973,38.736,-75.973,43.220,19367.948,64067.209,20150813_062115,479177,14501,30375,11455
12,KTYX20150813_100156_V06,-2.616,0.249,381.119,509.225,13.794,-75.184,42.813,6896.942,112200.177,20150813_060156,479181,12267,30269,9614
12,KTYX20150813_101135_V06,7.034,0.455,380.664,507.107,18.845,-75.187,42.823,9422.724,111130.545,20150813_061135,479185,14601,32054,11725
12,KTYX20150813_102115_V06,16.701,0.390,383.391,508.524,15.903,-75.170,42.816,7951.700,112290.331,20150813_062115,479177,14501,30375,11455
4,KTYX20150813_092318_V06,-41.249,0.127,238.185,64.052,8.382,-76.071,44.817,4191.097,121955.689,20150813_052318,479179,32800,28110,24946
14,KTYX20150813_101135_V06,7.034,0.505,258.873,235.604,16.289,-75.937,44.045,8144.371,38204.511,20150813_061135,479185,14601,32054,11725
15,KTYX20150813_101135_V06,7.034,0.053,236.341,261.964,11.945,-76.076,43.926,5972.725,37078.562,20150813_061135,479185,14601,32054,11725
15,KTYX20150814_095821_V06,-7.325,0.100,156.217,452.809,21.034,-76.563,43.065,10516.790,104909.475,20150814_055821,479197,18763,25708,6037
15,KTYX20150814_100402_V06,-1.642,0.176,158.018,452.989,29.693,-76.552,43.064,14846.697,104360.785,20150814_060402,479178,23240,27868,7745
15,KTYX20150814_100942_V06,4.025,0.397,161.368,451.681,34.348,-76.531,43.070,17174.074,102745.013,20150814_060942,479183,26660,30183,8792
15,KTYX20150814_101522_V06,9.691,0.093,160.878,451.318,39.863,-76.534,43.072,19931.699,102776.668,20150814_061522,479181,25188,32238,7786
11,KTYX20150814_095242_V06,-12.975,0.892,248.932,411.158,9.749,-75.994,43.255,4874.271,61163.827,20150814_055242,479187,15688,24409,4939
11,KTYX20150814_095821_V06,-7.325,0.889,253.548,411.168,17.026,-75.966,43.255,8512.817,60241.452,20150814_055821,479197,18763,25708,6037
11,KTYX20150814_100402_V06,-1.642,0.660,256.908,411.297,21.256,-75.945,43.255,10628.208,59674.040,20150814_060402,479178,23240,27868,7745
22,KTYX20150814_105914_V06,53.558,0.282,457.140,66.534,13.594,-74.687,44.802,6796.925,140711.657,20150814_065914,479184,14529,23591,5367
22,KTYX20150814_110439_V06,58.975,0.081,456.490,66.257,22.681,-74.691,44.803,11340.467,140645.793,20150814_070439,479178,15039,22813,5985
6,KTYX20150814_093016_V06,-35.409,0.056,238.583,245.626,12.340,-76.063,44.000,6170.145,41014.098,20150814_053016,479188,16244,30038,7055
10,KTYX20150814_094701_V06,-18.659,0.122,337.634,118.311,25.426,-75.443,44.573,12712.872,92772.840,20150814_054701,479187,14081,24571,4612
13,KTYX20150814_095242_V06,-12.975,0.116,283.081,209.424,17.356,-75.786,44.163,8678.123,46071.464,20150814_055242,479187,15688,24409,4939
16,KTYX20150814_095821_V06,-7.325,0.078,214.057,201.957,12.831,-76.218,44.196,6415.462,65189.418,20150814_055821,479197,18763,25708,6037
5,KTYX20150815_100855_V06,2.114,0.070,143.375,447.219,18.633,-76.642,43.089,9316.320,107476.512,20150815_060855,479185,11895,27243,8077
5,KTYX20150815_101406_V06,7.297,0.152,143.395,446.626,25.118,-76.642,43.092,12559.072,107266.342,20150815_061406,479198,13093,28231,8803
5,KTYX20150815_101919_V06,12.514,0.261,146.724,445.091,28.606,-76.621,43.099,14303.106,105528.463,20150815_061919,479184,13971,29464,9414
5,KTYX20150815_102430_V06,17.697,0.386,147.588,440.748,31.040,-76.616,43.119,15519.919,103729.780,20150815_062430,479174,14859,29064,10122
5,KTYX20150815_102941_V06,22.881,0.163,146.350,437.843,34.323,-76.624,43.132,17161.328,103209.679,20150815_062941,479189,15807,28791,10488
3,KTYX20150815_100344_V06,-3.069,0.106,199.597,197.803,20.115,-76.308,44.214,10057.356,71632.730,20150815_060344,479185,11025,25735,7630
4,KTYX20150815_100344_V06,-3.069,0.082,38.898,490.298,18.140,-77.278,42.888,9069.990,161545.419,20150815_060344,479185,11025,25735,7630
1,KTYX20150816_102314_V06,15.302,0.055,205.758,195.665,34.507,-76.270,44.224,17253.269,70298.203,20150816_062314,479174,62499,47395,49810
2,KTYX20150816_103255_V06,24.986,0.070,157.117,480.739,61.812,-76.555,42.939,30906.075,115197.866,20150816_063255,479176,58741,51833,44498
2,KTYX20150817_095959_V06,-9.077,0.712,249.208,416.324,11.182,-75.993,43.232,5590.794,63464.751,20150817_055959,479176,20443,29234,14590
2,KTYX20150817_100939_V06,0.590,0.243,252.253,417.339,22.831,-75.974,43.227,11415.633,63340.826,20150817_060939,479176,53157,48719,38383
2,KTYX20150817_101919_V06,10.257,0.229,257.773,419.874,23.576,-75.940,43.216,11788.073,63547.265,20150817_061919,479175,63574,58667,44756
5,KTYX20150817_100939_V06,0.590,0.387,161.631,455.052,31.084,-76.529,43.055,15542.134,103907.403,20150817_060939,479176,53157,48719,38383
5,KTYX20150817_101919_V06,10.257,0.602,159.489,454.195,38.185,-76.542,43.059,19092.559,104306.406,20150817_061919,479175,63574,58667,44756
5,KTYX20150817_102859_V06,19.923,0.143,164.863,448.769,42.198,-76.510,43.083,21099.009,100491.524,20150817_062859,479176,60924,62552,40693
6,KTYX20150817_103838_V06,29.573,0.120,86.063,189.811,84.276,-77.019,44.244,42137.779,120322.894,20150817_063838,479174,64570,64306,41086
6,KTYX20150817_104817_V06,39.223,0.068,80.699,191.741,91.917,-77.053,44.235,45958.605,122283.431,20150817_064817,479179,66790,63183,41363
6,KTYX20150817_105757_V06,48.890,-1.000,75.651,193.556,100.039,-77.084,44.226,50019.533,124159.967,20150817_065757,479176,68437,62770,41459
6,KTYX20150817_110736_V06,58.540,0.150,89.944,199.023,95.931,-76.994,44.203,47965.584,116532.841,20150817_070736,479184,61728,59411,33327
6,KTYX20150817_111249_V06,63.757,-1.000,93.040,201.104,96.637,-76.974,44.194,48318.287,114687.396,20150817_071249,479180,58401,56647,32363
6,KTYX20150817_111803_V06,68.990,0.062,26.832,217.664,39.626,-77.386,44.114,19813.187,142653.433,20150817_071803,479191,55859,54143,30950
6,KTYX20150817_112317_V06,74.223,-1.000,26.832,217.664,47.947,-77.386,44.114,23973.687,142653.433,20150817_072317,479178,56434,56383,34932
6,KTYX20150817_113256_V06,83.873,0.090,37.785,203.065,64.911,-77.320,44.180,32455.261,139779.575,20150817_073256,479173,57553,54394,35838
3,KTYX20150817_095959_V06,-9.077,0.636,203.502,201.753,9.320,-76.284,44.196,4659.937,68855.682,20150817_055959,479176,20443,29234,14590
3,KTYX20150817_100939_V06,0.590,0.510,207.172,201.987,19.326,-76.261,44.195,9663.010,67497.493,20150817_060939,479176,53157,48719,38383
1,KTYX20150817_091140_V06,-57.393,0.094,170.779,211.510,2.551,-76.488,44.151,1275.274,78308.141,20150817_051140,479174,31022,25940,24683
4,KTYX20150817_095959_V06,-9.077,0.102,239.143,255.358,4.808,-76.059,43.956,2403.929,37737.684,20150817_055959,479176,20443,29234,14590
8,KTYX20150817_112317_V06,74.223,0.180,37.702,211.094,56.359,-77.319,44.144,28179.638,138477.908,20150817_072317,479178,56434,56383,34932
1,KTYX20150818_101138_V06,1.444,0.516,200.789,194.319,24.045,-76.301,44.230,12022.690,72476.377,20150818_061138,479179,46113,35984,36421
2,KTYX20150818_101138_V06,1.444,0.115,236.510,412.862,25.053,-76.071,43.247,12526.354,64747.236,20150818_061138,479179,46113,35984,36421
3,KTYX20150818_103056_V06,20.744,0.238,133.255,440.112,46.540,-76.704,43.121,23269.753,108898.270,20150818_063056,479173,38110,45752,27730
4,KTYX20150819_100941_V06,-1.636,0.161,139.287,432.537,20.684,-76.668,43.155,10342.113,104157.142,20150819_060941,479184,33079,40694,12992
4,KTYX20150819_101452_V06,3.547,0.059,139.653,431.638,28.342,-76.666,43.159,14170.963,103729.853,20150819_061452,479183,34130,40979,14005
4,KTYX20150819_102004_V06,8.747,0.084,139.454,429.601,31.937,-76.667,43.168,15968.394,103164.239,20150819_062004,479179,32415,40164,12396
2,KTYX20150820_100209_V06,-10.299,0.216,135.929,422.675,19.636,-76.689,43.199,9817.977,102431.004,20150820_060209,479191,5751,17193,4415
2,KTYX20150820_100720_V06,-5.116,0.474,135.921,422.463,24.688,-76.689,43.200,12343.928,102370.730,20150820_060720,479191,6384,18635,4629
2,KTYX20150820_101231_V06,0.068,0.895,139.718,413.714,24.569,-76.667,43.240,12284.591,98261.249,20150820_061231,479179,6403,18287,4462
2,KTYX20150820_101744_V06,5.284,0.759,139.491,407.158,29.448,-76.669,43.269,14724.181,96496.337,20150820_061744,479195,6621,18131,4565
2,KTYX20150820_102255_V06,10.468,0.338,139.727,401.407,33.706,-76.668,43.295,16853.062,94829.754,20150820_062255,479188,6450,17431,4300
2,KTYX20150820_102806_V06,15.651,0.095,139.139,393.033,39.824,-76.672,43.333,19911.926,92913.030,20150820_062806,479183,6789,17593,4445
1,KTYX20150820_095145_V06,-20.699,0.056,233.691,408.187,2.764,-76.088,43.268,1381.783,63445.482,20150820_055145,479175,5391,16225,3954
1,KTYX20150820_095657_V06,-15.499,0.111,233.371,407.340,10.071,-76.090,43.272,5035.716,63168.961,20150820_055657,479177,5474,16855,4077
1,KTYX20150821_095724_V06,-16.179,0.714,144.939,455.152,13.866,-76.632,43.054,6933.168,109676.970,20150821_055724,479181,13529,29598,7616
1,KTYX20150821_100235_V06,-10.995,0.686,146.800,455.836,19.653,-76.620,43.051,9826.402,109264.564,20150821_060235,479188,21403,37441,13588
1,KTYX20150821_100748_V06,-5.779,0.766,153.532,456.559,24.604,-76.579,43.048,12302.025,107195.484,20150821_060748,479181,28409,45660,19313
1,KTYX20150821_101259_V06,-0.595,0.437,158.535,455.433,32.886,-76.548,43.053,16443.015,105085.658,20150821_061259,479172,30039,46863,21746
1,KTYX20150821_101811_V06,4.605,0.485,163.396,450.769,40.672,-76.519,43.074,20336.032,101725.006,20150821_061811,479183,29014,46320,20825
1,KTYX20150821_102323_V06,9.805,0.085,167.092,444.259,47.723,-76.496,43.104,23861.428,98075.349,20150821_062323,479175,27239,44780,19563
2,KTYX20150821_100235_V06,-10.995,0.273,247.485,417.985,5.430,-76.003,43.224,2715.239,64572.360,20150821_060235,479188,21403,37441,13588
2,KTYX20150821_100748_V06,-5.779,0.926,250.009,417.278,12.742,-75.988,43.228,6370.929,63744.138,20150821_060748,479181,28409,45660,19313
2,KTYX20150821_101259_V06,-0.595,0.932,253.166,417.170,20.490,-75.968,43.228,10245.244,63091.831,20150821_061259,479172,30039,46863,21746
2,KTYX20150821_101811_V06,4.605,0.335,258.168,417.012,27.797,-75.937,43.229,13898.547,62132.254,20150821_061811,479183,29014,46320,20825
3,KTYX20150821_100235_V06,-10.995,0.072,201.630,205.333,8.785,-76.295,44.180,4392.607,68261.376,20150821_060235,479188,21403,37441,13588
3,KTYX20150821_100748_V06,-5.779,0.053,202.315,205.112,16.125,-76.291,44.181,8062.735,68092.060,20150821_060748,479181,28409,45660,19313
7,KTYX20150822_100126_V06,-13.275,0.274,132.907,458.899,10.392,-76.705,43.036,5196.137,115292.279,20150822_060126,479174,15307,42335,9720
7,KTYX20150822_101106_V06,-3.608,0.366,133.055,459.447,19.345,-76.704,43.034,9672.284,115427.582,20150822_061106,479173,35295,48226,26887
7,KTYX20150822_102046_V06,6.059,0.250,140.796,464.367,32.163,-76.656,43.012,16081.580,114414.036,20150822_062046,479177,53152,50109,42401
7,KTYX20150822_103026_V06,15.725,0.493,141.252,462.590,40.751,-76.654,43.020,20375.403,113618.460,20150822_063026,479178,58082,46920,47526
8,KTYX20150822_101106_V06,-3.608,0.891,252.873,281.805,7.128,-75.973,43.837,3563.887,25258.955,20150822_061106,479173,35295,48226,26887
8,KTYX20150822_102046_V06,6.059,0.784,254.330,283.531,16.647,-75.964,43.830,8323.554,24274.448,20150822_062046,479177,53152,50109,42401
8,KTYX20150822_103026_V06,15.725,0.795,256.190,285.990,24.007,-75.952,43.819,12003.534,22997.664,20150822_063026,479178,58082,46920,47526
8,KTYX20150822_104005_V06,25.375,0.296,257.053,287.766,34.059,-75.947,43.811,17029.459,22327.641,20150822_064005,479175,60229,44148,47986
9,KTYX20150822_101106_V06,-3.608,0.399,370.316,112.929,9.856,-75.237,44.597,4928.051,99924.930,20150822_061106,479173,35295,48226,26887
10,KTYX20150822_101106_V06,-3.608,0.145,202.209,209.039,24.392,-76.291,44.164,12195.946,66777.413,20150822_061106,479173,35295,48226,26887
13,KTYX20150822_102046_V06,6.059,0.302,375.313,508.081,11.474,-75.220,42.818,5737.213,110645.599,20150822_062046,479177,53152,50109,42401
1,KTYX20150823_101326_V06,-2.403,0.275,124.171,438.422,31.595,-76.760,43.128,15797.551,111888.772,20150823_061326,479180,25933,25044,21554
1,KTYX20150823_102305_V06,7.247,0.130,116.727,436.707,40.584,-76.806,43.135,20292.125,114321.517,20150823_062305,479177,23503,25294,19320
1,KTYX20150823_103245_V06,16.914,0.179,106.191,425.008,32.955,-76.872,43.187,16477.573,115313.671,20150823_063245,479175,18534,23018,14567
2,KTYX20150823_101326_V06,-2.403,0.084,362.631,112.513,10.580,-75.286,44.599,5289.772,98835.905,20150823_061326,479180,25933,25044,21554
2,KTYX20150824_095400_V06,-22.964,0.066,145.150,441.165,12.274,-76.631,43.117,6137.230,104768.676,20150824_055400,479184,7165,16988,5263
2,KTYX20150824_095913_V06,-17.748,0.074,147.729,441.336,21.229,-76.615,43.116,10614.665,103877.668,20150824_055913,479178,7324,16271,5609
2,KTYX20150824_100426_V06,-12.531,-1.000,149.842,441.476,30.065,-76.602,43.115,15032.453,103153.949,20150824_060426,479185,18794,23316,13939
2,KTYX20150824_100939_V06,-7.314,0.273,150.408,441.068,30.751,-76.599,43.117,15375.377,102808.221,20150824_060939,479183,38260,29952,29780
2,KTYX20150824_101505_V06,-1.881,0.512,149.391,438.333,29.490,-76.605,43.130,14745.101,102248.404,20150824_061505,479175,44745,32150,36660
2,KTYX20150824_102019_V06,3.352,0.457,154.007,438.686,37.604,-76.577,43.128,18801.946,100682.318,20150824_062019,479186,39552,32871,32699
2,KTYX20150824_102531_V06,8.552,0.151,157.591,433.720,45.668,-76.555,43.151,22834.144,97674.610,20150824_062531,479181,33088,33921,26383
3,KTYX20150824_101505_V06,-1.881,0.151,200.617,185.031,22.196,-76.302,44.271,11098.206,75984.849,20150824_061505,479175,44745,32150,36660
3,KTYX20150824_102019_V06,3.352,0.616,201.267,184.790,28.292,-76.298,44.273,14145.918,75864.320,20150824_062019,479186,39552,32871,32699
1,KTYX20150824_091859_V06,-57.981,0.151,170.158,214.876,2.522,-76.491,44.136,1260.908,77629.267,20150824_051859,479170,12781,18846,9640
2,KTYX20150825_100528_V06,-12.625,0.137,196.734,201.715,7.257,-76.326,44.196,3628.508,71280.728,20150825_060528,479194,11951,20253,7640
2,KTYX20150825_101041_V06,-7.408,0.432,198.066,200.431,14.772,-76.318,44.202,7386.148,71247.084,20150825_061041,479189,25303,28984,17154
2,KTYX20150825_101555_V06,-2.175,0.831,203.033,197.237,20.369,-76.287,44.217,10184.712,70645.104,20150825_061555,479193,33316,30686,24637
2,KTYX20150825_102108_V06,3.042,0.759,207.947,196.395,25.106,-76.256,44.221,12553.151,69296.097,20150825_062108,479177,33731,30624,25574
2,KTYX20150825_102620_V06,8.242,0.050,212.933,191.140,34.375,-76.225,44.244,17187.474,69698.002,20150825_062620,479179,30795,29295,23096
5,KTYX20150825_103647_V06,18.692,0.075,224.907,259.748,5.090,-76.148,43.936,2544.962,42600.401,20150825_063647,479195,27035,30350,18211
5,KTYX20150825_104200_V06,23.908,0.156,225.561,259.580,11.922,-76.144,43.937,5961.065,42352.572,20150825_064200,479175,24583,27926,16519
5,KTYX20150825_104713_V06,29.125,0.135,223.656,258.578,14.272,-76.155,43.941,7135.833,43428.504,20150825_064713,479172,24071,27572,16437
5,KTYX20150825_105225_V06,34.325,0.100,225.955,254.762,17.872,-76.141,43.958,8936.019,43385.164,20150825_065225,479185,21399,25297,14861
5,KTYX20150825_105739_V06,39.558,0.126,231.094,248.277,24.597,-76.109,43.988,12298.332,43079.315,20150825_065739,479179,20443,24560,14010
1,KTYX20150825_100015_V06,-17.842,0.064,141.741,447.282,17.743,-76.652,43.089,8871.413,108094.669,20150825_060015,479187,8719,14382,5735
4,KTYX20150825_103134_V06,13.475,0.070,162.462,421.973,61.167,-76.526,43.204,30583.721,91916.040,20150825_063134,479194,30175,29684,21306
8,KTYX20150826_101151_V06,-7.368,0.127,192.686,212.301,8.467,-76.351,44.149,4233.335,69295.573,20150826_061151,479188,15416,33388,5756
8,KTYX20150826_101703_V06,-2.168,0.593,194.532,211.880,16.394,-76.339,44.150,8196.963,68717.927,20150826_061703,479177,16540,33963,6665
8,KTYX20150826_102215_V06,3.032,0.715,195.390,214.816,19.936,-76.334,44.137,9967.928,67452.811,20150826_062215,479177,16868,32960,7168
8,KTYX20150826_102727_V06,8.232,0.617,198.041,214.883,26.417,-76.317,44.137,13208.658,66408.770,20150826_062727,479202,18513,32410,8493
8,KTYX20150826_103239_V06,13.432,0.724,194.917,220.413,29.094,-76.336,44.112,14547.159,65909.977,20150826_063239,479183,19353,32026,8768
8,KTYX20150826_103751_V06,18.632,0.523,207.278,218.037,41.241,-76.259,44.123,20620.694,61877.328,20150826_063751,479181,19801,32099,8846
8,KTYX20150826_104304_V06,23.849,0.487,210.721,218.652,47.615,-76.238,44.121,23807.501,60390.804,20150826_064304,479197,21249,31500,9582
8,KTYX20150826_104815_V06,29.032,0.165,206.510,221.206,49.082,-76.264,44.109,24540.955,61132.874,20150826_064815,479190,21616,30688,9992
6,KTYX20150826_100127_V06,-17.768,0.102,133.877,452.085,8.588,-76.700,43.067,4293.819,112613.098,20150826_060127,479187,15189,34341,5040
6,KTYX20150826_100639_V06,-12.568,0.282,135.485,452.943,16.625,-76.690,43.063,8312.390,112312.859,20150826_060639,479178,15404,33453,5527
6,KTYX20150826_101151_V06,-7.368,0.314,138.906,454.722,20.976,-76.669,43.055,10487.973,111680.513,20150826_061151,479188,15416,33388,5756
6,KTYX20150826_101703_V06,-2.168,0.222,140.192,453.280,25.574,-76.661,43.062,12787.033,110717.269,20150826_061703,479177,16540,33963,6665
5,KTYX20150826_100127_V06,-17.768,0.194,430.742,167.220,13.648,-74.860,44.350,6824.184,93171.712,20150826_060127,479187,15189,34341,5040
5,KTYX20150826_100639_V06,-12.568,0.406,430.742,166.679,20.781,-74.860,44.353,10390.452,93364.642,20150826_060639,479178,15404,33453,5527
13,KTYX20150826_102727_V06,8.232,0.586,378.629,497.124,13.477,-75.199,42.868,6738.485,106113.505,20150826_062727,479202,18513,32410,8493
13,KTYX20150826_103239_V06,13.432,0.100,378.127,497.350,19.633,-75.202,42.867,9816.635,106125.984,20150826_063239,479183,19353,32026,8768
1,KTYX20150826_093012_V06,-49.018,0.124,394.341,187.252,12.646,-75.089,44.262,6323.177,73505.801,20150826_053012,479187,42184,45551,26137
3,KTYX20150826_095103_V06,-28.168,0.071,84.277,292.939,30.142,-77.020,43.780,15070.823,107919.199,20150826_055103,479197,23514,40520,10141
9,KTYX20150826_101151_V06,-7.368,0.113,275.754,244.359,14.686,-75.831,44.006,7343.071,30347.171,20150826_061151,479188,15416,33388,5756
14,KTYX20150826_105327_V06,34.232,0.204,129.439,419.848,28.402,-76.729,43.212,14200.891,104228.859,20150826_065327,479186,22565,30957,10278
15,KTYX20150826_105839_V06,39.432,0.123,243.137,267.371,24.901,-76.034,43.902,12450.371,32779.764,20150826_065839,479191,20881,29981,9894
17,KTYX20150827_101207_V06,-8.227,0.230,142.208,457.886,16.493,-76.648,43.041,8246.428,111609.079,20150827_061207,479181,26984,52889,8119
17,KTYX20150827_101719_V06,-3.027,0.294,142.548,458.478,23.056,-76.646,43.038,11527.766,111698.644,20150827_061719,479191,27548,52691,8798
17,KTYX20150827_102231_V06,2.173,0.126,141.629,458.872,24.339,-76.652,43.037,12169.470,112162.461,20150827_062231,479180,27237,51545,9066
17,KTYX20150827_102742_V06,7.356,0.068,146.596,460.842,29.641,-76.621,43.028,14820.639,111134.040,20150827_062742,479195,28264,50961,10115
17,KTYX20150827_103254_V06,12.556,0.124,151.517,461.357,35.168,-76.591,43.026,17584.051,109639.472,20150827_063254,479190,27897,49925,10393
17,KTYX20150827_103806_V06,17.756,-1.000,155.823,462.196,40.302,-76.564,43.022,20150.752,108506.589,20150827_063806,479187,28198,49299,11189
17,KTYX20150827_104317_V06,22.939,0.086,146.589,457.671,37.840,-76.621,43.042,18920.050,109994.424,20150827_064317,479178,28495,47565,11381
19,KTYX20150827_101719_V06,-3.027,0.605,191.956,232.210,10.165,-76.354,44.059,5082.388,63774.904,20150827_061719,479191,27548,52691,8798
19,KTYX20150827_102231_V06,2.173,0.055,192.043,233.432,17.094,-76.354,44.053,8547.016,63415.461,20150827_062231,479180,27237,51545,9066
19,KTYX20150827_102742_V06,7.356,0.632,198.456,234.032,23.460,-76.314,44.051,11729.995,60545.482,20150827_062742,479195,28264,50961,10115
19,KTYX20150827_103254_V06,12.556,0.228,195.675,240.908,23.645,-76.331,44.020,11822.611,59948.827,20150827_063254,479190,27897,49925,10393
19,KTYX20150827_103806_V06,17.756,0.226,191.040,250.144,19.879,-76.359,43.978,9939.678,59912.274,20150827_063806,479187,28198,49299,11189
22,KTYX20150827_102742_V06,7.356,0.121,254.243,280.008,8.147,-75.965,43.845,4073.357,24966.797,20150827_062742,479195,28264,50961,10115
22,KTYX20150827_103254_V06,12.556,0.052,254.704,280.395,15.161,-75.962,43.844,7580.275,24678.205,20150827_063254,479190,27897,49925,10393
12,KTYX20150827_100143_V06,-18.627,0.197,193.474,254.578,7.979,-76.344,43.958,3989.351,57902.579,20150827_060143,479177,28580,54945,8236
3,KTYX20150828_102306_V06,1.631,0.202,225.511,270.475,7.144,-76.143,43.888,3571.955,40063.677,20150828_062306,479175,12869,23248,7496
3,KTYX20150828_103245_V06,11.281,0.718,226.045,271.091,17.299,-76.140,43.885,8649.432,39702.229,20150828_063245,479178,15949,20200,10850
3,KTYX20150828_104225_V06,20.948,0.223,222.191,268.694,18.248,-76.164,43.896,9123.908,41935.337,20150828_064225,479169,15690,19401,10136
3,KTYX20150828_105205_V06,30.615,0.174,225.407,267.074,24.201,-76.144,43.903,12100.288,40768.259,20150828_065205,479173,15652,18766,10518
3,KTYX20150828_110146_V06,40.298,0.714,243.863,279.973,32.492,-76.029,43.845,16246.148,29801.197,20150828_070146,479176,16076,17980,10758
3,KTYX20150828_111126_V06,49.965,0.590,241.298,277.173,34.291,-76.045,43.858,17145.541,31492.334,20150828_071126,479179,14632,17803,9804
3,KTYX20150828_112106_V06,59.631,0.215,240.504,271.320,43.740,-76.050,43.884,21870.230,33024.015,20150828_072106,479177,13011,17297,8277
1,KTYX20150828_100346_V06,-17.702,0.143,138.065,459.881,15.879,-76.673,43.032,7939.364,113781.551,20150828_060346,479178,8706,32579,4049
1,KTYX20150828_101326_V06,-8.035,0.177,139.237,460.213,28.963,-76.666,43.031,14481.465,113482.345,20150828_061326,479177,9613,26702,4748
1,KTYX20150828_102306_V06,1.631,0.270,147.471,460.189,44.167,-76.616,43.031,22083.581,110595.765,20150828_062306,479175,12869,23248,7496
1,KTYX20150828_103245_V06,11.281,0.061,137.835,455.954,49.170,-76.675,43.050,24584.806,112493.529,20150828_063245,479178,15949,20200,10850
4,KTYX20150828_103245_V06,11.281,0.196,250.625,284.398,17.599,-75.987,43.826,8799.395,25890.857,20150828_063245,479178,15949,20200,10850
4,KTYX20150828_104225_V06,20.948,0.683,252.889,285.011,26.252,-75.973,43.823,13125.977,24719.218,20150828_064225,479169,15690,19401,10136
4,KTYX20150828_105205_V06,30.615,0.624,251.393,283.116,29.208,-75.982,43.831,14604.020,25727.715,20150828_065205,479173,15652,18766,10518
2,KTYX20150828_100346_V06,-17.702,0.131,186.288,216.102,6.694,-76.390,44.131,3346.922,70656.465,20150828_060346,479178,8706,32579,4049
2,KTYX20150828_101326_V06,-8.035,0.057,192.595,224.345,18.384,-76.351,44.094,9191.754,65687.561,20150828_061326,479177,9613,26702,4748
2,KTYX20150829_101159_V06,-10.610,0.099,156.679,447.367,27.859,-76.560,43.089,13929.673,102783.666,20150829_061159,479169,6638,7242,5704
2,KTYX20150829_102140_V06,-0.926,0.092,154.543,446.374,39.244,-76.573,43.094,19622.160,103178.580,20150829_062140,479169,8129,8196,7034
2,KTYX20150829_103121_V06,8.757,0.401,154.956,440.278,47.503,-76.571,43.121,23751.401,100890.596,20150829_063121,479175,9016,8594,7897
2,KTYX20150829_104102_V06,18.440,0.505,169.003,436.587,57.623,-76.485,43.138,28811.304,94625.850,20150829_064102,479173,9773,8887,8319
2,KTYX20150829_105042_V06,28.107,0.213,180.581,434.256,73.409,-76.414,43.149,36704.554,89840.744,20150829_065042,479177,9135,9359,7541
1,KTYX20150829_101159_V06,-10.610,0.240,198.172,211.777,4.506,-76.316,44.151,2253.021,67365.224,20150829_061159,479169,6638,7242,5704
2,KTYX20150831_110654_V06,42.060,0.080,393.224,306.265,43.706,-75.101,43.726,21853.245,46717.253,20150831_070654,479170,57696,53489,39195
3,KTYX20150831_112614_V06,61.393,0.061,304.106,306.008,23.414,-75.655,43.729,11706.989,3638.531,20150831_072614,479175,58948,60565,37742
1,KTYX20150901_104748_V06,21.837,0.119,135.538,224.634,14.356,-76.707,44.090,7177.896,90454.167,20150901_064748,479174,103395,60295,76892
2,KTYX20150901_111645_V06,50.787,0.067,338.457,99.409,11.186,-75.438,44.658,5592.926,102122.123,20150901_071645,479176,107311,66028,73328
2,KTYX20150902_112523_V06,58.298,0.081,57.023,214.158,66.326,-77.198,44.132,33163.086,128847.759,20150902_072523,479175,65489,66335,42398
2,KTYX20150902_113502_V06,67.948,0.088,54.736,219.673,73.520,-77.212,44.107,36759.871,129041.475,20150902_073502,479174,64783,68826,41542
1,KTYX20150902_110603_V06,38.965,0.068,441.776,236.854,71.924,-74.796,44.037,35962.215,77601.168,20150902_070603,479178,64452,60717,42425
3,KTYX20150902_113502_V06,67.948,0.070,475.631,325.066,28.664,-74.592,43.638,14332.088,88705.096,20150902_073502,479174,64783,68826,41542
1,KTYX20150903_111930_V06,51.292,0.062,299.483,303.023,12.092,-75.683,43.742,6045.883,1533.382,20150903_071930,479170,55215,42441,42069
1,KTYX20150903_112910_V06,60.959,0.214,299.498,304.545,19.210,-75.683,43.735,9605.222,2286.200,20150903_072910,479175,55180,45777,40930
1,KTYX20150904_102104_V06,-8.264,0.341,467.319,89.583,3.827,-74.625,44.698,1913.673,134416.282,20150904_062104,479187,32342,43046,21998
1,KTYX20150904_102618_V06,-3.031,0.861,465.100,89.962,11.190,-74.639,44.696,5594.764,133579.689,20150904_062618,479180,38382,33401,31639
1,KTYX20150904_103553_V06,6.553,0.925,463.799,87.362,17.294,-74.647,44.708,8646.855,134205.924,20150904_063553,479180,51502,35985,43674
1,KTYX20150904_104530_V06,16.169,0.505,465.347,90.569,23.790,-74.637,44.694,11894.769,133417.581,20150904_064530,479177,54500,35841,46114
1,KTYX20150904_105506_V06,25.769,0.331,452.229,91.421,38.648,-74.720,44.690,19323.813,129111.373,20150904_065506,479172,49286,38946,40447
1,KTYX20150904_110443_V06,35.386,0.072,444.918,94.142,56.046,-74.766,44.679,28023.014,125875.604,20150904_070443,479168,50233,42464,40561
4,KTYX20150904_104530_V06,16.169,0.371,213.460,266.053,12.748,-76.219,43.907,6374.004,46480.110,20150904_064530,479177,54500,35841,46114
4,KTYX20150904_105506_V06,25.769,0.746,212.293,265.494,19.178,-76.226,43.910,9589.240,47125.343,20150904_065506,479172,49286,38946,40447
4,KTYX20150904_110443_V06,35.386,0.623,209.545,267.189,20.932,-76.243,43.902,10465.792,48110.880,20150904_070443,479168,50233,42464,40561
4,KTYX20150904_111421_V06,45.019,0.090,207.235,268.340,23.289,-76.257,43.897,11644.706,49009.490,20150904_071421,479176,47738,42585,38896
5,KTYX20150904_112400_V06,54.669,0.050,367.089,175.646,49.505,-75.260,44.315,24752.426,70648.242,20150904_072400,479180,46045,41623,37273
6,KTYX20150904_114316_V06,73.936,0.080,55.617,233.088,56.742,-77.205,44.047,28371.077,126689.030,20150904_074316,479174,42232,42192,33022
1,KTYX20150905_102043_V06,-9.737,0.259,436.742,280.811,34.676,-74.830,43.839,17338.024,69040.703,20150905_062043,479172,6125,18070,5245
1,KTYX20150905_103023_V06,-0.070,0.127,443.286,281.696,45.345,-74.789,43.835,22672.372,72225.014,20150905_063023,479176,14198,20108,12203
2,KTYX20150905_103023_V06,-0.070,0.579,265.414,327.948,13.668,-75.894,43.630,6833.981,22233.605,20150905_063023,479176,14198,20108,12203
2,KTYX20150905_104004_V06,9.613,0.063,256.559,346.284,21.297,-75.949,43.547,10648.742,31738.409,20150905_064004,479174,19593,21819,16031
5,KTYX20150905_110903_V06,38.596,0.066,435.281,306.631,17.103,-74.841,43.723,8551.361,67721.606,20150905_070903,479170,17375,27124,12881
5,KTYX20150905_111844_V06,48.280,0.083,443.546,311.190,32.634,-74.790,43.702,16316.791,71990.514,20150905_071844,479178,16337,27737,11964
4,KTYX20150905_104004_V06,9.613,0.165,392.249,303.337,30.210,-75.107,43.739,15104.774,46154.832,20150905_064004,479174,19593,21819,16031
1,KTYX20150906_103413_V06,2.640,0.051,449.862,295.380,36.082,-74.749,43.773,18040.833,74966.513,20150906_063413,479172,14237,28183,11538
3,KTYX20150906_114152_V06,70.290,0.054,407.150,202.321,35.071,-75.010,44.193,17535.580,72495.152,20150906_074152,479174,16306,29356,11381
1,KTYX20150907_104547_V06,13.084,0.222,233.922,254.386,15.761,-76.092,43.960,7880.415,40146.197,20150907_064547,479172,36463,35489,30059
1,KTYX20150907_105527_V06,22.750,0.451,240.932,251.809,27.543,-76.048,43.972,13771.359,38116.561,20150907_065527,479176,36084,39125,27981
3,KTYX20150907_112426_V06,51.734,0.083,28.715,172.339,43.068,-77.380,44.318,21534.000,149910.490,20150907_072426,479176,25467,40279,18276
1,KTYX20150908_094038_V06,-53.190,0.196,440.881,280.267,18.882,-74.804,43.841,9440.975,71128.215,20150908_054038,479194,121070,49487,87370
1,KTYX20150908_094549_V06,-48.007,0.335,443.768,280.777,25.364,-74.786,43.839,12681.880,72523.905,20150908_054549,479197,120021,48745,86937
1,KTYX20150908_095100_V06,-42.823,0.310,453.434,282.804,25.315,-74.726,43.829,12657.703,77197.286,20150908_055100,479195,119336,48555,86822
2,KTYX20150908_111107_V06,37.293,0.078,219.447,270.806,15.715,-76.181,43.886,7857.513,42839.769,20150908_071107,479181,31109,48907,14522
6,KTYX20150908_113704_V06,63.243,0.217,214.827,198.853,56.275,-76.213,44.210,28137.461,66115.773,20150908_073704,479189,27068,44399,11848
4,KTYX20150910_104231_V06,6.445,0.299,117.211,482.760,7.063,-76.800,42.928,3531.567,129241.079,20150910_064231,479178,73116,43733,53531
4,KTYX20150910_104602_V06,9.962,0.368,117.151,483.291,11.930,-76.800,42.925,5965.165,129450.014,20150910_064602,479194,78365,44177,57839
4,KTYX20150910_104933_V06,13.478,0.305,117.352,485.445,14.754,-76.798,42.916,7377.015,130144.376,20150910_064933,479181,78536,44209,58079
4,KTYX20150910_105304_V06,16.995,-1.000,117.489,487.131,18.172,-76.797,42.908,9086.035,130698.142,20150910_065304,479185,80257,44361,58772
4,KTYX20150910_105635_V06,20.512,0.267,119.199,493.054,20.545,-76.787,42.882,10272.392,132248.660,20150910_065635,479199,81229,43747,60422
4,KTYX20150910_110001_V06,23.945,0.311,111.816,495.893,28.911,-76.831,42.868,14455.498,135818.826,20150910_070001,479182,82224,44924,60673
5,KTYX20150910_104231_V06,6.445,0.063,219.300,278.673,6.096,-76.182,43.851,3048.244,41735.108,20150910_064231,479178,73116,43733,53531
5,KTYX20150910_104602_V06,9.962,0.695,218.370,278.852,11.769,-76.188,43.850,5884.683,42162.609,20150910_064602,479194,78365,44177,57839
5,KTYX20150910_104933_V06,13.478,0.628,216.506,279.481,14.911,-76.199,43.847,7455.708,42988.967,20150910_064933,479181,78536,44209,58079
5,KTYX20150910_105304_V06,16.995,0.291,215.944,284.352,21.600,-76.202,43.825,10800.141,42750.079,20150910_065304,479185,80257,44361,58772
5,KTYX20150910_105635_V06,20.512,-1.000,215.049,287.786,27.315,-76.208,43.810,13657.674,42912.242,20150910_065635,479199,81229,43747,60422
5,KTYX20150910_110001_V06,23.945,0.055,212.985,282.354,20.637,-76.221,43.834,10318.634,44393.033,20150910_070001,479182,82224,44924,60673
2,KTYX20150910_103910_V06,3.095,0.202,87.052,475.810,3.300,-76.985,42.957,1649.791,138072.756,20150910_063910,479187,67067,43298,48627
2,KTYX20150910_104231_V06,6.445,0.204,87.543,476.590,8.697,-76.982,42.954,4348.349,138132.111,20150910_064231,479178,73116,43733,53531
2,KTYX20150910_104602_V06,9.962,0.338,89.954,480.897,12.657,-76.967,42.934,6328.626,138602.890,20150910_064602,479194,78365,44177,57839
7,KTYX20150910_105635_V06,20.512,0.418,88.096,483.312,12.823,-76.978,42.923,6411.521,140095.053,20150910_065635,479199,81229,43747,60422
7,KTYX20150910_110001_V06,23.945,-1.000,88.096,483.312,18.282,-76.978,42.923,9141.021,140095.053,20150910_070001,479182,82224,44924,60673
7,KTYX20150910_110333_V06,27.478,0.188,88.810,484.234,19.740,-76.973,42.919,9870.083,140127.840,20150910_070333,479183,85636,45741,63506
1,KTYX20150911_103439_V06,-2.547,0.626,227.547,275.655,8.029,-76.131,43.864,4014.412,38216.767,20150911_063439,479201,29001,39288,19231
1,KTYX20150911_103950_V06,2.637,0.800,227.541,277.496,13.218,-76.131,43.856,6609.222,37936.675,20150911_063950,479183,37202,42987,25607
1,KTYX20150911_104502_V06,7.837,0.814,227.420,281.201,16.474,-76.131,43.840,8236.832,37487.720,20150911_064502,479173,37907,42680,25863
1,KTYX20150911_105014_V06,13.037,0.766,227.591,283.837,20.441,-76.130,43.828,10220.647,37095.598,20150911_065014,479189,39831,41391,27071
1,KTYX20150911_105527_V06,18.253,0.650,229.227,283.308,23.411,-76.120,43.830,11705.591,36357.598,20150911_065527,479195,37956,40534,25272
7,KTYX20150912_105506_V06,16.778,0.118,362.958,251.684,34.565,-75.288,43.973,17282.402,39680.284,20150912_065506,479180,195283,191263,37846
18,KTYX20150912_113413_V06,55.895,0.091,329.903,412.188,40.679,-75.496,43.251,20339.664,58052.177,20150912_073413,479185,262426,245568,47846
8,KTYX20150913_105631_V06,17.069,0.077,391.657,338.935,24.235,-75.113,43.579,12117.352,49791.979,20150913_065631,479178,86781,124625,13873
8,KTYX20150913_110144_V06,22.285,0.064,391.609,337.922,31.516,-75.113,43.584,15757.844,49574.050,20150913_070144,479188,84466,122110,13012
1,KTYX20150915_095826_V06,-43.269,0.398,116.137,333.126,6.714,-76.819,43.601,3356.751,93411.657,20150915_055826,479203,26932,34562,18946
5,KTYX20150915_115358_V06,72.264,0.059,206.617,101.236,34.633,-76.269,44.649,17316.710,109803.678,20150915_075358,479169,26922,28812,19426
1,KTYX20150916_100412_V06,-38.631,0.051,24.049,435.239,34.715,-77.376,43.135,17357.582,153654.381,20150916_060412,479176,69988,29607,59380
2,KTYX20150916_105232_V06,9.702,0.098,234.320,268.880,17.809,-76.089,43.895,8904.564,36339.603,20150916_065232,479178,28921,31424,21186
2,KTYX20150917_110914_V06,25.273,0.137,69.372,195.002,73.225,-77.123,44.219,36612.579,126702.128,20150917_070914,479176,65280,54104,46697
2,KTYX20150917_111854_V06,34.940,0.100,72.616,192.476,85.200,-77.103,44.231,42599.800,125762.703,20150917_071854,479176,59355,54969,40924
1,KTYX20150917_105934_V06,15.606,0.183,145.002,213.495,17.650,-76.649,44.141,8824.986,88751.786,20150917_065934,479178,63075,50484,46646
1,KTYX20150918_095120_V06,-53.758,0.105,179.584,213.390,8.576,-76.432,44.143,4287.756,74164.279,20150918_055120,479171,51767,19148,44491
1,KTYX20150920_105043_V06,3.360,0.453,262.297,229.382,9.817,-75.915,44.073,4908.566,40026.271,20150920_065043,479175,17536,16045,14862
1,KTYX20150920_110021_V06,12.993,0.669,258.765,229.675,15.876,-75.937,44.072,7938.203,40761.245,20150920_070021,479179,17359,16543,14382
1,KTYX20150921_104830_V06,0.009,0.852,82.554,479.408,13.580,-77.012,42.941,6789.752,140952.237,20150921_064830,479184,28354,22139,22176
1,KTYX20150921_105807_V06,9.625,0.285,82.170,479.452,21.962,-77.014,42.940,10981.008,141114.358,20150921_065807,479176,39740,25495,31034
2,KTYX20150926_110830_V06,14.305,0.106,90.009,463.565,16.973,-76.968,43.012,8486.289,133088.154,20150926_070830,479172,11477,29140,8477
2,KTYX20150926_111812_V06,24.005,0.071,83.544,463.177,31.832,-77.008,43.014,15916.073,135535.716,20150926_071812,479174,13072,27978,10023
1,KTYX20150926_100045_V06,-53.445,0.216,177.504,212.588,8.180,-76.446,44.147,4089.891,75243.062,20150926_060045,479177,27783,42754,20242
1,KTYX20150927_110037_V06,5.273,0.149,170.433,211.885,2.880,-76.490,44.149,1439.947,78345.357,20150927_070037,479179,8521,8605,7112
3,KTYX20150927_110037_V06,5.273,0.069,304.694,293.843,25.081,-75.651,43.784,12540.401,3871.008,20150927_070037,479179,8521,8605,7112
5,KTYX20150930_113941_V06,40.876,0.157,43.114,230.959,70.690,-77.283,44.055,35344.757,133000.915,20150930_073941,479188,311502,314777,40530
5,KTYX20150930_114521_V06,46.543,0.176,43.419,229.646,78.447,-77.281,44.061,39223.553,133025.910,20150930_074521,479178,319331,318109,42555
5,KTYX20150930_115101_V06,52.209,0.076,50.543,220.827,81.525,-77.238,44.102,40762.678,130859.630,20150930_075101,479176,323782,319615,44363
5,KTYX20150930_115642_V06,57.893,-1.000,56.276,213.569,85.616,-77.203,44.135,42807.823,129297.777,20150930_075642,479177,324660,322171,42553
5,KTYX20150930_120222_V06,63.559,0.077,61.331,214.929,91.066,-77.171,44.129,45532.985,126688.601,20150930_080222,479180,324671,321631,41861
5,KTYX20150930_120803_V06,69.243,0.060,58.295,232.983,69.549,-77.188,44.047,34774.620,125411.971,20150930_080803,479192,328603,321076,41740
1,KTYX20150930_101351_V06,-44.957,0.239,28.283,219.989,48.995,-77.377,44.103,24497.328,141626.112,20150930_061351,479185,374300,346295,45635
1,KTYX20150930_101931_V06,-39.291,0.123,21.928,248.085,28.869,-77.413,43.976,14434.431,141438.345,20150930_061931,479186,371428,343192,47990
6,KTYX20150930_113941_V06,40.876,0.059,311.803,45.983,10.713,-75.605,44.899,5356.598,127145.515,20150930_073941,479188,311502,314777,40530
1,KTYX20151002_101019_V06,-50.819,0.068,171.487,211.297,2.714,-76.483,44.152,1356.855,78076.428,20151002_061019,479172,38939,36526,29252
3,KTYX20151005_110039_V06,-4.011,0.580,368.415,101.927,9.737,-75.249,44.646,4868.668,104777.699,20151005_070039,479177,14414,21955,11718
3,KTYX20151005_111021_V06,5.689,0.141,369.798,102.199,19.022,-75.240,44.645,9511.166,104877.424,20151005_071021,479176,19749,20203,16443
4,KTYX20151005_110039_V06,-4.011,0.087,178.851,214.965,8.827,-76.437,44.136,4413.631,74006.695,20151005_070039,479177,14414,21955,11718
4,KTYX20151005_111021_V06,5.689,0.365,178.997,214.198,14.896,-76.436,44.139,7448.187,74168.217,20151005_071021,479176,19749,20203,16443
4,KTYX20151005_112003_V06,15.389,0.063,178.506,212.638,8.879,-76.439,44.146,4439.486,74821.431,20151005_072003,479180,20850,20145,17400
1,KTYX20151005_102152_V06,-42.795,0.153,179.401,213.084,8.109,-76.434,44.144,4054.708,74327.663,20151005_062152,479170,58780,46347,47576
2,KTYX20151005_102152_V06,-42.795,0.067,358.186,119.809,2.082,-75.314,44.566,1040.871,94676.263,20151005_062152,479170,58780,46347,47576
2,KTYX20151006_115252_V06,47.021,0.491,330.855,321.527,35.219,-75.489,43.659,17609.251,18811.237,20151006_075252,479180,10423,12140,7891
2,KTYX20151006_120233_V06,56.704,0.129,335.959,329.269,42.173,-75.457,43.624,21086.360,23182.739,20151006_080233,479174,9309,11882,6838
1,KTYX20151006_112348_V06,17.954,0.105,235.995,349.066,28.643,-76.076,43.534,14321.480,40324.134,20151006_072348,479179,13706,14616,10303
1,KTYX20151012_111944_V06,6.674,0.112,298.342,301.541,23.907,-75.690,43.749,11953.541,1131.547,20151012_071944,479175,16442,14977,12799
4,KTYX20151014_111352_V06,-1.638,0.105,240.842,118.544,44.323,-76.052,44.572,22161.366,95428.040,20151014_071352,479193,70027,100617,17391
2,KTYX20151016_103320_V06,-44.637,0.254,283.396,355.981,22.571,-75.783,43.504,11285.557,29195.813,20151016_063320,479187,78336,82300,18535
2,KTYX20151016_103833_V06,-39.421,0.162,284.445,356.842,29.792,-75.776,43.500,14895.795,29466.066,20151016_063833,479179,74806,78801,17169
9,KTYX20151016_110947_V06,-8.187,0.068,421.080,498.160,58.771,-74.939,42.862,29385.584,116111.716,20151016_070947,479184,45413,51151,8174
6,KTYX20151017_103608_V06,-43.078,0.052,158.053,440.988,24.578,-76.552,43.118,12289.244,100033.036,20151017_063608,479172,75520,86626,20593
13,KTYX20151017_112304_V06,3.856,0.080,389.012,514.118,21.198,-75.136,42.791,10598.895,115941.561,20151017_072304,479184,71823,82611,18485
29,KTYX20151017_122538_V06,66.422,0.052,323.388,213.092,13.366,-75.534,44.147,6683.144,45000.169,20151017_082538,479180,60623,75654,16144
1,KTYX20151019_103044_V06,-50.973,0.068,170.948,211.382,2.976,-76.487,44.152,1487.932,78274.641,20151019_063044,479178,24251,24315,17600
1,KTYX20151019_104026_V06,-41.273,0.065,170.830,211.480,10.502,-76.487,44.151,5251.148,78295.447,20151019_064026,479174,21013,23705,14721
2,KTYX20151019_123653_V06,75.177,0.065,297.242,305.722,23.931,-75.697,43.730,11965.271,3176.048,20151019_083653,479170,6343,11583,5632
10,KTYX20151020_123905_V06,76.122,0.056,41.446,295.242,46.113,-77.286,43.766,23056.549,129298.867,20151020_083905,479185,93331,110947,11143
1,KTYX20151023_112349_V06,-2.938,0.343,235.984,183.256,5.366,-76.081,44.280,2682.966,66571.715,20151023_072349,479172,28797,12504,25573
1,KTYX20151023_113331_V06,6.762,0.696,237.994,181.504,10.516,-76.068,44.288,5257.961,66869.215,20151023_073331,479182,27305,12030,24188
3,KTYX20151023_113331_V06,6.762,0.065,214.773,87.537,2.791,-76.218,44.711,1395.693,114459.799,20151023_073331,479182,27305,12030,24188
1,KTYX20151024_103311_V06,-54.844,0.358,266.958,187.204,9.364,-75.887,44.263,4682.201,58768.194,20151024_063311,479183,12472,23084,7307
1,KTYX20151024_103828_V06,-49.561,0.199,265.959,187.543,15.944,-75.893,44.262,7972.080,58747.972,20151024_063828,479183,11367,22297,7080
4,KTYX20151024_123734_V06,69.539,0.059,12.372,209.974,21.637,-77.478,44.147,10818.342,150693.639,20151024_083734,479180,12675,21868,6367
4,KTYX20151024_124248_V06,74.772,0.123,13.765,210.055,29.130,-77.469,44.147,14564.966,150017.103,20151024_084248,479188,13707,22724,6460
2,KTYX20151024_115025_V06,22.389,0.153,21.349,129.875,29.441,-77.432,44.508,14720.444,163239.570,20151024_075025,479185,13681,19225,7944
3,KTYX20151024_120054_V06,32.872,0.051,17.965,244.931,28.458,-77.438,43.990,14229.080,143680.722,20151024_080054,479190,11135,18741,6400
3,KTYX20151025_124055_V06,71.612,0.070,434.264,24.112,25.664,-74.829,44.994,12831.947,153411.882,20151025_084055,479173,27349,48279,10128
1,KTYX20151026_104005_V06,-50.504,0.090,266.252,199.931,2.696,-75.891,44.206,1348.221,52803.179,20151026_064005,479168,35543,30800,27362
1,KTYX20151028_104129_V06,-51.680,0.064,30.894,196.620,52.404,-77.364,44.209,26201.757,144140.114,20151028_064129,479191,117722,133154,22889
3,KTYX20151028_111300_V06,-20.163,0.292,277.899,159.373,1.878,-75.819,44.389,938.881,71176.638,20151028_071300,479186,142950,159188,25754
6,KTYX20151028_111812_V06,-14.963,0.086,30.696,158.365,49.737,-77.370,44.381,24868.418,152138.891,20151028_071812,479193,150547,164828,27710
6,KTYX20151028_112325_V06,-9.746,0.081,34.135,137.414,43.199,-77.351,44.475,21599.358,155819.133,20151028_072325,479191,155797,168225,27120
1,KTYX20151106_104946_V06,-55.157,0.603,309.337,155.354,8.501,-75.621,44.407,4250.435,72473.466,20151106_054946,479174,65094,76946,12835
2,KTYX20151106_104946_V06,-55.157,0.146,32.999,203.747,35.091,-77.350,44.177,17545.670,141910.421,20151106_054946,479174,65094,76946,12835
1,KTYX20151107_104837_V06,-57.625,0.287,279.586,184.000,5.970,-75.808,44.278,2984.879,58891.361,20151107_054837,479187,47994,65736,20210
1,KTYX20151107_105351_V06,-52.391,0.110,280.775,184.966,14.071,-75.800,44.273,7035.592,58314.601,20151107_055351,479184,49660,65013,21065
1,KTYX20151107_105904_V06,-47.175,0.213,282.903,183.080,26.245,-75.787,44.282,13122.438,59081.636,20151107_055904,479178,49464,62367,21184
5,KTYX20151107_105904_V06,-47.175,0.119,272.068,209.898,4.929,-75.855,44.161,2464.745,47166.172,20151107_055904,479178,49464,62367,21184
3,KTYX20151108_110551_V06,-41.709,0.108,338.808,495.764,19.609,-75.443,42.875,9804.270,99786.672,20151108_060551,479189,23630,35281,10113
3,KTYX20151108_111103_V06,-36.509,0.068,339.919,496.029,26.365,-75.436,42.873,13182.743,100026.068,20151108_061103,479177,24559,35742,11348
1,KTYX20151109_130151_V06,72.974,0.075,302.542,298.584,21.424,-75.664,43.762,10712.090,1454.681,20151109_080151,479175,6270,8614,5449
1,KTYX20151111_113507_V06,-16.391,0.072,20.516,184.058,23.928,-77.430,44.264,11963.917,151289.375,20151111_063507,479185,97481,93780,23969
1,KTYX20151111_114020_V06,-11.175,0.078,21.008,183.940,30.407,-77.427,44.265,15203.417,151084.593,20151111_064020,479175,95920,91276,23535
2,KTYX20151112_120014_V06,7.412,0.332,27.185,249.187,49.952,-77.380,43.972,24976.021,138753.349,20151112_070014,479193,20042,23435,5267
2,KTYX20151112_120528_V06,12.646,0.207,27.539,245.375,56.010,-77.378,43.989,28005.024,138941.251,20151112_070528,479193,20468,22931,5440
2,KTYX20151112_121042_V06,17.879,0.244,33.272,237.996,58.892,-77.344,44.023,29446.132,136919.970,20151112_071042,479184,20776,22433,5674
4,KTYX20151112_120014_V06,7.412,0.079,38.643,510.492,47.768,-77.277,42.797,23884.182,167790.321,20151112_070014,479193,20042,23435,5267
4,KTYX20151112_120528_V06,12.646,0.385,40.514,506.080,52.809,-77.266,42.817,26404.745,165681.944,20151112_070528,479193,20468,22931,5440
4,KTYX20151112_121042_V06,17.879,0.389,46.028,493.999,51.839,-77.234,42.872,25919.519,159794.856,20151112_071042,479184,20776,22433,5674
1,KTYX20151112_111908_V06,-33.688,0.238,292.251,305.344,23.066,-75.728,43.732,11533.073,4706.405,20151112_061908,479182,12011,18085,5034
3,KTYX20151112_120014_V06,7.412,0.117,17.258,198.467,21.577,-77.449,44.199,10788.379,150209.953,20151112_070014,479193,20042,23435,5267
6,KTYX20151112_123137_V06,38.796,0.187,40.567,138.520,46.118,-77.310,44.471,23058.788,152791.823,20151112_073137,479181,21531,25435,5835
7,KTYX20151112_124203_V06,49.229,0.074,37.877,509.304,40.333,-77.282,42.803,20166.637,167717.581,20151112_074203,479180,27753,33267,6537
8,KTYX20151112_125229_V06,59.662,0.057,28.940,137.762,29.974,-77.383,44.473,14986.959,157951.541,20151112_075229,479179,35001,40659,7597
4,KTYX20151113_115359_V06,-0.148,0.091,268.818,262.591,20.410,-75.874,43.924,10204.878,24350.252,20151113_065359,479172,262076,179515,97538
6,KTYX20151113_120518_V06,11.169,0.077,26.006,421.901,35.275,-77.366,43.195,17637.680,149943.762,20151113_070518,479187,264232,176078,102998
1,KTYX20151115_113140_V06,-25.073,0.103,277.092,168.274,4.751,-75.824,44.348,2375.565,66851.687,20151115_063140,479178,6172,11418,5436
1,KTYX20151117_110749_V06,-51.511,0.114,272.546,173.827,2.525,-75.852,44.323,1262.592,64562.624,20151117_060749,479175,12342,28185,8653
2,KTYX20151117_110749_V06,-51.511,0.076,269.355,173.873,2.866,-75.872,44.323,1432.896,64898.409,20151117_060749,479175,12342,28185,8653
5,KTYX20151118_125007_V06,49.505,0.384,23.146,284.914,31.864,-77.401,43.811,15931.948,138632.481,20151118_075007,479183,4822,6326,4408
5,KTYX20151118_125949_V06,59.205,0.232,25.387,285.507,38.690,-77.387,43.808,19344.975,137497.724,20151118_075949,479175,4847,6014,4318
5,KTYX20151118_130930_V06,68.888,0.197,28.806,280.971,34.499,-77.366,43.829,17249.479,135930.433,20151118_080930,479178,4712,5023,4283
1,KTYX20151118_110339_V06,-56.962,0.230,280.319,163.593,2.628,-75.803,44.370,1313.976,68909.519,20151118_060339,479182,4269,9540,3771
2,KTYX20151120_114127_V06,-21.706,0.087,268.223,192.474,4.821,-75.879,44.240,2410.503,56061.393,20151120_064127,479185,8231,8181,7051
1,KTYX20151121_113004_V06,-34.348,0.056,38.161,166.119,63.699,-77.322,44.347,31849.670,147040.576,20151121_063004,479184,17682,24173,6445
1,KTYX20151121_113945_V06,-24.664,0.346,34.707,167.786,67.201,-77.343,44.339,33600.563,148206.764,20151121_063945,479183,20354,23570,7727
1,KTYX20151121_114926_V06,-14.981,0.175,36.235,173.790,66.249,-77.333,44.312,33124.505,146202.547,20151121_064926,479179,23735,22667,9221
1,KTYX20151121_115906_V06,-5.314,0.387,44.507,171.992,74.854,-77.281,44.321,37427.155,142883.417,20151121_065906,479186,29111,26260,10666
1,KTYX20151121_120846_V06,4.352,0.474,51.081,168.982,77.942,-77.241,44.335,38970.794,140646.918,20151121_070846,479177,35303,30723,12149
1,KTYX20151121_121828_V06,14.052,0.448,63.738,164.933,80.301,-77.162,44.354,40150.495,136072.649,20151121_071828,479179,36784,32722,11976
1,KTYX20151121_122809_V06,23.736,0.247,66.044,161.611,81.823,-77.148,44.369,40911.271,135910.618,20151121_072809,479174,33515,31363,10452
1,KTYX20151121_123323_V06,28.969,0.094,69.166,151.978,87.615,-77.129,44.413,43807.586,137108.563,20151121_073323,479200,34234,31864,10580
19,KTYX20151122_130020_V06,54.671,0.145,369.962,201.089,27.124,-75.242,44.200,13562.248,60576.385,20151122_080020,479206,31742,46661,10056
3,KTYX20151128_123342_V06,20.812,0.248,43.936,313.963,55.114,-77.268,43.682,27557.011,128222.172,20151128_073342,479189,63567,57631,22109
3,KTYX20151128_123922_V06,26.479,0.081,45.084,316.426,61.536,-77.261,43.671,30767.860,127722.499,20151128_073922,479196,60503,55706,19989
3,KTYX20151128_124447_V06,31.895,-1.000,46.008,318.410,68.064,-77.255,43.662,34031.809,127329.181,20151128_074447,479190,55834,52488,18265
3,KTYX20151128_125012_V06,37.312,0.079,11.525,306.346,17.738,-77.470,43.713,8869.246,144272.496,20151128_075012,479206,52314,49158,17370
4,KTYX20151201_115301_V06,-23.276,0.075,303.156,308.338,17.570,-75.660,43.718,8784.851,4457.872,20151201_065301,479177,29797,77270,4953
4,KTYX20151201_120238_V06,-13.659,0.064,308.085,309.720,30.159,-75.630,43.712,15079.584,6321.732,20151201_070238,479184,35381,76578,4709
5,KTYX20151202_130911_V06,51.793,0.086,25.691,472.711,54.101,-77.361,42.966,27050.377,162075.848,20151202_080911,479193,98183,132701,23263
5,KTYX20151202_131424_V06,57.010,0.221,26.541,473.521,60.288,-77.356,42.963,30143.783,161933.328,20151202_081424,479197,95894,130406,22262
5,KTYX20151202_131936_V06,62.210,0.154,31.504,478.533,60.000,-77.325,42.940,30000.025,161217.056,20151202_081936,479186,94166,128298,22123
5,KTYX20151202_132448_V06,67.410,0.166,35.909,469.969,62.218,-77.299,42.979,31109.077,157029.973,20151202_082448,479183,86806,125653,21711
2,KTYX20151203_112842_V06,-49.767,0.055,228.249,357.040,11.497,-76.124,43.498,5748.672,45830.601,20151203_062842,479176,22977,32870,8189
2,KTYX20151203_113820_V06,-40.134,0.078,229.127,358.278,21.789,-76.118,43.493,10894.695,45878.465,20151203_063820,479180,21504,34860,7685
4,KTYX20151203_115737_V06,-20.850,0.083,179.240,210.825,7.867,-76.435,44.155,3933.266,75058.733,20151203_065737,479180,20964,40053,7054
6,KTYX20151203_123611_V06,17.716,0.055,175.310,444.426,52.007,-76.446,43.103,26003.366,95402.270,20151203_073611,479183,25782,49163,8220
10,KTYX20151203_133407_V06,75.650,0.078,14.969,415.116,20.965,-77.434,43.224,10482.533,153699.664,20151203_083407,479183,31655,59824,9143
1,KTYX20151205_122828_V06,7.910,0.057,334.074,289.330,26.701,-75.468,43.804,13350.712,17852.556,20151205_072828,479177,6931,4095,6332
3,KTYX20151210_133509_V06,69.797,0.062,297.042,310.235,21.996,-75.698,43.710,10997.955,5326.813,20151210_083509,479172,5733,8402,5315
3,KTYX20151210_134448_V06,79.447,0.259,290.358,308.814,17.615,-75.740,43.716,8807.472,6531.868,20151210_084448,479179,5791,8557,5343
1,KTYX20151212_112831_V06,-58.562,0.096,286.553,291.151,7.551,-75.764,43.796,3775.455,8048.485,20151212_062831,479181,6042,6007,5507
12,KTYX20151215_121915_V06,-10.186,0.249,52.670,108.567,72.362,-77.238,44.607,36180.840,156379.685,20151215_071915,479185,218108,174457,64220
12,KTYX20151215_122453_V06,-4.552,0.436,54.588,109.568,77.552,-77.226,44.602,38776.009,155315.161,20151215_072453,479190,224145,179442,65051
12,KTYX20151215_123032_V06,1.098,-1.000,56.206,110.412,83.358,-77.215,44.599,41679.202,154417.439,20151215_073032,479187,230593,181680,67200
12,KTYX20151215_123612_V06,6.764,0.199,68.056,123.759,76.105,-77.139,44.540,38052.415,145652.532,20151215_073612,479185,240295,183453,71306
12,KTYX20151215_124150_V06,12.398,0.064,76.990,123.166,73.618,-77.083,44.543,36808.765,142306.023,20151215_074150,479178,248297,186190,73768
12,KTYX20151215_124729_V06,18.048,0.072,42.447,175.009,55.110,-77.294,44.307,27554.811,143139.851,20151215_074729,479187,252343,188258,74797
12,KTYX20151215_125307_V06,23.681,0.164,44.940,175.879,64.630,-77.278,44.303,32314.953,141828.844,20151215_075307,479183,256857,191361,74996
12,KTYX20151215_125846_V06,29.331,0.112,53.178,184.072,67.298,-77.226,44.267,33649.079,136345.373,20151215_075846,479198,260467,192858,76369
12,KTYX20151215_130426_V06,34.998,-1.000,60.176,190.751,71.374,-77.181,44.238,35687.032,131767.514,20151215_080426,479198,262682,192304,78398
12,KTYX20151215_131005_V06,40.648,0.071,17.416,210.373,15.055,-77.446,44.146,7527.297,148228.579,20151215_081005,479184,260291,187328,81370
12,KTYX20151215_131546_V06,46.331,0.062,25.453,214.733,33.914,-77.395,44.127,16957.079,143741.622,20151215_081546,479197,256494,181363,83778
4,KTYX20151215_115641_V06,-32.752,0.211,36.478,96.477,52.688,-77.341,44.660,26344.002,166481.993,20151215_065641,479187,207745,154113,70488
4,KTYX20151215_120219_V06,-27.119,0.423,39.279,103.365,63.897,-77.323,44.629,31948.407,163279.472,20151215_070219,479186,216182,157822,74030
4,KTYX20151215_120758_V06,-21.469,0.166,51.955,132.717,81.488,-77.239,44.498,40744.099,149591.052,20151215_070758,479190,218631,160265,74524
4,KTYX20151215_121336_V06,-15.836,0.308,53.306,137.115,89.291,-77.230,44.478,44645.342,147808.726,20151215_071336,479193,219797,167451,69106
6,KTYX20151215_120219_V06,-27.119,0.576,178.039,42.455,14.698,-76.452,44.912,7349.094,142481.329,20151215_070219,479186,216182,157822,74030
6,KTYX20151215_120758_V06,-21.469,0.485,181.902,43.316,20.860,-76.428,44.908,10429.875,141274.120,20151215_070758,479190,218631,160265,74524
1,KTYX20151215_113943_V06,-49.719,0.123,425.800,286.510,18.031,-74.898,43.814,9015.373,63260.795,20151215_063943,479176,186751,152050,50188
3,KTYX20151215_115102_V06,-38.402,0.157,21.647,127.808,28.637,-77.431,44.517,14318.398,163653.957,20151215_065102,479178,200405,153816,62925
9,KTYX20151215_120758_V06,-21.469,0.079,27.321,284.489,29.935,-77.375,43.813,14967.375,136560.102,20151215_070758,479190,218631,160265,74524
18,KTYX20151215_123032_V06,1.098,0.412,65.105,121.210,69.621,-77.158,44.551,34810.497,147598.548,20151215_073032,479187,230593,181680,67200
2,KTYX20151220_114503_V06,-47.634,0.143,258.292,314.158,3.299,-75.939,43.692,1649.300,22022.574,20151220_064503,479179,5587,28923,4820
1,KTYX20151221_114156_V06,-51.291,0.261,29.754,267.366,53.303,-77.362,43.890,26651.438,136104.740,20151221_064156,479178,13184,24166,5819
1,KTYX20151221_114709_V06,-46.075,0.135,32.912,265.422,61.667,-77.342,43.899,30833.444,134658.521,20151221_064709,479197,13265,23408,6194
1,KTYX20151221_115224_V06,-40.825,0.090,44.532,257.367,72.304,-77.271,43.937,36152.181,129500.620,20151221_065224,479170,12707,23346,5847
3,KTYX20151221_121837_V06,-14.608,0.070,27.536,185.030,56.975,-77.386,44.261,28487.423,147863.970,20151221_071837,479181,13340,24352,5843
3,KTYX20151221_122350_V06,-9.391,0.349,29.837,186.805,63.643,-77.371,44.253,31821.396,146459.006,20151221_072350,479193,14448,24473,6120
3,KTYX20151221_122904_V06,-4.158,0.088,37.267,181.380,76.380,-77.326,44.278,38189.825,144134.694,20151221_072904,479174,14503,24780,6334
3,KTYX20151221_123418_V06,1.075,0.086,43.760,217.806,54.179,-77.281,44.115,27089.630,134549.806,20151221_073418,479194,16668,26701,6660
3,KTYX20151221_123930_V06,6.275,-1.000,43.760,217.806,62.447,-77.281,44.115,31223.630,134549.806,20151221_073930,479186,18885,28214,7186
3,KTYX20151221_124444_V06,11.509,0.252,37.980,229.430,63.339,-77.315,44.062,31669.496,135678.583,20151221_074444,479188,21179,31171,7069
8,KTYX20151221_131603_V06,42.825,0.063,206.958,44.813,46.860,-76.269,44.903,23430.111,135809.614,20151221_081603,479180,50780,57066,12520
8,KTYX20151221_132130_V06,48.275,0.067,208.449,44.009,55.059,-76.260,44.906,27529.334,135934.863,20151221_082130,479175,56774,63012,12900
2,KTYX20151221_121837_V06,-14.608,0.087,423.636,21.832,26.112,-74.896,45.005,13055.874,152203.278,20151221_071837,479181,13340,24352,5843
5,KTYX20151221_123930_V06,6.275,0.267,28.878,240.810,52.926,-77.371,44.010,26462.938,138754.048,20151221_073930,479186,18885,28214,7186
9,KTYX20151221_132130_V06,48.275,0.103,41.931,442.604,54.500,-77.265,43.103,27249.975,147424.136,20151221_082130,479175,56774,63012,12900
10,KTYX20151221_132643_V06,53.492,0.084,29.476,274.517,30.551,-77.363,43.858,15275.688,135860.677,20151221_082643,479184,63822,69283,13673
11,KTYX20151221_133736_V06,64.375,0.108,60.628,398.302,60.860,-77.155,43.304,30430.161,129385.282,20151221_083736,479188,76546,79738,16516
6,KTYX20151222_123646_V06,3.039,0.052,441.239,364.416,51.211,-74.807,43.463,25605.293,77617.575,20151222_073646,479191,217048,192169,37796
3,KTYX20151223_134355_V06,69.725,0.183,299.081,302.690,29.381,-75.686,43.744,14690.731,1421.148,20151223_084355,479175,4287,17969,3908
3,KTYX20151223_135334_V06,79.375,0.055,297.362,298.607,38.571,-75.696,43.762,19285.682,1491.384,20151223_085334,479179,3883,18946,3568
1,KTYX20151223_124604_V06,11.875,0.336,300.430,310.437,21.046,-75.677,43.709,10523.018,5222.968,20151223_074604,479168,4467,9726,3977
1,KTYX20151223_125543_V06,21.525,-1.000,300.430,310.437,36.390,-75.677,43.709,18194.768,5222.968,20151223_075543,479180,4206,9263,3809
1,KTYX20151223_130521_V06,31.158,0.150,305.412,300.848,28.189,-75.646,43.752,14094.433,2738.838,20151223_080521,479169,4322,10186,3903
4,KTYX20151223_135334_V06,79.375,0.215,291.833,257.392,17.851,-75.731,43.948,8925.526,21691.710,20151223_085334,479179,3883,18946,3568
2,KTYX20151224_124326_V06,8.816,0.146,329.026,305.665,11.199,-75.500,43.730,5599.293,14786.767,20151224_074326,479183,13865,17970,5996
2,KTYX20151225_122037_V06,-14.387,0.092,43.489,265.691,74.507,-77.276,43.899,37253.479,129397.692,20151225_072037,479190,177049,158766,62151
4,KTYX20151229_124225_V06,6.267,0.151,28.530,429.097,51.157,-77.349,43.163,25578.722,150301.269,20151229_074225,479177,289341,273777,39600
4,KTYX20151229_124805_V06,11.934,0.448,31.282,426.828,59.368,-77.332,43.173,29684.087,148572.400,20151229_074805,479170,302534,282598,39842
5,KTYX20151229_125346_V06,17.617,0.181,47.317,366.940,47.389,-77.241,43.444,23694.582,130699.645,20151229_075346,479180,307125,291015,34315
5,KTYX20151230_115635_V06,-39.751,0.093,181.786,272.676,27.744,-76.415,43.876,13872.028,60665.192,20151230_065635,479177,29320,81384,8232
6,KTYX20151230_120615_V06,-30.085,0.052,357.670,235.687,28.694,-75.320,44.045,14347.054,43191.534,20151230_070615,479173,33318,86906,9015
9,KTYX20151230_124452_V06,8.532,0.062,373.012,153.378,23.752,-75.222,44.415,11875.912,81897.422,20151230_074452,479176,35217,92902,9054
