track_id,filename,from_sunrise,det_score,x,y,r,lon,lat,radius,geo_dist,local_time,n_radar_pixels,n_refAbove40_pixels,n_xcorrAbove0.95_pixels,n_xcorrBelow0.95_refAbove40_pixels
1,KCXX20210601_084934_V06,-21.328,0.076,17.016,344.334,26.136,-74.940,44.298,13067.791,143217.953,20210601_044934,479173,34983,32569,27962
1,KCXX20210601_090257_V06,-7.945,0.076,24.968,329.263,49.937,-74.892,44.366,24968.544,138292.159,20210601_050257,479172,23060,33720,15719
2,KCXX20210601_101637_V06,65.722,0.138,23.843,284.832,31.827,-74.905,44.566,15913.509,138286.857,20210601_061637,479173,37892,48927,19023
2,KCXX20210601_102536_V06,74.705,0.056,29.984,285.144,39.784,-74.866,44.565,19892.187,135212.148,20210601_062536,479168,38335,47746,19179
1,KCXX20210605_090055_V06,-8.184,0.179,226.203,283.796,14.779,-73.631,44.583,7389.717,37777.455,20210605_050055,479167,21639,23553,19519
2,KCXX20210605_091449_V06,5.716,0.068,210.644,400.760,13.068,-73.724,44.056,6534.006,67336.922,20210605_051449,479165,18682,21692,16845
3,KCXX20210605_092838_V06,19.533,0.074,218.154,283.093,15.378,-73.682,44.586,7688.965,41786.892,20210605_052838,479174,18087,19916,16465
1,KCXX20210606_082207_V06,-46.630,0.064,276.368,388.132,28.024,-73.314,44.114,14011.839,45622.738,20210606_042207,479165,56079,40707,38892
5,KCXX20210606_100951_V06,61.103,0.202,29.327,249.757,34.429,-74.875,44.724,17214.329,137648.543,20210606_060951,479168,22801,18580,20393
1,KCXX20210607_080930_V06,-58.931,0.075,225.048,122.861,1.919,-73.644,45.307,959.570,96171.650,20210607_040930,479166,31198,22845,26038
1,KCXX20210607_081619_V06,-52.114,0.102,225.006,123.259,8.915,-73.644,45.305,4457.475,95996.837,20210607_041619,479169,29636,22103,25029
3,KCXX20210608_083741_V06,-30.470,0.135,25.181,455.719,30.677,-74.874,43.798,15338.351,157935.038,20210608_043741,479163,39603,45606,17776
3,KCXX20210608_084247_V06,-25.370,-1.000,25.181,455.719,38.786,-74.874,43.798,19392.851,157935.038,20210608_044247,479169,41115,47104,18349
3,KCXX20210608_084753_V06,-20.270,0.059,25.286,457.220,40.353,-74.873,43.791,20176.576,158260.713,20210608_044753,479165,46356,48737,21610
1,KCXX20210608_081156_V06,-56.220,0.054,24.086,438.581,36.240,-74.883,43.875,18119.848,154380.323,20210608_041156,479167,38704,37309,22019
2,KCXX20210609_082513_V06,-42.697,0.069,215.887,263.264,13.770,-73.697,44.675,6884.787,45892.836,20210609_042513,479170,49959,47048,26715
7,KCXX20210609_085423_V06,-13.530,0.176,183.564,44.646,18.177,-73.913,45.658,9088.608,140323.795,20210609_045423,479170,32638,42880,19209
8,KCXX20210609_085423_V06,-13.530,0.111,376.647,231.906,44.970,-72.682,44.816,22485.203,51263.063,20210609_045423,479170,32638,42880,19209
20,KCXX20210609_103003_V06,82.136,0.051,213.897,269.858,28.298,-73.709,44.645,14149.027,45613.360,20210609_063003,479176,23134,40442,16159
1,KCXX20210610_081315_V06,-54.462,0.229,205.555,399.728,7.790,-73.756,44.061,3894.970,68676.072,20210610_041315,479168,17404,17256,15469
1,KCXX20210610_082009_V06,-47.562,0.098,205.368,400.227,14.854,-73.757,44.059,7427.022,68921.457,20210610_042009,479165,16788,16890,15141
3,KCXX20210610_081315_V06,-54.462,0.122,216.034,373.561,8.816,-73.691,44.179,4408.049,55815.503,20210610_041315,479168,17404,17256,15469
5,KCXX20210610_084755_V06,-19.796,0.081,219.954,372.207,12.656,-73.667,44.185,6328.169,53900.924,20210610_044755,479167,17243,18646,16042
10,KCXX20210611_100836_V06,61.051,0.092,395.919,322.136,41.168,-72.564,44.410,20584.120,49219.904,20210611_060836,479167,65634,79109,21629
10,KCXX20210611_101339_V06,66.101,0.138,395.687,325.657,46.228,-72.566,44.394,23114.004,49533.360,20210611_061339,479169,63850,79084,20320
1,KCXX20210611_080901_V06,-58.532,0.078,217.414,373.554,7.305,-73.683,44.179,3652.567,55296.335,20210611_040901,479172,84482,88770,27252
2,KCXX20210611_080901_V06,-58.532,0.054,205.460,400.375,2.945,-73.756,44.058,1472.410,68943.671,20210611_040901,479172,84482,88770,27252
8,KCXX20210611_095327_V06,45.901,0.060,27.534,283.349,29.892,-74.882,44.573,14946.232,136487.160,20210611_055327,479171,63241,83868,21505
1,KCXX20210612_083404_V06,-33.357,0.073,204.559,402.086,5.160,-73.762,44.050,2579.809,69875.867,20210612_043404,479173,31615,42276,14743
1,KCXX20210613_081233_V06,-54.786,0.170,217.109,372.168,9.097,-73.685,44.185,4548.550,54952.742,20210613_041233,479170,22554,23003,19247
2,KCXX20210613_081933_V06,-47.786,0.066,206.494,400.884,7.154,-73.750,44.056,3576.832,68776.440,20210613_041933,479169,20358,23088,17083
3,KCXX20210613_090831_V06,1.181,0.071,334.892,417.881,23.827,-72.949,43.980,11913.738,61468.445,20210613_050831,479166,20199,20156,18040
4,KCXX20210613_102517_V06,77.947,0.068,217.893,374.313,8.856,-73.680,44.176,4428.194,55371.373,20210613_062517,479168,20441,22684,17977
1,KCXX20210615_080818_V06,-58.974,0.142,215.683,373.591,8.579,-73.694,44.179,4289.721,55957.744,20210615_040818,479171,26048,29574,19584
1,KCXX20210616_080735_V06,-59.716,0.240,215.297,373.925,9.234,-73.696,44.177,4617.054,56212.739,20210616_040735,479168,16370,19025,14439
1,KCXX20210616_081424_V06,-52.899,0.099,215.476,373.911,16.667,-73.695,44.177,8333.315,56140.463,20210616_041424,479168,15627,18520,13895
2,KCXX20210616_080735_V06,-59.716,0.115,206.748,400.131,2.947,-73.748,44.059,1473.604,68414.215,20210616_040735,479168,16370,19025,14439
1,KCXX20210618_081124_V06,-56.060,0.094,205.378,400.685,2.792,-73.757,44.057,1396.078,69084.998,20210618_041124,479167,16243,16752,14621
1,KCXX20210620_094651_V06,39.083,0.171,211.423,402.775,10.049,-73.719,44.047,5024.477,67839.250,20210620_054651,479169,15052,19850,13863
3,KCXX20210620_102103_V06,73.283,0.053,207.192,400.808,7.537,-73.745,44.056,3768.324,68512.303,20210620_062103,479167,14966,19914,13818
6,KCXX20210621_101127_V06,63.475,0.062,11.672,333.567,15.196,-74.974,44.346,7597.914,145137.487,20210621_061127,479172,24933,34653,16184
6,KCXX20210621_101657_V06,68.975,0.134,13.549,334.790,24.212,-74.963,44.340,12106.043,144277.988,20210621_061657,479171,27571,36741,17403
6,KCXX20210621_102219_V06,74.342,0.382,24.475,330.088,29.198,-74.895,44.363,14598.961,138581.457,20210621_062219,479171,26456,37035,16179
20,KCXX20210622_101934_V06,71.349,0.095,40.316,199.949,61.251,-74.812,44.949,30625.507,139145.768,20210622_061934,479166,68636,95292,18737
20,KCXX20210622_102514_V06,77.016,0.112,41.273,199.319,70.461,-74.806,44.952,35230.399,138812.953,20210622_062514,479165,71186,96141,18475
20,KCXX20210622_103103_V06,82.832,0.195,54.973,185.822,79.032,-74.721,45.014,39516.140,135161.840,20210622_063103,479172,77359,102518,18504
20,KCXX20210622_103650_V06,88.616,0.087,65.519,179.738,74.966,-74.654,45.043,37483.240,131761.556,20210622_063650,479173,78178,99110,19344
13,KCXX20210622_094733_V06,39.332,0.078,22.907,218.210,32.409,-74.920,44.866,16204.481,144456.196,20210622_054733,479172,35225,56758,15115
13,KCXX20210622_095300_V06,44.782,-1.000,22.907,218.210,41.074,-74.920,44.866,20537.231,144456.196,20210622_055300,479167,39099,62737,16330
13,KCXX20210622_100321_V06,55.132,-1.000,22.907,218.210,57.531,-74.920,44.866,28765.481,144456.196,20210622_060321,479172,59842,85793,16678
13,KCXX20210622_100828_V06,60.249,0.245,35.764,200.395,62.899,-74.841,44.947,31449.474,141193.069,20210622_060828,479179,64716,90741,16678
13,KCXX20210622_101348_V06,65.582,0.324,39.031,184.941,70.814,-74.822,45.017,35407.217,142603.627,20210622_061348,479171,66315,91185,18112
8,KCXX20210622_091624_V06,8.182,0.053,35.368,263.808,62.504,-74.835,44.662,31251.850,133547.781,20210622_051624,479168,26407,44854,15493
8,KCXX20210622_092107_V06,12.899,0.140,37.026,260.250,69.218,-74.825,44.678,34608.914,132980.764,20210622_052107,479169,30807,51273,15821
3,KCXX20210622_083925_V06,-28.801,0.235,23.414,349.139,30.946,-74.899,44.277,15473.099,140458.762,20210622_043925,479169,22956,33013,17032
3,KCXX20210622_084619_V06,-21.901,0.050,27.347,366.465,56.613,-74.872,44.199,28306.742,140318.526,20210622_044619,479170,25775,34995,18333
3,KCXX20210622_085300_V06,-15.218,0.141,33.018,407.040,60.804,-74.831,44.017,30402.117,143820.282,20210622_045300,479168,31634,37246,20678
7,KCXX20210622_090621_V06,-1.868,0.117,320.698,497.744,34.266,-73.038,43.621,17133.171,99412.031,20210622_050621,479172,29731,43401,17357
9,KCXX20210622_093243_V06,24.499,0.377,332.621,417.855,24.015,-72.963,43.981,12007.572,61142.909,20210622_053243,479170,33025,53553,15109
10,KCXX20210622_093243_V06,24.499,0.082,309.377,427.131,22.303,-73.108,43.939,11151.295,63738.056,20210622_053243,479170,33025,53553,15109
11,KCXX20210622_094208_V06,33.916,0.073,58.145,41.330,41.342,-74.718,45.664,20670.841,177061.934,20210622_054208,479179,35429,57950,14704
14,KCXX20210622_094733_V06,39.332,0.058,339.391,406.458,22.070,-72.921,44.032,11034.998,56755.896,20210622_054733,479172,35225,56758,15115
15,KCXX20210622_100321_V06,55.132,0.077,417.980,386.915,17.833,-72.429,44.118,8916.698,73269.292,20210622_060321,479172,59842,85793,16678
19,KCXX20210622_101934_V06,71.349,0.189,438.383,41.535,32.721,-72.278,45.671,16360.680,146589.822,20210622_061934,479166,68636,95292,18737
1,KCXX20210623_082140_V06,-46.829,0.138,224.983,123.849,2.345,-73.645,45.303,1172.619,95729.706,20210623_042140,479168,14719,22093,13238
2,KCXX20210624_080959_V06,-58.824,0.233,216.534,375.059,6.491,-73.688,44.172,3245.523,56125.905,20210624_040959,479173,19930,20649,17310
2,KCXX20210624_081659_V06,-51.824,0.057,216.186,374.752,14.633,-73.690,44.174,7316.742,56152.845,20210624_041659,479167,19557,20142,17123
3,KCXX20210624_102724_V06,78.592,0.052,229.908,127.964,7.259,-73.613,45.284,3629.473,92883.498,20210624_062724,479167,18662,21487,16746
1,KCXX20210625_081331_V06,-55.638,0.158,216.185,373.939,7.957,-73.690,44.177,3978.720,55883.942,20210625_041331,479166,16732,14822,14608
2,KCXX20210625_082012_V06,-48.954,0.104,205.733,399.115,2.453,-73.755,44.064,1226.274,68392.189,20210625_042012,479169,15920,15107,13726
3,KCXX20210625_082012_V06,-48.954,0.091,314.038,399.729,2.898,-73.079,44.062,1449.205,50355.928,20210625_042012,479169,15920,15107,13726
6,KCXX20210625_083333_V06,-35.604,0.236,216.280,373.340,10.282,-73.690,44.180,5140.770,55650.263,20210625_043333,479168,16301,16131,13818
7,KCXX20210625_090849_V06,-0.338,0.114,219.520,375.244,12.566,-73.670,44.171,6282.818,55088.052,20210625_050849,479167,19033,26978,13147
8,KCXX20210625_093109_V06,21.996,0.055,216.715,373.381,8.417,-73.687,44.180,4208.540,55500.249,20210625_053109,479181,22765,26992,14596
9,KCXX20210625_103318_V06,84.146,0.059,216.993,373.683,7.572,-73.685,44.178,3786.087,55496.395,20210625_063318,479173,32442,39137,15166
2,KCXX20210626_081359_V06,-55.551,0.189,205.615,400.134,3.009,-73.755,44.059,1504.654,68802.738,20210626_041359,479171,99425,105048,18443
2,KCXX20210626_081837_V06,-50.918,0.135,205.558,400.187,8.670,-73.756,44.059,4335.009,68841.631,20210626_041837,479166,100249,105584,18719
1,KCXX20210626_081359_V06,-55.551,0.404,216.442,374.598,7.513,-73.689,44.174,3756.266,56006.177,20210626_041359,479171,99425,105048,18443
12,KCXX20210626_095440_V06,45.132,0.074,206.919,400.262,8.607,-73.747,44.058,4303.349,68404.282,20210626_055440,479175,114485,122288,20421
13,KCXX20210626_100944_V06,60.199,0.103,332.319,414.164,18.169,-72.965,43.997,9084.589,59325.068,20210626_060944,479173,113932,120693,20089
15,KCXX20210626_101952_V06,70.332,0.065,216.984,375.038,8.717,-73.685,44.172,4358.452,55951.517,20210626_061952,479165,117928,122870,21629
1,KCXX20210627_081251_V06,-57.098,0.243,216.744,375.083,7.046,-73.687,44.172,3523.125,56055.931,20210627_041251,479169,16245,22072,13413
1,KCXX20210627_081747_V06,-52.165,0.348,217.178,374.614,13.039,-73.684,44.174,6519.333,55737.708,20210627_041747,479172,15112,21550,12678
5,KCXX20210627_091616_V06,6.319,0.071,219.812,284.522,13.468,-73.671,44.580,6733.820,40833.896,20210627_051616,479170,17400,22359,15071
5,KCXX20210627_092310_V06,13.219,0.067,221.262,284.403,20.411,-73.662,44.580,10205.678,40134.040,20210627_052310,479169,19297,23432,15953
2,KCXX20210627_081251_V06,-57.098,0.072,205.264,399.780,2.632,-73.758,44.061,1316.067,68794.724,20210627_041251,479169,16245,22072,13413
6,KCXX20210627_091616_V06,6.319,0.059,25.546,34.876,22.841,-74.928,45.691,11420.283,190798.002,20210627_051616,479170,17400,22359,15071
7,KCXX20210627_093640_V06,26.719,0.154,218.776,372.901,10.458,-73.674,44.182,5228.905,54570.801,20210627_053640,479167,20813,25773,16111
8,KCXX20210627_100336_V06,53.652,0.085,206.456,400.896,6.568,-73.750,44.056,3283.810,68793.926,20210627_060336,479170,20237,25812,16356
9,KCXX20210627_101705_V06,67.135,0.251,330.835,407.600,19.146,-72.974,44.027,9573.095,55965.592,20210627_061705,479167,18307,24592,15733
3,KCXX20210628_081326_V06,-56.961,0.097,217.054,372.461,8.637,-73.685,44.184,4318.325,55069.392,20210628_041326,479164,29945,33757,17002
3,KCXX20210628_081749_V06,-52.577,0.124,217.025,373.113,13.880,-73.685,44.181,6939.904,55295.467,20210628_041749,479171,30296,34174,16865
5,KCXX20210628_081749_V06,-52.577,0.053,206.546,400.698,6.099,-73.750,44.057,3049.252,68690.666,20210628_041749,479171,30296,34174,16865
6,KCXX20210628_082212_V06,-48.194,0.053,222.187,265.513,18.583,-73.657,44.665,9291.656,42556.650,20210628_042212,479162,30021,33978,16564
11,KCXX20210628_101257_V06,62.556,0.121,75.506,150.457,24.633,-74.594,45.175,12316.465,134870.935,20210628_061257,479169,55587,66332,17250
12,KCXX20210628_102458_V06,74.573,0.060,41.020,208.171,43.641,-74.806,44.913,21820.747,137389.296,20210628_062458,479168,53355,64706,15968
1,KCXX20210630_081254_V06,-58.483,0.075,203.869,399.147,2.731,-73.766,44.063,1365.623,69049.400,20210630_041254,479173,23746,29109,14030
2,KCXX20210630_082644_V06,-44.649,0.052,319.209,400.877,12.830,-73.047,44.057,6414.896,51344.584,20210630_042644,479176,24627,30287,14784
3,KCXX20210630_083340_V06,-37.716,0.062,219.040,373.651,9.780,-73.673,44.179,4890.131,54724.062,20210630_043340,479178,22577,30802,13184
1,KCXX20210701_090813_V06,-3.707,0.542,171.647,144.908,10.420,-73.983,45.206,5209.940,100657.987,20210701_050813,479168,18480,29635,15183
1,KCXX20210701_091231_V06,0.593,0.308,170.931,144.393,15.431,-73.988,45.208,7715.615,101084.706,20210701_051231,479181,16125,30016,13242
1,KCXX20210701_091654_V06,4.976,0.681,168.282,142.801,10.997,-74.005,45.215,5498.747,102544.256,20210701_051654,479179,15319,29886,12420
1,KCXX20210701_092116_V06,9.343,0.511,167.902,142.825,15.888,-74.007,45.215,7943.838,102656.839,20210701_052116,479172,15054,28634,12364
1,KCXX20210701_092538_V06,13.710,0.063,167.299,145.277,14.005,-74.011,45.204,7002.666,101917.817,20210701_052538,479171,14804,29032,11993
4,KCXX20210702_091912_V06,6.705,0.121,321.472,125.062,4.609,-73.030,45.298,2304.703,88125.444,20210702_051912,479174,69073,83729,13932
4,KCXX20210702_092506_V06,12.605,0.066,321.524,125.225,11.560,-73.029,45.297,5780.009,88047.688,20210702_052506,479169,72695,86012,14760
3,KCXX20210703_091028_V06,-2.629,0.088,178.856,134.771,2.340,-73.938,45.252,1169.758,102440.765,20210703_051028,479165,13203,25284,10262
6,KCXX20210706_085252_V06,-22.203,0.357,44.125,361.250,60.269,-74.768,44.224,30134.504,131552.049,20210706_045252,479168,144550,144981,27229
12,KCXX20210706_092837_V06,13.547,0.218,252.256,86.992,21.763,-73.472,45.469,10881.495,109146.738,20210706_052837,479170,206549,202947,22707
8,KCXX20210707_101814_V06,62.452,0.138,40.486,137.600,41.415,-74.819,45.230,20707.541,153069.832,20210707_061814,479165,25868,27372,18782
8,KCXX20210707_102455_V06,69.135,0.075,43.212,135.638,53.108,-74.802,45.239,26554.091,152442.550,20210707_062455,479165,26662,27615,18989
8,KCXX20210707_103136_V06,75.819,0.071,58.688,120.520,61.252,-74.705,45.308,30626.227,150369.830,20210707_063136,479167,27037,27697,18970
5,KCXX20210707_101133_V06,55.769,0.727,177.824,144.722,10.102,-73.944,45.207,5051.184,98790.420,20210707_061133,479173,26403,25765,20035
5,KCXX20210707_101814_V06,62.452,0.785,178.847,144.952,16.669,-73.937,45.206,8334.507,98384.335,20210707_061814,479165,25868,27372,18782
1,KCXX20210707_090933_V06,-6.231,0.051,224.500,374.672,17.760,-73.638,44.174,8879.818,53094.383,20210707_050933,479168,23670,19582,20742
4,KCXX20210707_095131_V06,35.735,0.050,24.984,156.513,30.973,-74.915,45.143,15486.378,155098.674,20210707_055131,479164,23656,22437,19717
6,KCXX20210707_101133_V06,55.769,0.067,206.648,401.041,6.102,-73.749,44.055,3051.077,68782.112,20210707_061133,479173,26403,25765,20035
2,KCXX20210708_082604_V06,-50.452,0.081,348.906,86.238,18.408,-72.854,45.472,9203.819,109642.597,20210708_042604,479171,72201,76719,30223
4,KCXX20210708_082604_V06,-50.452,0.064,164.313,386.186,5.080,-74.014,44.120,2539.968,80372.745,20210708_042604,479171,72201,76719,30223
6,KCXX20210708_083151_V06,-44.669,0.096,56.398,360.951,54.302,-74.691,44.227,27150.927,125555.776,20210708_043151,479166,68809,77086,27043
8,KCXX20210708_084339_V06,-32.869,0.128,43.314,296.514,31.546,-74.781,44.515,15772.988,128354.604,20210708_044339,479171,62344,74596,24151
10,KCXX20210708_091625_V06,-0.102,0.114,276.840,196.725,8.666,-73.313,44.976,4333.145,52919.923,20210708_051625,479166,51404,78404,19362
11,KCXX20210708_092659_V06,10.465,0.114,32.997,572.592,26.355,-74.811,43.272,13177.671,190785.736,20210708_052659,479172,52133,79268,19978
12,KCXX20210708_092659_V06,10.465,0.100,335.180,400.049,22.115,-72.947,44.061,11057.709,53027.025,20210708_052659,479172,52133,79268,19978
13,KCXX20210708_092659_V06,10.465,0.054,398.161,118.387,46.640,-72.540,45.327,23320.148,103221.575,20210708_052659,479172,52133,79268,19978
14,KCXX20210708_093704_V06,20.548,0.241,247.988,365.268,23.708,-73.492,44.217,11854.239,41728.474,20210708_053704,479170,61437,84284,23149
16,KCXX20210708_095157_V06,35.431,0.115,24.943,416.597,37.078,-74.880,43.974,18538.857,149374.713,20210708_055157,479165,65643,90386,23171
18,KCXX20210708_095157_V06,35.431,0.051,172.937,321.371,21.201,-73.964,44.412,10600.670,64423.645,20210708_055157,479165,65643,90386,23171
20,KCXX20210708_102152_V06,65.348,0.085,293.371,129.814,58.864,-73.209,45.277,29432.180,85157.307,20210708_062152,479175,91255,119928,26181
1,KCXX20210710_082319_V06,-54.751,0.146,216.499,374.124,8.232,-73.688,44.176,4116.194,55827.621,20210710_042319,479174,20996,33298,16955
2,KCXX20210710_083442_V06,-43.367,0.361,560.131,462.098,21.493,-71.551,43.770,10746.579,153251.388,20210710_043442,479169,15159,27142,12720
1,KCXX20210711_103234_V06,73.690,0.314,207.776,86.926,6.727,-73.756,45.468,3363.451,116088.271,20210711_063234,479170,17846,23252,15706
1,KCXX20210711_103933_V06,80.673,0.105,208.770,87.184,13.673,-73.750,45.467,6836.278,115773.272,20210711_063933,479165,19336,22802,17027
4,KCXX20210712_090901_V06,-10.691,0.706,171.787,132.055,6.966,-73.983,45.264,3482.843,105645.722,20210712_050901,479175,111521,112503,25562
4,KCXX20210712_091502_V06,-4.675,0.619,171.157,131.292,14.170,-73.987,45.267,7084.835,106140.429,20210712_051502,479166,108072,112206,23689
1,KCXX20210712_082457_V06,-54.758,0.260,186.085,327.616,2.978,-73.881,44.385,1489.248,58607.214,20210712_042457,479171,113879,112106,28786
8,KCXX20210713_101537_V06,55.056,0.130,36.564,280.705,39.446,-74.825,44.586,19722.973,132071.035,20210713_061537,479168,149743,164386,17946
1,KCXX20210714_082447_V06,-56.651,0.194,216.132,374.558,6.843,-73.691,44.174,3421.719,56108.536,20210714_042447,479174,28215,44636,14019
3,KCXX20210714_083038_V06,-50.801,0.067,130.060,413.856,34.490,-74.226,43.994,17244.892,102277.442,20210714_043038,479172,28386,45625,13902
4,KCXX20210714_083727_V06,-43.984,0.305,233.862,135.460,61.525,-73.588,45.251,30762.449,88667.530,20210714_043727,479170,33939,51822,14663
4,KCXX20210714_084623_V06,-35.051,-1.000,233.862,135.460,75.729,-73.588,45.251,37864.449,88667.530,20210714_044623,479171,35123,54678,13675
4,KCXX20210714_085312_V06,-28.234,0.067,260.335,120.578,59.747,-73.419,45.318,29873.480,91877.237,20210714_045312,479171,29889,47230,12976
4,KCXX20210714_090356_V06,-17.501,0.052,272.291,121.285,48.777,-73.343,45.315,24388.416,90425.405,20210714_050356,479169,20336,38777,10635
12,KCXX20210714_090916_V06,-12.167,0.060,521.410,273.440,30.998,-71.771,44.622,15499.214,111498.760,20210714_050916,479167,15365,35140,9677
16,KCXX20210714_100347_V06,42.349,0.058,15.607,220.715,22.872,-74.965,44.854,11435.947,147618.872,20210714_060347,479170,26532,42709,14463
2,KCXX20210716_082429_V06,-58.755,0.142,287.300,473.657,8.640,-73.245,43.730,4319.828,87060.612,20210716_042429,479169,22492,33337,11441
3,KCXX20210716_083529_V06,-47.755,0.117,280.068,167.784,78.175,-73.293,45.106,39087.585,66855.146,20210716_043529,479175,26355,35335,14134
7,KCXX20210717_104139_V06,77.483,0.051,33.600,279.466,34.374,-74.844,44.591,17186.848,133595.113,20210717_064139,479168,80963,94565,18846
7,KCXX20210717_104740_V06,83.500,0.089,34.801,279.877,41.479,-74.836,44.589,20739.583,132980.911,20210717_064740,479165,81904,94049,19774
1,KCXX20210717_083821_V06,-45.817,0.067,309.621,418.086,31.956,-73.106,43.980,15977.892,59238.524,20210717_043821,479175,80403,72826,42044
1,KCXX20210717_084339_V06,-40.517,0.150,309.490,411.072,24.480,-73.107,44.011,12239.813,55738.394,20210717_044339,479163,77649,72359,39782
4,KCXX20210717_095333_V06,29.383,0.058,29.716,340.044,31.712,-74.861,44.318,15855.978,136617.080,20210717_055333,479168,79798,91530,20539
8,KCXX20210719_091821_V06,-7.725,0.088,172.307,142.223,2.986,-73.979,45.218,1493.137,101487.866,20210719_051821,479167,78314,99614,12988
8,KCXX20210719_092422_V06,-1.708,0.059,174.002,142.334,12.050,-73.968,45.218,6024.910,100913.392,20210719_052422,479172,80781,102197,12953
12,KCXX20210719_093022_V06,4.292,0.183,295.494,137.328,6.608,-73.195,45.243,3304.024,81367.408,20210719_053022,479174,85583,105313,14403
12,KCXX20210719_093622_V06,10.292,0.095,296.371,136.756,13.495,-73.190,45.246,6747.733,81642.349,20210719_053622,479172,89334,104921,17443
4,KCXX20210720_094759_V06,20.931,0.120,23.273,146.738,33.347,-74.927,45.187,16673.691,158166.954,20210720_054759,479174,22784,29088,17196
4,KCXX20210720_095222_V06,25.314,0.288,24.598,147.651,40.275,-74.919,45.183,20137.457,157366.358,20210720_055222,479167,22483,28854,16714
3,KCXX20210720_091911_V06,-7.869,0.083,217.872,282.394,15.336,-73.684,44.589,7668.114,41997.066,20210720_051911,479169,15976,20632,14288
5,KCXX20210720_102425_V06,57.364,0.192,294.596,140.320,2.224,-73.201,45.230,1111.927,79885.803,20210720_062425,479171,27314,34737,16665
9,KCXX20210720_102425_V06,57.364,0.075,55.070,166.998,61.531,-74.722,45.099,30765.600,139355.872,20210720_062425,479171,27314,34737,16665
14,KCXX20210720_104242_V06,75.647,0.081,292.406,141.256,3.171,-73.215,45.225,1585.545,79462.639,20210720_064242,479171,32221,41060,16095
13,KCXX20210721_101247_V06,44.739,0.523,292.159,143.918,4.009,-73.216,45.213,2004.478,78139.311,20210721_061247,479167,24723,46059,13415
13,KCXX20210721_102117_V06,53.239,0.690,292.174,147.196,10.188,-73.216,45.199,5093.828,76502.371,20210721_062117,479169,25424,46618,15075
1,KCXX20210721_083037_V06,-57.428,0.083,205.451,400.559,3.037,-73.756,44.057,1518.702,69013.769,20210721_043037,479174,59125,67898,23398
2,KCXX20210721_083037_V06,-57.428,0.067,185.926,328.898,2.731,-73.882,44.379,1365.599,58838.552,20210721_043037,479174,59125,67898,23398
8,KCXX20210721_090734_V06,-20.478,0.161,322.986,400.199,20.256,-73.023,44.060,10127.934,51400.804,20210721_050734,479181,35124,54082,13892
10,KCXX20210721_092808_V06,0.089,0.053,207.431,121.568,19.750,-73.757,45.312,9875.147,100507.480,20210721_052808,479168,28099,48548,12396
3,KCXX20210722_091732_V06,-11.517,0.061,170.965,142.121,4.580,-73.988,45.219,2290.146,101950.852,20210722_051732,479169,11999,19359,11177
3,KCXX20210722_092425_V06,-4.634,0.834,177.369,144.935,12.172,-73.947,45.206,6086.241,98847.765,20210722_052425,479167,11680,18640,10826
3,KCXX20210722_093114_V06,2.183,0.909,180.141,148.660,16.781,-73.929,45.190,8390.267,96527.448,20210722_053114,479168,13373,18424,12289
3,KCXX20210722_093808_V06,9.083,0.780,184.007,152.450,24.684,-73.904,45.173,12342.177,93842.242,20210722_053808,479171,14662,18456,13479
3,KCXX20210722_094655_V06,17.866,0.398,184.957,156.042,28.041,-73.898,45.156,14020.274,92139.619,20210722_054655,479165,14804,18309,13547
3,KCXX20210722_100034_V06,31.516,0.073,192.575,164.618,38.783,-73.849,45.118,19391.579,86412.384,20210722_060034,479173,15828,19603,14385
4,KCXX20210722_093114_V06,2.183,0.902,300.959,142.679,7.729,-73.160,45.219,3864.559,78661.879,20210722_053114,479168,13373,18424,12289
4,KCXX20210722_093808_V06,9.083,0.793,302.001,144.759,14.595,-73.154,45.210,7297.605,77627.100,20210722_053808,479171,14662,18456,13479
4,KCXX20210722_094655_V06,17.866,0.433,303.652,146.790,17.990,-73.143,45.200,8994.915,76626.824,20210722_054655,479165,14804,18309,13547
1,KCXX20210722_082904_V06,-59.984,0.076,206.459,401.012,6.145,-73.750,44.055,3072.397,68835.281,20210722_042904,479164,32506,33366,25523
9,KCXX20210723_092408_V06,-5.937,0.107,297.064,142.160,2.422,-73.185,45.221,1210.762,78933.829,20210723_052408,479166,18813,26594,12605
9,KCXX20210723_093052_V06,0.797,0.927,301.890,143.159,7.870,-73.154,45.217,3935.225,78426.266,20210723_053052,479170,21800,25354,15751
9,KCXX20210723_093737_V06,7.547,0.969,305.222,143.830,11.709,-73.133,45.214,5854.626,78128.617,20210723_053737,479171,23614,25257,17573
9,KCXX20210723_094422_V06,14.297,0.949,304.896,145.272,17.812,-73.135,45.207,8906.249,77402.673,20210723_054422,479167,22788,25720,16688
9,KCXX20210723_095107_V06,21.047,0.917,308.756,146.475,26.114,-73.111,45.202,13057.122,76887.057,20210723_055107,479167,23558,25111,17659
9,KCXX20210723_100625_V06,36.347,0.638,311.981,146.200,37.982,-73.090,45.203,18990.996,77132.994,20210723_060625,479172,24773,25092,19213
14,KCXX20210723_094422_V06,14.297,0.088,257.774,496.890,31.874,-73.428,43.625,15936.930,100683.456,20210723_054422,479167,22788,25720,16688
14,KCXX20210723_095107_V06,21.047,0.207,259.531,494.861,38.414,-73.417,43.634,19207.220,99509.430,20210723_055107,479167,23558,25111,17659
2,KCXX20210723_084210_V06,-47.903,0.482,360.193,481.243,11.779,-72.793,43.695,5889.566,95488.211,20210723_044210,479171,29917,30089,21875
1,KCXX20210724_091837_V06,-12.485,0.348,301.392,141.152,5.430,-73.158,45.226,2714.817,79427.093,20210724_051837,479168,13659,21200,12079
1,KCXX20210724_092537_V06,-5.485,0.802,306.668,140.316,13.776,-73.124,45.230,6887.869,79911.587,20210724_052537,479169,14103,21265,12541
1,KCXX20210724_093238_V06,1.532,0.911,312.808,138.999,17.547,-73.085,45.235,8773.548,80754.862,20210724_053238,479166,15432,20147,13798
1,KCXX20210724_093937_V06,8.515,0.304,317.474,137.977,24.907,-73.055,45.240,12453.401,81481.418,20210724_053937,479171,17077,19603,15306
1,KCXX20210724_094618_V06,15.198,0.142,323.361,136.593,34.535,-73.018,45.246,17267.587,82534.111,20210724_054618,479164,18158,20272,16169
7,KCXX20210725_093151_V06,-0.296,0.073,34.793,484.296,38.058,-74.811,43.670,19028.751,161477.320,20210725_053151,479175,197145,216542,25079
12,KCXX20210725_102104_V06,48.921,0.059,541.471,457.365,32.191,-71.666,43.793,16095.480,144110.996,20210725_062104,479168,149113,186245,20152
1,KCXX20210726_092519_V06,-7.884,0.086,216.926,372.841,12.591,-73.686,44.182,6295.454,55243.015,20210726_052519,479172,13403,21845,12509
2,KCXX20210726_093912_V06,5.999,0.330,305.283,141.607,2.707,-73.133,45.224,1353.664,79240.335,20210726_053912,479170,13504,21402,12361
1,KCXX20210727_092647_V06,-7.483,0.939,300.816,147.715,7.441,-73.161,45.196,3720.379,76143.519,20210727_052647,479168,17570,21558,16265
1,KCXX20210727_093332_V06,-0.733,0.974,302.419,150.699,13.384,-73.151,45.183,6691.963,74660.519,20210727_053332,479171,18145,21582,16671
1,KCXX20210727_094013_V06,5.950,0.954,302.464,154.299,17.756,-73.151,45.167,8877.991,72861.114,20210727_054013,479167,18584,21354,17126
1,KCXX20210727_094654_V06,12.634,0.942,305.012,160.649,24.025,-73.135,45.138,12012.430,69720.541,20210727_054654,479163,19967,21862,18341
1,KCXX20210727_095343_V06,19.450,0.672,304.958,161.991,29.256,-73.135,45.132,14627.863,69049.006,20210727_055343,479168,21993,21302,20407
1,KCXX20210727_100718_V06,33.034,0.180,301.409,163.191,35.277,-73.157,45.127,17638.464,68408.119,20210727_060718,479166,21208,22856,19168
2,KCXX20210727_092647_V06,-7.483,0.867,175.581,142.836,7.503,-73.958,45.216,3751.427,100225.755,20210727_052647,479168,17570,21558,16265
2,KCXX20210727_093332_V06,-0.733,0.933,176.239,144.209,12.620,-73.954,45.209,6309.763,99483.227,20210727_053332,479171,18145,21582,16671
2,KCXX20210727_094013_V06,5.950,0.894,180.446,146.844,17.541,-73.927,45.198,8770.403,97146.706,20210727_054013,479167,18584,21354,17126
2,KCXX20210727_094654_V06,12.634,0.734,182.362,147.593,21.689,-73.915,45.194,10844.699,96263.484,20210727_054654,479163,19967,21862,18341
2,KCXX20210727_095343_V06,19.450,0.077,177.970,148.069,22.427,-73.943,45.192,11213.488,97435.005,20210727_055343,479168,21993,21302,20407
4,KCXX20210727_102039_V06,46.384,0.108,310.998,124.738,18.739,-73.096,45.300,9369.507,87803.209,20210727_062039,479171,21856,24784,18578
6,KCXX20210728_092955_V06,-5.426,0.055,198.487,103.302,8.162,-73.815,45.394,4081.219,110674.028,20210728_052955,479165,13469,19270,11301
6,KCXX20210728_093645_V06,1.408,0.171,196.929,107.588,21.363,-73.824,45.375,10681.438,109139.819,20210728_053645,479167,14463,18560,12300
6,KCXX20210728_094334_V06,8.224,0.178,196.736,113.593,28.183,-73.825,45.348,14091.413,106549.415,20210728_054334,479166,13657,19028,11606
6,KCXX20210728_095028_V06,15.124,-1.000,196.319,119.257,36.222,-73.828,45.322,18111.212,104184.584,20210728_055028,479168,14583,18541,12708
6,KCXX20210728_100406_V06,28.758,0.321,204.083,125.256,44.115,-73.778,45.296,22057.512,99668.595,20210728_060406,479169,17667,18975,15729
6,KCXX20210728_101056_V06,35.591,0.492,207.622,127.496,47.625,-73.755,45.286,23812.331,97840.959,20210728_061056,479166,15822,19358,14002
7,KCXX20210728_093645_V06,1.408,0.533,305.584,140.993,5.237,-73.131,45.227,2618.744,79552.342,20210728_053645,479167,14463,18560,12300
7,KCXX20210728_094334_V06,8.224,0.114,305.652,141.952,12.420,-73.130,45.222,6209.873,79074.589,20210728_054334,479166,13657,19028,11606
7,KCXX20210728_095028_V06,15.124,0.052,304.421,143.598,14.669,-73.138,45.215,7334.638,78232.179,20210728_055028,479168,14583,18541,12708
7,KCXX20210728_100406_V06,28.758,0.078,257.754,124.860,49.528,-73.436,45.299,24764.150,90081.721,20210728_060406,479169,17667,18975,15729
1,KCXX20210728_084206_V06,-53.242,0.101,205.070,402.904,4.686,-73.759,44.047,2342.834,70001.667,20210728_044206,479171,55627,27854,45951
4,KCXX20210728_090233_V06,-32.792,0.076,255.156,99.558,48.854,-73.453,45.413,24426.872,102698.371,20210728_050233,479165,28525,27840,22135
10,KCXX20210728_093645_V06,1.408,0.062,269.843,123.404,36.644,-73.359,45.305,18321.812,89576.250,20210728_053645,479167,14463,18560,12300
10,KCXX20210728_094334_V06,8.224,-1.000,269.843,123.404,47.482,-73.359,45.305,23741.062,89576.250,20210728_054334,479166,13657,19028,11606
10,KCXX20210728_095028_V06,15.124,0.082,232.581,120.488,44.542,-73.596,45.318,22271.013,95877.208,20210728_055028,479168,14583,18541,12708
1,KCXX20210729_092029_V06,-15.944,0.210,301.507,141.139,2.448,-73.157,45.226,1223.896,79433.934,20210729_052029,479169,11896,19178,10841
1,KCXX20210729_092729_V06,-8.944,0.638,302.413,140.718,8.961,-73.151,45.228,4480.510,79650.237,20210729_052729,479168,13238,19279,11996
1,KCXX20210729_093417_V06,-2.144,0.725,303.678,139.354,8.868,-73.143,45.234,4433.788,80344.029,20210729_053417,479173,13528,20304,12090
1,KCXX20210729_094106_V06,4.672,0.421,306.154,137.451,11.662,-73.127,45.242,5831.055,81332.563,20210729_054106,479171,14662,20520,12981
4,KCXX20210729_094806_V06,11.672,0.056,264.571,475.212,16.885,-73.386,43.722,8442.636,89379.295,20210729_054806,479168,16399,20652,14756
4,KCXX20210729_100205_V06,25.656,-1.000,264.571,475.212,39.119,-73.386,43.722,19559.386,89379.295,20210729_060205,479169,20923,21134,18657
4,KCXX20210729_100905_V06,32.656,0.281,270.964,460.575,28.989,-73.347,43.788,14494.478,81589.581,20210729_060905,479173,21004,22441,18300
15,KCXX20210730_102548_V06,48.278,0.575,274.996,148.171,10.170,-73.325,45.194,5084.927,76937.324,20210730_062548,479170,126404,132400,27410
15,KCXX20210730_103149_V06,54.294,0.452,274.038,146.373,18.817,-73.332,45.202,9408.659,77902.497,20210730_063149,479166,122863,130535,26729
15,KCXX20210730_103744_V06,60.211,0.158,274.301,147.362,20.416,-73.330,45.198,10207.903,77393.012,20210730_063744,479170,120124,131129,24016
15,KCXX20210730_104339_V06,66.128,-1.000,274.365,147.888,23.314,-73.330,45.195,11657.182,77128.273,20210730_064339,479174,117256,127874,23701
15,KCXX20210730_104940_V06,72.144,0.074,292.767,154.547,25.985,-73.212,45.166,12992.416,72816.599,20210730_064940,479166,112948,123186,23365
5,KCXX20210730_091352_V06,-23.656,0.080,365.775,395.477,7.731,-72.756,44.081,3865.549,57970.322,20210730_051352,479172,125739,131847,23017
6,KCXX20210730_091352_V06,-23.656,0.077,64.033,392.211,45.121,-74.640,44.087,22560.450,126671.887,20210730_051352,479172,125739,131847,23017
7,KCXX20210730_091953_V06,-17.639,0.105,237.381,57.427,18.530,-73.568,45.602,9265.081,125262.228,20210730_051953,479172,128599,134694,22807
1,KCXX20210731_084123_V06,-57.242,0.050,215.275,374.051,7.536,-73.696,44.177,3768.213,56262.516,20210731_044123,479168,18803,24723,15680
2,KCXX20210731_084812_V06,-50.425,0.174,316.150,399.994,6.132,-73.066,44.061,3066.238,50644.754,20210731_044812,479165,19108,24117,15985
5,KCXX20210731_092856_V06,-9.692,0.058,304.816,150.754,5.556,-73.136,45.183,2778.152,74661.786,20210731_052856,479168,12197,18315,11249
1,KCXX20210801_093102_V06,-8.702,0.374,302.527,141.896,4.671,-73.150,45.222,2335.278,79062.007,20210801_053102,479168,14797,20567,12215
1,KCXX20210801_093742_V06,-2.036,0.923,303.310,141.387,8.542,-73.145,45.225,4270.831,79323.602,20210801_053742,479167,17122,24393,13400
1,KCXX20210801_094205_V06,2.348,0.709,303.221,141.971,9.461,-73.146,45.222,4730.589,79031.037,20210801_054205,479165,19166,24702,14845
1,KCXX20210801_094619_V06,6.581,0.400,302.529,141.678,11.222,-73.150,45.223,5611.026,79171.032,20210801_054619,479165,19809,24877,15010
1,KCXX20210801_095033_V06,10.814,-1.000,302.018,141.582,12.827,-73.154,45.224,6413.380,79215.314,20210801_055033,479166,20134,25497,14808
1,KCXX20210801_095447_V06,15.048,0.083,302.833,137.954,14.715,-73.148,45.240,7357.597,81035.392,20210801_055447,479167,20848,25674,15119
2,KCXX20210801_101145_V06,32.014,0.177,271.238,454.606,18.132,-73.345,43.815,9066.056,78629.159,20210801_061145,479169,25281,28846,17102
2,KCXX20210801_101559_V06,36.248,0.442,272.798,452.679,23.909,-73.335,43.824,11954.508,77541.832,20210801_061559,479166,26022,29313,17169
2,KCXX20210801_102014_V06,40.498,0.241,275.560,447.393,25.230,-73.318,43.848,12614.995,74702.714,20210801_062014,479166,25642,30397,16541
3,KCXX20210802_090926_V06,-31.420,0.171,257.524,172.613,66.665,-73.436,45.084,33332.451,67140.975,20210802_050926,479169,65738,72057,26072
12,KCXX20210802_101110_V06,30.313,0.085,167.669,494.263,18.826,-73.986,43.634,9412.846,117526.081,20210802_061110,479173,52208,72726,17416
19,KCXX20210802_110420_V06,83.480,0.053,132.509,372.506,10.743,-74.214,44.180,5371.269,91255.859,20210802_070420,479164,32332,52193,15324
1,KCXX20210803_092628_V06,-15.511,0.435,307.543,140.511,4.954,-73.118,45.229,2477.093,79833.577,20210803_052628,479170,13735,17430,12742
1,KCXX20210803_093327_V06,-8.528,0.198,306.358,141.146,15.206,-73.126,45.226,7602.827,79490.388,20210803_053327,479167,15234,17748,14122
1,KCXX20210803_094016_V06,-1.711,0.873,309.571,140.547,16.099,-73.105,45.229,8049.261,79869.737,20210803_054016,479167,16470,17897,15271
1,KCXX20210803_094716_V06,5.289,0.444,312.125,141.993,18.437,-73.089,45.222,9218.650,79235.622,20210803_054716,479171,16875,18406,15389
3,KCXX20210803_093327_V06,-8.528,0.300,218.420,106.326,17.392,-73.687,45.381,8695.894,105077.217,20210803_053327,479167,15234,17748,14122
1,KCXX20210804_093045_V06,-12.359,0.065,300.059,143.157,2.292,-73.166,45.217,1145.859,78421.636,20210804_053045,479167,11649,21894,10116
1,KCXX20210804_093734_V06,-5.542,-1.000,300.059,143.157,13.130,-73.166,45.217,6565.109,78421.636,20210804_053734,479167,15122,20221,13454
1,KCXX20210804_094426_V06,1.325,0.051,307.154,146.484,16.240,-73.121,45.202,8119.776,76841.492,20210804_054426,479167,15904,21091,13934
1,KCXX20210805_093323_V06,-10.861,0.375,176.296,139.873,3.269,-73.954,45.229,1634.409,101172.460,20210805_053323,479170,18064,28748,15365
1,KCXX20210805_094022_V06,-3.878,0.858,178.703,139.006,10.145,-73.939,45.233,5072.328,100786.758,20210805_054022,479170,22892,27163,20169
1,KCXX20210805_094720_V06,3.089,0.595,179.594,139.032,14.570,-73.933,45.233,7285.227,100509.264,20210805_054720,479169,26249,27135,23369
1,KCXX20210805_100654_V06,22.655,0.135,185.473,138.979,31.482,-73.896,45.233,15741.065,98797.899,20210805_060654,479166,27108,26596,24168
3,KCXX20210805_094022_V06,-3.878,0.404,298.142,147.683,7.292,-73.178,45.196,3645.912,76164.207,20210805_054022,479170,22892,27163,20169
4,KCXX20210805_094720_V06,3.089,0.858,298.944,391.714,11.462,-73.173,44.098,5731.236,45860.280,20210805_054720,479169,26249,27135,23369
6,KCXX20210807_093233_V06,-13.981,0.077,304.617,141.885,2.553,-73.137,45.223,1276.436,79091.433,20210807_053233,479171,29617,44939,11993
6,KCXX20210807_093729_V06,-9.048,0.181,305.035,141.550,9.396,-73.134,45.224,4698.229,79264.925,20210807_053729,479177,28016,46008,11107
6,KCXX20210807_094218_V06,-4.231,0.627,312.195,140.091,11.158,-73.089,45.231,5579.030,80186.500,20210807_054218,479177,27817,44905,11983
6,KCXX20210807_094645_V06,0.219,0.240,316.066,141.549,11.502,-73.064,45.224,5751.232,79631.627,20210807_054645,479168,27429,43343,13063
6,KCXX20210807_095119_V06,4.785,0.053,315.142,141.280,13.144,-73.070,45.225,6571.871,79720.546,20210807_055119,479171,25673,41309,13517
2,KCXX20210807_085341_V06,-52.848,0.141,207.660,406.305,12.506,-73.742,44.031,6253.227,70404.897,20210807_045341,479168,40207,43751,20641
7,KCXX20210807_102308_V06,36.602,0.066,232.205,128.284,5.358,-73.598,45.283,2678.757,92307.440,20210807_062308,479174,18430,32420,11899
1,KCXX20210808_093840_V06,-9.014,0.969,293.823,141.180,6.505,-73.206,45.226,3252.453,79469.944,20210808_053840,479164,12292,26505,10626
1,KCXX20210808_094525_V06,-2.264,0.988,292.091,141.924,12.451,-73.217,45.222,6225.693,79136.984,20210808_054525,479165,15552,25416,13805
1,KCXX20210808_095218_V06,4.619,0.976,289.915,142.221,17.243,-73.231,45.221,8621.592,79050.679,20210808_055218,479167,18287,25997,16420
1,KCXX20210808_100604_V06,18.386,0.991,290.397,144.431,29.373,-73.228,45.211,14686.374,77932.674,20210808_060604,479166,20969,26032,19047
1,KCXX20210808_101252_V06,25.186,0.863,290.379,144.795,35.341,-73.228,45.209,17670.575,77751.698,20210808_061252,479166,20228,28273,18410
1,KCXX20210808_101951_V06,32.169,0.171,285.087,139.463,41.818,-73.261,45.233,20908.817,80613.886,20210808_061951,479174,17210,28939,15482
2,KCXX20210808_104013_V06,52.536,0.184,296.188,105.454,4.305,-73.191,45.386,2152.328,97291.806,20210808_064013,479167,12533,31339,10942
2,KCXX20210808_104701_V06,59.336,0.094,296.429,105.891,12.488,-73.189,45.384,6244.195,97070.717,20210808_064701,479172,11942,31763,10386
6,KCXX20210809_093833_V06,-10.284,0.093,299.325,386.342,6.918,-73.171,44.123,3458.889,43172.143,20210809_053833,479177,40553,55689,14319
6,KCXX20210809_094247_V06,-6.050,0.633,299.971,385.351,11.892,-73.167,44.127,5945.855,42675.480,20210809_054247,479166,44632,54965,17561
9,KCXX20210809_094247_V06,-6.050,0.093,314.147,406.661,19.320,-73.078,44.031,9659.859,53797.477,20210809_054247,479166,44632,54965,17561
2,KCXX20210810_093836_V06,-11.390,0.744,304.861,134.914,6.257,-73.135,45.254,3128.342,82578.795,20210810_053836,479167,12722,21384,11635
2,KCXX20210810_094520_V06,-4.656,0.654,305.386,135.863,12.393,-73.132,45.250,6196.623,82112.538,20210810_054520,479166,15786,21738,14232
2,KCXX20210810_095209_V06,2.160,0.129,308.682,133.771,17.526,-73.111,45.259,8762.840,83227.614,20210810_055209,479166,17128,23640,14979
3,KCXX20210810_094520_V06,-4.656,0.190,175.418,139.527,2.140,-73.960,45.230,1069.820,101577.714,20210810_054520,479166,15786,21738,14232
3,KCXX20210810_095209_V06,2.160,0.094,175.397,139.679,9.718,-73.960,45.230,4858.914,101524.451,20210810_055209,479166,17128,23640,14979
3,KCXX20210810_100550_V06,15.844,0.285,210.557,115.042,30.424,-73.737,45.342,15211.856,102724.556,20210810_060550,479164,16804,25813,14297
4,KCXX20210810_094520_V06,-4.656,0.058,318.055,408.099,24.441,-73.054,44.025,12220.327,54798.328,20210810_054520,479166,15786,21738,14232
6,KCXX20210810_095209_V06,2.160,0.716,207.513,112.722,20.151,-73.757,45.352,10075.354,104435.280,20210810_055209,479166,17128,23640,14979
3,KCXX20210811_090408_V06,-47.015,0.173,21.669,225.660,18.655,-74.926,44.832,9327.449,144044.136,20210811_050408,479170,57975,58962,18946
4,KCXX20210811_090408_V06,-47.015,0.063,404.188,255.623,28.869,-72.509,44.709,14434.441,56622.774,20210811_050408,479170,57975,58962,18946
7,KCXX20210811_094543_V06,-5.431,0.064,22.442,245.221,24.708,-74.919,44.744,12354.061,141456.027,20210811_054543,479168,66977,74566,11707
1,KCXX20210812_090456_V06,-47.375,0.078,206.877,402.791,6.260,-73.747,44.047,3129.808,69350.387,20210812_050456,479170,33539,19019,29223
1,KCXX20210812_091140_V06,-40.642,0.096,207.120,402.838,14.549,-73.746,44.047,7274.725,69286.166,20210812_051140,479173,27847,19614,24174
3,KCXX20210812_095225_V06,0.108,0.051,227.433,285.129,13.395,-73.623,44.577,6697.666,37037.648,20210812_055225,479169,20148,28076,18076
6,KCXX20210812_110351_V06,71.541,0.127,209.269,402.623,9.238,-73.732,44.048,4619.102,68490.310,20210812_070351,479167,18218,32435,13290
1,KCXX20210813_093600_V06,-17.471,0.595,305.554,140.917,5.537,-73.131,45.227,2768.372,79589.918,20210813_053600,479167,16331,27118,14662
1,KCXX20210813_094252_V06,-10.604,0.956,308.782,140.119,9.782,-73.110,45.230,4891.168,80060.972,20210813_054252,479167,22769,27371,20484
1,KCXX20210813_094951_V06,-3.621,0.953,311.155,140.756,11.868,-73.095,45.228,5933.958,79817.357,20210813_054951,479172,31487,30154,28211
1,KCXX20210813_100326_V06,9.963,0.108,312.676,138.061,13.177,-73.086,45.240,6588.488,81217.251,20210813_060326,479166,30022,33220,26577
1,KCXX20210813_101006_V06,16.629,0.071,315.649,138.591,15.515,-73.067,45.237,7757.276,81083.105,20210813_061006,479165,29830,33999,26205
2,KCXX20210813_094252_V06,-10.604,0.627,300.639,388.902,8.884,-73.162,44.111,4441.975,44452.289,20210813_054252,479167,22769,27371,20484
2,KCXX20210813_094951_V06,-3.621,0.684,301.302,386.909,17.522,-73.158,44.120,8761.246,43459.181,20210813_054951,479172,31487,30154,28211
5,KCXX20210813_100326_V06,9.963,0.051,214.513,111.153,32.915,-73.712,45.359,16457.722,103647.377,20210813_060326,479166,30022,33220,26577
2,KCXX20210814_094446_V06,-9.867,0.788,303.698,141.526,5.262,-73.143,45.224,2630.863,79258.634,20210814_054446,479172,72628,81711,19627
2,KCXX20210814_095047_V06,-3.851,0.724,305.403,141.821,10.133,-73.132,45.223,5066.523,79135.791,20210814_055047,479169,78000,87083,20768
2,KCXX20210814_100205_V06,7.449,0.741,313.250,141.257,11.136,-73.082,45.225,5568.191,79647.263,20210814_060205,479166,87604,93921,23670
8,KCXX20210814_095047_V06,-3.851,0.069,249.584,230.888,20.853,-73.485,44.822,10426.413,42773.399,20210814_055047,479169,78000,87083,20768
8,KCXX20210814_100205_V06,7.449,0.079,238.166,247.691,31.072,-73.557,44.746,15536.173,40495.963,20210814_060205,479166,87604,93921,23670
7,KCXX20210814_095047_V06,-3.851,0.112,317.330,411.828,27.722,-73.058,44.008,13861.107,56581.405,20210814_055047,479169,78000,87083,20768
9,KCXX20210814_100736_V06,12.966,0.114,167.581,568.828,35.472,-73.982,43.298,17735.773,149835.738,20210814_060736,479171,90676,95553,24721
17,KCXX20210814_102900_V06,34.366,0.074,69.936,41.773,29.425,-74.642,45.663,14712.719,172923.793,20210814_062900,479166,101982,106479,23537
1,KCXX20210815_093952_V06,-15.932,0.482,329.304,123.936,3.143,-72.980,45.303,1571.445,89243.105,20210815_053952,479164,16489,21678,13725
1,KCXX20210815_094651_V06,-8.949,-1.000,329.304,123.936,14.246,-72.980,45.303,7123.195,89243.105,20210815_054651,479169,20196,19714,18159
1,KCXX20210815_100031_V06,4.718,0.973,303.467,152.803,21.004,-73.144,45.173,10502.001,73618.928,20210815_060031,479166,34276,18816,32111
1,KCXX20210815_100724_V06,11.601,0.983,303.366,154.634,29.156,-73.145,45.165,14578.184,72702.553,20210815_060724,479165,37342,18865,34882
1,KCXX20210815_101417_V06,18.485,0.961,304.078,156.242,34.358,-73.140,45.158,17179.037,71908.129,20210815_061417,479168,39718,18240,36932
1,KCXX20210815_102106_V06,25.301,0.922,308.196,157.427,41.595,-73.114,45.153,20797.667,71404.197,20210815_062106,479171,39399,20129,36493
1,KCXX20210815_102756_V06,32.135,0.927,309.283,158.616,44.679,-73.107,45.147,22339.670,70844.285,20210815_062756,479170,36619,21259,33815
1,KCXX20210815_103455_V06,39.118,0.600,305.838,159.277,45.089,-73.129,45.144,22544.525,70422.058,20210815_063455,479164,32823,21843,30120
3,KCXX20210815_093952_V06,-15.932,0.108,195.082,125.033,8.654,-73.835,45.296,4326.849,102006.564,20210815_053952,479164,16489,21678,13725
3,KCXX20210815_094651_V06,-8.949,0.887,197.789,127.764,18.709,-73.818,45.284,9354.416,100140.447,20210815_054651,479169,20196,19714,18159
3,KCXX20210815_100031_V06,4.718,0.468,204.746,127.408,30.050,-73.773,45.286,15024.878,98566.348,20210815_060031,479166,34276,18816,32111
3,KCXX20210815_100724_V06,11.601,0.192,208.844,123.057,32.302,-73.748,45.306,16151.228,99521.969,20210815_060724,479165,37342,18865,34882
6,KCXX20210815_100031_V06,4.718,0.426,192.460,158.552,16.265,-73.850,45.145,8132.511,88843.356,20210815_060031,479166,34276,18816,32111
6,KCXX20210815_100724_V06,11.601,0.758,194.289,160.848,23.210,-73.838,45.135,11604.904,87375.748,20210815_060724,479165,37342,18865,34882
6,KCXX20210815_101417_V06,18.485,0.672,198.074,163.679,28.269,-73.814,45.123,14134.567,85105.986,20210815_061417,479168,39718,18240,36932
6,KCXX20210815_102106_V06,25.301,0.104,198.786,165.540,34.704,-73.810,45.114,17352.077,84148.339,20210815_062106,479171,39399,20129,36493
8,KCXX20210815_100724_V06,11.601,0.441,325.170,54.924,27.523,-73.005,45.614,13761.742,123182.389,20210815_060724,479165,37342,18865,34882
8,KCXX20210815_101417_V06,18.485,0.787,329.900,54.727,39.505,-72.975,45.614,19752.632,123544.180,20210815_061417,479168,39718,18240,36932
8,KCXX20210815_102106_V06,25.301,0.830,333.402,57.664,44.332,-72.952,45.601,22165.776,122313.519,20210815_062106,479171,39399,20129,36493
8,KCXX20210815_102756_V06,32.135,0.316,331.739,67.268,46.588,-72.963,45.558,23293.756,117443.175,20210815_062756,479170,36619,21259,33815
5,KCXX20210815_094651_V06,-8.949,0.733,300.891,398.782,8.778,-73.161,44.067,4388.758,49392.985,20210815_054651,479169,20196,19714,18159
5,KCXX20210815_100031_V06,4.718,0.601,302.726,401.831,19.949,-73.149,44.053,9974.594,50933.593,20210815_060031,479166,34276,18816,32111
9,KCXX20210815_100724_V06,11.601,0.328,162.235,178.766,17.116,-74.041,45.053,8557.903,91756.338,20210815_060724,479165,37342,18865,34882
9,KCXX20210815_101417_V06,18.485,0.143,162.554,179.426,25.573,-74.039,45.050,12786.325,91418.734,20210815_061417,479168,39718,18240,36932
7,KCXX20210815_100031_V06,4.718,0.076,358.604,121.830,7.752,-72.793,45.312,3876.129,93780.437,20210815_060031,479166,34276,18816,32111
10,KCXX20210815_100724_V06,11.601,0.057,275.676,496.855,6.795,-73.317,43.625,3397.281,99175.810,20210815_060724,479165,37342,18865,34882
1,KCXX20210816_094253_V06,-14.080,0.509,302.305,139.923,4.688,-73.152,45.231,2343.933,80046.811,20210816_054253,479173,12312,21366,10352
1,KCXX20210816_094942_V06,-7.264,0.948,302.492,138.977,9.915,-73.151,45.236,4957.522,80521.326,20210816_054942,479171,15159,20673,13095
1,KCXX20210816_100334_V06,6.603,0.781,302.648,138.467,16.659,-73.150,45.238,8329.342,80777.597,20210816_060334,479165,17429,23063,15088
1,KCXX20210816_101034_V06,13.603,0.105,303.168,136.484,26.391,-73.146,45.247,13195.693,81773.358,20210816_061034,479170,19070,22710,16858
4,KCXX20210816_094942_V06,-7.264,0.234,198.792,117.131,19.668,-73.812,45.332,9834.066,104503.761,20210816_054942,479171,15159,20673,13095
4,KCXX20210816_100334_V06,6.603,0.718,198.178,114.411,32.906,-73.816,45.344,16452.979,105843.254,20210816_060334,479165,17429,23063,15088
4,KCXX20210816_101034_V06,13.603,0.716,204.028,111.468,42.418,-73.779,45.358,21209.059,105776.759,20210816_061034,479170,19070,22710,16858
4,KCXX20210816_101733_V06,20.586,0.738,207.425,113.725,52.122,-73.757,45.348,26060.788,104005.390,20210816_061733,479172,18963,23052,16625
5,KCXX20210816_100334_V06,6.603,0.101,304.659,390.763,20.777,-73.137,44.103,10388.628,45441.382,20210816_060334,479165,17429,23063,15088
1,KCXX20210817_092924_V06,-28.729,0.056,22.056,337.281,24.767,-74.909,44.330,12383.329,140216.791,20210817_052924,479173,63033,68290,26670
1,KCXX20210817_093358_V06,-24.163,0.050,22.546,337.106,31.096,-74.906,44.331,15548.196,139962.261,20210817_053358,479167,56018,66225,21882
2,KCXX20210817_094724_V06,-10.729,0.322,298.892,134.742,2.941,-73.173,45.255,1470.413,82630.825,20210817_054724,479169,54315,65767,18377
2,KCXX20210817_095143_V06,-6.413,0.143,299.141,134.878,9.369,-73.172,45.254,4684.515,82562.193,20210817_055143,479170,58137,67492,19922
5,KCXX20210817_095143_V06,-6.413,0.433,234.947,84.317,7.834,-73.582,45.481,3917.015,112640.057,20210817_055143,479170,58137,67492,19922
7,KCXX20210817_100049_V06,2.687,0.103,192.051,124.244,18.075,-73.855,45.300,9037.724,103130.106,20210817_060049,479168,61931,70655,20892
2,KCXX20210818_090829_V06,-50.812,0.051,494.225,446.060,13.269,-71.959,43.847,6634.382,121508.353,20210818_050829,479174,83882,96942,20146
6,KCXX20210820_100450_V06,3.206,0.756,321.236,58.177,15.962,-73.030,45.599,7981.098,121376.984,20210820_060450,479169,49710,36782,35671
6,KCXX20210820_101143_V06,10.090,0.333,322.084,57.151,24.891,-73.025,45.604,12445.342,121925.461,20210820_061143,479170,57340,35540,43584
6,KCXX20210820_101843_V06,17.090,0.451,330.033,63.456,27.271,-72.974,45.575,13635.471,119221.637,20210820_061843,479172,62852,34692,48898
6,KCXX20210820_102543_V06,24.090,0.695,331.564,74.347,29.109,-72.964,45.526,14554.354,113925.073,20210820_062543,479165,66156,34344,52339
6,KCXX20210820_103243_V06,31.090,0.297,333.223,78.097,34.431,-72.954,45.509,17215.725,112188.007,20210820_063243,479168,69166,33915,55958
6,KCXX20210820_103942_V06,38.073,0.070,333.743,82.070,35.240,-72.951,45.491,17619.941,110263.380,20210820_063942,479166,69262,33433,56851
6,KCXX20210820_104642_V06,45.073,0.093,334.688,92.227,39.200,-72.945,45.446,19600.206,105324.587,20210820_064642,479168,69022,33476,56656
4,KCXX20210820_095541_V06,-5.944,0.483,192.552,148.228,6.972,-73.850,45.192,3485.765,92978.349,20210820_055541,479169,32956,47480,18040
4,KCXX20210820_100450_V06,3.206,0.839,193.681,154.037,15.749,-73.843,45.166,7874.401,90289.803,20210820_060450,479169,49710,36782,35671
4,KCXX20210820_101143_V06,10.090,0.638,194.912,157.208,18.350,-73.835,45.152,9175.007,88646.727,20210820_061143,479170,57340,35540,43584
4,KCXX20210820_101843_V06,17.090,0.564,198.880,162.624,24.002,-73.809,45.127,12001.147,85289.990,20210820_061843,479172,62852,34692,48898
4,KCXX20210820_102543_V06,24.090,0.447,201.329,166.904,29.143,-73.793,45.108,14571.339,82841.146,20210820_062543,479165,66156,34344,52339
4,KCXX20210820_103243_V06,31.090,0.326,204.692,173.568,37.211,-73.772,45.078,18605.354,79165.436,20210820_063243,479168,69166,33915,55958
12,KCXX20210820_111441_V06,73.056,0.907,310.272,141.497,7.810,-73.101,45.224,3904.915,79417.851,20210820_071441,479164,62299,32940,52658
12,KCXX20210820_112141_V06,80.056,0.958,309.747,145.309,13.921,-73.104,45.207,6960.710,77498.945,20210820_072141,479171,60214,33111,50928
12,KCXX20210820_112840_V06,87.040,0.956,310.084,147.759,17.688,-73.102,45.196,8843.802,76287.266,20210820_072840,479170,58617,33355,49411
9,KCXX20210820_101143_V06,10.090,0.400,306.726,152.219,12.816,-73.124,45.176,6408.119,73967.049,20210820_061143,479170,57340,35540,43584
9,KCXX20210820_101843_V06,17.090,0.117,298.876,150.520,28.125,-73.174,45.184,14062.355,74742.110,20210820_061843,479172,62852,34692,48898
1,KCXX20210821_100619_V06,3.524,0.916,307.139,139.818,11.173,-73.121,45.232,5586.720,80170.571,20210821_060619,479166,63710,23237,59866
1,KCXX20210821_101319_V06,10.524,0.794,307.644,139.854,15.577,-73.118,45.232,7788.604,80164.350,20210821_061319,479171,67171,22947,63009
1,KCXX20210821_102018_V06,17.507,0.059,308.149,141.738,18.016,-73.115,45.223,9008.212,79236.010,20210821_062018,479173,68758,22581,64428
3,KCXX20210821_100619_V06,3.524,0.057,251.306,511.264,34.350,-73.468,43.560,17174.862,108401.353,20210821_060619,479166,63710,23237,59866
3,KCXX20210821_101319_V06,10.524,0.112,248.617,511.608,40.392,-73.484,43.558,20195.936,108878.455,20210821_061319,479171,67171,22947,63009
5,KCXX20210821_102018_V06,17.507,0.242,285.536,413.055,15.827,-73.257,44.002,7913.393,56988.434,20210821_062018,479173,68758,22581,64428
2,KCXX20210822_095212_V06,-11.759,0.165,210.120,113.148,5.507,-73.740,45.350,2753.342,103672.723,20210822_055212,479169,19698,23850,17238
2,KCXX20210822_100546_V06,1.808,0.291,221.026,111.354,16.278,-73.670,45.359,8139.056,102254.815,20210822_060546,479169,32588,23752,29366
2,KCXX20210822_101239_V06,8.691,0.191,230.061,111.257,18.899,-73.613,45.359,9449.505,100642.111,20210822_061239,479167,34275,24055,30421
2,KCXX20210822_101928_V06,15.508,0.411,236.288,109.945,22.595,-73.573,45.365,11297.457,100225.083,20210822_061928,479167,36313,24182,32161
2,KCXX20210822_102621_V06,22.391,0.240,243.543,109.142,26.964,-73.527,45.369,13482.135,99516.531,20210822_062621,479163,36116,24611,31573
2,KCXX20210822_103310_V06,29.208,0.070,249.926,106.194,27.661,-73.486,45.383,13830.722,100085.389,20210822_063310,479177,34212,24997,29490
1,KCXX20210823_100140_V06,-3.457,0.917,305.889,128.503,9.989,-73.129,45.283,4994.701,85799.105,20210823_060140,479169,27250,33879,17815
1,KCXX20210823_100839_V06,3.526,0.980,306.780,126.188,12.111,-73.123,45.293,6055.714,86972.011,20210823_060839,479167,29030,33820,19131
1,KCXX20210823_101539_V06,10.526,0.977,306.152,123.068,16.602,-73.127,45.307,8301.002,88519.351,20210823_061539,479170,31663,33601,21249
1,KCXX20210823_102238_V06,17.509,0.871,306.959,122.861,24.030,-73.122,45.308,12014.911,88637.756,20210823_062238,479168,33976,33843,23284
1,KCXX20210823_102937_V06,24.493,0.729,311.076,120.473,24.758,-73.096,45.319,12379.043,89934.227,20210823_062937,479169,33904,33885,23042
1,KCXX20210823_103636_V06,31.476,0.052,303.291,112.291,32.915,-73.145,45.356,16457.343,93869.089,20210823_063636,479172,34151,34053,23063
5,KCXX20210823_100140_V06,-3.457,0.094,182.125,104.951,33.124,-73.919,45.386,16562.183,113950.519,20210823_060140,479169,27250,33879,17815
5,KCXX20210823_100839_V06,3.526,0.092,182.107,106.581,42.255,-73.919,45.379,21127.665,113258.129,20210823_060839,479167,29030,33820,19131
7,KCXX20210823_102937_V06,24.493,0.297,160.869,139.757,24.124,-74.052,45.229,12062.067,106107.512,20210823_062937,479169,33904,33885,23042
7,KCXX20210823_103636_V06,31.476,0.152,160.037,140.649,31.574,-74.057,45.225,15787.031,106045.313,20210823_063636,479172,34151,34053,23063
8,KCXX20210824_103829_V06,32.194,0.057,202.463,177.719,28.922,-73.786,45.060,14460.953,78208.281,20210824_063829,479173,27838,36711,20915
1,KCXX20210825_112530_V06,78.046,0.075,218.753,269.204,21.554,-73.678,44.649,10777.191,43443.703,20210825_072530,479169,20921,26698,17666
1,KCXX20210826_091434_V06,-54.053,0.115,235.227,130.120,2.460,-73.579,45.275,1229.853,90904.762,20210826_051434,479167,37278,24522,31391
3,KCXX20210826_100239_V06,-5.969,0.050,187.847,150.893,4.539,-73.880,45.180,2269.714,93288.700,20210826_060239,479166,13073,24460,11130
6,KCXX20210827_100912_V06,-0.584,0.688,174.760,160.331,7.134,-73.962,45.137,3567.225,93798.435,20210827_060912,479170,65909,13826,63512
6,KCXX20210827_101553_V06,6.099,0.783,174.766,162.786,12.803,-73.962,45.126,6401.284,92886.161,20210827_061553,479175,69612,14191,67049
6,KCXX20210827_102234_V06,12.782,0.832,172.345,165.118,16.003,-73.978,45.115,8001.299,92855.867,20210827_062234,479164,71675,14129,69057
6,KCXX20210827_102914_V06,19.449,0.867,171.161,167.398,18.058,-73.985,45.105,9029.068,92443.027,20210827_062914,479171,73416,14867,70406
6,KCXX20210827_103607_V06,26.332,0.881,171.767,168.164,21.308,-73.981,45.101,10654.016,91956.854,20210827_063607,479167,72722,15063,69547
6,KCXX20210827_104251_V06,33.066,0.818,174.879,170.607,23.109,-73.961,45.091,11554.640,89996.806,20210827_064251,479164,71927,15612,68650
6,KCXX20210827_104940_V06,39.882,0.686,176.262,174.883,27.945,-73.952,45.071,13972.583,87984.949,20210827_064940,479166,72290,15765,68840
6,KCXX20210827_110310_V06,53.382,0.194,177.350,175.553,33.123,-73.945,45.068,16561.320,87364.231,20210827_070310,479165,69910,17616,65997
1,KCXX20210827_100232_V06,-7.251,0.816,308.681,141.839,6.377,-73.111,45.223,3188.465,79199.315,20210827_060232,479168,56271,15024,53714
1,KCXX20210827_100912_V06,-0.584,0.845,309.490,143.971,14.159,-73.106,45.213,7079.333,78158.424,20210827_060912,479170,65909,13826,63512
1,KCXX20210827_101553_V06,6.099,0.968,307.444,150.888,16.333,-73.119,45.182,8166.627,74648.919,20210827_061553,479175,69612,14191,67049
1,KCXX20210827_102234_V06,12.782,0.934,307.034,154.368,20.254,-73.122,45.166,10126.958,72900.671,20210827_062234,479164,71675,14129,69057
1,KCXX20210827_102914_V06,19.449,0.945,307.093,159.849,26.720,-73.121,45.142,13360.000,70165.264,20210827_062914,479171,73416,14867,70406
1,KCXX20210827_103607_V06,26.332,0.777,307.639,162.687,29.772,-73.118,45.129,14885.996,68762.671,20210827_063607,479167,72722,15063,69547
1,KCXX20210827_104251_V06,33.066,0.072,305.527,162.709,34.190,-73.131,45.129,17094.959,68701.298,20210827_064251,479164,71927,15612,68650
2,KCXX20210827_100232_V06,-7.251,0.795,182.098,130.653,12.067,-73.918,45.271,6033.689,103173.893,20210827_060232,479168,56271,15024,53714
2,KCXX20210827_100912_V06,-0.584,0.357,182.820,132.757,21.844,-73.913,45.261,10922.015,102104.684,20210827_060912,479170,65909,13826,63512
2,KCXX20210827_101553_V06,6.099,0.560,181.961,132.881,22.992,-73.918,45.261,11495.755,102301.244,20210827_061553,479175,69612,14191,67049
2,KCXX20210827_102234_V06,12.782,0.184,180.214,130.626,23.841,-73.930,45.271,11920.521,103725.722,20210827_062234,479164,71675,14129,69057
2,KCXX20210827_102914_V06,19.449,0.053,183.578,125.303,26.262,-73.908,45.295,13131.003,104968.190,20210827_062914,479171,73416,14867,70406
14,KCXX20210827_102234_V06,12.782,0.069,326.341,99.084,10.530,-72.998,45.415,5264.923,101317.806,20210827_062234,479164,71675,14129,69057
14,KCXX20210827_102914_V06,19.449,0.087,327.143,97.913,17.357,-72.993,45.420,8678.428,101950.913,20210827_062914,479171,73416,14867,70406
14,KCXX20210827_103607_V06,26.332,0.129,315.565,99.549,28.076,-73.067,45.413,14038.049,100527.386,20210827_063607,479167,72722,15063,69547
14,KCXX20210827_104251_V06,33.066,-1.000,306.450,100.664,37.986,-73.125,45.408,18992.884,99720.334,20210827_064251,479164,71927,15612,68650
14,KCXX20210827_104940_V06,39.882,-1.000,297.222,101.792,48.018,-73.184,45.403,24009.042,99113.510,20210827_064940,479166,72290,15765,68840
14,KCXX20210827_110310_V06,53.382,0.056,264.273,99.222,64.712,-73.395,45.414,32356.232,101965.699,20210827_070310,479165,69910,17616,65997
14,KCXX20210827_110959_V06,60.199,0.105,267.141,105.959,63.777,-73.376,45.384,31888.578,98401.781,20210827_070959,479169,68043,18035,64133
7,KCXX20210827_100912_V06,-0.584,0.225,301.051,173.284,8.252,-73.160,45.081,4126.148,63360.362,20210827_060912,479170,65909,13826,63512
12,KCXX20210827_102234_V06,12.782,0.680,334.627,43.693,5.731,-72.944,45.664,2865.604,129317.527,20210827_062234,479164,71675,14129,69057
15,KCXX20210827_103607_V06,26.332,0.101,196.784,154.090,17.286,-73.823,45.166,8643.179,89363.474,20210827_063607,479167,72722,15063,69547
17,KCXX20210827_104251_V06,33.066,0.078,270.453,102.237,64.081,-73.355,45.401,32040.558,99979.053,20210827_064251,479164,71927,15612,68650
6,KCXX20210828_102817_V06,17.334,0.056,314.722,399.453,16.984,-73.075,44.064,8492.077,50268.256,20210828_062817,479175,68983,65723,29391
6,KCXX20210828_103300_V06,22.051,0.267,313.470,402.299,24.004,-73.082,44.051,12002.095,51591.250,20210828_063300,479171,71337,64977,31892
3,KCXX20210828_095522_V06,-15.582,0.081,346.377,179.294,15.916,-72.872,45.054,7958.145,64654.231,20210828_055522,479172,69108,79449,20540
2,KCXX20210829_100758_V06,-4.147,0.460,165.916,259.008,22.794,-74.012,44.692,11396.839,70104.889,20210829_060758,479170,53199,73934,9054
10,KCXX20210829_103003_V06,17.936,0.082,216.149,402.254,14.579,-73.690,44.050,7289.392,66119.061,20210829_063003,479169,48741,71163,10276
1,KCXX20210831_100404_V06,-10.376,0.320,205.316,120.832,15.572,-73.770,45.316,7786.087,101324.180,20210831_060404,479166,18651,22657,16571
1,KCXX20210831_101104_V06,-3.376,0.340,208.765,123.562,26.313,-73.748,45.303,13156.617,99315.522,20210831_061104,479168,25733,22587,23308
1,KCXX20210831_101753_V06,3.441,0.719,218.011,125.767,36.219,-73.689,45.294,18109.714,96279.876,20210831_061753,479170,26073,24549,23258
1,KCXX20210831_102453_V06,10.441,0.779,222.753,125.851,44.173,-73.659,45.294,22086.317,95256.422,20210831_062453,479170,25941,24789,22904
1,KCXX20210831_103146_V06,17.324,0.417,219.440,127.354,46.134,-73.680,45.287,23066.902,95258.189,20210831_063146,479167,24919,24528,21672
2,KCXX20210831_112721_V06,72.907,0.481,253.811,98.884,11.824,-73.461,45.416,5912.004,103175.658,20210831_072721,479173,20662,24209,17091
1,KCXX20210901_100601_V06,-9.590,0.216,318.608,135.666,3.075,-73.048,45.250,1537.643,82692.094,20210901_060601,479169,17066,21844,14900
1,KCXX20210901_101301_V06,-2.590,0.513,320.058,137.470,11.400,-73.039,45.242,5699.789,81881.351,20210901_061301,479166,29463,20199,26994
1,KCXX20210901_102000_V06,4.393,0.884,317.110,134.193,17.973,-73.057,45.257,8986.435,83343.491,20210901_062000,479165,34950,20280,32265
1,KCXX20210901_102659_V06,11.376,0.184,316.199,131.787,20.069,-73.063,45.268,10034.250,84495.649,20210901_062659,479164,36898,20895,33722
1,KCXX20210901_103358_V06,18.360,0.459,325.033,145.781,29.329,-73.007,45.205,14664.333,78118.869,20210901_063358,479169,37575,21969,34270
1,KCXX20210901_104052_V06,25.260,-1.000,331.240,155.414,36.755,-72.968,45.161,18377.584,73961.159,20210901_064052,479166,37952,22660,34615
1,KCXX20210901_104746_V06,32.160,0.088,318.101,131.048,17.926,-73.051,45.271,8963.238,84959.575,20210901_064746,479172,35816,23864,32332
6,KCXX20210901_102000_V06,4.393,0.533,199.252,151.927,11.318,-73.807,45.176,5658.756,89548.611,20210901_062000,479165,34950,20280,32265
6,KCXX20210901_102659_V06,11.376,0.489,201.208,154.782,19.952,-73.795,45.163,9975.909,87818.146,20210901_062659,479164,36898,20895,33722
6,KCXX20210901_103358_V06,18.360,0.332,207.585,160.222,22.297,-73.754,45.139,11148.356,83783.156,20210901_063358,479169,37575,21969,34270
6,KCXX20210901_104052_V06,25.260,0.344,210.852,162.458,24.156,-73.733,45.129,12077.819,81953.030,20210901_064052,479166,37952,22660,34615
3,KCXX20210901_100601_V06,-9.590,0.101,195.478,139.790,17.978,-73.832,45.230,8989.117,95645.411,20210901_060601,479169,17066,21844,14900
7,KCXX20210901_102000_V06,4.393,0.102,288.730,111.266,8.031,-73.238,45.360,4015.446,94535.023,20210901_062000,479165,34950,20280,32265
11,KCXX20210901_104746_V06,32.160,0.055,348.922,65.393,29.414,-72.853,45.566,14707.214,119826.548,20210901_064746,479172,35816,23864,32332
6,KCXX20210902_101420_V06,-2.438,0.783,190.865,149.762,9.540,-73.861,45.185,4770.182,92846.596,20210902_061420,479168,19197,18467,17506
6,KCXX20210902_102101_V06,4.245,0.928,190.893,150.959,13.357,-73.860,45.180,6678.681,92354.855,20210902_062101,479170,24276,19357,21956
6,KCXX20210902_102750_V06,11.062,0.867,191.014,151.723,17.259,-73.860,45.176,8629.476,92010.844,20210902_062750,479168,28035,18468,25496
6,KCXX20210902_103431_V06,17.745,0.885,192.234,153.700,23.836,-73.852,45.167,11918.047,90853.021,20210902_063431,479166,29634,18771,26820
6,KCXX20210902_104116_V06,24.495,0.903,192.633,153.968,29.327,-73.849,45.166,14663.746,90626.773,20210902_064116,479173,29218,19367,26323
6,KCXX20210902_104801_V06,31.245,0.790,196.705,154.947,32.609,-73.823,45.162,16304.397,89036.540,20210902_064801,479168,30561,18719,27494
6,KCXX20210902_110130_V06,44.729,0.274,195.637,161.379,35.878,-73.830,45.133,17939.231,86757.643,20210902_070130,479168,28543,20136,25605
6,KCXX20210902_110815_V06,51.479,-1.000,195.340,164.472,37.618,-73.831,45.119,18808.789,85617.969,20210902_070815,479165,28752,20318,25828
6,KCXX20210902_111504_V06,58.295,0.070,194.588,165.903,33.804,-73.836,45.113,16901.806,85284.564,20210902_071504,479171,27685,20390,24640
10,KCXX20210902_101420_V06,-2.438,0.158,259.295,133.705,7.836,-73.426,45.259,3917.849,85602.172,20210902_061420,479168,19197,18467,17506
10,KCXX20210902_102101_V06,4.245,0.718,259.030,133.970,13.234,-73.427,45.258,6617.234,85505.043,20210902_062101,479170,24276,19357,21956
10,KCXX20210902_102750_V06,11.062,0.675,258.637,134.998,15.770,-73.430,45.253,7884.981,85054.021,20210902_062750,479168,28035,18468,25496
10,KCXX20210902_103431_V06,17.745,0.656,258.140,138.597,21.263,-73.433,45.237,10631.551,83371.678,20210902_063431,479166,29634,18771,26820
10,KCXX20210902_104116_V06,24.495,0.819,260.553,139.442,25.703,-73.418,45.233,12851.283,82666.372,20210902_064116,479173,29218,19367,26323
10,KCXX20210902_104801_V06,31.245,0.149,279.300,130.034,36.647,-73.298,45.276,18323.721,85611.079,20210902_064801,479168,30561,18719,27494
4,KCXX20210902_100732_V06,-9.238,0.067,302.593,169.520,7.912,-73.150,45.098,3955.791,65252.654,20210902_060732,479166,13430,18721,11903
4,KCXX20210902_101420_V06,-2.438,0.154,300.067,171.801,17.943,-73.166,45.088,8971.748,64099.527,20210902_061420,479168,19197,18467,17506
4,KCXX20210902_102101_V06,4.245,0.068,279.248,172.708,33.895,-73.298,45.084,16947.641,64486.265,20210902_062101,479170,24276,19357,21956
4,KCXX20210902_102750_V06,11.062,0.295,272.734,152.623,48.509,-73.340,45.174,24254.582,74939.066,20210902_062750,479168,28035,18468,25496
3,KCXX20210902_100732_V06,-9.238,0.090,283.173,181.721,4.940,-73.273,45.043,2469.761,59734.899,20210902_060732,479166,13430,18721,11903
3,KCXX20210902_101420_V06,-2.438,0.263,281.501,183.270,15.041,-73.284,45.036,7520.261,59093.415,20210902_061420,479168,19197,18467,17506
3,KCXX20210902_102101_V06,4.245,0.284,283.242,186.121,18.932,-73.273,45.023,9465.781,57552.897,20210902_062101,479170,24276,19357,21956
14,KCXX20210902_104116_V06,24.495,0.099,102.782,241.084,29.144,-74.412,44.769,14571.836,102915.143,20210902_064116,479173,29218,19367,26323
14,KCXX20210902_104801_V06,31.245,0.116,104.947,244.201,36.199,-74.398,44.756,18099.495,101438.679,20210902_064801,479168,30561,18719,27494
14,KCXX20210902_110130_V06,44.729,0.053,112.419,252.782,36.220,-74.350,44.717,18109.812,96716.328,20210902_070130,479168,28543,20136,25605
7,KCXX20210902_101420_V06,-2.438,0.672,315.281,145.730,8.885,-73.069,45.205,4442.375,77512.520,20210902_061420,479168,19197,18467,17506
7,KCXX20210902_102101_V06,4.245,0.406,314.893,145.761,18.718,-73.072,45.205,9358.760,77477.919,20210902_062101,479170,24276,19357,21956
2,KCXX20210903_101708_V06,-0.802,0.700,193.471,149.364,8.834,-73.844,45.187,4417.118,92248.998,20210903_061708,479170,15323,28329,10388
2,KCXX20210903_102357_V06,6.014,0.890,195.690,151.909,15.606,-73.830,45.176,7802.842,90569.523,20210903_062357,479168,16875,27794,12226
2,KCXX20210903_103046_V06,12.831,0.900,197.088,156.510,17.685,-73.821,45.155,8842.564,88289.345,20210903_063046,479169,17974,28423,13234
2,KCXX20210903_103746_V06,19.831,0.947,199.850,163.018,24.452,-73.803,45.126,12226.128,84844.131,20210903_063746,479168,19650,28682,14546
2,KCXX20210903_104435_V06,26.648,0.874,199.604,166.076,28.282,-73.804,45.112,14140.909,83688.165,20210903_064435,479167,21002,30166,15211
2,KCXX20210903_105124_V06,33.464,0.857,198.005,167.053,28.921,-73.814,45.107,14460.625,83782.363,20210903_065124,479166,21653,30000,15532
2,KCXX20210903_110502_V06,47.098,0.716,196.092,167.478,28.627,-73.827,45.105,14313.285,84200.833,20210903_070502,479166,22156,31033,16043
2,KCXX20210903_111151_V06,53.914,0.632,195.234,170.439,30.340,-73.832,45.092,15169.862,83309.636,20210903_071151,479169,21346,30798,15515
6,KCXX20210903_103046_V06,12.831,0.106,260.403,138.604,12.580,-73.419,45.237,6290.100,83091.343,20210903_063046,479169,17974,28423,13234
6,KCXX20210903_103746_V06,19.831,0.053,259.961,138.477,20.423,-73.421,45.238,10211.666,83205.784,20210903_063746,479168,19650,28682,14546
1,KCXX20210903_101027_V06,-7.486,0.191,196.380,126.455,17.374,-73.827,45.290,8686.991,101063.133,20210903_061027,479174,14114,29039,8668
3,KCXX20210903_101708_V06,-0.802,0.129,263.429,136.107,5.853,-73.399,45.248,2926.289,83961.700,20210903_061708,479170,15323,28329,10388
5,KCXX20210903_102357_V06,6.014,0.097,287.849,379.099,28.225,-73.242,44.155,14112.490,40013.567,20210903_062357,479168,16875,27794,12226
3,KCXX20210904_103939_V06,20.550,0.898,199.226,140.968,16.327,-73.808,45.225,8163.702,94136.322,20210904_063939,479170,22507,24686,19252
3,KCXX20210904_104639_V06,27.550,0.865,197.456,140.934,19.183,-73.819,45.225,9591.483,94627.349,20210904_064639,479172,23370,25245,19855
3,KCXX20210904_105328_V06,34.367,0.834,198.192,142.182,21.182,-73.814,45.219,10591.110,93903.465,20210904_065328,479165,23305,25224,19924
3,KCXX20210904_110715_V06,48.150,0.873,195.829,139.846,23.884,-73.830,45.230,11942.135,95526.226,20210904_070715,479164,23948,24983,20256
3,KCXX20210904_111405_V06,54.983,0.783,195.056,139.803,25.799,-73.835,45.230,12899.373,95755.155,20210904_071405,479163,23838,24776,20366
3,KCXX20210904_112054_V06,61.800,0.824,193.250,138.749,25.691,-73.846,45.235,12845.301,96691.922,20210904_072054,479167,24396,24604,20751
3,KCXX20210904_112743_V06,68.617,0.843,191.153,139.880,27.864,-73.859,45.229,13932.247,96806.362,20210904_072743,479165,24523,24457,20992
3,KCXX20210904_113431_V06,75.417,0.853,191.189,140.279,29.158,-73.859,45.228,14578.858,96631.380,20210904_073431,479170,24962,25061,21086
3,KCXX20210904_114131_V06,82.417,0.714,187.495,137.889,26.980,-73.883,45.238,13490.182,98662.958,20210904_074131,479168,24165,24935,20617
3,KCXX20210904_114825_V06,89.317,0.486,185.173,137.101,26.930,-73.898,45.242,13464.807,99650.867,20210904_074825,479165,24519,24879,20858
1,KCXX20210904_101222_V06,-6.733,0.075,200.496,121.282,21.435,-73.801,45.313,10717.552,102275.740,20210904_061222,479170,10121,21629,8803
1,KCXX20210904_101912_V06,0.100,0.371,201.698,121.448,30.084,-73.793,45.313,15042.105,101912.112,20210904_061912,479172,12566,22209,10795
1,KCXX20210904_102602_V06,6.933,0.199,204.400,122.842,33.162,-73.776,45.307,16581.123,100653.137,20210904_062602,479167,16832,22394,14470
4,KCXX20210904_103939_V06,20.550,0.687,126.413,241.685,17.229,-74.263,44.768,8614.506,91560.065,20210904_063939,479170,22507,24686,19252
4,KCXX20210904_104639_V06,27.550,0.774,129.606,238.768,29.599,-74.243,44.782,14799.674,90531.078,20210904_064639,479172,23370,25245,19855
4,KCXX20210904_105328_V06,34.367,0.552,133.109,230.053,46.166,-74.221,44.821,23083.042,90478.334,20210904_065328,479165,23305,25224,19924
6,KCXX20210904_104639_V06,27.550,0.113,220.382,88.150,24.728,-73.675,45.463,12364.019,113158.822,20210904_064639,479172,23370,25245,19855
6,KCXX20210904_105328_V06,34.367,0.059,231.921,75.722,17.460,-73.602,45.519,8730.095,117191.616,20210904_065328,479165,23305,25224,19924
1,KCXX20210905_093307_V06,-47.148,0.055,25.543,246.038,28.478,-74.899,44.741,14238.919,139855.958,20210905_053307,479173,57535,52453,30097
2,KCXX20210905_095021_V06,-29.914,0.122,28.194,365.673,33.516,-74.867,44.203,16757.853,139813.418,20210905_055021,479173,62099,58695,28874
5,KCXX20210905_102108_V06,0.869,0.059,93.928,352.012,43.987,-74.457,44.270,21993.729,106267.419,20210905_062108,479166,60794,67790,21797
1,KCXX20210906_100334_V06,-17.862,0.315,208.659,110.918,6.699,-73.749,45.360,3349.344,104994.229,20210906_060334,479171,14130,27401,9703
1,KCXX20210906_101034_V06,-10.862,0.106,211.323,110.635,16.449,-73.732,45.362,8224.721,104549.831,20210906_061034,479169,16010,29744,10798
1,KCXX20210906_101733_V06,-3.878,0.173,217.033,113.188,32.173,-73.696,45.350,16086.515,102203.246,20210906_061733,479165,22863,31970,16521
1,KCXX20210906_102635_V06,5.155,0.052,236.080,110.930,36.327,-73.574,45.361,18163.545,99791.465,20210906_062635,479163,23873,32627,17357
4,KCXX20210906_104457_V06,23.522,0.065,40.651,176.900,77.811,-74.813,45.053,38905.251,143540.685,20210906_064457,479175,25498,37246,16194
4,KCXX20210906_104931_V06,28.088,-1.000,40.651,176.900,85.072,-74.813,45.053,42535.751,143540.685,20210906_064931,479165,26674,37534,16733
4,KCXX20210906_105405_V06,32.655,-1.000,40.651,176.900,92.333,-74.813,45.053,46166.251,143540.685,20210906_065405,479171,27327,39366,16437
4,KCXX20210906_110314_V06,41.805,0.066,46.510,177.583,94.969,-74.775,45.051,47484.407,140750.545,20210906_070314,479168,26681,40301,15253
3,KCXX20210906_101733_V06,-3.878,0.054,221.225,289.634,16.225,-73.662,44.557,8112.268,39726.951,20210906_061733,479165,22863,31970,16521
1,KCXX20210907_103630_V06,13.907,0.169,227.831,120.318,34.802,-73.627,45.319,17400.753,96816.840,20210907_063630,479166,16842,22893,14618
1,KCXX20210912_111714_V06,48.819,0.075,196.096,327.937,11.604,-73.818,44.384,5802.002,53796.882,20210912_071714,479163,23160,24091,18548
2,KCXX20210914_103632_V06,5.789,0.139,162.342,170.945,5.180,-74.041,45.088,2589.794,94346.222,20210914_063632,479169,27759,22983,24376
2,KCXX20210914_104331_V06,12.772,0.056,163.000,172.265,13.811,-74.036,45.083,6905.718,93655.315,20210914_064331,479165,30450,23783,26729
2,KCXX20210914_105030_V06,19.755,-1.000,163.586,173.440,22.714,-74.033,45.077,11357.032,93040.699,20210914_065030,479164,30314,24503,26427
2,KCXX20210914_110416_V06,33.522,0.570,167.066,145.554,23.720,-74.012,45.203,11860.063,101888.481,20210914_070416,479162,27506,25383,23675
2,KCXX20210914_111115_V06,40.505,0.305,169.055,140.972,26.480,-74.000,45.224,13240.238,103000.448,20210914_071115,479164,27455,25862,23558
8,KCXX20210915_104429_V06,12.573,0.069,342.472,191.047,33.779,-72.897,45.001,16889.675,58469.433,20210915_064429,479174,88714,97029,18592
1,KCXX20210919_103242_V06,-3.883,0.513,179.973,161.644,5.536,-73.929,45.131,2767.982,91581.812,20210919_063242,479164,22721,19105,19927
1,KCXX20210919_103942_V06,3.117,0.140,180.588,162.492,12.290,-73.925,45.127,6144.906,91060.034,20210919_063942,479163,30287,18471,26978
1,KCXX20210919_104632_V06,9.951,0.808,178.390,168.851,16.071,-73.939,45.099,8035.486,89427.442,20210919_064632,479165,32690,18070,28928
1,KCXX20210919_105321_V06,16.767,0.722,178.781,171.892,20.395,-73.936,45.085,10197.276,88184.077,20210919_065321,479167,32915,18068,28994
1,KCXX20210919_110659_V06,30.401,0.288,179.904,170.845,19.727,-73.929,45.090,9863.530,88181.583,20210919_070659,479167,30269,19682,26129
3,KCXX20210920_103354_V06,-3.854,0.811,180.438,155.914,7.038,-73.927,45.157,3519.056,93615.914,20210920_063354,479166,17908,20048,14989
3,KCXX20210920_104054_V06,3.146,0.056,180.945,155.540,14.348,-73.923,45.159,7173.864,93598.406,20210920_064054,479170,25852,21884,21904
3,KCXX20210920_104743_V06,9.962,0.629,179.414,152.013,17.543,-73.933,45.174,8771.712,95447.822,20210920_064743,479166,28442,22545,24107
1,KCXX20210920_093759_V06,-59.771,0.119,235.930,129.841,2.750,-73.575,45.276,1375.126,90910.895,20210920_053759,479166,39642,28201,33233
2,KCXX20210922_102203_V06,-18.054,0.320,39.482,138.458,53.779,-74.825,45.226,26889.404,153268.967,20210922_062203,479169,20678,30320,9144
2,KCXX20210922_102617_V06,-13.820,0.098,40.727,137.440,61.181,-74.817,45.231,30590.658,153009.906,20210922_062617,479166,21532,31372,9111
2,KCXX20210922_103032_V06,-9.570,0.076,47.611,132.128,63.874,-74.774,45.255,31936.974,151559.718,20210922_063032,479163,23150,32064,9715
11,KCXX20210922_113651_V06,56.746,0.295,287.435,433.760,20.549,-73.245,43.909,10274.302,67174.332,20210922_073651,479170,54474,56757,19423
16,KCXX20210922_115014_V06,70.130,0.077,183.146,143.965,40.152,-73.910,45.211,20076.054,97470.404,20210922_075014,479171,55746,59311,18683
1,KCXX20210923_094135_V06,-59.699,0.054,206.273,400.820,5.446,-73.751,44.056,2723.118,68828.502,20210923_054135,479161,23151,30137,13102
3,KCXX20210924_120333_V06,81.087,0.078,431.220,526.436,24.315,-72.355,43.489,12157.680,130855.002,20210924_080333,479164,190945,186598,24496
1,KCXX20210926_110233_V06,17.716,0.145,305.134,405.121,21.270,-73.134,44.038,10635.128,52622.912,20210926_070233,479166,52747,30370,41156
1,KCXX20210927_112914_V06,43.209,0.104,19.977,128.844,28.534,-74.951,45.267,14267.059,164093.746,20210927_072914,479170,33140,40636,15717
1,KCXX20210927_113349_V06,47.792,0.119,21.288,130.592,35.518,-74.942,45.260,17759.149,163079.411,20210927_073349,479161,34074,42671,15451
5,KCXX20210928_110917_V06,22.064,0.051,211.891,271.867,26.146,-73.722,44.636,13072.763,46245.776,20210928_070917,479167,23764,18819,20299
2,KCXX20210929_103612_V06,-12.217,0.072,364.641,52.283,60.305,-72.752,45.625,30152.397,128005.899,20210929_063612,479165,12937,24016,9728
2,KCXX20210929_104312_V06,-5.217,0.070,364.821,53.440,67.254,-72.751,45.620,33626.865,127469.284,20210929_064312,479168,13415,21608,10686
1,KCXX20210929_100107_V06,-47.300,0.124,277.766,113.079,6.681,-73.308,45.352,3340.572,94119.395,20210929_060107,479167,57522,34668,46621
1,KCXX20210930_100717_V06,-42.336,0.307,266.098,435.358,11.267,-73.377,43.902,5633.591,69769.478,20210930_060717,479167,73323,33500,61625
1,KCXX20210930_101417_V06,-35.336,0.167,264.357,434.926,21.247,-73.388,43.904,10623.445,69777.232,20210930_061417,479164,69238,34867,57185
1,KCXX20210930_102111_V06,-28.436,-1.000,262.827,434.546,31.208,-73.398,43.905,15603.862,69793.549,20210930_062111,479167,54624,37974,41992
1,KCXX20210930_102812_V06,-21.419,0.066,269.507,409.334,29.751,-73.357,44.019,14875.653,56753.171,20210930_062812,479164,36487,38185,24140
1,KCXX20210930_103512_V06,-14.419,0.148,266.755,411.316,29.120,-73.374,44.010,14560.208,58087.222,20210930_063512,479167,22278,34451,11629
1,KCXX20210930_104213_V06,-7.402,0.051,261.182,425.146,21.996,-73.408,43.948,10998.213,65514.045,20210930_064213,479164,20355,31887,9862
5,KCXX20211002_101246_V06,-39.269,0.063,32.946,265.282,35.136,-74.850,44.655,17567.760,134650.465,20211002_061246,479171,187705,190413,32578
5,KCXX20211002_101851_V06,-33.186,0.102,35.523,264.905,45.097,-74.834,44.657,22548.455,133397.835,20211002_061851,479170,196508,193623,35129
8,KCXX20211002_103620_V06,-15.702,0.096,203.113,413.669,26.335,-73.770,43.998,13167.419,74678.831,20211002_063620,479173,193507,201462,28964
9,KCXX20211003_103645_V06,-16.501,0.162,19.116,429.325,25.234,-74.915,43.916,12616.982,154613.191,20211003_063645,479176,140466,153723,24134
9,KCXX20211003_104251_V06,-10.401,0.187,22.445,429.846,33.230,-74.894,43.914,16614.821,153212.671,20211003_064251,479160,137973,154611,21711
10,KCXX20211003_104857_V06,-4.301,0.095,41.935,90.182,41.859,-74.816,45.443,20929.586,166298.736,20211003_064857,479175,135086,155016,19871
10,KCXX20211003_110108_V06,7.883,0.157,47.269,99.787,51.351,-74.780,45.401,25675.361,161212.889,20211003_070108,479170,127089,155172,18547
18,KCXX20211003_113136_V06,38.349,0.077,42.437,261.519,52.507,-74.791,44.673,26253.342,130210.952,20211003_073136,479158,104023,128744,21238
1,KCXX20211004_110302_V06,8.563,0.079,16.674,432.314,22.932,-74.930,43.902,11465.783,156349.237,20211004_070302,479165,19911,24954,16427
10,KCXX20211016_112448_V06,15.339,0.128,225.124,501.792,40.610,-73.630,43.602,20305.159,107618.017,20211016_072448,479160,49967,55804,15645
10,KCXX20211016_113226_V06,22.972,0.123,231.730,496.328,46.616,-73.589,43.627,23307.931,103929.508,20211016_073226,479169,51746,56950,16813
6,KCXX20211016_111411_V06,4.722,0.090,137.915,267.077,22.555,-74.188,44.655,11277.296,82697.562,20211016_071411,479170,46515,57219,11437
7,KCXX20211016_111411_V06,4.722,0.065,246.010,271.129,13.959,-73.507,44.641,6979.307,30612.618,20211016_071411,479170,46515,57219,11437
1,KCXX20211017_101044_V06,-60.007,0.099,205.927,399.353,2.110,-73.753,44.063,1055.014,68411.820,20211017_061044,479169,50937,28223,44686
2,KCXX20211018_115429_V06,42.458,0.065,22.563,285.727,24.566,-74.913,44.562,12282.994,138902.089,20211018_075429,479161,41004,37247,26977
4,KCXX20211019_123032_V06,77.218,0.052,32.643,143.778,62.572,-74.868,45.201,31285.799,154826.562,20211019_083032,479166,40680,47430,23103
8,KCXX20211021_104623_V06,-29.525,0.061,306.012,175.043,33.463,-73.128,45.073,16731.270,62550.612,20211021_064623,479164,46259,51047,23962
8,KCXX20211021_105058_V06,-24.942,0.075,307.964,175.893,38.550,-73.116,45.069,19274.912,62180.943,20211021_065058,479158,43905,50418,21412
19,KCXX20211021_120454_V06,48.991,0.081,26.549,423.672,47.254,-74.869,43.942,23626.921,150058.544,20211021_080454,479165,59291,60924,24350
19,KCXX20211021_121234_V06,56.658,0.054,27.419,420.589,56.728,-74.864,43.956,28363.988,149032.237,20211021_081234,479170,62197,66551,22873
2,KCXX20211021_102715_V06,-48.659,0.065,39.465,175.081,45.308,-74.820,45.061,22654.217,144467.547,20211021_062715,479165,40416,50537,20424
5,KCXX20211021_104133_V06,-34.359,0.071,54.708,295.117,25.942,-74.709,44.523,12970.970,122670.193,20211021_064133,479166,44158,50713,22873
7,KCXX20211021_104623_V06,-29.525,0.111,219.452,179.300,32.924,-73.678,45.053,16461.849,72554.135,20211021_064623,479164,46259,51047,23962
18,KCXX20211021_114904_V06,33.158,0.198,275.728,375.449,20.910,-73.318,44.172,10454.851,39628.670,20211021_074904,479166,55561,55537,27134
1,KCXX20211025_121632_V06,55.378,0.169,35.573,389.884,37.823,-74.818,44.095,18911.533,139643.172,20211025_081632,479167,240794,212641,58552
1,KCXX20211025_122237_V06,61.461,0.061,41.605,387.555,43.683,-74.780,44.106,21841.380,136412.830,20211025_082237,479172,242607,216241,58354
3,KCXX20211025_122237_V06,61.461,0.063,24.476,278.123,28.512,-74.902,44.596,14255.972,138195.764,20211025_082237,479172,242607,216241,58354
3,KCXX20211026_104425_V06,-38.062,0.128,478.354,429.916,24.461,-72.056,43.921,12230.473,110327.108,20211026_064425,479161,216297,200734,47745
3,KCXX20211026_105030_V06,-31.979,0.164,477.292,429.864,31.729,-72.063,43.921,15864.299,109883.124,20211026_065030,479170,225179,206609,49095
3,KCXX20211026_110241_V06,-19.796,0.254,464.594,422.219,28.083,-72.141,43.957,14041.718,102504.659,20211026_070241,479167,234291,220618,46011
4,KCXX20211026_104425_V06,-38.062,0.115,313.267,128.124,27.960,-73.082,45.284,13980.045,86193.624,20211026_064425,479161,216297,200734,47745
9,KCXX20211026_111452_V06,-7.612,0.072,529.683,467.752,25.150,-71.741,43.747,12575.044,142209.974,20211026_071452,479166,241975,226894,46813
1,KCXX20211028_112433_V06,-0.589,0.070,318.486,398.944,9.344,-73.051,44.066,4671.886,50327.958,20211028_072433,479165,32882,16117,31013
1,KCXX20211029_112858_V06,2.491,0.165,311.610,87.543,18.988,-73.092,45.467,9494.064,106386.912,20211029_072858,479160,36782,17803,34163
15,KCXX20211030_120636_V06,38.785,0.052,214.494,410.329,13.543,-73.700,44.013,6771.589,69792.059,20211030_080636,479168,84945,95233,26276
15,KCXX20211030_121141_V06,43.868,0.087,215.416,409.761,20.849,-73.694,44.016,10424.573,69285.530,20211030_081141,479163,83306,96734,25261
7,KCXX20211030_112901_V06,1.201,0.180,513.737,435.448,36.943,-71.836,43.894,18471.319,126520.346,20211030_072901,479162,89604,100011,22783
1,KCXX20211102_111306_V06,-18.754,0.354,24.466,285.506,38.476,-74.901,44.563,19238.033,137957.303,20211102_071306,479173,22481,42052,10348
1,KCXX20211102_112005_V06,-11.771,0.409,28.364,286.501,46.304,-74.876,44.559,23151.992,135985.718,20211102_072005,479175,24691,41312,12872
1,KCXX20211102_112704_V06,-4.788,0.494,38.375,286.448,49.201,-74.813,44.560,24600.541,130987.747,20211102_072704,479173,33731,41297,21053
1,KCXX20211102_113404_V06,2.212,0.571,47.614,272.769,47.417,-74.757,44.623,23708.390,126925.440,20211102_073404,479176,44085,41576,29170
1,KCXX20211102_114103_V06,9.196,0.388,54.221,266.320,52.524,-74.716,44.652,26262.207,124037.873,20211102_074103,479175,44421,42942,29220
1,KCXX20211102_114803_V06,16.196,0.197,64.302,254.182,60.060,-74.654,44.708,30030.228,120055.117,20211102_074803,479173,42132,45350,25672
1,KCXX20211102_120203_V06,30.196,0.321,79.606,252.272,67.693,-74.557,44.717,33846.292,112751.562,20211102_080203,479172,37674,48300,19212
1,KCXX20211102_120903_V06,37.196,0.282,93.938,247.796,66.342,-74.467,44.739,33170.931,106285.776,20211102_080903,479171,36417,49428,17221
1,KCXX20211102_121602_V06,44.179,0.121,104.319,243.683,66.368,-74.402,44.758,33184.116,101811.820,20211102_081602,479172,36195,50382,16520
2,KCXX20211102_121602_V06,44.179,0.125,25.287,267.987,33.591,-74.898,44.642,16795.351,138286.186,20211102_081602,479172,36195,50382,16520
4,KCXX20211102_123002_V06,58.179,0.106,27.313,219.340,34.332,-74.892,44.861,17166.229,142183.234,20211102_083002,479167,36759,54225,16396
6,KCXX20211103_110321_V06,-29.856,0.061,273.814,496.270,31.442,-73.329,43.628,15721.107,99004.416,20211103_070321,479173,27650,48872,11883
1,KCXX20211106_104000_V06,-57.267,0.083,215.987,373.392,5.666,-73.692,44.180,2833.216,55777.686,20211106_064000,479173,10072,21620,9188
1,KCXX20211106_104700_V06,-50.267,0.143,216.320,373.936,13.353,-73.690,44.177,6676.748,55831.990,20211106_064700,479170,10449,21618,9597
1,KCXX20211108_104122_V06,-58.609,0.136,215.517,373.455,7.338,-73.695,44.179,3668.768,55975.406,20211108_054122,479174,9932,21276,9134
9,KCXX20211110_113309_V06,-9.528,0.057,294.108,427.035,48.012,-73.203,43.939,24006.168,63585.881,20211110_063309,479173,71131,98479,19181
13,KCXX20211110_120657_V06,24.272,0.087,205.852,283.070,44.182,-73.759,44.586,22091.084,47829.006,20211110_070657,479169,62409,69742,26099
15,KCXX20211110_122134_V06,38.888,0.076,242.986,307.152,23.752,-73.525,44.478,11875.999,28730.464,20211110_072134,479177,51876,63511,24873
7,KCXX20211112_122050_V06,35.463,0.115,329.417,411.845,22.166,-72.983,44.008,11083.199,57824.546,20211112_072050,479176,160531,160099,31346
1,KCXX20211117_124208_V06,50.117,0.104,15.356,504.000,23.496,-74.928,43.579,11748.159,175098.724,20211117_074208,479171,15409,19025,12286
1,KCXX20211117_124956_V06,57.917,0.177,17.916,504.859,33.030,-74.913,43.576,16515.244,174311.929,20211117_074956,479176,16191,23895,11406
2,KCXX20211119_120137_V06,6.989,0.086,398.980,317.396,41.801,-72.545,44.431,20900.482,50248.426,20211119_070137,479172,19284,36065,11842
2,KCXX20211119_120830_V06,13.872,0.140,400.108,318.156,50.292,-72.538,44.428,25145.825,50870.450,20211119_070830,479170,19487,33841,11988
2,KCXX20211119_121529_V06,20.856,0.102,405.115,319.460,52.449,-72.506,44.422,26224.284,53450.452,20211119_071529,479173,18443,35165,10484
1,KCXX20211119_114745_V06,-6.878,0.099,86.373,355.614,87.111,-74.504,44.253,43555.710,110373.456,20211119_064745,479165,19685,34620,12634
1,KCXX20211123_110055_V06,-58.817,0.295,215.896,375.092,5.896,-73.692,44.172,2947.794,56374.517,20211123_060055,479177,11357,36462,7961
2,KCXX20211125_114630_V06,-15.714,0.561,22.721,404.944,33.490,-74.896,44.026,16744.940,148237.001,20211125_064630,479171,9357,17059,8651
2,KCXX20211125_115310_V06,-9.048,0.233,24.246,405.638,45.187,-74.886,44.023,22593.280,147648.075,20211125_065310,479165,13258,16866,11821
5,KCXX20211125_121310_V06,10.952,0.085,27.000,329.679,31.540,-74.879,44.365,15770.199,137304.416,20211125_071310,479173,20089,27378,11600
5,KCXX20211125_121950_V06,17.619,0.066,27.680,328.533,39.650,-74.875,44.370,19825.183,136905.272,20211125_071950,479167,21951,29448,11611
1,KCXX20211125_110631_V06,-55.698,0.053,204.671,398.954,2.288,-73.761,44.064,1144.087,68701.411,20211125_060631,479174,8398,19246,7293
7,KCXX20211125_124046_V06,38.552,0.051,25.042,257.679,33.711,-74.901,44.688,16855.539,139097.842,20211125_074046,479171,24216,35042,11314
8,KCXX20211125_131539_V06,73.436,0.114,30.781,154.381,49.609,-74.878,45.154,24804.691,153038.953,20211125_081539,479169,29148,41971,11915
3,KCXX20211128_131536_V06,69.775,0.071,26.198,414.388,39.539,-74.873,43.984,19769.705,148367.654,20211128_081536,479170,10047,20158,8017
3,KCXX20211128_132234_V06,76.742,0.269,28.184,416.786,49.293,-74.860,43.973,24646.333,147921.113,20211128_082234,479178,9474,22869,7364
2,KCXX20211128_130837_V06,62.792,0.209,26.224,424.457,44.694,-74.871,43.938,22347.153,150368.681,20211128_080837,479174,10379,19881,8386
1,KCXX20211202_111052_V06,-59.523,0.077,214.856,374.890,8.205,-73.699,44.173,4102.365,56696.670,20211202_061052,479177,20407,54584,7603
6,KCXX20211206_122034_V06,5.964,0.092,25.541,508.322,34.622,-74.865,43.561,17311.014,172283.056,20211206_072034,479173,103816,131414,22260
6,KCXX20211206_122521_V06,10.747,0.118,26.494,504.611,40.957,-74.859,43.578,20478.256,170786.093,20211206_072521,479173,99220,129674,22445
4,KCXX20211206_121113_V06,-3.386,0.149,541.754,473.141,6.837,-71.666,43.722,3418.494,148679.865,20211206_071113,479178,109454,135273,21398
7,KCXX20211206_122034_V06,5.964,0.060,22.124,238.080,17.237,-74.922,44.776,8618.282,142345.591,20211206_072034,479173,103816,131414,22260
11,KCXX20211206_123427_V06,19.847,0.143,413.992,204.328,30.059,-72.444,44.939,15029.285,74410.034,20211206_073427,479177,82042,127269,20755
17,KCXX20211206_124432_V06,29.930,0.170,24.105,354.627,28.010,-74.894,44.252,14004.995,140625.583,20211206_074432,479170,79464,124981,19616
4,KCXX20211213_121908_V06,-1.782,0.132,25.838,423.619,44.085,-74.874,43.942,22042.469,150371.719,20211213_071908,479178,19920,26339,10792
4,KCXX20211213_122549_V06,4.901,0.188,26.514,421.164,50.439,-74.870,43.953,25219.281,149562.176,20211213_072549,479171,21304,27909,10966
5,KCXX20211213_131314_V06,52.318,0.091,25.075,444.195,39.248,-74.876,43.849,19623.945,155222.538,20211213_081314,479179,25528,33739,10439
5,KCXX20211213_132015_V06,59.335,0.052,25.293,441.633,47.671,-74.875,43.861,23835.594,154534.467,20211213_082015,479165,23239,31072,10751
5,KCXX20211213_132714_V06,66.318,-1.000,25.487,439.360,56.350,-74.874,43.871,28174.982,153930.467,20211213_082714,479163,22161,29872,10836
5,KCXX20211213_133414_V06,73.318,0.051,27.205,452.436,32.946,-74.862,43.812,16472.893,156248.187,20211213_083414,479165,21697,29105,10863
1,KCXX20211213_112541_V06,-55.232,0.296,216.597,373.781,9.066,-73.688,44.178,4532.763,55676.977,20211213_062541,479172,9984,17797,7564
3,KCXX20211213_113903_V06,-41.865,0.131,22.573,512.686,24.253,-74.883,43.541,12126.373,174786.481,20211213_063903,479173,12256,19585,8165
1,KCXX20211215_112908_V06,-53.298,0.114,215.558,373.764,6.214,-73.694,44.178,3106.934,56061.666,20211215_062908,479172,8160,14864,7721
8,KCXX20211216_123450_V06,11.696,0.233,26.098,406.744,40.687,-74.874,44.018,20343.420,146983.543,20211216_073450,479176,93915,108780,17744
1,KCXX20211217_112833_V06,-55.258,0.117,214.763,373.574,7.251,-73.699,44.179,3625.608,56299.517,20211217_062833,479179,9445,13089,9097
7,KCXX20211218_121749_V06,-6.625,0.103,23.204,124.125,38.088,-74.931,45.289,19043.840,163972.770,20211218_071749,479168,42772,50372,11467
7,KCXX20211218_122223_V06,-2.059,0.139,24.575,124.962,45.122,-74.922,45.285,22561.043,163169.632,20211218_072223,479169,43570,51590,11552
3,KCXX20211218_114543_V06,-38.725,0.091,30.973,266.320,47.675,-74.862,44.650,23837.727,135563.402,20211218_064543,479179,47881,59869,9406
3,KCXX20211218_115017_V06,-34.159,0.062,29.156,253.696,39.052,-74.875,44.707,19525.826,137386.579,20211218_065017,479183,44315,57785,8875
4,KCXX20211218_114543_V06,-38.725,0.081,543.608,483.142,9.876,-71.656,43.677,4937.820,152385.845,20211218_064543,479179,47881,59869,9406
8,KCXX20211218_131235_V06,48.141,0.082,27.439,247.807,32.568,-74.887,44.733,16283.863,138756.774,20211218_081235,479174,37820,50755,11109
1,KCXX20211219_113621_V06,-48.689,0.065,215.181,373.872,8.837,-73.697,44.177,4418.665,56239.078,20211219_063621,479172,31756,65240,9741
1,KCXX20211220_131251_V06,47.252,0.090,23.569,150.195,28.752,-74.925,45.172,14376.173,157206.637,20211220_081251,479178,7253,15084,6584
1,KCXX20211220_131933_V06,53.952,0.078,28.460,150.669,38.541,-74.894,45.170,19270.296,154946.316,20211220_081933,479170,7492,14679,6817
1,KCXX20211220_132634_V06,60.969,0.515,40.024,143.088,51.577,-74.821,45.205,25788.555,151829.474,20211220_082634,479176,6735,15295,6309
1,KCXX20211221_113636_V06,-49.519,0.059,215.731,373.403,6.455,-73.693,44.180,3227.325,55877.745,20211221_063636,479176,24587,64068,7637
5,KCXX20211222_131909_V06,52.550,0.060,524.355,435.273,22.545,-71.770,43.894,11272.371,130990.504,20211222_081909,479174,37200,54691,8393
8,KCXX20211225_122254_V06,-4.908,0.069,515.001,441.912,19.794,-71.829,43.865,9896.961,128806.305,20211225_072254,479175,153170,177887,30569
1,KCXX20211227_113200_V06,-56.410,0.072,205.675,399.362,2.378,-73.755,44.062,1189.056,68501.691,20211227_063200,479176,6526,18546,6239
2,KCXX20211228_113248_V06,-55.849,0.138,217.712,374.997,6.422,-73.681,44.172,3210.825,55668.199,20211228_063248,479169,76149,112574,10806
1,KCXX20211229_113520_V06,-53.513,0.166,205.372,400.324,3.115,-73.757,44.058,1557.259,68955.457,20211229_063520,479166,7191,12063,6889
1,KCXX20211229_114210_V06,-46.680,0.065,205.533,400.006,10.864,-73.756,44.060,5431.800,68784.506,20211229_064210,479169,7729,11942,7357
5,KCXX20211230_123602_V06,7.032,0.318,18.353,272.693,24.519,-74.941,44.620,12259.627,141483.796,20211230_073602,479169,23327,31459,10567
5,KCXX20211230_124303_V06,14.049,0.604,21.808,274.415,32.740,-74.919,44.613,16369.987,139682.983,20211230_074303,479170,23612,31021,10695
5,KCXX20211230_125003_V06,21.049,0.341,30.286,273.534,45.315,-74.866,44.618,22657.578,135504.520,20211230_075003,479165,23094,30630,10524
5,KCXX20211230_130500_V06,35.999,0.148,52.516,256.930,57.615,-74.728,44.694,28807.419,125601.975,20211230_080500,479175,25351,36726,9474
5,KCXX20211230_131150_V06,42.832,0.053,60.025,260.066,58.610,-74.680,44.681,29304.830,121637.399,20211230_081150,479173,26625,36452,9716
5,KCXX20211230_131850_V06,49.832,-1.000,68.437,260.261,61.199,-74.627,44.681,30599.473,117474.008,20211230_081850,479166,24422,32289,10176
5,KCXX20211230_132550_V06,56.832,-1.000,76.849,260.456,63.788,-74.574,44.680,31894.117,113313.844,20211230_082550,479168,23693,32685,9650
5,KCXX20211230_133251_V06,63.849,-1.000,85.281,260.652,66.384,-74.521,44.680,33191.844,109147.383,20211230_083251,479171,25334,35300,9659
5,KCXX20211230_133952_V06,70.865,0.114,64.959,238.675,68.044,-74.651,44.777,34022.179,121454.866,20211230_083952,479169,23546,33025,9704
4,KCXX20211230_114737_V06,-41.385,0.087,45.705,201.491,84.350,-74.777,44.943,42174.866,136354.338,20211230_064737,479165,22496,34457,9344
4,KCXX20211230_120121_V06,-27.651,0.091,45.351,195.081,91.715,-74.781,44.972,45857.452,137708.077,20211230_070121,479167,23626,34986,9440
2,KCXX20211230_114048_V06,-48.201,0.069,47.969,207.239,30.261,-74.762,44.917,15130.602,134279.872,20211230_064048,479167,20549,32289,9027
3,KCXX20211230_114048_V06,-48.201,0.066,22.905,259.631,28.391,-74.914,44.679,14195.257,140010.145,20211230_064048,479167,20549,32289,9027
1,KCXX20211231_113359_V06,-55.131,0.131,214.850,374.669,7.528,-73.699,44.174,3763.945,56625.838,20211231_063359,479177,7701,13524,6886
