track_id,filename,from_sunrise,det_score,x,y,r,lon,lat,radius,geo_dist,local_time,n_radar_pixels,n_refAbove40_pixels,n_xcorrAbove0.95_pixels,n_xcorrBelow0.95_refAbove40_pixels
1,KGYX20180601_080343_V06,-57.899,0.096,281.899,139.755,2.122,-70.371,44.612,1061.237,80631.987,20180601_040343,479171,21256,16286,15714
1,KGYX20180601_081320_V06,-48.282,0.088,281.806,139.718,9.550,-70.372,44.613,4774.874,80655.743,20180601_041320,479171,20190,15317,15063
3,KGYX20180601_081320_V06,-48.282,0.090,292.168,161.991,1.782,-70.306,44.512,891.010,69115.403,20180601_041320,479171,20190,15317,15063
4,KGYX20180601_084120_V06,-20.282,0.089,282.202,138.917,2.129,-70.369,44.616,1064.342,81031.416,20180601_044120,479178,13642,15116,9197
1,KGYX20180602_080350_V06,-57.284,0.063,290.825,163.016,2.250,-70.315,44.508,1125.145,68645.684,20180602_040350,479183,41753,26536,30833
1,KGYX20180603_080632_V06,-54.122,0.060,281.629,139.478,2.404,-70.373,44.614,1202.221,80785.028,20180603_040632,479172,30440,18795,23847
1,KGYX20180604_083549_V06,-24.413,0.064,282.827,138.991,2.292,-70.365,44.616,1145.832,80961.079,20180604_043549,479180,55657,50968,16768
2,KGYX20180604_094200_V06,41.770,0.062,281.627,139.462,2.467,-70.373,44.614,1233.707,80792.878,20180604_054200,479176,97396,87341,23606
1,KGYX20180607_080728_V06,-51.710,0.064,292.271,161.683,1.826,-70.306,44.514,913.048,69266.390,20180607_040728,479172,74174,24516,64897
2,KGYX20180608_081604_V06,-42.834,0.117,77.650,104.784,60.973,-71.661,44.761,30486.279,147943.410,20180608_041604,479174,51305,33569,33631
2,KGYX20180608_082043_V06,-38.184,0.062,78.683,105.489,68.211,-71.655,44.758,34105.593,147322.782,20180608_042043,479175,41164,30584,26114
10,KGYX20180608_090113_V06,2.316,0.059,164.701,38.709,32.939,-71.116,45.064,16469.303,147121.636,20180608_050113,479172,27714,22271,14418
1,KGYX20180609_080040_V06,-57.995,0.107,281.460,139.892,2.253,-70.374,44.612,1126.331,80588.717,20180609_040040,479176,35583,26157,25225
1,KGYX20180609_080458_V06,-53.695,0.132,281.413,139.821,7.662,-70.374,44.612,3830.833,80626.813,20180609_040458,479175,33716,25989,23812
3,KGYX20180609_094248_V06,44.139,0.052,175.152,327.133,2.400,-71.032,43.767,1200.022,63881.315,20180609_054248,479176,16827,11926,13626
1,KGYX20180610_080011_V06,-58.277,0.056,291.837,162.439,1.968,-70.308,44.510,983.826,68901.311,20180610_040011,479172,29576,24865,21430
2,KGYX20180610_090648_V06,8.340,0.118,205.972,268.748,5.783,-70.843,44.031,2891.481,49542.597,20180610_050648,479171,19071,9547,16572
5,KGYX20180611_081538_V06,-42.663,0.239,525.570,449.495,23.646,-68.869,43.210,11823.082,135305.689,20180611_041538,479172,12800,13290,9862
5,KGYX20180611_082517_V06,-33.013,0.079,528.999,451.310,34.394,-68.848,43.202,17197.231,137236.437,20180611_042517,479171,9992,12081,8210
10,KGYX20180611_091328_V06,15.171,0.260,509.470,478.885,13.265,-68.971,43.079,6632.455,137729.166,20180611_051328,479172,12563,16172,10957
10,KGYX20180611_092305_V06,24.787,0.095,515.403,476.891,26.163,-68.934,43.088,13081.363,139363.686,20180611_052305,479173,12518,15203,10838
2,KGYX20180611_080559_V06,-52.313,0.131,208.505,269.515,3.369,-70.828,44.027,1684.452,48219.803,20180611_040559,479171,15071,14875,11352
8,KGYX20180611_090350_V06,5.537,0.107,493.695,378.807,45.552,-69.059,43.530,22775.862,104556.670,20180611_050350,479170,12451,16880,10818
9,KGYX20180611_090350_V06,5.537,0.057,281.356,139.698,2.338,-70.374,44.613,1168.854,80691.488,20180611_050350,479170,12451,16880,10818
2,KGYX20180613_084249_V06,-15.263,0.098,281.651,139.289,2.228,-70.373,44.614,1113.953,80877.692,20180613_044249,479171,9781,6469,8763
2,KGYX20180613_090204_V06,3.987,0.056,281.952,139.916,8.399,-70.371,44.612,4199.599,80549.243,20180613_050204,479170,12141,7433,10946
1,KGYX20180613_081358_V06,-44.113,0.137,281.715,139.569,2.124,-70.372,44.613,1061.794,80734.667,20180613_041358,479172,15346,8864,12561
3,KGYX20180613_093056_V06,32.854,0.092,282.216,139.494,2.072,-70.369,44.614,1035.789,80744.169,20180613_053056,479174,11800,9336,10400
6,KGYX20180614_093135_V06,33.556,0.054,185.743,134.033,24.241,-70.977,44.636,12120.348,100746.848,20180614_053135,479182,20671,30180,9808
6,KGYX20180614_093601_V06,37.990,0.119,187.081,134.174,29.520,-70.968,44.635,14760.216,100310.825,20180614_053601,479172,21449,29175,10675
6,KGYX20180614_094028_V06,42.440,-1.000,188.110,134.282,35.235,-70.962,44.635,17617.681,99977.307,20180614_054028,479167,20862,29587,10273
6,KGYX20180614_094502_V06,47.006,0.169,205.701,134.002,25.986,-70.851,44.637,12992.792,95456.469,20180614_054502,479173,20455,29214,10074
6,KGYX20180614_094934_V06,51.540,0.243,206.311,135.603,31.225,-70.847,44.630,15612.286,94609.727,20180614_054934,479179,21006,29140,10543
6,KGYX20180614_095407_V06,56.090,0.075,213.066,138.635,27.540,-70.805,44.616,13769.909,91646.132,20180614_055407,479174,20562,28845,10506
6,KGYX20180614_100313_V06,65.190,0.159,216.138,138.568,37.118,-70.785,44.617,18559.120,90957.596,20180614_060313,479172,20362,27746,10638
1,KGYX20180614_080422_V06,-53.660,0.064,282.875,139.136,2.345,-70.365,44.615,1172.676,80886.727,20180614_040422,479172,19017,23536,11584
2,KGYX20180614_080422_V06,-53.660,0.052,174.392,328.728,2.343,-71.037,43.759,1171.541,64425.881,20180614_040422,479172,19017,23536,11584
3,KGYX20180614_084311_V06,-14.844,0.076,282.616,138.905,2.080,-70.366,44.616,1040.085,81015.190,20180614_044311,479174,18682,24730,10092
2,KGYX20180615_081619_V06,-41.694,0.065,25.749,185.804,37.675,-71.978,44.392,18837.416,148538.432,20180615_041619,479175,31357,43779,13507
1,KGYX20180616_080429_V06,-53.548,0.064,205.725,268.903,5.133,-70.845,44.030,2566.561,49635.791,20180616_040429,479175,19275,17485,14457
2,KGYX20180616_080429_V06,-53.548,0.054,257.171,108.071,2.301,-70.527,44.755,1150.637,98325.026,20180616_040429,479175,19275,17485,14457
3,KGYX20180616_101848_V06,80.768,0.061,205.961,268.745,5.706,-70.843,44.031,2853.247,49548.364,20180616_061848,479169,15472,11867,12510
1,KGYX20180617_080205_V06,-56.005,0.095,282.564,139.343,2.046,-70.367,44.614,1023.216,80800.056,20180617_040205,479171,22133,13353,18049
2,KGYX20180617_080205_V06,-56.005,0.059,131.858,329.539,2.861,-71.301,43.754,1430.655,85358.421,20180617_040205,479171,22133,13353,18049
3,KGYX20180618_081446_V06,-43.415,0.305,199.794,196.132,63.632,-70.885,44.357,31816.095,72162.594,20180618_041446,479179,102552,90343,25293
3,KGYX20180618_082003_V06,-38.131,0.356,201.982,186.602,81.119,-70.872,44.400,40559.456,74944.678,20180618_042003,479171,104923,92243,25851
22,KGYX20180618_092724_V06,29.219,0.075,224.411,101.579,34.621,-70.734,44.783,17310.307,106165.812,20180618_052724,479169,103904,99218,22541
5,KGYX20180619_092319_V06,25.007,0.114,282.295,138.916,2.159,-70.368,44.616,1079.704,81026.861,20180619_052319,479175,28538,28723,11620
5,KGYX20180619_092742_V06,29.390,0.057,282.265,138.901,7.687,-70.369,44.616,3843.560,81036.257,20180619_052742,479178,28073,27749,11840
1,KGYX20180619_080112_V06,-57.110,0.051,287.980,114.921,2.252,-70.333,44.724,1125.854,92734.544,20180619_040112,479176,48616,54091,16477
2,KGYX20180619_080112_V06,-57.110,0.050,282.122,139.139,2.001,-70.370,44.615,1000.664,80925.882,20180619_040112,479176,48616,54091,16477
1,KGYX20180620_080121_V06,-57.123,0.059,174.817,329.169,2.160,-71.034,43.757,1080.063,64268.019,20180620_040121,479173,20518,13177,16560
2,KGYX20180620_093555_V06,37.443,0.107,206.215,268.957,6.762,-70.842,44.030,3380.890,49394.352,20180620_053555,479175,19780,12472,16292
3,KGYX20180620_101743_V06,79.243,0.068,205.624,268.792,6.376,-70.846,44.030,3188.103,49701.232,20180620_061743,479181,23596,14572,19654
2,KGYX20180621_080040_V06,-58.005,0.075,282.613,139.032,2.791,-70.366,44.616,1395.718,80952.081,20180621_040040,479172,27403,22269,15367
2,KGYX20180621_080459_V06,-53.688,0.070,281.342,136.336,11.079,-70.374,44.628,5539.438,82361.840,20180621_040459,479176,26259,21817,15044
1,KGYX20180621_080040_V06,-58.005,0.119,174.292,328.924,2.567,-71.037,43.759,1283.480,64496.436,20180621_040040,479172,27403,22269,15367
6,KGYX20180621_080459_V06,-53.688,0.080,292.157,161.550,1.845,-70.306,44.514,922.295,69336.002,20180621_040459,479176,26259,21817,15044
1,KGYX20180622_091456_V06,16.029,0.075,205.120,268.527,5.148,-70.849,44.031,2573.996,49981.662,20180622_051456,479171,14310,9218,12467
2,KGYX20180622_094352_V06,44.962,0.060,292.378,161.952,2.121,-70.305,44.513,1060.574,69129.018,20180622_054352,479172,14726,10136,12572
1,KGYX20180623_080237_V06,-56.555,0.114,291.633,161.319,1.935,-70.310,44.515,967.655,69466.411,20180623_040237,479181,26381,21526,17774
2,KGYX20180623_080237_V06,-56.555,0.083,174.362,328.588,2.452,-71.037,43.760,1225.834,64424.905,20180623_040237,479181,26381,21526,17774
3,KGYX20180623_080704_V06,-52.105,0.102,282.121,139.489,1.927,-70.370,44.614,963.341,80751.634,20180623_040704,479173,27818,21280,19017
4,KGYX20180623_090742_V06,8.528,0.051,507.970,442.853,33.077,-68.977,43.241,16538.395,126153.417,20180623_050742,479177,33660,25365,19495
5,KGYX20180624_080248_V06,-56.673,0.058,292.340,161.506,1.924,-70.305,44.515,962.128,69352.626,20180624_040248,479174,15016,19253,9107
6,KGYX20180624_080248_V06,-56.673,0.055,209.436,269.710,3.032,-70.822,44.026,1516.068,47747.452,20180624_040248,479174,15016,19253,9107
7,KGYX20180624_080707_V06,-52.356,0.070,283.076,138.966,2.338,-70.364,44.616,1169.098,80960.661,20180624_040707,479171,14698,18961,8767
8,KGYX20180624_100908_V06,69.661,0.051,204.064,268.954,6.998,-70.855,44.030,3498.814,50417.348,20180624_060908,479175,9048,8192,7175
8,KGYX20180624_101328_V06,73.994,0.115,203.658,269.135,5.679,-70.858,44.029,2839.729,50582.657,20180624_061328,479173,9116,8586,7316
16,KGYX20180625_092244_V06,22.926,0.058,277.750,218.037,21.124,-70.396,44.260,10562.218,42464.575,20180625_052244,479177,167167,165468,35070
17,KGYX20180625_092244_V06,22.926,0.052,45.112,178.132,61.530,-71.858,44.429,30764.957,141262.058,20180625_052244,479177,167167,165468,35070
1,KGYX20180626_080234_V06,-57.607,0.154,304.826,374.113,2.522,-70.227,43.558,1260.801,37134.909,20180626_040234,479178,18946,17774,14033
3,KGYX20180626_085339_V06,-6.524,0.057,206.036,269.239,5.680,-70.843,44.028,2839.966,49435.731,20180626_045339,479168,16505,13543,12891
1,KGYX20180627_080410_V06,-56.406,0.134,281.929,139.315,2.411,-70.371,44.614,1205.566,80849.120,20180627_040410,479173,26388,18245,20530
2,KGYX20180628_092916_V06,28.263,0.070,213.599,425.150,19.769,-70.790,43.327,9884.691,76038.614,20180628_052916,479175,300573,287825,41618
1,KGYX20180629_080338_V06,-57.833,0.094,281.754,139.289,2.126,-70.372,44.614,1062.809,80871.858,20180629_040338,479171,18038,16726,14559
1,KGYX20180629_080810_V06,-53.300,0.067,281.749,139.287,7.800,-70.372,44.615,3899.918,80873.100,20180629_040810,479178,18290,16529,14880
2,KGYX20180629_080338_V06,-57.833,0.061,175.524,328.313,2.042,-71.030,43.761,1021.065,63827.569,20180629_040338,479171,18038,16726,14559
3,KGYX20180629_094950_V06,48.367,0.074,205.721,268.750,5.168,-70.845,44.031,2584.076,49661.681,20180629_054950,479173,14027,7429,12075
1,KGYX20180630_080710_V06,-54.793,0.124,174.791,327.194,2.490,-71.034,43.766,1244.812,64064.122,20180630_040710,479179,28979,17978,22611
2,KGYX20180630_080710_V06,-54.793,0.060,281.530,139.945,2.869,-70.373,44.612,1434.467,80558.715,20180630_040710,479179,28979,17978,22611
3,KGYX20180630_080710_V06,-54.793,0.060,164.301,379.838,3.025,-71.096,43.529,1512.276,78721.639,20180630_040710,479179,28979,17978,22611
5,KGYX20180630_081246_V06,-49.193,0.064,292.131,161.219,1.916,-70.306,44.516,957.848,69501.810,20180630_041246,479171,28727,18254,22463
6,KGYX20180630_085156_V06,-10.026,0.121,250.455,514.044,12.738,-70.560,42.928,6368.942,109851.707,20180630_045156,479179,34958,20702,29246
7,KGYX20180630_091957_V06,17.991,0.124,370.680,268.895,10.603,-69.816,44.031,5301.693,38610.836,20180630_051957,479178,29595,19929,24184
17,KGYX20180701_085247_V06,-9.699,0.112,448.947,30.540,36.678,-69.311,45.100,18338.966,153943.166,20180701_045247,479186,198423,173831,36594
17,KGYX20180701_090342_V06,1.218,0.074,451.613,35.373,46.404,-69.294,45.078,23201.979,152490.907,20180701_050342,479180,183584,158295,38568
17,KGYX20180701_090908_V06,6.651,0.180,455.360,41.843,46.538,-69.271,45.049,23269.087,150649.889,20180701_050908,479171,177126,154013,37257
2,KGYX20180701_081511_V06,-47.299,0.174,48.216,249.921,66.104,-71.829,44.106,33052.013,128357.808,20180701_041511,479178,172782,159246,26108
2,KGYX20180701_082039_V06,-41.832,0.137,47.333,253.095,71.299,-71.835,44.092,35649.695,128491.902,20180701_042039,479174,181643,166027,26230
2,KGYX20180701_082606_V06,-36.382,0.158,60.882,280.264,67.763,-71.747,43.970,33881.615,119965.749,20180701_042606,479189,187444,169817,27386
2,KGYX20180701_083133_V06,-30.932,0.278,63.215,285.209,73.733,-71.732,43.948,36866.667,118623.431,20180701_043133,479181,188722,170257,28428
2,KGYX20180701_083651_V06,-25.632,0.209,59.783,316.726,59.642,-71.750,43.806,29821.018,120399.187,20180701_043651,479189,191932,172150,30984
4,KGYX20180701_081511_V06,-47.299,0.051,352.976,122.637,28.211,-69.923,44.689,14105.747,92552.673,20180701_041511,479178,172782,159246,26108
4,KGYX20180701_082039_V06,-41.832,0.066,355.591,124.913,34.847,-69.906,44.679,17423.402,91850.179,20180701_042039,479174,181643,166027,26230
4,KGYX20180701_082606_V06,-36.382,0.090,372.900,137.776,29.112,-69.798,44.620,14555.836,88925.815,20180701_042606,479189,187444,169817,27386
22,KGYX20180701_091419_V06,11.835,0.253,150.951,416.478,30.742,-71.176,43.363,15371.222,94581.463,20180701_051419,479176,167861,148480,36482
1,KGYX20180702_080646_V06,-56.268,0.096,292.475,162.179,2.093,-70.304,44.512,1046.707,69012.954,20180702_040646,479173,20890,15880,16191
1,KGYX20180703_080659_V06,-56.632,0.076,249.300,186.041,2.312,-70.575,44.404,1156.076,62364.014,20180703_040659,479197,14051,17002,8240
2,KGYX20180703_080659_V06,-56.632,0.069,275.133,124.083,15.294,-70.414,44.683,7647.129,88832.652,20180703_040659,479197,14051,17002,8240
5,KGYX20180703_100609_V06,62.534,0.051,292.389,162.846,1.945,-70.305,44.509,972.332,68682.524,20180703_060609,479185,10779,16297,8046
6,KGYX20180703_102211_V06,78.568,0.083,282.043,139.106,2.013,-70.370,44.615,1006.458,80946.588,20180703_062211,479188,10616,15990,8137
1,KGYX20180704_080619_V06,-57.908,0.065,281.622,139.255,2.252,-70.373,44.615,1126.072,80895.983,20180704_040619,479172,28232,16973,22197
2,KGYX20180704_081057_V06,-53.275,0.139,303.131,403.918,4.783,-70.238,43.424,2391.624,51982.777,20180704_041057,479174,29366,17044,23546
4,KGYX20180704_084041_V06,-23.541,0.055,433.914,404.970,13.517,-69.430,43.416,6758.398,85076.143,20180704_044041,479174,36880,17090,32124
5,KGYX20180704_090347_V06,-0.441,0.051,309.215,414.329,15.647,-70.200,43.377,7823.469,57349.701,20180704_050347,479173,45091,20366,39317
6,KGYX20180705_102546_V06,80.905,0.071,282.024,140.104,2.480,-70.370,44.611,1239.826,80451.633,20180705_062546,479174,24451,14604,20429
6,KGYX20180705_103025_V06,85.555,0.109,282.005,140.104,8.113,-70.370,44.611,4056.602,80452.678,20180705_063025,479172,24901,14564,20761
1,KGYX20180705_080815_V06,-56.612,0.205,389.680,379.659,8.217,-69.702,43.532,4108.706,59975.215,20180705_040815,479174,25898,16633,20395
2,KGYX20180705_080815_V06,-56.612,0.149,315.024,155.839,2.427,-70.162,44.540,1213.364,72470.814,20180705_040815,479174,25898,16633,20395
3,KGYX20180705_080815_V06,-56.612,0.069,281.914,140.283,2.383,-70.371,44.610,1191.635,80369.079,20180705_040815,479174,25898,16633,20395
4,KGYX20180705_083601_V06,-28.845,0.089,204.511,269.603,7.286,-70.852,44.027,3643.103,50105.008,20180705_043601,479173,25700,10435,22726
5,KGYX20180705_093918_V06,34.438,0.075,416.276,431.505,16.715,-69.540,43.297,8357.477,87769.051,20180705_053918,479175,25794,18590,21277
1,KGYX20180706_080739_V06,-57.875,0.093,281.864,140.254,2.444,-70.371,44.610,1221.817,80386.030,20180706_040739,479179,26408,27527,9802
3,KGYX20180706_082335_V06,-41.942,0.078,295.695,322.824,8.491,-70.284,43.789,4245.262,11613.298,20180706_042335,479181,31223,33415,9973
1,KGYX20180709_081003_V06,-57.619,0.112,291.597,161.152,2.019,-70.310,44.516,1009.415,69550.877,20180709_041003,479176,23304,17884,18112
1,KGYX20180710_102322_V06,74.935,0.133,282.762,139.234,2.708,-70.366,44.615,1353.848,80843.944,20180710_062322,479175,27515,17081,22738
19,KGYX20180711_102540_V06,76.449,0.053,325.203,276.744,24.181,-70.100,43.996,12090.363,17146.841,20180711_062540,479179,48189,33451,33467
19,KGYX20180711_103037_V06,81.399,0.074,325.940,274.693,31.243,-70.095,44.005,15621.477,18119.768,20180711_063037,479175,46906,33232,32680
6,KGYX20180711_083258_V06,-36.251,0.130,372.966,270.785,13.264,-69.802,44.022,6631.802,39298.478,20180711_043258,479196,55065,48952,23952
7,KGYX20180711_083258_V06,-36.251,0.050,292.511,162.345,1.911,-70.304,44.511,955.631,68929.396,20180711_043258,479196,55065,48952,23952
13,KGYX20180711_100120_V06,52.116,0.054,342.692,198.681,61.042,-69.989,44.347,30521.088,54972.839,20180711_060120,479187,54730,37259,35903
14,KGYX20180711_100617_V06,57.066,0.173,185.605,296.206,17.498,-70.969,43.906,8749.197,57228.719,20180711_060617,479197,53702,36421,35364
15,KGYX20180711_100617_V06,57.066,0.057,18.500,328.223,19.468,-72.005,43.751,9734.234,141455.804,20180711_060617,479197,53702,36421,35364
18,KGYX20180711_101612_V06,66.982,0.055,230.502,292.365,17.551,-70.690,43.925,8775.497,34958.100,20180711_061612,479181,51185,34643,35092
1,KGYX20180712_100805_V06,58.058,0.062,131.627,329.831,2.971,-71.302,43.752,1485.535,85497.422,20180712_060805,479175,24347,13066,21518
1,KGYX20180714_100134_V06,49.864,0.189,27.421,400.877,48.895,-71.940,43.425,24447.403,145323.398,20180714_060134,479176,19717,18442,11197
1,KGYX20180714_100654_V06,55.197,0.150,28.500,402.714,54.981,-71.933,43.417,27490.645,145139.678,20180714_060654,479170,20327,19928,11116
1,KGYX20180715_081335_V06,-58.987,0.111,281.339,139.699,2.232,-70.374,44.613,1115.993,80691.523,20180715_041335,479171,22765,24124,10389
3,KGYX20180715_083455_V06,-37.654,0.065,282.180,138.843,2.148,-70.369,44.617,1074.219,81069.534,20180715_043455,479174,23259,25279,10126
6,KGYX20180715_102516_V06,72.696,0.061,281.747,139.106,2.574,-70.372,44.615,1286.961,80963.113,20180715_062516,479175,16534,19161,8927
3,KGYX20180717_102707_V06,72.756,0.053,23.166,93.837,24.361,-72.007,44.806,12180.511,172583.555,20180717_062707,479178,13617,17281,6407
3,KGYX20180717_103057_V06,76.589,0.067,23.702,92.751,29.404,-72.003,44.811,14702.006,172693.641,20180717_063057,479195,13096,17942,6025
3,KGYX20180717_103447_V06,80.423,0.059,27.657,88.101,32.338,-71.979,44.832,16169.204,172533.695,20180717_063447,479192,13981,18241,6383
1,KGYX20180717_081832_V06,-55.827,0.062,281.859,139.501,2.300,-70.371,44.614,1149.807,80760.424,20180717_041832,479177,13363,15866,8518
1,KGYX20180717_082352_V06,-50.494,0.217,281.861,139.387,8.192,-70.371,44.614,4096.097,80816.989,20180717_042352,479173,14339,16289,9113
1,KGYX20180718_082006_V06,-55.181,0.072,292.347,161.715,1.828,-70.305,44.514,914.192,69248.362,20180718_042006,479178,42246,37031,22954
1,KGYX20180719_091035_V06,-5.634,0.169,205.140,268.841,5.423,-70.849,44.030,2711.304,49923.189,20180719_051035,479171,21750,15538,17489
1,KGYX20180721_094100_V06,22.866,0.077,205.381,268.912,5.415,-70.847,44.030,2707.472,49797.861,20180721_054100,479176,25939,14233,20641
1,KGYX20180722_082352_V06,-55.246,0.063,292.552,67.951,3.347,-70.304,44.936,1673.641,116084.460,20180722_042352,479169,27430,25352,19893
2,KGYX20180722_084023_V06,-38.729,0.073,407.035,527.876,24.250,-69.602,42.864,12124.872,125880.794,20180722_044023,479179,29744,24390,22150
3,KGYX20180722_090154_V06,-17.213,0.091,231.649,88.924,3.766,-70.689,44.840,1883.051,110933.522,20180722_050154,479175,24236,20796,17587
4,KGYX20180722_091244_V06,-6.379,0.057,392.952,521.777,34.957,-69.688,42.892,17478.729,120234.107,20180722_051244,479177,22859,20380,16320
4,KGYX20180722_091806_V06,-1.013,0.061,370.653,519.099,25.708,-69.824,42.905,12853.756,115104.422,20180722_051806,479177,22918,20977,16245
6,KGYX20180722_092326_V06,4.321,0.080,331.623,530.399,20.626,-70.064,42.854,10313.165,116279.399,20180722_052326,479174,22579,21498,15868
7,KGYX20180723_101751_V06,57.745,0.080,246.341,218.786,22.404,-70.593,44.256,11201.900,48669.777,20180723_061751,479176,71088,81964,14735
3,KGYX20180724_103404_V06,72.958,0.069,310.171,155.504,29.148,-70.193,44.542,14574.127,72426.722,20180724_063404,479178,9805,13226,7690
3,KGYX20180724_103927_V06,78.341,0.068,311.381,152.323,35.316,-70.185,44.556,17657.904,74057.276,20180724_063927,479174,9331,13996,7229
2,KGYX20180724_082857_V06,-52.159,0.052,296.922,124.520,12.928,-70.276,44.681,6464.203,87753.536,20180724_042857,479171,10470,31259,8154
2,KGYX20180726_093425_V06,11.266,0.073,36.903,416.645,40.951,-71.880,43.355,20475.693,143897.719,20180726_053425,479180,303708,280430,36735
2,KGYX20180726_094037_V06,17.466,0.060,37.279,416.780,47.191,-71.877,43.354,23595.553,143753.045,20180726_054037,479193,300253,276197,37761
2,KGYX20180726_094648_V06,23.649,0.090,41.295,406.817,48.824,-71.854,43.399,24411.794,139944.712,20180726_054648,479175,296216,271780,38001
2,KGYX20180726_095259_V06,29.833,0.065,44.167,401.696,47.692,-71.837,43.423,23846.092,137652.152,20180726_055259,479180,289402,268925,35539
13,KGYX20180728_102452_V06,59.633,0.074,26.889,207.390,44.020,-71.968,44.295,22009.850,144192.742,20180728_062452,479175,59209,22943,49575
1,KGYX20180729_082949_V06,-56.472,0.052,132.058,329.756,2.833,-71.300,43.753,1416.620,85278.682,20180729_042949,479175,62108,25899,48637
1,KGYX20180730_091008_V06,-17.219,0.173,262.014,402.670,16.892,-70.492,43.429,8446.060,54735.767,20180730_051008,479171,24242,16867,19814
2,KGYX20180730_102404_V06,56.714,0.089,384.150,390.962,2.538,-69.737,43.481,1269.140,61958.341,20180730_062404,479177,35782,17866,30500
3,KGYX20180730_104240_V06,75.314,0.063,205.326,269.100,6.640,-70.847,44.029,3320.171,49794.368,20180730_064240,479176,35441,18532,29934
1,KGYX20180731_083453_V06,-53.541,0.109,25.114,359.394,20.184,-71.960,43.611,10091.846,140614.751,20180731_043453,479178,76462,33485,59295
1,KGYX20180731_083927_V06,-48.975,0.186,25.654,359.303,26.091,-71.956,43.612,13045.539,140341.363,20180731_043927,479175,77874,33233,60599
1,KGYX20180731_084359_V06,-44.441,0.477,27.544,373.501,35.464,-71.943,43.548,17732.155,141098.065,20180731_044359,479172,77410,33406,60412
1,KGYX20180731_084832_V06,-39.891,0.717,30.109,379.324,40.805,-71.926,43.522,20402.480,140653.313,20180731_044832,479176,74313,33794,57407
1,KGYX20180731_085305_V06,-35.341,-1.000,32.364,386.711,47.163,-71.911,43.489,23581.259,140665.846,20180731_045305,479171,69625,33486,53667
1,KGYX20180731_090224_V06,-26.025,0.119,23.867,367.084,29.623,-71.966,43.577,14811.623,142082.577,20180731_050224,479173,54694,30022,42138
1,KGYX20180731_090718_V06,-21.125,0.059,24.646,367.404,36.629,-71.961,43.575,18314.749,141741.868,20180731_050718,479173,48102,28299,36703
5,KGYX20180731_093955_V06,11.492,0.189,22.906,352.223,25.562,-71.974,43.643,12780.996,140985.985,20180731_053955,479171,47316,24961,36866
5,KGYX20180731_094422_V06,15.942,0.418,24.139,351.978,31.942,-71.967,43.645,15971.168,140357.345,20180731_054422,479178,48436,24599,38247
5,KGYX20180731_094849_V06,20.392,0.247,30.045,348.771,33.437,-71.930,43.660,16718.272,137162.791,20180731_054849,479175,48791,23709,39045
5,KGYX20180731_095311_V06,24.759,0.318,33.616,345.555,34.002,-71.909,43.674,17000.835,135125.764,20180731_055311,479172,52754,24430,42307
5,KGYX20180731_100149_V06,33.392,-1.000,41.464,339.701,36.509,-71.861,43.701,18254.493,130783.269,20180731_060149,479180,50514,24151,40359
5,KGYX20180731_100608_V06,37.709,0.063,67.256,341.919,32.153,-71.701,43.694,16076.706,118244.372,20180731_060608,479172,48036,24170,37962
4,KGYX20180731_093055_V06,2.492,0.065,16.788,353.033,22.975,-72.012,43.639,11487.492,144067.024,20180731_053055,479176,43708,26101,33287
4,KGYX20180731_093527_V06,7.025,0.140,18.031,352.556,29.059,-72.004,43.641,14529.363,143412.705,20180731_053527,479170,45104,25492,34495
2,KGYX20180731_085305_V06,-35.341,0.290,32.724,374.043,34.614,-71.911,43.546,17307.114,138671.341,20180731_045305,479171,69625,33486,53667
6,KGYX20180731_094849_V06,20.392,0.061,25.361,102.489,32.579,-71.992,44.767,16289.419,169142.755,20180731_054849,479175,48791,23709,39045
8,KGYX20180731_101903_V06,50.625,0.076,17.238,320.636,18.357,-72.013,43.785,9178.511,141756.914,20180731_061903,479173,47198,25553,36268
5,KGYX20180802_094245_V06,12.160,0.403,26.128,206.795,52.722,-71.973,44.298,26360.752,144648.819,20180802_054245,479174,9671,11204,6649
5,KGYX20180802_094754_V06,17.310,0.123,26.655,204.523,59.452,-71.970,44.308,29725.787,144770.118,20180802_054754,479174,11080,11023,7559
1,KGYX20180802_083509_V06,-55.440,0.064,248.475,186.525,2.559,-70.580,44.402,1279.633,62312.619,20180802_043509,479170,20072,23511,12246
2,KGYX20180802_084018_V06,-50.290,0.256,281.619,139.504,2.210,-70.373,44.614,1105.137,80772.310,20180802_044018,479176,19125,22785,11684
7,KGYX20180802_101425_V06,43.827,0.095,44.222,188.278,78.763,-71.862,44.383,39381.577,139556.433,20180802_061425,479182,14904,14863,8469
7,KGYX20180803_093925_V06,7.734,0.339,433.020,220.414,23.380,-69.424,44.246,11689.819,77505.425,20180803_053925,479173,29719,22751,21621
7,KGYX20180803_094433_V06,12.867,0.330,436.781,219.265,30.571,-69.401,44.251,15285.300,79415.516,20180803_054433,479177,32341,24125,23099
7,KGYX20180803_094942_V06,18.017,0.051,453.440,216.513,33.276,-69.296,44.263,16638.058,87341.104,20180803_054942,479173,34980,24227,24816
7,KGYX20180803_095450_V06,23.151,0.078,464.715,208.904,37.517,-69.225,44.297,18758.274,94113.582,20180803_055450,479177,35821,25388,24480
4,KGYX20180803_091850_V06,-12.849,0.430,382.801,214.653,21.486,-69.738,44.274,10742.802,59456.094,20180803_051850,479174,28969,29373,18981
4,KGYX20180803_092359_V06,-7.699,0.526,386.758,211.776,27.367,-69.713,44.287,13683.438,61867.687,20180803_052359,479174,28351,28202,18630
4,KGYX20180803_092909_V06,-2.533,0.195,403.435,199.026,23.229,-69.608,44.344,11614.429,72274.625,20180803_052909,479176,28783,25193,19885
8,KGYX20180803_104710_V06,75.484,0.056,258.759,128.264,28.496,-70.517,44.664,14247.887,88309.386,20180803_064710,479183,32693,21640,25506
8,KGYX20180803_105218_V06,80.617,0.141,264.392,126.964,34.586,-70.481,44.670,17293.137,88330.773,20180803_065218,479174,33051,21963,25609
5,KGYX20180803_092359_V06,-7.699,0.065,382.133,251.231,29.044,-69.744,44.110,14522.121,47760.637,20180803_052359,479174,28351,28202,18630
1,KGYX20180805_092928_V06,-4.419,0.249,370.662,274.288,7.025,-69.816,44.006,3512.680,37597.397,20180805_052928,479176,16745,19055,13084
1,KGYX20180805_093503_V06,1.165,0.267,373.651,275.333,16.673,-69.798,44.001,8336.472,38835.721,20180805_053503,479174,18231,18609,14469
1,KGYX20180806_092338_V06,-11.361,0.060,372.082,272.262,7.133,-69.807,44.015,3566.525,38617.224,20180806_052338,479170,30945,20161,25227
1,KGYX20180806_092913_V06,-5.778,0.065,371.346,271.726,15.713,-69.812,44.018,7856.482,38372.176,20180806_052913,479175,36416,20790,30420
1,KGYX20180807_092024_V06,-15.708,0.129,380.516,273.697,11.328,-69.755,44.009,5663.769,42351.901,20180807_052024,479177,21814,17730,17673
1,KGYX20180807_092559_V06,-10.125,0.266,380.839,275.052,18.363,-69.753,44.003,9181.715,42300.604,20180807_052559,479171,23492,17463,18859
1,KGYX20180807_093134_V06,-4.542,0.447,382.473,277.362,18.508,-69.743,43.992,9254.168,42761.627,20180807_053134,479175,25919,18073,21001
1,KGYX20180808_091818_V06,-18.926,0.940,454.831,87.205,8.084,-69.278,44.845,4041.946,131580.954,20180808_051818,479173,42479,24395,35227
1,KGYX20180808_092354_V06,-13.326,0.186,454.836,87.527,15.248,-69.278,44.843,7624.228,131452.567,20180808_052354,479173,37525,23361,30925
2,KGYX20180808_092354_V06,-13.326,0.213,367.307,275.933,10.825,-69.837,43.999,5412.289,35740.109,20180808_052354,479173,37525,23361,30925
7,KGYX20180809_103206_V06,53.752,0.358,226.530,255.449,28.248,-70.716,44.091,14124.004,42961.336,20180809_063206,479179,80784,84340,19380
7,KGYX20180809_103703_V06,58.702,0.518,226.849,254.060,35.671,-70.714,44.097,17835.517,43190.068,20180809_063703,479187,80258,84236,18794
7,KGYX20180809_104230_V06,64.152,0.172,226.035,251.574,46.157,-70.719,44.108,23078.261,44203.703,20180809_064230,479181,79350,83134,18427
11,KGYX20180809_110057_V06,82.602,0.072,236.752,190.235,79.342,-70.654,44.385,39670.799,63341.793,20180809_070057,479172,80731,80136,22166
11,KGYX20180809_110746_V06,89.419,0.180,240.629,187.919,85.201,-70.630,44.395,42600.358,63417.316,20180809_070746,479174,78761,80901,22119
6,KGYX20180809_102702_V06,48.686,0.148,211.475,262.013,31.493,-70.809,44.061,15746.313,48165.693,20180809_062702,479183,80417,82923,19548
1,KGYX20180811_085347_V06,-46.817,0.100,47.683,499.237,53.458,-71.804,42.984,26729.002,160747.517,20180811_045347,479169,90799,24552,77736
1,KGYX20180811_090440_V06,-35.933,0.162,49.239,483.307,66.855,-71.796,43.056,33427.331,155308.228,20180811_050440,479174,69289,28629,56772
2,KGYX20180811_091007_V06,-30.483,0.137,281.570,139.590,3.080,-70.373,44.613,1539.806,80732.790,20180811_051007,479179,56401,29616,44851
4,KGYX20180814_090322_V06,-40.627,0.054,286.517,138.928,10.245,-70.342,44.616,5122.448,80817.506,20180814_050322,479170,51083,51876,20377
6,KGYX20180818_093106_V06,-17.432,0.302,38.513,485.213,42.935,-71.862,43.046,21467.491,160217.828,20180818_053106,479194,68226,71025,17833
6,KGYX20180818_093559_V06,-12.549,0.267,40.247,483.702,50.110,-71.851,43.053,25054.985,159074.104,20180818_053559,479177,68188,72605,16700
6,KGYX20180818_094105_V06,-7.449,0.173,46.542,481.776,48.774,-71.813,43.063,24386.882,155951.253,20180818_054105,479181,71551,77155,16430
6,KGYX20180818_094610_V06,-2.366,0.367,52.661,473.051,52.366,-71.776,43.102,26182.966,150933.175,20180818_054610,479177,72608,80207,15909
6,KGYX20180818_095117_V06,2.751,0.347,56.346,469.950,54.991,-71.754,43.117,27495.252,148534.555,20180818_055117,479163,75698,83103,16620
2,KGYX20180818_090029_V06,-48.049,0.230,45.056,475.937,47.506,-71.823,43.089,23752.964,154878.972,20180818_050029,479190,70245,70661,22638
2,KGYX20180818_090549_V06,-42.716,0.177,46.141,472.077,54.773,-71.816,43.106,27386.558,153341.891,20180818_050549,479196,70542,70118,23299
5,KGYX20180818_090029_V06,-48.049,0.051,281.598,139.405,2.104,-70.373,44.614,1051.815,80822.881,20180818_050029,479190,70245,70661,22638
7,KGYX20180818_093106_V06,-17.432,0.176,287.942,373.767,14.423,-70.332,43.559,7211.655,37372.766,20180818_053106,479194,68226,71025,17833
15,KGYX20180818_100659_V06,18.451,0.068,211.206,395.431,32.572,-70.806,43.461,16286.238,65175.845,20180818_060659,479180,92801,93420,20342
18,KGYX20180818_103541_V06,47.151,0.394,265.777,384.823,23.638,-70.469,43.509,11818.794,45733.268,20180818_063541,479172,132898,129452,26647
1,KGYX20180819_100702_V06,17.366,0.744,184.127,576.158,18.433,-70.963,42.646,9216.254,149741.168,20180819_060702,479170,51688,21512,45134
1,KGYX20180822_090101_V06,-52.056,0.079,283.110,139.308,2.308,-70.363,44.614,1154.224,80788.795,20180822_050101,479174,41228,45861,16919
1,KGYX20180823_090426_V06,-49.773,0.062,288.131,114.412,2.098,-70.332,44.726,1048.927,92983.481,20180823_050426,479177,37249,23373,27445
2,KGYX20180823_090940_V06,-44.540,0.174,281.785,139.344,2.197,-70.372,44.614,1098.511,80842.456,20180823_050940,479176,36113,23469,26405
1,KGYX20180825_090528_V06,-51.007,0.118,329.566,101.908,8.766,-70.070,44.783,4383.087,100143.208,20180825_050528,479177,85845,23034,73049
1,KGYX20180828_090458_V06,-54.903,0.223,268.208,193.241,13.352,-70.456,44.372,6675.982,55696.150,20180828_050458,479177,114130,26626,94706
1,KGYX20180828_091007_V06,-49.753,0.057,269.760,193.623,19.372,-70.447,44.370,9685.971,55295.683,20180828_051007,479178,112050,27427,92167
1,KGYX20180828_091516_V06,-44.603,-1.000,271.025,193.935,25.792,-70.439,44.369,12895.993,54975.537,20180828_051516,479175,106169,29001,85636
1,KGYX20180828_092025_V06,-39.453,0.389,282.194,197.515,8.446,-70.369,44.353,4223.045,52010.289,20180828_052025,479169,96855,30332,76222
1,KGYX20180828_092533_V06,-34.320,0.104,284.667,197.619,14.501,-70.353,44.352,7250.726,51761.544,20180828_052533,479179,84401,32488,63498
2,KGYX20180828_091007_V06,-49.753,0.261,236.468,239.989,17.102,-70.654,44.161,8551.052,43696.772,20180828_051007,479178,112050,27427,92167
3,KGYX20180828_091007_V06,-49.753,0.082,285.798,122.842,19.340,-70.347,44.689,9669.754,88863.185,20180828_051007,479178,112050,27427,92167
1,KGYX20180829_102223_V06,21.382,0.068,293.167,418.534,31.510,-70.299,43.358,15754.967,59365.151,20180829_062223,479170,38783,17508,34445
9,KGYX20180830_112406_V06,81.968,0.067,401.071,77.311,18.318,-69.617,44.892,9158.970,122276.324,20180830_072406,479173,83227,57203,41398
1,KGYX20180901_101659_V06,12.590,0.172,212.306,547.348,13.897,-70.793,42.777,6948.350,131216.544,20180901_061659,479174,29894,18459,23117
1,KGYX20180901_102132_V06,17.140,0.071,212.342,546.741,20.281,-70.793,42.780,10140.519,130924.671,20180901_062132,479170,30729,18471,23847
1,KGYX20180901_102605_V06,21.690,0.206,201.416,549.439,32.005,-70.859,42.767,16002.286,134106.764,20180901_062605,479168,30485,17875,23868
3,KGYX20180901_104415_V06,39.857,0.186,223.750,516.431,13.977,-70.724,42.916,6988.633,114735.105,20180901_064415,479179,31187,18901,24162
3,KGYX20180901_104842_V06,44.307,-1.000,223.750,516.431,21.053,-70.724,42.916,10526.383,114735.105,20180901_064842,479177,31215,19096,24197
3,KGYX20180901_105314_V06,48.840,0.078,224.061,516.793,25.032,-70.722,42.915,12515.939,114854.412,20180901_065314,479173,30310,19003,23383
1,KGYX20180902_090653_V06,-58.640,0.251,276.697,126.385,18.799,-70.404,44.673,9399.403,87586.076,20180902_050653,479180,33319,22222,24789
1,KGYX20180902_091131_V06,-54.007,0.180,276.304,126.463,24.647,-70.406,44.672,12323.721,87573.895,20180902_051131,479167,35551,22241,26741
2,KGYX20180902_090653_V06,-58.640,0.062,291.924,161.568,1.817,-70.308,44.514,908.314,69333.700,20180902_050653,479180,33319,22222,24789
6,KGYX20180902_102457_V06,19.426,0.168,270.863,125.450,18.872,-70.441,44.677,9436.058,88482.741,20180902_062457,479173,14994,11671,11417
9,KGYX20180903_095246_V06,-13.888,0.081,26.716,163.460,28.816,-71.975,44.493,14408.184,152747.647,20180903_055246,479176,16479,18501,10523
9,KGYX20180903_100122_V06,-5.288,0.155,31.204,161.417,40.469,-71.947,44.503,20234.404,151208.578,20180903_060122,479172,14947,16708,8750
9,KGYX20180903_100602_V06,-0.621,0.117,36.600,154.852,44.837,-71.914,44.533,22418.627,150372.415,20180903_060602,479173,15575,15571,9007
1,KGYX20180903_090928_V06,-57.188,0.064,283.041,139.112,2.388,-70.364,44.615,1194.019,80889.590,20180903_050928,479173,39459,20748,29721
6,KGYX20180903_092236_V06,-44.054,0.076,284.406,384.803,13.820,-70.353,43.510,6910.212,43112.663,20180903_052236,479171,47944,22223,36902
7,KGYX20180903_095246_V06,-13.888,0.162,281.839,140.704,2.500,-70.371,44.608,1250.092,80163.824,20180903_055246,479176,16479,18501,10523
11,KGYX20180903_100602_V06,-0.621,0.059,301.755,374.100,5.537,-70.246,43.558,2768.272,37060.383,20180903_060602,479173,15575,15571,9007
3,KGYX20180905_101104_V06,2.151,0.337,298.792,373.064,8.315,-70.264,43.563,4157.459,36536.852,20180905_061104,479176,66515,28507,51077
3,KGYX20180905_101639_V06,7.734,0.265,299.524,372.770,14.380,-70.260,43.564,7189.966,36385.577,20180905_061639,479173,69880,26400,55197
3,KGYX20180906_100446_V06,-5.280,0.456,308.068,377.207,6.691,-70.207,43.544,3345.602,38813.607,20180906_060446,479177,14410,14828,10345
3,KGYX20180906_101001_V06,-0.030,0.188,309.091,376.103,13.866,-70.201,43.549,6933.163,38321.970,20180906_061001,479174,16121,15933,11730
3,KGYX20180906_101510_V06,5.120,0.327,312.525,374.424,15.499,-70.179,43.556,7749.742,37735.171,20180906_061510,479173,17115,16787,12409
3,KGYX20180906_102019_V06,10.270,0.151,314.288,374.137,15.390,-70.169,43.558,7695.063,37750.442,20180906_062019,479172,19064,17031,13949
2,KGYX20180906_094358_V06,-26.080,0.112,282.068,139.693,1.980,-70.370,44.613,990.166,80653.408,20180906_054358,479174,13499,14617,9833
2,KGYX20180906_094908_V06,-20.913,0.088,282.331,139.564,8.087,-70.368,44.613,4043.578,80703.187,20180906_054908,479179,12281,14435,8941
1,KGYX20180906_092831_V06,-41.530,0.065,282.332,139.281,1.941,-70.368,44.615,970.657,80843.843,20180906_052831,479170,24056,18258,17276
1,KGYX20180907_100258_V06,-8.211,0.306,287.991,385.400,8.131,-70.331,43.507,4065.527,43120.201,20180907_060258,479185,82917,33734,68529
1,KGYX20180907_100701_V06,-4.161,0.602,287.410,385.908,12.458,-70.335,43.505,6228.892,43413.088,20180907_060701,479186,81106,32102,67521
1,KGYX20180907_101104_V06,-0.111,0.064,292.770,385.661,14.221,-70.302,43.506,7110.273,42982.796,20180907_061104,479192,78180,31460,65167
1,KGYX20180908_102116_V06,8.958,0.309,291.293,403.615,17.198,-70.311,43.425,8598.969,51990.036,20180908_062116,479171,34039,18585,28621
1,KGYX20180908_103054_V06,18.591,0.161,297.351,392.034,25.259,-70.273,43.477,12629.649,46036.313,20180908_063054,479170,36942,17478,31364
1,KGYX20180908_104033_V06,28.241,0.100,304.092,387.608,19.670,-70.232,43.497,9835.140,43851.932,20180908_064033,479170,36898,17923,31073
1,KGYX20180909_113507_V06,81.676,0.152,298.496,375.262,11.848,-70.266,43.553,5923.777,37638.709,20180909_073507,479171,33853,21006,26944
1,KGYX20180910_103148_V06,17.227,0.068,203.986,268.710,6.542,-70.856,44.031,3270.754,50491.882,20180910_063148,479174,37765,28715,29027
3,KGYX20180912_101100_V06,-5.837,0.072,282.388,138.861,2.025,-70.368,44.616,1012.691,81049.139,20180912_061100,479182,31085,32143,15483
1,KGYX20180914_102140_V06,2.563,0.108,279.493,381.195,5.564,-70.384,43.526,2781.832,41872.164,20180914_062140,479178,69490,26202,59124
1,KGYX20180914_102715_V06,8.147,0.102,279.481,381.130,12.629,-70.384,43.526,6314.730,41842.108,20180914_062715,479175,81364,24110,71025
1,KGYX20180914_103252_V06,13.763,0.473,279.931,382.839,16.822,-70.381,43.519,8410.897,42617.631,20180914_063252,479177,89348,22846,78710
1,KGYX20180915_101707_V06,-3.121,0.244,291.077,379.455,5.503,-70.312,43.534,2751.564,39977.069,20180915_061707,479172,29131,22502,22303
1,KGYX20180915_102245_V06,2.513,0.398,293.011,379.087,12.020,-70.300,43.535,6009.886,39697.561,20180915_062245,479175,35098,20741,28191
1,KGYX20180915_102812_V06,7.963,0.829,293.033,381.930,16.399,-70.300,43.523,8199.377,41112.904,20180915_062812,479183,44574,20340,36827
1,KGYX20180915_103348_V06,13.563,0.832,296.000,383.005,21.184,-70.282,43.518,10591.923,41550.426,20180915_063348,479171,50656,21429,42076
1,KGYX20180915_103909_V06,18.913,0.416,299.027,380.147,25.839,-70.263,43.531,12919.652,40076.636,20180915_063909,479170,56253,22454,46506
1,KGYX20180915_104446_V06,24.529,0.474,304.828,380.698,27.439,-70.227,43.528,13719.695,40421.388,20180915_064446,479174,56671,23637,46341
1,KGYX20180915_105023_V06,30.146,0.340,312.420,380.467,28.908,-70.180,43.529,14453.855,40710.081,20180915_065023,479176,55158,23697,45061
3,KGYX20180917_102053_V06,-1.625,0.103,285.186,382.499,14.619,-70.349,43.520,7309.330,41909.138,20180917_062053,479182,25143,17734,20697
3,KGYX20180917_102630_V06,3.992,0.869,289.990,378.335,17.805,-70.319,43.539,8902.309,39485.772,20180917_062630,479171,32985,18375,27282
3,KGYX20180917_103158_V06,9.459,0.779,292.669,373.913,21.137,-70.302,43.559,10568.743,37137.819,20180917_063158,479172,37440,18748,30919
3,KGYX20180917_103734_V06,15.059,0.740,301.816,370.904,20.967,-70.246,43.572,10483.409,35463.680,20180917_063734,479167,42657,19168,35404
3,KGYX20180917_104311_V06,20.675,0.203,308.177,367.220,22.480,-70.206,43.589,11239.909,33857.691,20180917_064311,479166,42476,19717,34723
1,KGYX20180917_093749_V06,-44.691,0.073,435.690,563.486,20.258,-69.429,42.703,10128.761,148186.415,20180917_053749,479173,62953,23112,52229
1,KGYX20180917_094326_V06,-39.075,-1.000,435.690,563.486,29.188,-69.429,42.703,14594.011,148186.415,20180917_054326,479177,58599,23371,48055
1,KGYX20180917_094903_V06,-33.458,0.058,492.924,558.393,60.450,-69.079,42.722,30225.029,161234.955,20180917_054903,479175,46581,22741,37119
1,KGYX20180918_092738_V06,-56.011,0.076,282.090,140.515,2.671,-70.370,44.609,1335.361,80243.942,20180918_052738,479175,212277,189677,46011
10,KGYX20180918_113548_V06,72.155,0.079,274.860,128.593,18.144,-70.415,44.663,9072.006,86620.612,20180918_073548,479173,214635,205690,34261
1,KGYX20180919_093025_V06,-54.366,0.063,280.405,141.233,2.047,-70.380,44.606,1023.529,79985.859,20180919_053025,479173,40092,17318,33443
2,KGYX20180919_093025_V06,-54.366,0.050,292.527,161.765,2.065,-70.304,44.513,1032.391,69218.438,20180919_053025,479173,40092,17318,33443
3,KGYX20180919_112602_V06,61.251,0.184,281.731,139.809,2.062,-70.372,44.612,1030.972,80614.484,20180919_072602,479167,32972,15804,28198
2,KGYX20180920_102259_V06,-2.938,0.471,282.554,383.607,3.409,-70.365,43.515,1704.514,42704.039,20180920_062259,479172,22745,26608,15299
2,KGYX20180920_103237_V06,6.695,0.477,282.171,382.929,11.420,-70.367,43.518,5709.900,42411.906,20180920_063237,479175,31663,25228,23380
6,KGYX20180920_112049_V06,54.895,0.158,297.831,373.833,11.747,-70.270,43.559,5873.444,36932.612,20180920_072049,479174,54661,22924,44246
6,KGYX20180920_113027_V06,64.528,0.052,299.498,377.319,20.182,-70.260,43.543,10090.877,38660.392,20180920_073027,479174,52228,25690,40140
1,KGYX20180920_092735_V06,-58.338,0.093,284.855,59.980,11.768,-70.353,44.971,5883.888,120248.572,20180920_052735,479175,126042,19871,113859
3,KGYX20180921_104644_V06,19.671,0.640,301.542,375.790,11.099,-70.247,43.550,5549.547,37902.965,20180921_064644,479176,30942,16593,24373
3,KGYX20180921_105153_V06,24.821,0.678,301.213,376.223,15.832,-70.249,43.548,7916.095,38116.091,20180921_065153,479177,32584,16311,26043
3,KGYX20180921_110212_V06,35.137,0.075,295.526,379.599,24.201,-70.285,43.533,12100.680,39862.494,20180921_070212,479169,33292,16239,26756
6,KGYX20180921_112802_V06,60.971,0.134,321.809,374.617,17.975,-70.122,43.556,8987.682,38869.290,20180921_072802,479174,30251,16886,23624
1,KGYX20180922_092936_V06,-58.606,0.062,281.431,139.448,2.612,-70.374,44.614,1305.878,80811.123,20180922_052936,479179,48082,40493,26681
5,KGYX20180922_103925_V06,11.211,0.068,281.820,139.483,1.837,-70.371,44.614,918.331,80771.676,20180922_063925,479180,17298,24322,12458
6,KGYX20180922_104346_V06,15.561,0.054,292.397,161.816,1.846,-70.305,44.513,923.138,69196.674,20180922_064346,479183,18794,23524,13847
1,KGYX20180923_103336_V06,4.249,0.440,278.696,381.115,16.605,-70.389,43.526,8302.294,41933.114,20180923_063336,479168,41984,14665,36667
1,KGYX20180923_104314_V06,13.883,0.673,282.617,377.900,20.224,-70.364,43.541,10112.102,39907.832,20180923_064314,479172,61026,14195,54953
1,KGYX20180923_110233_V06,33.199,0.389,294.095,364.645,16.171,-70.294,43.600,8085.676,32456.859,20180923_070233,479170,65089,19884,55558
1,KGYX20180923_110755_V06,38.566,0.648,293.986,364.276,20.874,-70.294,43.602,10437.016,32278.564,20180923_070755,479177,62014,20187,52551
1,KGYX20180923_111332_V06,44.183,0.329,297.180,364.702,16.602,-70.274,43.600,8301.203,32381.693,20180923_071332,479175,61010,20122,51615
1,KGYX20180923_111909_V06,49.799,0.120,297.323,364.524,22.896,-70.274,43.601,11447.846,32289.989,20180923_071909,479177,58454,19889,49311
1,KGYX20180925_093650_V06,-54.815,0.061,135.375,331.635,5.176,-71.279,43.744,2588.226,83818.521,20180925_053650,479172,76768,24096,63710
2,KGYX20180925_110125_V06,29.769,0.099,305.633,375.046,6.199,-70.222,43.554,3099.411,37628.629,20180925_070125,479173,23253,12362,19253
1,KGYX20180926_093531_V06,-57.284,0.353,281.493,139.642,2.132,-70.374,44.613,1066.074,80711.060,20180926_053531,479174,15721,31335,7132
1,KGYX20180926_094742_V06,-45.101,-1.000,281.493,139.642,21.504,-70.374,44.613,10751.824,80711.060,20180926_054742,479173,15801,29560,7596
1,KGYX20180926_095257_V06,-39.851,0.068,281.399,139.897,2.176,-70.374,44.612,1087.826,80589.857,20180926_055257,479173,15338,29063,7353
2,KGYX20180926_093531_V06,-57.284,0.331,248.833,184.903,2.596,-70.578,44.409,1297.756,62979.082,20180926_053531,479174,15721,31335,7132
12,KGYX20180926_113139_V06,58.849,0.110,282.795,139.302,2.520,-70.365,44.614,1260.014,80808.290,20180926_073139,479172,10610,19845,6410
13,KGYX20180926_114708_V06,74.333,0.064,281.987,140.040,2.353,-70.370,44.611,1176.460,80485.272,20180926_074708,479179,11785,21436,6823
1,KGYX20180927_104635_V06,12.627,0.118,25.073,440.173,33.999,-71.950,43.248,16999.607,154299.331,20180927_064635,479170,55055,18528,46009
1,KGYX20180928_105113_V06,16.101,0.054,42.013,159.995,81.409,-71.879,44.510,40704.453,146764.229,20180928_065113,479171,300358,231875,85082
4,KGYX20180928_111934_V06,44.451,0.076,78.234,136.664,93.715,-71.654,44.618,46857.681,137712.457,20180928_071934,479177,285738,216551,91375
1,KGYX20180929_093944_V06,-56.546,0.072,175.047,327.375,2.126,-71.033,43.766,1062.901,63958.011,20180929_053944,479176,73874,21787,62504
2,KGYX20180929_103552_V06,-0.412,0.063,345.025,152.335,3.392,-69.974,44.556,1695.755,77188.439,20180929_063552,479171,30927,16308,24602
1,KGYX20180930_104002_V06,2.588,0.899,279.947,391.946,11.025,-70.381,43.478,5512.356,47053.868,20180930_064002,479173,50990,15890,44448
1,KGYX20180930_104941_V06,12.238,0.893,278.563,391.550,17.202,-70.389,43.479,8601.232,47012.892,20180930_064941,479171,53260,20983,43870
1,KGYX20180930_110025_V06,22.971,0.886,279.375,392.122,23.417,-70.384,43.477,11708.323,47201.272,20180930_070025,479174,52226,21424,42750
1,KGYX20180930_110602_V06,28.588,0.051,272.554,396.718,32.673,-70.426,43.456,16336.598,50268.506,20180930_070602,479175,51414,21444,41951
3,KGYX20180930_111707_V06,39.671,0.068,299.328,375.888,10.288,-70.261,43.550,5144.245,37945.564,20180930_071707,479171,48334,21359,39144
4,KGYX20180930_113933_V06,62.104,0.154,296.568,374.325,14.006,-70.278,43.557,7002.771,37202.055,20180930_073933,479173,45151,21579,36029
1,KGYX20181003_094412_V06,-56.772,0.156,291.100,161.720,2.331,-70.313,44.514,1165.257,69283.149,20181003_054412,479174,137478,99147,59629
1,KGYX20181003_094951_V06,-51.122,0.052,291.509,161.602,8.707,-70.310,44.514,4353.654,69329.234,20181003_054951,479171,130923,96235,56713
2,KGYX20181003_094412_V06,-56.772,0.099,437.268,527.050,10.629,-69.417,42.866,5314.705,132659.517,20181003_054412,479174,137478,99147,59629
8,KGYX20181003_110815_V06,27.278,0.051,308.610,350.129,16.213,-70.204,43.666,8106.451,25431.661,20181003_070815,479173,40099,38843,14645
1,KGYX20181004_094312_V06,-58.956,0.091,270.450,117.397,13.203,-70.443,44.713,6601.749,92489.112,20181004_054312,479176,23907,39501,20893
2,KGYX20181004_094312_V06,-58.956,0.064,211.309,271.091,6.626,-70.810,44.020,3312.946,46641.849,20181004_054312,479176,23907,39501,20893
1,KGYX20181005_103041_V06,-12.662,0.095,277.856,394.649,5.122,-70.394,43.465,2560.879,48602.245,20181005_063041,479171,50306,22923,42432
4,KGYX20181006_103915_V06,-5.289,0.092,340.901,153.561,7.988,-70.000,44.550,3993.919,76022.044,20181006_063915,479171,79268,25420,65588
4,KGYX20181006_104451_V06,0.311,0.174,341.533,153.691,14.296,-69.996,44.549,7148.095,76044.809,20181006_064451,479176,98223,24441,83367
2,KGYX20181007_100404_V06,-41.671,0.181,20.245,270.537,13.211,-72.001,44.011,6605.522,140651.302,20181007_060404,479174,79266,19061,68221
1,KGYX20181008_110303_V06,16.109,0.066,221.562,329.954,7.357,-70.744,43.756,3678.671,41981.389,20181008_070303,479172,39792,17739,33985
2,KGYX20181009_095430_V06,-53.650,0.080,281.569,140.491,2.704,-70.373,44.609,1351.810,80285.044,20181009_055430,479171,50586,17267,42617
1,KGYX20181010_100229_V06,-46.880,0.120,290.635,161.134,2.585,-70.316,44.516,1292.397,69590.873,20181010_060229,479176,66853,21711,55208
6,KGYX20181011_103216_V06,-18.315,0.264,30.581,486.322,41.123,-71.910,43.041,20561.531,163785.230,20181011_063216,479176,103866,115595,23749
6,KGYX20181011_103853_V06,-11.698,0.140,33.768,482.274,48.619,-71.891,43.059,24309.644,161325.123,20181011_063853,479178,118430,129633,24887
2,KGYX20181011_095227_V06,-58.131,0.075,281.546,140.148,2.442,-70.373,44.611,1221.031,80456.729,20181011_055227,479178,67135,66602,28466
4,KGYX20181011_095227_V06,-58.131,0.055,268.181,122.839,15.329,-70.458,44.688,7664.276,89998.024,20181011_055227,479178,67135,66602,28466
5,KGYX20181012_114806_V06,56.295,0.070,281.572,139.717,2.191,-70.373,44.613,1095.612,80669.480,20181012_074806,479177,56273,49615,18608
5,KGYX20181012_115315_V06,61.445,0.065,281.818,139.489,8.242,-70.371,44.614,4121.112,80768.585,20181012_075315,479172,57849,51583,18556
2,KGYX20181012_104005_V06,-11.721,0.074,270.900,125.142,17.660,-70.440,44.678,8830.135,88631.346,20181012_064005,479169,48753,42958,20707
1,KGYX20181013_101753_V06,-35.149,0.158,71.686,348.022,76.114,-71.672,43.666,38057.022,116654.649,20181013_061753,479171,183210,58125,133568
2,KGYX20181013_103008_V06,-22.899,0.143,30.278,62.277,40.234,-71.966,44.948,20117.222,179765.396,20181013_063008,479175,158781,71494,101435
1,KGYX20181019_100957_V06,-50.552,0.130,281.895,140.508,2.638,-70.371,44.609,1318.817,80258.012,20181019_060957,479175,18069,11047,14810
1,KGYX20181020_113627_V06,34.686,0.142,206.040,268.396,5.027,-70.843,44.032,2513.527,49566.301,20181020_073627,479173,37870,29271,16174
1,KGYX20181020_114056_V06,39.169,0.059,205.879,268.509,10.676,-70.844,44.032,5338.138,49624.626,20181020_074056,479175,36801,28938,15340
2,KGYX20181021_120535_V06,62.553,0.089,298.196,300.952,10.418,-70.268,43.887,5209.225,1019.923,20181021_080535,479168,94870,78795,30719
1,KGYX20181022_110218_V06,-2.002,0.053,355.298,334.651,9.681,-69.914,43.735,4840.702,32628.994,20181022_070218,479176,29415,12277,25321
1,KGYX20181023_103759_V06,-27.594,0.074,27.621,229.779,36.705,-71.961,44.195,18352.318,140642.824,20181023_063759,479178,175605,88715,104525
2,KGYX20181023_110633_V06,0.972,0.057,43.000,226.297,47.041,-71.865,44.212,23520.390,133679.923,20181023_070633,479173,138881,105447,55768
1,KGYX20181024_102727_V06,-39.408,0.129,321.734,364.331,20.766,-70.122,43.602,10382.788,33951.458,20181024_062727,479175,243214,165697,90493
1,KGYX20181024_103305_V06,-33.775,0.057,321.454,365.030,26.778,-70.124,43.599,13389.045,34238.881,20181024_063305,479169,241805,164307,90497
2,KGYX20181024_103305_V06,-33.775,0.073,39.827,139.707,53.882,-71.896,44.601,26940.800,152793.581,20181024_063305,479169,241805,164307,90497
2,KGYX20181024_104038_V06,-26.225,0.052,36.470,137.877,60.255,-71.917,44.609,30127.305,154702.953,20181024_064038,479177,238498,165308,88842
3,KGYX20181024_110302_V06,-3.825,0.104,404.324,306.567,22.817,-69.608,43.860,11408.691,52264.987,20181024_070302,479176,237074,177434,81157
3,KGYX20181024_110853_V06,2.025,0.479,404.379,306.129,29.004,-69.608,43.862,14502.137,52279.238,20181024_070853,479179,245403,174537,88941
1,KGYX20181025_110808_V06,-0.010,0.064,297.553,302.920,12.813,-70.272,43.878,6406.296,1904.688,20181025_070808,479171,20361,7631,17971
1,KGYX20181026_121802_V06,68.601,0.079,281.673,131.948,16.326,-70.372,44.648,8163.166,84523.948,20181026_081802,479174,15834,15518,12022
2,KGYX20181027_112552_V06,15.140,0.078,29.992,421.709,31.179,-71.922,43.331,15589.492,148085.636,20181027_072552,479171,61669,46494,24705
5,KGYX20181029_121050_V06,57.506,0.110,132.672,331.152,21.001,-71.296,43.746,10500.401,85101.570,20181029_081050,479184,109697,91484,43614
5,KGYX20181029_121657_V06,63.622,0.074,134.278,330.140,29.499,-71.286,43.751,14749.478,84220.170,20181029_081657,479170,103714,88023,42111
1,KGYX20181029_102304_V06,-50.261,0.114,353.326,298.799,29.546,-69.925,43.896,14772.785,26669.972,20181029_062304,479170,156818,131996,48532
1,KGYX20181030_101607_V06,-58.517,0.380,273.473,393.124,4.940,-70.421,43.472,2469.839,48414.219,20181030_061607,479185,60071,36718,39015
1,KGYX20181030_102119_V06,-53.317,0.633,272.513,393.104,10.997,-70.427,43.472,5498.537,48538.215,20181030_062119,479186,57802,37349,36666
1,KGYX20181030_102651_V06,-47.784,0.221,271.206,393.626,13.006,-70.435,43.470,6503.027,48976.931,20181030_062651,479187,57067,37876,35760
1,KGYX20181031_115052_V06,34.923,0.140,27.381,46.099,33.401,-71.986,45.021,16700.294,186270.432,20181031_075052,479172,44891,19563,36261
3,KGYX20181101_123806_V06,80.843,0.071,27.553,485.875,37.904,-71.929,43.043,18951.782,164906.649,20181101_083806,479175,25025,20123,15097
1,KGYX20181104_121939_V06,58.436,0.066,271.878,224.437,3.494,-70.433,44.231,1746.845,40313.233,20181104_071939,479172,16907,8645,14181
1,KGYX20181107_103556_V06,-49.253,0.093,282.428,138.949,1.881,-70.368,44.616,940.594,81003.523,20181107_053556,479181,17013,20239,12914
1,KGYX20181109_122547_V06,57.949,0.053,174.780,328.455,2.332,-71.034,43.761,1165.754,64206.103,20181109_072547,479167,17823,10058,14953
1,KGYX20181111_103201_V06,-58.462,0.191,206.160,269.070,5.371,-70.842,44.029,2685.442,49403.079,20181111_053201,479173,16952,11449,13552
1,KGYX20181112_104058_V06,-50.830,0.052,208.527,270.088,2.726,-70.827,44.025,1362.928,48119.745,20181112_054058,479173,21368,15495,16561
1,KGYX20181113_110816_V06,-24.844,0.058,211.929,411.087,14.203,-70.800,43.390,7101.429,70881.512,20181113_060816,479174,463048,337748,125667
1,KGYX20181114_103501_V06,-59.405,0.189,206.497,268.990,5.465,-70.840,44.029,2732.525,49255.501,20181114_053501,479174,13256,7404,11178
1,KGYX20181114_104439_V06,-49.772,0.062,206.027,269.126,13.257,-70.843,44.029,6628.475,49457.413,20181114_054439,479175,13426,9177,10772
1,KGYX20181115_104215_V06,-53.478,0.100,205.996,268.988,5.483,-70.843,44.029,2741.301,49493.568,20181115_054215,479173,21318,15226,16603
2,KGYX20181115_110132_V06,-34.194,0.063,292.080,161.477,2.265,-70.307,44.515,1132.732,69374.766,20181115_060132,479172,18505,14339,14440
3,KGYX20181115_122106_V06,45.372,0.115,203.497,268.243,6.196,-70.859,44.033,3097.784,50796.948,20181115_072106,479175,16910,12033,13456
1,KGYX20181118_104704_V06,-52.541,0.117,205.543,269.315,5.177,-70.846,44.028,2588.591,49658.047,20181118_054704,479173,24470,17354,18471
1,KGYX20181119_104616_V06,-54.620,0.139,282.769,139.382,2.758,-70.365,44.614,1378.967,80769.814,20181119_054616,479174,192590,178656,43818
1,KGYX20181120_114507_V06,2.960,0.099,281.518,139.777,2.379,-70.373,44.612,1189.568,80642.554,20181120_064507,479173,380805,328385,63399
1,KGYX20181120_115212_V06,10.043,0.072,281.554,139.723,9.516,-70.373,44.613,4758.170,80667.440,20181120_065212,479176,377355,324865,63896
1,KGYX20181121_105004_V06,-53.350,0.116,206.188,268.892,5.457,-70.842,44.030,2728.254,49417.660,20181121_055004,479172,11244,8587,8837
1,KGYX20181121_110919_V06,-34.100,0.058,208.397,270.254,2.938,-70.828,44.024,1469.175,48156.005,20181121_060919,479174,12195,9275,9654
4,KGYX20181121_120710_V06,23.750,0.062,205.940,269.222,5.493,-70.844,44.028,2746.492,49483.560,20181121_070710,479170,14210,9061,11948
5,KGYX20181121_124541_V06,62.266,0.148,205.580,268.951,5.309,-70.846,44.030,2654.299,49696.927,20181121_074541,479172,11709,9224,9732
1,KGYX20181122_104826_V06,-56.234,0.083,206.305,269.074,5.516,-70.841,44.029,2757.874,49333.503,20181122_054826,479170,7765,5074,6404
2,KGYX20181122_110741_V06,-36.984,0.068,271.749,224.406,3.040,-70.434,44.231,1519.794,40350.223,20181122_060741,479167,8979,5068,7469
3,KGYX20181122_124403_V06,59.383,0.051,206.219,269.044,5.501,-70.842,44.029,2750.366,49379.064,20181122_074403,479174,9710,4753,8311
1,KGYX20181123_105014_V06,-55.673,0.066,299.110,301.744,11.005,-70.262,43.884,5502.277,979.187,20181123_055014,479172,8634,6805,6906
1,KGYX20181123_110929_V06,-36.423,0.338,298.539,301.629,16.492,-70.266,43.884,8245.848,1093.882,20181123_060929,479174,10883,7605,8872
3,KGYX20181123_120715_V06,21.344,0.209,205.442,268.507,5.017,-70.847,44.032,2508.480,49832.288,20181123_070715,479173,11096,6196,9372
3,KGYX20181123_121653_V06,30.977,0.083,205.614,268.633,12.468,-70.846,44.031,6233.973,49730.743,20181123_071653,479177,10427,6723,8627
3,KGYX20181123_122631_V06,40.611,-1.000,205.776,268.751,20.397,-70.845,44.030,10198.310,49635.385,20181123_072631,479169,10472,6035,8810
3,KGYX20181123_123609_V06,50.244,0.076,206.243,269.155,5.563,-70.842,44.029,2781.490,49350.296,20181123_073609,479171,10580,6077,8915
2,KGYX20181123_110929_V06,-36.423,0.084,206.108,269.201,5.440,-70.843,44.028,2720.213,49407.206,20181123_060929,479174,10883,7605,8872
1,KGYX20181124_110035_V06,-46.549,0.134,208.883,270.135,2.739,-70.825,44.024,1369.539,47943.510,20181124_060035,479167,11867,10056,8886
1,KGYX20181124_111013_V06,-36.916,0.115,208.238,269.489,11.170,-70.829,44.027,5585.150,48350.882,20181124_061013,479171,12990,10750,9840
3,KGYX20181124_122719_V06,40.184,0.066,205.958,268.818,5.546,-70.843,44.030,2773.087,49538.450,20181124_072719,479172,11976,6382,10258
4,KGYX20181124_130552_V06,78.734,0.085,205.751,269.189,5.448,-70.845,44.029,2723.816,49578.853,20181124_080552,479172,10635,6523,8817
2,KGYX20181127_112014_V06,-30.499,0.158,536.610,437.197,41.880,-68.800,43.265,20940.022,136754.733,20181127_062014,479169,393419,327403,68828
4,KGYX20181129_110502_V06,-48.023,0.060,298.048,301.521,5.899,-70.269,43.885,2949.547,1237.316,20181129_060502,479169,31250,26577,11314
4,KGYX20181129_111440_V06,-38.390,0.050,298.589,301.579,13.797,-70.266,43.884,6898.528,1058.870,20181129_061440,479170,37037,31329,12359
4,KGYX20181129_112615_V06,-26.806,0.207,298.370,302.189,14.257,-70.267,43.882,7128.251,1364.651,20181129_062615,479174,42997,35484,13968
4,KGYX20181129_113553_V06,-17.173,0.318,298.321,302.538,13.515,-70.267,43.880,6757.274,1521.569,20181129_063553,479170,47945,39096,15039
4,KGYX20181129_114530_V06,-7.556,-1.000,298.263,302.906,13.158,-70.268,43.878,6578.849,1692.631,20181129_064530,479173,51747,42575,15705
4,KGYX20181129_120445_V06,11.694,0.192,297.982,302.390,12.860,-70.269,43.881,6430.220,1563.801,20181129_070445,479172,54575,48846,13688
4,KGYX20181129_121423_V06,21.327,0.232,298.186,302.585,11.988,-70.268,43.880,5993.841,1579.159,20181129_071423,479171,56224,50911,13529
4,KGYX20181129_122359_V06,30.927,0.114,298.204,302.391,12.156,-70.268,43.881,6077.767,1495.295,20181129_072359,479172,55961,53626,12346
2,KGYX20181129_110502_V06,-48.023,0.158,205.966,269.273,5.021,-70.843,44.028,2510.523,49463.275,20181129_060502,479169,31250,26577,11314
2,KGYX20181129_111440_V06,-38.390,0.076,205.741,269.092,12.419,-70.845,44.029,6209.691,49598.484,20181129_061440,479170,37037,31329,12359
5,KGYX20181129_114530_V06,-7.556,0.216,298.505,301.799,12.035,-70.266,43.883,6017.593,1169.560,20181129_064530,479173,51747,42575,15705
7,KGYX20181129_130232_V06,69.477,0.080,298.690,303.919,10.874,-70.265,43.874,5437.134,2066.193,20181129_080232,479174,60305,58229,12622
1,KGYX20181130_110009_V06,-54.042,0.070,206.496,269.102,5.289,-70.840,44.029,2644.667,49238.469,20181130_060009,479171,16284,15575,11882
1,KGYX20181201_121753_V06,22.574,0.093,205.871,269.144,5.191,-70.844,44.029,2595.621,49528.751,20181201_071753,479172,13715,9251,9212
1,KGYX20181201_122732_V06,32.224,0.055,205.751,269.037,12.847,-70.845,44.029,6423.590,49602.397,20181201_072732,479172,12814,8602,8886
1,KGYX20181203_114151_V06,-15.635,0.158,204.584,532.320,32.572,-70.841,42.844,16285.976,125575.490,20181203_064151,479171,14537,11432,8874
1,KGYX20181204_110904_V06,-49.474,0.229,299.332,302.260,10.779,-70.261,43.881,5389.385,1178.384,20181204_060904,479168,20347,20127,10200
1,KGYX20181205_110927_V06,-50.123,0.073,206.260,268.918,5.132,-70.842,44.030,2566.029,49379.508,20181205_060927,479174,12548,11945,9493
1,KGYX20181206_110602_V06,-54.548,0.109,208.753,269.745,2.958,-70.826,44.026,1478.975,48066.093,20181206_060602,479171,21835,28792,12663
1,KGYX20181206_111539_V06,-44.931,0.059,207.347,269.366,11.560,-70.835,44.028,5780.145,48792.786,20181206_061539,479172,22927,28290,13492
2,KGYX20181207_111041_V06,-50.882,0.146,331.565,76.674,16.635,-70.057,44.896,8317.478,112772.754,20181207_061041,479171,81274,81424,19377
1,KGYX20181208_110750_V06,-54.689,0.345,206.320,268.959,5.163,-70.841,44.030,2581.524,49344.185,20181208_060750,479172,9721,7296,7805
1,KGYX20181208_111728_V06,-45.056,0.094,206.321,269.388,13.019,-70.841,44.028,6509.736,49276.767,20181208_061728,479174,9102,7345,7280
1,KGYX20181208_112706_V06,-35.422,-1.000,206.322,269.791,21.329,-70.841,44.026,10664.481,49214.209,20181208_062706,479173,10465,7499,8655
1,KGYX20181208_113645_V06,-25.772,0.056,205.969,268.988,5.237,-70.843,44.029,2618.645,49506.332,20181208_063645,479174,11559,6833,9844
1,KGYX20181208_114625_V06,-16.106,0.120,205.902,268.952,12.511,-70.844,44.030,6255.614,49543.835,20181208_064625,479174,13668,10068,10985
1,KGYX20181208_115054_V06,-11.622,0.100,205.334,268.960,5.458,-70.847,44.030,2728.821,49812.532,20181208_065054,479173,14074,10401,11121
1,KGYX20181208_115526_V06,-7.089,0.142,205.278,268.896,10.923,-70.848,44.030,5461.441,49849.154,20181208_065526,479174,13527,10176,10718
5,KGYX20181208_111728_V06,-45.056,0.213,299.820,301.897,10.857,-70.258,43.883,5428.429,952.638,20181208_061728,479174,9102,7345,7280
5,KGYX20181208_112706_V06,-35.422,0.054,296.976,302.031,19.881,-70.276,43.882,9940.384,1821.187,20181208_062706,479173,10465,7499,8655
11,KGYX20181208_124306_V06,40.578,0.066,299.740,302.832,6.510,-70.259,43.879,3254.818,1421.751,20181208_074306,479172,9440,7140,7754
11,KGYX20181208_130222_V06,59.844,0.121,298.782,302.075,15.499,-70.265,43.882,7749.423,1203.058,20181208_080222,479172,9158,6535,7529
11,KGYX20181208_131201_V06,69.494,0.297,297.995,301.465,13.673,-70.269,43.885,6836.361,1241.381,20181208_081201,479172,9264,6449,7815
3,KGYX20181208_110750_V06,-54.689,0.081,217.384,331.065,2.729,-70.770,43.750,1364.668,44131.806,20181208_060750,479172,9721,7296,7805
8,KGYX20181208_121411_V06,11.661,0.306,298.365,302.664,13.112,-70.267,43.879,6555.939,1563.009,20181208_071411,479172,11312,6893,9707
8,KGYX20181208_122350_V06,21.311,0.079,298.791,301.198,11.197,-70.264,43.886,5598.598,851.210,20181208_072350,479173,10488,7092,8793
12,KGYX20181208_130222_V06,59.844,0.090,205.677,268.915,5.640,-70.845,44.030,2819.830,49656.385,20181208_080222,479172,9158,6535,7529
1,KGYX20181210_124145_V06,37.396,0.080,295.873,300.624,17.358,-70.283,43.889,8679.115,2086.752,20181210_074145,479170,11415,9831,8742
2,KGYX20181210_132017_V06,75.929,0.108,297.523,302.933,13.333,-70.272,43.878,6666.351,1919.336,20181210_082017,479171,9802,7827,7768
1,KGYX20181211_110657_V06,-58.277,0.216,208.258,269.840,3.235,-70.829,44.026,1617.449,48286.205,20181211_060657,479173,9730,6958,7775
1,KGYX20181211_111635_V06,-48.643,0.221,207.086,269.392,11.195,-70.836,44.028,5597.570,48912.945,20181211_061635,479174,9294,6449,7489
1,KGYX20181212_110734_V06,-58.502,0.063,206.071,268.807,5.290,-70.843,44.030,2644.987,49486.627,20181212_060734,479180,51164,55190,15970
6,KGYX20181212_130610_V06,60.098,0.149,367.898,143.311,61.395,-69.829,44.596,30697.262,85383.985,20181212_080610,479175,39220,50215,16907
2,KGYX20181213_113610_V06,-30.713,0.074,205.895,269.115,5.177,-70.844,44.029,2588.278,49521.927,20181213_063610,479169,13385,6573,11431
2,KGYX20181213_114548_V06,-21.080,0.078,205.530,268.960,12.458,-70.846,44.030,6229.103,49719.623,20181213_064548,479169,14106,9677,11349
4,KGYX20181213_130854_V06,62.020,0.061,205.917,269.134,5.321,-70.844,44.029,2660.328,49508.276,20181213_080854,479168,12447,6542,10373
4,KGYX20181213_131832_V06,71.653,0.080,206.066,269.139,12.867,-70.843,44.029,6433.648,49436.746,20181213_081832,479170,12818,6146,10895
1,KGYX20181213_111118_V06,-55.580,0.052,175.135,328.462,2.350,-71.032,43.761,1175.232,64033.676,20181213_061118,479174,10849,8809,8545
3,KGYX20181213_123958_V06,33.087,0.052,206.325,269.616,5.643,-70.841,44.027,2821.293,49239.542,20181213_073958,479173,13126,6159,11160
1,KGYX20181214_111022_V06,-57.292,0.153,208.705,270.095,3.103,-70.826,44.025,1551.424,48033.913,20181214_061022,479171,7574,6182,6503
1,KGYX20181214_112001_V06,-47.642,0.070,207.436,269.518,11.799,-70.834,44.027,5899.611,48726.927,20181214_062001,479171,8032,6343,6564
1,KGYX20181215_111306_V06,-55.304,0.113,205.926,269.014,5.089,-70.844,44.029,2544.445,49522.957,20181215_061306,479172,8830,4964,7357
1,KGYX20181215_112245_V06,-45.654,0.095,206.016,269.140,12.656,-70.843,44.029,6327.841,49460.405,20181215_062245,479172,8886,5263,7344
2,KGYX20181215_120119_V06,-7.087,0.078,208.099,270.351,2.980,-70.830,44.023,1489.792,48282.774,20181215_070119,479177,11962,7887,9750
2,KGYX20181217_112934_V06,-40.226,0.100,36.125,230.295,44.568,-71.907,44.193,22283.890,136463.468,20181217_062934,479177,198401,201899,40808
2,KGYX20181217_113639_V06,-33.142,0.198,36.978,233.102,56.187,-71.902,44.181,28093.614,135698.282,20181217_063639,479177,197504,200529,41056
2,KGYX20181217_114345_V06,-26.042,0.388,41.413,216.184,70.519,-71.876,44.257,35259.588,135915.790,20181217_064345,479180,197807,201337,40956
2,KGYX20181217_115050_V06,-18.959,-1.000,45.186,202.755,84.334,-71.854,44.318,42166.982,136369.626,20181217_065050,479166,199259,202391,40623
2,KGYX20181217_120500_V06,-4.792,0.107,48.604,197.888,81.210,-71.833,44.340,40605.030,135671.545,20181217_070500,479172,203392,206009,40406
5,KGYX20181217_115050_V06,-18.959,0.474,41.991,238.298,57.443,-71.870,44.158,28721.563,132642.266,20181217_065050,479166,199259,202391,40623
1,KGYX20181218_111143_V06,-58.717,0.207,206.259,268.972,5.684,-70.842,44.030,2842.230,49371.207,20181218_061143,479173,69987,82406,13761
1,KGYX20181218_112121_V06,-49.084,0.156,206.193,268.953,12.795,-70.842,44.030,6397.443,49405.837,20181218_062121,479169,65986,76478,13559
1,KGYX20181218_113059_V06,-39.450,0.054,205.870,269.413,6.931,-70.844,44.028,3465.515,49487.326,20181218_063059,479170,61944,70358,13549
1,KGYX20181219_111214_V06,-58.805,0.118,208.669,270.275,2.854,-70.827,44.024,1426.846,48023.091,20181219_061214,479171,8187,5797,6710
3,KGYX20181219_114110_V06,-29.872,0.051,205.672,269.097,5.359,-70.845,44.029,2679.411,49630.639,20181219_064110,479171,9160,5408,7898
4,KGYX20181219_123859_V06,27.945,0.091,205.631,268.785,5.030,-70.846,44.030,2515.043,49698.787,20181219_073859,479172,9042,6005,7654
1,KGYX20181220_111645_V06,-54.857,0.095,205.756,269.004,5.448,-70.845,44.029,2723.934,49605.014,20181220_061645,479170,11143,8796,8718
2,KGYX20181220_111645_V06,-54.857,0.052,174.895,328.134,2.215,-71.034,43.762,1107.737,64114.845,20181220_061645,479170,11143,8796,8718
3,KGYX20181220_131859_V06,67.377,0.110,203.533,268.846,6.348,-70.859,44.030,3174.080,50686.349,20181220_081859,479176,12449,8903,9947
4,KGYX20181220_131859_V06,67.377,0.064,514.702,517.184,3.086,-68.942,42.906,1543.187,152697.405,20181220_081859,479176,12449,8903,9947
5,KGYX20181220_133539_V06,84.043,0.107,204.191,269.196,5.781,-70.854,44.028,2890.423,50319.574,20181220_083539,479176,11551,8525,9379
1,KGYX20181223_111313_V06,-59.867,0.091,206.453,268.819,5.435,-70.840,44.030,2717.470,49303.212,20181223_061313,479176,9464,8962,7083
1,KGYX20181223_112251_V06,-50.234,0.058,206.305,268.768,12.917,-70.841,44.030,6458.317,49381.623,20181223_062251,479175,9815,9149,7303
1,KGYX20181224_111616_V06,-57.233,0.219,206.329,268.971,5.599,-70.841,44.030,2799.509,49338.412,20181224_061616,479174,14775,12034,8200
1,KGYX20181224_112554_V06,-47.599,0.064,206.941,269.372,12.808,-70.837,44.028,6404.242,48984.856,20181224_062554,479172,14187,10961,8312
1,KGYX20181224_113531_V06,-37.983,0.091,206.078,268.942,5.259,-70.843,44.030,2629.503,49461.930,20181224_063531,479173,15378,12236,8874
7,KGYX20181224_130153_V06,48.384,0.286,19.722,283.470,29.308,-72.003,43.952,14653.864,140382.394,20181224_080153,479170,13496,10386,9140
7,KGYX20181224_131130_V06,58.001,0.233,22.216,279.941,38.741,-71.988,43.969,19370.423,139253.498,20181224_081130,479172,12245,9970,8273
8,KGYX20181224_132107_V06,67.617,0.143,36.350,349.704,53.681,-71.891,43.656,26840.725,134147.091,20181224_082107,479173,11691,8945,8397
8,KGYX20181224_133045_V06,77.251,0.068,41.738,342.874,60.909,-71.859,43.687,30454.336,130898.477,20181224_083045,479174,12155,9692,8362
1,KGYX20181225_111433_V06,-59.325,0.145,208.686,270.138,3.191,-70.826,44.024,1595.453,48036.289,20181225_061433,479173,7844,5910,6381
1,KGYX20181226_111423_V06,-59.828,0.164,205.700,270.081,5.305,-70.845,44.025,2652.292,49466.104,20181226_061423,479175,8435,5905,6948
1,KGYX20181226_112401_V06,-50.195,0.104,205.957,269.446,12.699,-70.843,44.027,6349.558,49441.176,20181226_062401,479171,8669,6030,7191
1,KGYX20181227_111804_V06,-56.441,0.171,206.306,269.124,5.323,-70.841,44.029,2661.343,49325.080,20181227_061804,479172,7266,4695,6137
3,KGYX20181227_130357_V06,49.442,0.070,205.552,268.965,5.556,-70.846,44.030,2778.172,49708.141,20181227_080357,479174,8341,5107,7070
5,KGYX20181229_115208_V06,-22.845,0.051,209.623,293.029,22.494,-70.820,43.921,11247.223,45322.978,20181229_065208,479178,51976,47613,15286
11,KGYX20181229_123901_V06,24.038,0.165,175.225,43.226,19.451,-71.049,45.044,9725.489,142742.427,20181229_073901,479174,68156,62872,18091
1,KGYX20181230_121856_V06,3.780,0.132,35.969,527.752,52.739,-71.872,42.855,26369.671,174344.051,20181230_071856,479178,48335,39746,18114
1,KGYX20181231_112121_V06,-53.936,0.293,206.047,269.010,5.240,-70.843,44.029,2619.934,49465.848,20181231_062121,479175,11597,9856,7630
1,KGYX20181231_113057_V06,-44.336,0.090,206.104,269.040,12.822,-70.843,44.029,6411.065,49434.328,20181231_063057,479169,11581,9531,8104
