track_id,filename,from_sunrise,det_score,x,y,r,lon,lat,radius,geo_dist,local_time,n_radar_pixels,n_refAbove40_pixels,n_xcorrAbove0.95_pixels,n_xcorrBelow0.95_refAbove40_pixels
3,KBYX20200603_095304_V06,-44.487,0.079,20.588,166.983,14.806,-83.089,25.191,7402.987,154729.560,20200603_055304,479239,77421,119921,2270
5,KBYX20200603_100857_V06,-28.604,0.133,313.482,365.038,29.891,-81.637,24.303,14945.696,33210.231,20200603_060857,479235,84623,124796,2924
7,KBYX20200603_100857_V06,-28.604,0.069,211.122,322.778,21.539,-82.142,24.493,10769.426,45875.058,20200603_060857,479235,84623,124796,2924
11,KBYX20200604_120207_V06,84.647,0.059,405.517,80.846,29.243,-81.178,25.585,14621.609,121616.600,20200604_080207,479231,229846,263546,5489
3,KBYX20200605_101427_V06,-22.954,0.235,32.151,230.331,34.178,-83.029,24.906,17088.861,138380.552,20200605_061427,479236,36772,66217,2297
10,KBYX20200605_113951_V06,62.446,0.126,366.659,346.490,27.472,-81.375,24.387,13736.082,40634.817,20200605_073951,479235,73741,114124,2609
6,KBYX20200607_095507_V06,-42.215,0.061,262.759,195.189,17.215,-81.888,25.070,8607.513,55615.383,20200607_055507,479237,29524,76391,3000
7,KBYX20200607_100205_V06,-35.248,0.213,433.038,215.710,9.596,-81.045,24.976,4798.187,78746.444,20200607_060205,479240,27816,75874,2879
2,KBYX20200615_093755_V06,-59.880,0.090,135.920,295.809,8.824,-82.514,24.614,4411.783,82066.936,20200615_053755,479219,9901,29920,1080
1,KBYX20200616_094137_V06,-56.319,0.421,271.460,159.160,8.962,-81.845,25.233,4481.030,71851.389,20200616_054137,479232,29423,52466,5895
2,KBYX20200619_094155_V06,-56.536,0.315,232.526,93.842,20.521,-82.039,25.527,10260.393,108459.611,20200619_054155,479230,21373,59311,1738
3,KBYX20200619_094155_V06,-56.536,0.253,97.880,431.705,13.605,-82.697,23.999,6802.403,120621.974,20200619_054155,479230,21373,59311,1738
15,KBYX20200619_120021_V06,81.897,0.062,44.712,407.390,16.578,-82.959,24.107,8289.053,138477.958,20200619_080021,479244,27433,72960,1999
7,KBYX20200621_110408_V06,25.256,0.397,203.541,343.346,16.844,-82.179,24.401,8422.102,52875.242,20200621_070408,479225,74821,108752,2561
7,KBYX20200621_110914_V06,30.356,0.516,204.316,342.742,22.561,-82.175,24.403,11280.293,52398.340,20200621_070914,479221,73849,108164,2291
7,KBYX20200621_111420_V06,35.456,0.232,209.968,338.996,23.282,-82.147,24.420,11641.054,49057.443,20200621_071420,479219,72983,107584,2470
7,KBYX20200621_111926_V06,40.556,-1.000,214.628,335.892,25.078,-82.124,24.434,12538.842,46304.929,20200621_071926,479213,72139,106444,2636
7,KBYX20200621_112422_V06,45.490,-1.000,219.137,332.890,26.815,-82.102,24.448,13407.291,43648.092,20200621_072422,479234,69604,104418,2508
7,KBYX20200621_112920_V06,50.456,-1.000,223.676,329.867,28.563,-82.080,24.462,14281.607,40980.111,20200621_072920,479234,67770,101732,2473
7,KBYX20200621_113427_V06,55.573,0.175,203.514,324.573,25.995,-82.179,24.485,12997.388,49783.043,20200621_073427,479220,65936,98375,2468
7,KBYX20200621_113933_V06,60.673,0.054,201.649,323.996,29.560,-82.188,24.488,14779.842,50618.002,20200621_073933,479229,64872,96760,2328
3,KBYX20200622_113540_V06,56.555,0.129,369.958,379.328,14.475,-81.359,24.238,7237.267,52884.518,20200622_073540,479228,10789,54840,1761
1,KBYX20200624_094118_V06,-58.323,0.123,185.243,257.180,5.674,-82.271,24.789,2836.866,61242.991,20200624_054118,479217,4476,58966,1322
2,KBYX20200625_094027_V06,-59.449,0.231,165.839,402.414,10.319,-82.363,24.133,5159.405,84391.590,20200625_054027,479228,7238,62663,851
2,KBYX20200625_094705_V06,-52.816,0.057,165.889,401.745,18.335,-82.363,24.136,9167.545,84169.384,20200625_054705,479220,8452,62948,1123
11,KBYX20200625_110658_V06,27.068,0.053,386.554,235.741,8.913,-81.275,24.886,4456.429,53899.996,20200625_070658,479214,10611,56674,1793
17,KBYX20200625_120256_V06,83.034,0.196,297.602,372.997,21.350,-81.715,24.267,10674.831,36518.252,20200625_080256,479226,16595,66223,1958
6,KBYX20200628_094542_V06,-55.102,0.068,29.993,362.390,6.636,-83.033,24.309,3317.851,138560.511,20200628_054542,479226,8143,74980,1034
2,KBYX20200703_094512_V06,-57.328,0.458,171.879,409.087,11.365,-82.333,24.103,5682.631,84135.276,20200703_054512,479200,7879,59093,1183
2,KBYX20200703_095154_V06,-50.628,0.202,171.964,409.027,17.754,-82.333,24.103,8877.134,84083.742,20200703_055154,479199,7557,57489,1209
4,KBYX20200703_094512_V06,-57.328,0.308,408.127,350.506,36.460,-81.170,24.368,18230.219,59670.759,20200703_054512,479200,7879,59093,1183
13,KBYX20200705_112932_V06,46.248,0.071,198.452,423.139,19.248,-82.202,24.040,9623.940,79804.776,20200705_072932,479221,23356,64447,2169
19,KBYX20200705_114603_V06,62.764,0.096,189.785,423.890,29.962,-82.245,24.037,14980.816,82909.671,20200705_074603,479211,26951,67616,2314
21,KBYX20200705_120705_V06,83.798,0.073,204.028,411.370,35.446,-82.175,24.093,17723.043,73508.213,20200705_080705,479221,26024,64589,2135
8,KBYX20200706_102517_V06,-18.394,0.099,256.925,181.951,15.935,-81.917,25.130,7967.287,62831.016,20200706_062517,479232,14039,63043,2889
13,KBYX20200706_105048_V06,7.123,0.084,342.393,408.666,25.517,-81.495,24.106,12758.598,58321.418,20200706_065048,479228,9620,56622,1817
6,KBYX20200707_094605_V06,-57.994,0.108,454.130,204.875,13.920,-80.940,25.024,6960.224,90560.544,20200707_054605,479223,14912,68385,1428
3,KBYX20200710_094831_V06,-56.803,0.099,171.282,415.950,3.055,-82.336,24.072,1527.704,86620.855,20200710_054831,479219,11436,68979,1043
3,KBYX20200710_095411_V06,-51.136,0.107,171.435,415.594,10.299,-82.335,24.074,5149.664,86444.805,20200710_055411,479229,12151,68502,1290
9,KBYX20200711_110555_V06,20.169,0.065,454.891,392.158,11.815,-80.941,24.179,5907.692,90116.862,20200711_070555,479211,12285,65030,2647
12,KBYX20200712_120720_V06,81.153,0.315,357.003,176.322,38.307,-81.421,25.155,19153.515,68091.198,20200712_080720,479203,32533,86547,2883
8,KBYX20200713_105248_V06,6.181,0.060,464.596,430.440,16.799,-80.894,24.006,8399.532,105007.910,20200713_065248,479212,13845,71961,3372
3,KBYX20200719_094955_V06,-59.423,0.136,124.873,404.612,10.772,-82.565,24.122,5385.965,101996.359,20200719_054955,479238,49335,90443,2282
4,KBYX20200721_115353_V06,63.614,0.058,373.261,557.945,26.553,-81.345,23.432,13276.730,134073.721,20200721_075353,479224,152466,178538,4918
1,KBYX20200727_103118_V06,-21.775,0.099,306.059,397.782,35.047,-81.674,24.156,17523.546,48984.559,20200727_063118,479219,2913,32729,2012
10,KBYX20200801_110225_V06,7.026,0.112,364.210,292.016,12.111,-81.386,24.633,6055.649,32352.129,20200801_070225,479224,13546,44603,2247
3,KBYX20200804_100425_V06,-52.340,0.277,404.824,377.632,9.718,-81.187,24.246,4859.131,65220.438,20200804_060425,479216,17162,50952,2619
13,KBYX20200804_111431_V06,17.760,0.059,144.032,416.236,11.423,-82.470,24.070,5711.500,97258.398,20200804_071431,479216,19152,49377,5481
14,KBYX20200807_110417_V06,6.183,0.309,482.954,88.649,7.022,-80.793,25.548,3510.998,139768.809,20200807_070417,479199,28783,55720,18627
14,KBYX20200807_111107_V06,13.016,0.180,482.394,88.490,14.942,-80.796,25.549,7471.072,139645.862,20200807_071107,479194,29744,56644,19222
1,KBYX20200807_100117_V06,-56.817,0.399,436.663,349.977,9.667,-81.030,24.370,4833.300,72757.462,20200807_060117,479187,18263,54926,9269
2,KBYX20200808_100511_V06,-53.360,0.296,213.959,308.525,11.800,-82.128,24.558,5899.958,43231.280,20200808_060511,479198,19106,58974,6152
2,KBYX20200808_101207_V06,-46.426,0.157,213.017,307.231,18.541,-82.133,24.564,9270.530,43641.440,20200808_061207,479218,18161,60369,5201
18,KBYX20200808_121805_V06,79.540,0.085,311.777,411.956,18.092,-81.645,24.092,9046.082,56286.901,20200808_081805,479197,50138,66578,20522
13,KBYX20200812_113859_V06,38.699,0.072,304.640,360.543,16.144,-81.680,24.324,8071.983,30360.265,20200812_073859,479226,22444,66646,5757
9,KBYX20200813_100945_V06,-50.963,0.079,146.376,336.292,16.673,-82.461,24.431,8336.557,78926.523,20200813_060945,479226,32670,77551,2103
13,KBYX20200813_110223_V06,1.671,0.056,264.685,419.203,27.583,-81.877,24.059,13791.700,62162.155,20200813_070223,479215,42454,82015,4218
6,KBYX20200817_114003_V06,37.658,0.255,431.469,132.443,17.208,-81.050,25.352,8603.752,106488.690,20200817_074003,479214,33326,72508,10990
16,KBYX20200819_110632_V06,3.322,0.128,220.351,202.517,14.326,-82.098,25.036,7163.233,62942.274,20200819_070632,479196,47342,86166,10197
20,KBYX20200819_111316_V06,10.055,0.051,307.836,69.792,16.362,-81.664,25.636,8181.103,115170.721,20200819_071316,479217,46284,88316,9345
16,KBYX20200824_114058_V06,35.770,0.126,378.672,344.824,38.398,-81.316,24.394,19199.190,45272.769,20200824_074058,479228,49257,78083,10783
16,KBYX20200824_114636_V06,41.403,0.612,374.381,344.023,44.606,-81.337,24.398,22302.859,43216.168,20200824_074636,479219,48490,78645,10286
16,KBYX20200824_115241_V06,47.487,0.099,362.052,345.239,47.889,-81.397,24.392,23944.498,38395.771,20200824_075241,479221,48959,79704,9436
10,KBYX20200824_103648_V06,-28.397,0.101,383.815,216.987,25.021,-81.288,24.971,12510.708,58983.450,20200824_063648,479232,49654,91015,4894
10,KBYX20200824_104158_V06,-23.230,0.408,378.813,214.435,29.590,-81.313,24.983,14794.855,58165.323,20200824_064158,479229,48629,86959,3874
10,KBYX20200824_104647_V06,-18.413,0.524,364.035,206.386,24.487,-81.386,25.019,12243.587,56710.000,20200824_064647,479223,48102,87706,3701
10,KBYX20200824_105130_V06,-13.697,-1.000,364.035,206.386,31.987,-81.386,25.019,15993.337,56710.000,20200824_065130,479225,47492,85556,5430
10,KBYX20200824_110151_V06,-3.347,0.071,344.946,201.171,32.691,-81.481,25.043,16345.704,54284.908,20200824_070151,479214,48508,83347,7766
4,KBYX20200824_101605_V06,-49.113,0.326,244.547,354.289,25.368,-81.977,24.352,12684.235,38802.078,20200824_061605,479222,42100,84968,6294
8,KBYX20200824_103137_V06,-33.580,0.082,394.825,218.124,29.083,-81.234,24.966,14541.721,62640.801,20200824_063137,479221,47769,89800,5588
1,KBYX20200825_113108_V06,25.551,0.264,27.412,445.333,31.430,-83.042,23.935,15714.958,154455.621,20200825_073108,479208,14192,70647,6067
3,KBYX20200828_110118_V06,-5.420,0.241,410.485,177.587,22.930,-81.155,25.148,11464.851,82449.699,20200828_070118,479192,15391,63620,10220
4,KBYX20200828_111513_V06,8.496,0.079,328.733,411.096,29.670,-81.562,24.095,14834.929,57375.682,20200828_071513,479182,17526,66151,11677
2,KBYX20200829_102853_V06,-38.210,0.666,418.513,171.166,11.852,-81.116,25.177,5926.201,87526.682,20200829_062853,479199,15637,52145,7177
2,KBYX20200829_103314_V06,-33.860,0.633,418.523,170.882,17.758,-81.115,25.179,8878.860,87634.186,20200829_063314,479206,16627,52004,7660
2,KBYX20200829_103735_V06,-29.510,0.703,418.576,170.770,20.924,-81.115,25.179,10462.059,87693.758,20200829_063735,479199,15984,51715,7669
2,KBYX20200829_104155_V06,-25.176,0.446,419.161,173.429,21.536,-81.112,25.167,10767.995,86919.206,20200829_064155,479224,16363,53710,7706
2,KBYX20200829_104620_V06,-20.760,0.352,418.756,174.470,23.676,-81.114,25.162,11837.898,86401.516,20200829_064620,479193,17819,55927,8596
2,KBYX20200829_105046_V06,-16.326,0.191,420.110,177.083,26.782,-81.108,25.151,13391.097,85928.704,20200829_065046,479229,19523,56873,9581
2,KBYX20200829_105512_V06,-11.893,0.445,423.554,174.884,32.173,-81.091,25.160,16086.288,87919.904,20200829_065512,479213,20700,58567,10493
1,KBYX20200830_103258_V06,-34.496,0.653,420.600,174.795,13.462,-81.105,25.161,6731.060,86920.243,20200830_063258,479217,33281,53774,18578
1,KBYX20200830_103730_V06,-29.963,0.539,421.591,174.323,18.818,-81.100,25.163,9408.951,87434.170,20200830_063730,479203,32440,54620,18254
1,KBYX20200830_104159_V06,-25.479,0.641,424.780,172.759,21.905,-81.084,25.170,10952.694,89107.058,20200830_064159,479190,29352,55125,17062
1,KBYX20200830_104641_V06,-20.779,0.672,424.612,174.789,25.118,-81.085,25.161,12559.048,88326.013,20200830_064641,479199,27205,57798,15823
1,KBYX20200830_105117_V06,-16.179,0.484,426.253,175.700,29.068,-81.077,25.157,14534.243,88586.790,20200830_065117,479197,26479,59307,15725
1,KBYX20200830_110034_V06,-6.896,0.774,430.388,179.152,36.285,-81.057,25.141,18142.408,88889.434,20200830_070034,479216,24472,61161,14637
1,KBYX20200830_110510_V06,-2.296,0.366,435.763,183.760,36.635,-81.030,25.120,18317.255,89363.421,20200830_070510,479188,25447,63117,17561
1,KBYX20200830_111212_V06,4.737,0.065,444.242,190.091,42.486,-80.988,25.091,21243.180,90672.210,20200830_071212,479191,24915,65404,16855
1,KBYX20200830_111901_V06,11.554,0.093,437.643,181.465,58.337,-81.021,25.130,29168.395,90824.450,20200830_071901,479187,24232,67938,16215
1,KBYX20200831_103254_V06,-34.930,0.304,417.552,176.644,14.313,-81.120,25.153,7156.418,85198.696,20200831_063254,479192,68435,54287,45168
1,KBYX20200831_104002_V06,-27.796,0.832,419.320,177.779,19.612,-81.112,25.147,9805.924,85403.830,20200831_064002,479189,65354,53901,45506
1,KBYX20200831_104710_V06,-20.663,0.834,419.420,175.656,27.036,-81.111,25.157,13518.003,86201.067,20200831_064710,479221,60732,55953,43245
1,KBYX20200831_110127_V06,-6.380,0.802,423.562,180.267,34.522,-81.091,25.136,17260.928,86028.651,20200831_070127,479194,55377,61631,39859
1,KBYX20200831_110829_V06,0.654,0.350,419.387,183.840,44.279,-81.111,25.120,22139.742,83286.284,20200831_070829,479187,53074,64615,38247
1,KBYX20200831_111536_V06,7.770,0.068,410.230,178.850,59.177,-81.157,25.143,29588.582,81896.098,20200831_071536,479191,50815,65955,36384
3,KBYX20200831_120528_V06,57.637,0.170,473.419,172.630,48.309,-80.843,25.169,24154.427,107584.222,20200831_080528,479188,30316,68992,20182
3,KBYX20200831_121236_V06,64.770,0.077,470.084,177.287,53.762,-80.860,25.148,26881.065,104865.485,20200831_081236,479198,29158,67881,19126
6,KBYX20200831_122652_V06,79.037,0.158,357.793,514.600,20.333,-81.420,23.628,10166.552,111122.917,20200831_082652,479218,26001,68778,16733
2,KBYX20200901_103043_V06,-37.478,0.103,417.994,184.801,5.965,-81.118,25.116,2982.586,82452.120,20200901_063043,479194,33570,54827,17207
2,KBYX20200901_103525_V06,-32.778,0.099,417.575,183.603,12.329,-81.120,25.121,6164.330,82722.434,20200901_063525,479196,35723,54051,18979
2,KBYX20200901_104001_V06,-28.178,0.845,411.735,178.909,18.235,-81.149,25.143,9117.380,82382.976,20200901_064001,479205,37501,54540,21330
2,KBYX20200901_104443_V06,-23.478,0.826,410.131,178.519,20.897,-81.157,25.144,10448.422,81985.407,20200901_064443,479215,40366,56804,23331
2,KBYX20200901_104923_V06,-18.811,0.759,410.865,178.033,23.408,-81.154,25.146,11704.064,82411.913,20200901_064923,479203,47551,57163,29817
2,KBYX20200901_105405_V06,-14.111,0.308,410.415,175.921,28.183,-81.156,25.156,14091.377,83046.821,20200901_065405,479208,50475,58721,32499
2,KBYX20200901_110330_V06,-4.694,0.150,424.578,174.565,36.194,-81.085,25.162,18096.950,88393.247,20200901_070330,479191,54753,64475,35105
2,KBYX20200901_110811_V06,-0.011,-1.000,430.436,173.715,40.228,-81.056,25.166,20114.044,90776.483,20200901_070811,479196,53936,66947,33332
2,KBYX20200901_111252_V06,4.672,0.064,418.591,149.902,31.308,-81.115,25.273,15653.893,95646.954,20200901_071252,479199,53112,69431,31539
2,KBYX20200901_111733_V06,9.356,0.053,418.652,148.087,37.328,-81.114,25.281,18664.137,96379.373,20200901_071733,479199,52719,71512,30214
3,KBYX20200902_110732_V06,-1.023,0.177,419.207,174.875,33.827,-81.112,25.161,16913.387,86409.881,20200902_070732,479190,45762,58868,33832
3,KBYX20200902_111441_V06,6.127,0.065,416.837,175.834,44.086,-81.124,25.156,22042.944,85246.743,20200902_071441,479189,47803,63785,34721
6,KBYX20200902_120438_V06,56.077,0.068,388.346,117.590,39.979,-81.264,25.420,19989.391,101338.931,20200902_080438,479196,40055,71171,25866
3,KBYX20200903_104903_V06,-19.866,0.051,396.511,174.048,25.312,-81.225,25.165,12656.113,79338.371,20200903_064903,479222,13940,51668,7354
3,KBYX20200903_105428_V06,-14.450,-1.000,396.511,174.048,33.925,-81.225,25.165,16962.363,79338.371,20200903_065428,479197,15327,51481,8741
3,KBYX20200903_110513_V06,-3.700,0.619,395.121,168.892,33.498,-81.231,25.188,16748.846,80989.681,20200903_070513,479204,15534,53790,9299
3,KBYX20200903_111044_V06,1.817,0.065,383.159,164.960,43.003,-81.291,25.206,21501.297,79295.600,20200903_071044,479194,15891,54698,9654
3,KBYX20200903_111615_V06,7.334,0.052,401.157,143.654,33.323,-81.201,25.302,16661.640,93108.524,20200903_071615,479204,16095,55899,9838
9,KBYX20200904_120354_V06,54.625,0.085,441.887,201.310,33.952,-81.000,25.041,16976.082,86417.382,20200904_080354,479197,28032,76515,15899
9,KBYX20200904_120934_V06,60.292,0.498,438.274,202.591,40.325,-81.018,25.035,20162.557,84569.523,20200904_080934,479198,27662,76311,15706
9,KBYX20200904_121516_V06,65.992,0.135,435.388,206.285,44.112,-81.033,25.018,22056.215,82329.218,20200904_081516,479217,26556,78310,14676
9,KBYX20200904_122056_V06,71.659,0.161,427.570,207.804,43.929,-81.071,25.012,21964.511,78699.342,20200904_082056,479219,27254,78816,14920
9,KBYX20200904_122637_V06,77.342,0.063,420.745,218.016,40.635,-81.105,24.966,20317.325,72973.693,20200904_082637,479222,27920,79350,15133
5,KBYX20200904_110323_V06,-5.891,0.362,414.858,191.851,8.661,-81.134,25.084,4330.532,78880.417,20200904_070323,479222,23993,66356,15481
5,KBYX20200904_110904_V06,-0.208,0.056,414.004,192.707,16.306,-81.138,25.080,8153.185,78276.161,20200904_070904,479229,25309,68132,16351
5,KBYX20200904_111444_V06,5.459,0.388,400.978,187.709,31.719,-81.203,25.103,15859.578,75508.259,20200904_071444,479221,27250,70494,19829
5,KBYX20200904_112323_V06,14.109,-1.000,385.043,181.913,52.817,-81.282,25.129,26408.518,72761.577,20200904_072323,479219,28040,74139,19989
5,KBYX20200904_113211_V06,22.909,0.053,367.637,139.978,60.178,-81.367,25.319,30089.130,86864.617,20200904_073211,479212,27265,77793,18609
12,KBYX20200905_110334_V06,-6.064,0.083,413.183,183.345,17.382,-81.142,25.122,8691.132,81269.336,20200905_070334,479215,60817,66994,37339
12,KBYX20200905_110800_V06,-1.631,0.452,412.873,183.639,22.922,-81.144,25.121,11460.918,81055.634,20200905_070800,479207,61697,69114,38149
12,KBYX20200905_111226_V06,2.802,0.802,410.119,184.872,26.329,-81.157,25.116,13164.715,79656.516,20200905_071226,479197,60862,71315,36329
12,KBYX20200905_111708_V06,7.502,0.402,408.487,187.575,26.809,-81.166,25.103,13404.480,78116.862,20200905_071708,479195,57120,72168,32907
10,KBYX20200905_105452_V06,-14.764,0.090,188.734,204.197,17.866,-82.255,25.028,8932.804,73413.784,20200905_065452,479207,62362,62989,36783
16,KBYX20200905_111226_V06,2.802,0.069,323.445,394.705,7.765,-81.588,24.169,3882.483,48782.024,20200905_071226,479197,60862,71315,36329
21,KBYX20200905_113548_V06,26.169,0.057,344.340,413.215,11.533,-81.485,24.086,5766.401,60794.102,20200905_073548,479217,46162,71460,24101
22,KBYX20200905_114018_V06,30.669,0.071,303.031,393.675,10.770,-81.688,24.174,5385.111,46861.786,20200905_074018,479219,45595,70605,23364
25,KBYX20200905_115347_V06,44.152,0.154,420.813,375.820,7.092,-81.108,24.254,3545.980,71316.746,20200905_075347,479192,43889,65651,22346
31,KBYX20200905_122134_V06,71.936,0.169,375.019,330.868,8.934,-81.333,24.457,4467.121,40560.675,20200905_082134,479215,33304,61560,16246
5,KBYX20200906_102359_V06,-46.003,0.199,418.255,159.850,15.965,-81.117,25.228,7982.597,91687.361,20200906_062359,479221,102321,79501,48784
4,KBYX20200907_104235_V06,-27.757,0.215,412.350,174.979,14.558,-81.146,25.160,7279.034,84042.824,20200907_064235,479225,86239,98171,23553
4,KBYX20200907_104723_V06,-22.957,0.213,411.268,175.153,21.759,-81.152,25.159,10879.627,83617.215,20200907_064723,479206,89718,100969,26399
4,KBYX20200907_105212_V06,-18.140,0.281,408.724,175.636,24.863,-81.164,25.157,12431.719,82594.445,20200907_065212,479206,92146,103674,27973
4,KBYX20200907_110332_V06,-6.807,0.363,404.526,177.665,32.083,-81.185,25.148,16041.394,80454.017,20200907_070332,479233,99588,109006,32959
4,KBYX20200907_110814_V06,-2.107,0.069,405.682,179.287,33.234,-81.179,25.141,16617.232,80218.896,20200907_070814,479225,100526,111791,33118
18,KBYX20200908_120453_V06,54.190,0.082,370.983,273.818,20.657,-81.353,24.715,10328.316,37829.012,20200908_080453,479219,13634,43351,5428
21,KBYX20200908_121004_V06,59.373,0.070,387.753,210.121,21.872,-81.269,25.002,10935.833,62806.792,20200908_081004,479230,13612,42548,5065
5,KBYX20200912_110336_V06,-8.501,0.070,157.973,322.805,20.117,-82.404,24.492,10058.500,71923.333,20200912_070336,479216,139651,183196,8257
12,KBYX20200912_120103_V06,48.949,0.110,366.198,95.947,21.186,-81.374,25.518,10592.785,107261.226,20200912_080103,479233,118441,157759,6281
10,KBYX20200919_122237_V06,68.040,0.117,320.090,431.667,13.193,-81.605,24.003,6596.613,66595.332,20200919_082237,479199,174720,85237,128617
10,KBYX20200919_122719_V06,72.740,0.056,319.902,431.507,19.079,-81.606,24.003,9539.592,66502.150,20200919_082719,479196,171707,84314,125681
5,KBYX20200919_101817_V06,-56.293,0.059,26.768,371.177,9.509,-83.049,24.270,4754.551,141175.394,20200919_061817,479196,267275,41970,233317
2,KBYX20200920_104908_V06,-25.801,0.062,398.794,364.194,12.781,-81.217,24.306,6390.581,58909.018,20200920_064908,479199,17391,45616,8080
5,KBYX20200920_111941_V06,4.749,0.208,438.048,203.212,25.542,-81.019,25.032,12771.027,84298.767,20200920_071941,479195,20960,50349,11705
15,KBYX20200920_123622_V06,81.433,0.280,362.576,388.580,37.047,-81.395,24.197,18523.430,54226.648,20200920_083622,479196,18318,48076,8542
3,KBYX20200922_111300_V06,-2.654,0.142,270.280,364.329,12.919,-81.850,24.306,6459.463,35431.472,20200922_071300,479215,115555,85401,57124
3,KBYX20200922_111655_V06,1.263,0.120,270.170,364.548,18.052,-81.850,24.305,9025.754,35553.683,20200922_071655,479209,118252,86181,59040
17,KBYX20200923_113856_V06,22.917,0.065,466.240,382.350,21.122,-80.885,24.223,10561.083,92759.499,20200923_073856,479198,36359,59984,17007
21,KBYX20200923_122547_V06,69.767,0.205,370.984,373.903,22.275,-81.354,24.263,11137.497,51235.742,20200923_082547,479201,25963,56256,11188
22,KBYX20200923_123029_V06,74.467,0.090,345.438,432.442,29.743,-81.480,23.999,14871.260,70009.880,20200923_083029,479199,25489,56713,10188
3,KBYX20200924_102528_V06,-50.914,0.085,444.429,309.461,6.360,-80.991,24.553,3180.229,72369.494,20200924_062528,479195,49348,75526,11777
6,KBYX20200927_104624_V06,-31.089,0.086,393.355,414.955,9.923,-81.244,24.077,4961.411,74043.453,20200927_064624,479205,182409,41164,156588
6,KBYX20200927_105059_V06,-26.505,0.052,393.561,414.154,16.055,-81.243,24.081,8027.301,73798.206,20200927_065059,479200,176326,42068,151313
3,KBYX20200927_102758_V06,-49.522,0.058,413.677,344.582,12.413,-81.143,24.395,6206.614,61053.459,20200927_062758,479189,199000,49864,164173
12,KBYX20200927_121623_V06,58.895,0.089,340.129,206.399,21.579,-81.505,25.019,10789.665,50920.193,20200927_081623,479193,105083,81512,66077
8,KBYX20200928_103351_V06,-44.014,0.054,369.809,375.920,21.548,-81.360,24.254,10773.968,51568.274,20200928_063351,479198,119104,67020,82509
8,KBYX20200928_103939_V06,-38.214,0.449,367.591,374.923,27.034,-81.371,24.258,13516.836,50453.065,20200928_063939,479194,116223,64482,81782
1,KBYX20200928_102257_V06,-54.914,0.480,384.839,246.520,9.674,-81.284,24.838,4837.063,50144.174,20200928_062257,479200,121220,68964,83557
2,KBYX20200929_101926_V06,-58.809,0.063,224.592,310.998,8.875,-82.075,24.547,4437.353,38102.938,20200929_061926,479210,46297,76238,16431
3,KBYX20200930_110836_V06,-10.025,0.068,226.298,402.002,8.444,-82.066,24.136,4222.212,62921.293,20200930_070836,479213,122189,64183,95628
3,KBYX20200930_111217_V06,-6.341,0.077,226.664,401.967,14.016,-82.064,24.136,7007.918,62800.092,20200930_071217,479208,121063,61550,97208
1,KBYX20200930_105052_V06,-27.758,0.123,226.150,403.187,7.302,-82.067,24.131,3650.900,63445.718,20200930_065052,479211,137917,59538,108631
4,KBYX20200930_112321_V06,4.725,0.060,99.837,99.914,15.932,-82.699,25.497,7966.175,141509.159,20200930_072321,479200,112506,70491,84829
3,KBYX20201002_104551_V06,-33.552,0.474,325.692,357.477,23.892,-81.577,24.337,11945.957,31479.130,20201002_064551,479230,170944,108289,75949
3,KBYX20201002_105018_V06,-29.102,0.106,324.972,356.975,29.483,-81.580,24.340,14741.616,31103.555,20201002_065018,479219,174918,111202,77117
2,KBYX20201002_104124_V06,-38.002,0.093,224.633,316.237,15.529,-82.075,24.523,7764.416,38547.893,20201002_064124,479222,188055,108325,92465
4,KBYX20201002_110543_V06,-13.685,0.149,222.222,301.630,22.559,-82.087,24.589,11279.680,38897.640,20201002_070543,479229,171612,120579,66197
5,KBYX20201002_110543_V06,-13.685,0.058,383.106,212.167,36.119,-81.292,24.993,18059.402,60459.284,20201002_070543,479229,171612,120579,66197
14,KBYX20201002_122308_V06,63.732,0.079,165.978,381.881,37.117,-82.363,24.226,18558.538,78527.897,20201002_082308,479210,202427,182267,44489
1,KBYX20201003_103618_V06,-43.497,0.081,297.192,391.236,18.619,-81.717,24.185,9309.650,45639.668,20201003_063618,479205,135826,115590,47422
2,KBYX20201003_103618_V06,-43.497,0.078,404.349,413.757,26.722,-81.190,24.083,13361.000,77183.593,20201003_063618,479205,135826,115590,47422
3,KBYX20201003_104025_V06,-39.380,0.115,407.106,298.011,24.089,-81.175,24.605,12044.655,53562.177,20201003_064025,479206,138867,114832,50012
5,KBYX20201003_105303_V06,-26.747,0.062,408.607,289.000,28.548,-81.167,24.646,14273.830,54581.089,20201003_065303,479205,134017,114347,45838
9,KBYX20201003_120702_V06,47.237,0.077,364.822,376.926,30.339,-81.384,24.249,15169.470,50297.624,20201003_080702,479221,133300,143161,29238
9,KBYX20201003_121205_V06,52.287,0.127,350.879,381.494,19.301,-81.453,24.229,9650.715,48036.261,20201003_081205,479202,137152,145070,30050
14,KBYX20201003_123246_V06,72.970,0.054,345.355,380.868,33.294,-81.480,24.232,16647.028,46359.137,20201003_083246,479232,143460,154350,26476
9,KBYX20201004_120518_V06,45.103,0.344,315.233,390.266,35.007,-81.628,24.189,17503.403,45771.132,20201004_080518,479227,87972,92155,22316
9,KBYX20201004_121034_V06,50.370,0.253,306.532,386.125,28.044,-81.671,24.208,14022.043,43186.304,20201004_081034,479209,89638,92921,23145
8,KBYX20201005_121726_V06,56.832,0.121,201.613,222.044,17.124,-82.190,24.948,8561.892,62763.818,20201005_081726,479208,30320,49025,9790
2,KBYX20201006_102258_V06,-58.046,0.097,341.175,361.697,10.618,-81.500,24.318,5309.147,37087.446,20201006_062258,479222,28148,60648,4723
7,KBYX20201007_103901_V06,-42.412,0.053,336.753,327.308,26.993,-81.522,24.474,13496.723,22894.065,20201007_063901,479207,31228,51958,5093
6,KBYX20201009_120139_V06,39.371,0.055,389.686,380.300,18.065,-81.262,24.234,9032.310,60190.512,20201009_080139,479190,32492,61297,13731
11,KBYX20201009_120636_V06,44.321,0.058,353.192,226.566,29.316,-81.440,24.928,14658.161,45337.357,20201009_080636,479194,31844,61099,12751
15,KBYX20201009_122141_V06,59.405,0.069,129.705,353.087,17.624,-82.542,24.355,8812.018,89189.020,20201009_082141,479193,29711,60532,10879
1,KBYX20201011_102638_V06,-56.521,0.174,436.387,334.590,8.092,-81.031,24.439,4046.165,70352.570,20201011_062638,479207,22680,57005,3978
5,KBYX20201012_122736_V06,63.998,0.121,18.794,93.636,25.606,-83.102,25.522,12803.221,174401.165,20201012_082736,479181,29592,45684,16440
5,KBYX20201012_123217_V06,68.681,0.315,19.387,93.744,31.229,-83.099,25.521,15614.336,174130.103,20201012_083217,479184,28150,44811,15701
5,KBYX20201012_123659_V06,73.381,0.326,21.962,89.462,33.574,-83.087,25.541,16787.181,174378.575,20201012_083659,479199,27366,44657,14867
3,KBYX20201014_111305_V06,-11.435,0.090,258.446,376.708,8.478,-81.908,24.251,4239.090,43620.209,20201014_071305,479198,152466,56183,120462
5,KBYX20201014_115517_V06,30.765,0.126,272.338,396.598,38.101,-81.839,24.161,19050.564,50240.180,20201014_075517,479183,141403,77266,103919
3,KBYX20201015_113531_V06,10.530,0.059,433.802,291.229,14.164,-81.043,24.635,7081.963,67044.432,20201015_073531,479200,116249,84487,69456
3,KBYX20201015_114112_V06,16.213,0.107,432.558,291.817,21.074,-81.049,24.632,10537.053,66405.061,20201015_074112,479199,115659,85359,68008
7,KBYX20201015_122017_V06,55.297,0.139,347.473,302.521,16.569,-81.469,24.585,8284.374,23770.180,20201015_082017,479206,81869,81957,38743
7,KBYX20201015_122628_V06,61.480,0.061,347.167,302.615,26.924,-81.470,24.585,13461.803,23619.610,20201015_082628,479180,83271,83913,37160
4,KBYX20201015_114112_V06,16.213,0.182,242.769,331.198,6.480,-81.986,24.456,3239.994,32591.089,20201015_074112,479199,115659,85359,68008
5,KBYX20201015_120342_V06,38.713,0.086,420.073,294.033,15.139,-81.110,24.623,7569.481,60110.584,20201015_080342,479199,93329,81329,49417
8,KBYX20201015_124418_V06,79.313,0.051,201.956,373.561,16.269,-82.186,24.264,8134.703,61285.890,20201015_084418,479182,76707,86882,29877
2,KBYX20201016_103417_V06,-51.179,0.071,375.084,281.984,12.825,-81.332,24.678,6412.468,38607.805,20201016_063417,479205,87312,100987,18328
2,KBYX20201016_104018_V06,-45.162,0.120,376.125,280.787,8.584,-81.327,24.683,4292.007,39256.260,20201016_064018,479198,92277,103451,20379
4,KBYX20201018_103641_V06,-49.752,0.057,412.667,314.223,18.689,-81.147,24.532,9344.585,56780.655,20201018_063641,479190,39747,62202,11213
5,KBYX20201019_103257_V06,-53.982,0.161,244.312,198.938,11.657,-81.979,25.053,5828.571,57694.532,20201019_063257,479188,70619,111672,7856
5,KBYX20201019_103851_V06,-48.082,0.163,244.758,197.554,21.506,-81.977,25.059,10753.093,58195.574,20201019_063851,479203,70118,114428,6737
6,KBYX20201019_103257_V06,-53.982,0.079,265.890,146.427,5.466,-81.873,25.290,2732.861,78657.927,20201019_063257,479188,70619,111672,7856
17,KBYX20201019_111331_V06,-13.416,0.545,251.626,382.961,32.468,-81.941,24.222,16234.102,48017.006,20201019_071331,479192,90841,130027,10202
32,KBYX20201019_115200_V06,25.068,0.060,256.097,83.500,20.891,-81.922,25.574,10445.576,110453.137,20201019_075200,479196,114742,146722,9561
35,KBYX20201019_115832_V06,31.601,0.095,294.167,399.871,32.897,-81.732,24.146,16448.709,50020.459,20201019_075832,479195,114591,147852,8907
39,KBYX20201019_121728_V06,50.534,0.119,386.447,191.849,55.453,-81.275,25.085,27726.429,69227.620,20201019_081728,479198,113550,147271,8127
42,KBYX20201019_122938_V06,62.701,0.070,232.250,404.250,27.488,-82.037,24.126,13743.782,62165.620,20201019_082938,479201,115700,151400,7445
11,KBYX20201020_115210_V06,24.730,0.109,153.823,419.335,31.144,-82.422,24.057,15571.954,94351.243,20201020_075210,479210,295463,306693,7851
11,KBYX20201021_112136_V06,-6.349,0.096,280.957,397.410,15.501,-81.797,24.157,7750.599,49627.051,20201021_072136,479184,135380,176824,5167
9,KBYX20201023_113623_V06,7.389,0.261,291.604,405.405,17.618,-81.745,24.121,8808.792,52869.389,20201023_073623,479195,57667,84691,4042
8,KBYX20201031_121122_V06,37.893,0.162,517.450,480.623,13.255,-80.637,23.778,6627.483,141340.836,20201031_081122,479185,120079,83370,81212
8,KBYX20201031_121602_V06,42.559,0.117,518.967,481.039,20.267,-80.629,23.776,10133.686,142057.831,20201031_081602,479189,114805,82694,76725
8,KBYX20201031_122044_V06,47.259,0.261,523.321,480.972,24.412,-80.608,23.776,12206.104,143721.072,20201031_082044,479183,109597,82749,72273
8,KBYX20201031_122525_V06,51.943,0.113,512.158,480.869,16.955,-80.663,23.777,8477.733,139395.787,20201031_082525,479180,104511,82378,67535
7,KBYX20201031_120641_V06,33.209,0.127,523.789,481.200,17.248,-80.606,23.775,8624.016,143974.981,20201031_080641,479188,125556,83561,85953
11,KBYX20201102_124520_V06,70.663,0.070,213.409,369.536,12.520,-82.130,24.282,6260.015,55527.393,20201102_074520,479183,28383,65732,4414
1,KBYX20201105_104650_V06,-49.688,0.238,195.090,256.203,35.286,-82.222,24.794,17642.857,56842.402,20201105_054650,479184,11372,32017,1661
3,KBYX20201105_104650_V06,-49.688,0.051,324.374,406.135,33.050,-81.583,24.118,16524.992,54449.012,20201105_054650,479184,11372,32017,1661
5,KBYX20201105_120411_V06,27.662,0.069,363.865,204.205,1.969,-81.387,25.029,984.570,57565.931,20201105_070411,479183,10092,30487,2128
15,KBYX20201106_121527_V06,38.297,0.056,449.329,266.510,39.860,-80.965,24.746,19930.035,76519.173,20201106_071527,479185,23073,55009,2122
3,KBYX20201109_115124_V06,12.308,0.087,21.287,308.864,25.154,-83.079,24.551,12576.881,139426.888,20201109_065124,479189,158788,171397,18673
3,KBYX20201109_120233_V06,23.458,0.516,24.954,305.775,36.340,-83.061,24.565,18169.949,137553.105,20201109_070233,479188,156470,170661,18634
7,KBYX20201111_121700_V06,36.583,0.068,299.371,367.065,22.099,-81.706,24.294,11049.522,33533.792,20201111_071700,479193,142212,176872,22762
9,KBYX20201111_123801_V06,57.599,0.091,319.865,342.375,20.585,-81.605,24.406,10292.534,23400.125,20201111_073801,479215,139018,176457,21966
5,KBYX20201113_123619_V06,54.550,0.253,192.940,360.023,9.769,-82.231,24.325,4884.291,61368.911,20201113_073619,479187,69850,90008,15146
3,KBYX20201120_110458_V06,-41.668,0.062,321.489,411.771,31.866,-81.598,24.092,15932.953,56909.009,20201120_060458,479179,9211,49155,1533
5,KBYX20201120_111908_V06,-27.501,0.053,357.018,256.725,16.229,-81.421,24.792,8114.338,35790.135,20201120_061908,479184,8121,49468,1366
2,KBYX20201121_105038_V06,-56.708,0.058,376.548,87.320,9.454,-81.322,25.556,4727.039,113018.135,20201121_055038,479185,16389,40629,885
10,KBYX20201123_124208_V06,53.373,0.623,306.396,404.624,7.525,-81.672,24.125,3762.547,52409.586,20201123_074208,479184,12886,40862,1678
7,KBYX20201125_113933_V06,-10.631,0.058,343.292,420.047,34.196,-81.491,24.055,17097.765,63807.271,20201125_063933,479202,35139,58803,3462
7,KBYX20201125_114444_V06,-5.448,0.256,343.929,419.223,40.087,-81.487,24.059,20043.573,63529.213,20201125_064444,479183,37509,57403,5521
7,KBYX20201125_114941_V06,-0.498,0.175,338.778,419.132,32.844,-81.513,24.059,16421.938,62642.092,20201125_064941,479181,36303,57774,5023
7,KBYX20201125_115436_V06,4.419,0.355,333.894,412.544,29.067,-81.537,24.089,14533.300,58768.658,20201125_065436,479184,35523,57881,4770
7,KBYX20201125_120431_V06,14.336,0.219,326.563,411.644,21.941,-81.573,24.093,10970.730,57380.445,20201125_070431,479185,34421,57320,4561
13,KBYX20201125_120928_V06,19.286,0.183,36.952,323.631,39.037,-83.001,24.485,19518.730,132053.811,20201125_070928,479183,34333,57286,4833
22,KBYX20201129_131314_V06,80.220,0.171,534.200,463.219,30.033,-80.554,23.856,15016.416,142732.328,20201129_081314,479184,5853,36665,2255
24,KBYX20201129_131314_V06,80.220,0.119,201.187,289.926,35.728,-82.191,24.642,17863.817,49662.624,20201129_081314,479184,5853,36665,2255
1,KBYX20201130_111120_V06,-42.383,0.276,29.461,514.691,48.927,-83.029,23.622,24463.383,172687.310,20201130_061120,479182,3599,33674,1581
3,KBYX20201130_122615_V06,32.534,0.087,40.745,191.847,86.882,-82.988,25.080,43440.956,140455.018,20201130_072615,479186,9138,32084,2855
5,KBYX20201203_124703_V06,51.245,0.071,395.298,239.518,2.407,-81.232,24.869,1203.281,56435.012,20201203_074703,479178,2577,34950,2015
3,KBYX20201204_110848_V06,-47.693,0.201,151.049,61.295,57.665,-82.445,25.673,28832.676,140682.578,20201204_060848,479182,23919,46862,6212
3,KBYX20201204_111412_V06,-42.293,0.175,153.854,61.349,62.552,-82.431,25.672,31275.951,139922.536,20201204_061412,479187,23180,44503,6220
17,KBYX20201204_124031_V06,44.024,0.249,251.505,25.147,36.238,-81.945,25.837,18118.830,139549.134,20201204_074031,479191,23678,25561,14168
17,KBYX20201204_124512_V06,48.707,0.098,251.707,25.967,43.401,-81.944,25.834,21700.418,139127.913,20201204_074512,479184,24007,26078,14568
16,KBYX20201204_123550_V06,39.340,0.163,231.309,28.037,42.028,-82.046,25.824,21013.937,140251.640,20201204_073550,479183,24207,26533,14366
4,KBYX20201205_120338_V06,6.458,0.189,208.634,258.880,21.905,-82.155,24.782,10952.667,50096.396,20201205_070338,479184,56014,88514,9140
24,KBYX20201207_125337_V06,55.095,0.231,31.465,227.004,33.054,-83.033,24.921,16526.867,139139.691,20201207_075337,479209,199264,205755,8410
24,KBYX20201207_130528_V06,66.945,0.338,40.259,208.136,58.653,-82.990,25.006,29326.733,137753.660,20201207_080528,479201,189494,198436,9363
24,KBYX20201207_131123_V06,72.862,0.179,48.906,204.567,60.786,-82.947,25.023,30392.980,134308.878,20201207_081123,479211,181469,195826,6813
24,KBYX20201207_131719_V06,78.795,0.118,58.504,198.657,65.992,-82.900,25.050,32995.906,130948.946,20201207_081719,479206,181822,197220,7212
19,KBYX20201207_123548_V06,37.278,0.115,38.072,414.965,33.684,-82.991,24.072,16841.948,143023.752,20201207_073548,479216,198236,205420,7519
25,KBYX20201207_130528_V06,66.945,0.093,17.557,273.773,17.071,-83.099,24.709,8535.604,141829.038,20201207_080528,479201,189494,198436,9363
1,KBYX20201208_123406_V06,34.916,0.446,258.606,217.491,35.138,-81.908,24.969,17568.960,46155.364,20201208_073406,479179,5455,19201,4546
3,KBYX20201208_130915_V06,70.066,0.077,244.550,225.114,48.508,-81.978,24.935,24253.881,46590.059,20201208_080915,479182,4153,19386,3257
1,KBYX20201211_124154_V06,40.777,0.094,233.109,239.491,17.821,-82.034,24.870,8910.318,45099.324,20201211_074154,479180,4441,35418,3384
1,KBYX20201215_112647_V06,-36.781,0.092,250.423,300.743,22.821,-81.948,24.593,11410.509,24791.421,20201215_062647,479182,3537,23764,2232
3,KBYX20201217_115315_V06,-11.460,0.077,406.735,99.209,6.553,-81.173,25.502,3276.649,113698.556,20201217_065315,479180,6676,41781,4466
16,KBYX20201221_132725_V06,80.592,0.055,438.725,360.513,16.348,-81.020,24.322,8173.908,75674.330,20201221_082725,479184,54581,95007,4217
1,KBYX20201225_111001_V06,-58.652,0.390,471.990,507.724,13.834,-80.860,23.657,6916.986,134842.455,20201225_061001,479186,7463,43484,4801
6,KBYX20201229_123559_V06,25.775,0.079,553.913,315.954,22.271,-80.451,24.520,11135.414,127206.671,20201229_073559,479186,29153,87641,6695
8,KBYX20201230_112353_V06,-46.659,0.146,379.045,424.446,26.002,-81.315,24.035,13000.999,73713.641,20201230_062353,479183,28377,74248,4715
8,KBYX20201230_112834_V06,-41.976,0.087,378.336,424.189,33.323,-81.318,24.036,16661.347,73415.525,20201230_062834,479182,27737,75210,4357
13,KBYX20201230_114234_V06,-27.976,0.521,454.620,407.030,21.282,-80.943,24.112,10641.203,94025.114,20201230_064234,479189,26573,72836,4686
13,KBYX20201230_114713_V06,-23.326,0.317,452.586,406.668,26.904,-80.953,24.114,13451.895,93086.556,20201230_064713,479179,25812,71087,4226
14,KBYX20201230_114234_V06,-27.976,0.114,344.357,409.491,19.458,-81.485,24.103,9728.884,59067.201,20201230_064234,479189,26573,72836,4686
14,KBYX20201230_114713_V06,-23.326,0.427,345.160,411.476,27.183,-81.481,24.094,13591.265,60138.028,20201230_064713,479179,25812,71087,4226
38,KBYX20201230_132957_V06,79.407,0.089,339.853,354.272,14.213,-81.507,24.352,7106.699,33666.702,20201230_082957,479183,31248,69945,7416
38,KBYX20201230_133437_V06,84.074,0.190,338.768,353.454,20.562,-81.512,24.356,10280.886,33016.177,20201230_083437,479187,31656,70644,7502
5,KBYX20201230_111914_V06,-51.309,0.101,201.240,350.363,8.436,-82.190,24.369,4218.092,55430.243,20201230_061914,479183,28647,74510,3811
18,KBYX20201230_120553_V06,-4.659,0.094,247.645,266.695,22.382,-81.962,24.747,11190.943,31025.107,20201230_070553,479185,28791,65015,6259
27,KBYX20201230_123355_V06,23.374,0.091,293.218,240.648,17.836,-81.737,24.865,8918.121,29869.158,20201230_073355,479182,27090,67908,5977
29,KBYX20201230_124756_V06,37.391,0.118,407.394,381.371,13.847,-81.175,24.229,6923.332,67369.562,20201230_074756,479184,26424,67868,4730
30,KBYX20201230_124756_V06,37.391,0.067,276.894,170.801,34.014,-81.818,25.180,17006.800,65624.217,20201230_074756,479184,26424,67868,4730
30,KBYX20201230_125236_V06,42.057,0.078,293.538,190.675,6.222,-81.735,25.090,3110.893,54757.700,20201230_075236,479185,26502,67093,4801
35,KBYX20201230_132516_V06,74.724,0.066,430.539,172.708,35.919,-81.056,25.170,17959.351,91164.142,20201230_082516,479190,30834,69271,7467
36,KBYX20201230_132516_V06,74.724,0.053,365.682,326.750,8.307,-81.379,24.476,4153.652,35460.137,20201230_082516,479190,30834,69271,7467
7,KBYX20201231_114111_V06,-29.673,0.053,403.400,210.754,21.815,-81.191,24.999,10907.631,68293.994,20201231_064111,479187,11489,44140,4680
