track_id,filename,from_sunrise,det_score,x,y,r,lon,lat,radius,geo_dist,local_time,n_radar_pixels,n_refAbove40_pixels,n_xcorrAbove0.95_pixels,n_xcorrBelow0.95_refAbove40_pixels
2,KTYX20140603_093712_V07,14.358,0.633,292.137,415.802,15.397,-75.728,43.235,7698.418,58034.417,20140603_053712,242471,49619,37015,24408
2,KTYX20140603_094253_V07,20.042,0.457,295.260,414.762,21.659,-75.709,43.239,10829.478,57429.765,20140603_054253,242477,52270,38174,25768
3,KTYX20140603_093712_V07,14.358,0.101,295.131,154.203,19.778,-75.711,44.412,9889.168,72939.233,20140603_053712,242471,49619,37015,24408
3,KTYX20140603_094253_V07,20.042,0.063,296.558,153.881,26.522,-75.702,44.413,13261.001,73079.792,20140603_054253,242477,52270,38174,25768
3,KTYX20140603_094835_V07,25.742,0.132,308.257,146.985,18.985,-75.628,44.444,9492.401,76618.659,20140603_054835,242476,51305,38759,24404
3,KTYX20140603_095416_V07,31.425,-1.000,308.257,146.985,28.021,-75.628,44.444,14010.651,76618.659,20140603_055416,242479,52163,38981,24862
3,KTYX20140603_095956_V07,37.092,0.309,322.463,136.322,19.955,-75.539,44.492,9977.619,82606.260,20140603_055956,242477,51733,39647,24004
1,KTYX20140603_093131_V07,8.675,0.111,281.382,292.906,22.923,-75.796,43.788,11461.334,9962.134,20140603_053131,242467,51308,37928,24884
8,KTYX20140603_101104_V07,48.225,0.159,325.029,243.776,29.704,-75.524,44.009,14851.875,30771.703,20140603_061104,242480,54654,39481,26354
1,KTYX20140604_091245_V07,-9.670,0.055,305.068,301.207,20.996,-75.649,43.750,10497.910,2604.939,20140604_051245,242490,5969,10430,4918
2,KTYX20140609_082129_V07,-59.378,0.095,333.804,234.014,5.683,-75.469,44.053,2841.343,37070.354,20140609_042129,242473,26898,34657,8862
2,KTYX20140609_082710_V07,-53.695,0.061,334.892,234.039,12.840,-75.462,44.052,6419.914,37310.640,20140609_042710,242474,25876,33740,8430
2,KTYX20140609_083251_V07,-48.011,0.071,340.904,230.673,15.806,-75.425,44.068,7902.925,40247.247,20140609_043251,242480,25203,33582,7980
1,KTYX20140609_082129_V07,-59.378,0.461,286.601,142.606,10.487,-75.764,44.464,5243.393,78981.493,20140609_042129,242473,26898,34657,8862
5,KTYX20140609_083831_V07,-42.345,0.080,329.560,367.889,23.512,-75.497,43.450,11755.949,37022.398,20140609_043831,242481,24279,33172,7297
9,KTYX20140609_090113_V07,-19.645,0.345,314.950,336.231,11.776,-75.587,43.593,5887.863,19596.865,20140609_050113,242475,22975,34056,4768
11,KTYX20140609_090113_V07,-19.645,0.081,326.277,359.764,24.778,-75.518,43.487,12388.859,32642.753,20140609_050113,242475,22975,34056,4768
18,KTYX20140609_094100_V07,20.139,0.062,182.671,354.067,11.914,-76.405,43.510,5957.178,64593.606,20140609_054100,242475,27052,39427,6499
5,KTYX20140611_104357_V07,83.456,0.070,15.006,316.093,26.777,-77.447,43.670,13388.280,142724.118,20140611_064357,242471,28024,39047,5437
1,KTYX20140614_092900_V07,8.780,0.112,284.224,299.042,16.732,-75.778,43.760,8365.921,7902.363,20140614_052900,242472,4672,8550,3489
2,KTYX20140616_101435_V07,54.362,0.118,178.857,216.354,8.732,-76.437,44.130,4365.868,73607.557,20140616_061435,242488,4136,12605,3299
2,KTYX20140616_102417_V07,64.062,0.480,179.446,215.540,14.086,-76.433,44.133,7042.856,73598.068,20140616_062417,242492,4726,13205,3774
1,KTYX20140618_095911_V07,38.815,0.119,363.642,284.862,18.311,-75.284,43.823,9155.567,32709.017,20140618_055911,243107,18849,40108,5712
1,KTYX20140620_082222_V07,-58.293,0.246,180.414,215.664,10.028,-76.427,44.133,5013.769,73166.486,20140620_042222,242491,4368,7755,3419
2,KTYX20140620_094950_V07,29.174,0.233,180.163,214.266,9.183,-76.429,44.139,4591.516,73673.828,20140620_054950,242487,3585,7599,2932
2,KTYX20140620_095933_V07,38.891,-1.000,180.163,214.266,24.633,-76.429,44.139,12316.266,73673.828,20140620_055933,243099,3874,8278,3245
2,KTYX20140620_100916_V07,48.607,0.131,179.937,214.558,9.200,-76.430,44.138,4599.834,73680.863,20140620_060916,243105,3499,8286,2931
5,KTYX20140623_093629_V07,15.123,0.104,336.729,418.384,2.451,-75.454,43.223,1225.294,61975.611,20140623_053629,242491,4409,11987,3759
5,KTYX20140623_094611_V07,24.823,0.167,337.113,417.620,10.709,-75.452,43.226,5354.341,61668.004,20140623_054611,243087,4638,12298,3921
1,KTYX20140623_082827_V07,-52.911,0.407,174.518,213.638,5.286,-76.464,44.142,2643.127,76164.456,20140623_042827,243087,5166,9962,4013
5,KTYX20140702_101009_V07,44.916,0.080,51.007,384.336,48.500,-77.216,43.366,24249.855,131443.902,20140702_061009,242479,8313,16080,4614
5,KTYX20140702_101524_V07,50.166,-1.000,51.007,384.336,56.847,-77.216,43.366,28423.605,131443.902,20140702_061524,242473,8358,15278,4512
5,KTYX20140702_102037_V07,55.382,-1.000,51.007,384.336,65.142,-77.216,43.366,32570.855,131443.902,20140702_062037,242481,8526,15394,4571
5,KTYX20140702_102551_V07,60.616,-1.000,51.007,384.336,73.463,-77.216,43.366,36731.355,131443.902,20140702_062551,242477,8512,14670,4544
5,KTYX20140702_103105_V07,65.849,-1.000,51.007,384.336,81.784,-77.216,43.366,40891.855,131443.902,20140702_063105,242485,8442,14660,4453
5,KTYX20140702_103619_V07,71.082,0.059,61.350,389.683,82.820,-77.152,43.343,41409.757,127472.596,20140702_063619,242478,8445,14850,4494
1,KTYX20140703_095628_V07,30.652,0.054,8.688,312.565,17.246,-77.487,43.685,8622.940,145791.600,20140703_055628,242471,10946,17189,4858
7,KTYX20140704_084202_V07,-44.389,0.059,341.977,288.561,16.095,-75.419,43.807,8047.729,21753.716,20140704_044202,242469,27390,36144,7988
7,KTYX20140704_084615_V07,-40.172,0.315,341.977,288.394,21.667,-75.419,43.808,10833.574,21776.035,20140704_044615,242475,27231,36229,7842
8,KTYX20140704_090305_V07,-23.339,0.104,318.380,194.669,32.577,-75.565,44.230,16288.589,53461.110,20140704_050305,242479,26585,36582,6965
8,KTYX20140704_090727_V07,-18.972,0.113,329.660,194.364,28.266,-75.494,44.231,14133.163,54860.287,20140704_050727,242469,26753,37374,6748
9,KTYX20140704_090305_V07,-23.339,0.093,351.157,285.625,21.228,-75.362,43.820,10614.246,26569.022,20140704_050305,242479,26585,36582,6965
1,KTYX20140705_084404_V07,-42.990,0.152,180.295,214.599,8.905,-76.428,44.138,4452.364,73523.073,20140705_044404,242489,3898,6788,3319
2,KTYX20140705_091313_V07,-13.840,0.187,238.717,259.827,7.993,-76.062,43.936,3996.706,36638.452,20140705_051313,243142,3698,5737,3132
3,KTYX20140705_102113_V07,54.160,0.074,178.865,213.565,8.741,-76.437,44.142,4370.451,74405.396,20140705_062113,242488,4077,7161,3406
5,KTYX20140707_085622_V07,-32.036,0.454,355.352,190.640,28.469,-75.334,44.247,14234.478,61285.117,20140707_045622,242474,14108,16962,5604
5,KTYX20140707_090136_V07,-26.803,0.161,355.028,188.565,36.666,-75.335,44.257,18333.240,62140.694,20140707_050136,242472,14965,17404,6068
5,KTYX20140707_090651_V07,-21.553,-1.000,354.763,186.858,44.912,-75.337,44.264,22456.186,62849.172,20140707_050651,242483,16638,17591,6928
5,KTYX20140707_091205_V07,-16.319,0.091,384.045,193.525,29.944,-75.154,44.234,14971.966,67824.453,20140707_051205,242477,17510,18994,6962
5,KTYX20140707_091719_V07,-11.086,0.094,386.387,192.048,35.779,-75.139,44.240,17889.714,69130.699,20140707_051719,242478,17238,20213,5937
3,KTYX20140707_084555_V07,-42.486,0.058,379.820,164.413,28.154,-75.179,44.365,14076.973,78668.787,20140707_044555,242483,12304,17078,4721
3,KTYX20140707_085108_V07,-37.269,0.088,398.334,155.735,21.902,-75.063,44.403,10950.951,87295.394,20140707_045108,242479,12913,17027,5060
2,KTYX20140710_093400_V07,3.398,0.541,128.455,481.472,14.259,-76.731,42.934,7129.368,124859.371,20140710_053400,242477,3955,5031,3534
2,KTYX20140710_094342_V07,13.098,0.368,131.016,481.244,22.301,-76.715,42.935,11150.662,123900.024,20140710_054342,242482,4287,4666,3835
2,KTYX20140710_095324_V07,22.798,0.358,138.113,478.946,24.161,-76.672,42.946,12080.293,120653.378,20140710_055324,242485,4428,4817,3948
1,KTYX20140710_084529_V07,-45.119,0.108,404.462,291.363,13.464,-75.031,43.793,6731.987,52409.099,20140710_044529,242480,5760,8254,4837
3,KTYX20140710_104156_V07,71.331,0.177,284.673,291.839,15.991,-75.775,43.793,7995.342,8682.380,20140710_064156,242487,3582,5515,3190
8,KTYX20140713_102109_V07,48.148,0.143,9.129,286.772,15.792,-77.487,43.801,7895.876,145585.882,20140713_062109,242475,16267,28929,5177
8,KTYX20140713_102622_V07,53.365,0.207,10.368,285.723,23.817,-77.480,43.806,11908.448,144991.841,20140713_062622,242466,16365,29254,4595
8,KTYX20140713_103136_V07,58.598,0.105,19.447,283.081,28.763,-77.424,43.819,14381.260,140531.475,20140713_063136,242472,16018,29827,4193
8,KTYX20140713_103649_V07,63.815,0.057,27.728,277.091,30.572,-77.373,43.846,15286.127,136616.977,20140713_063649,242463,16477,30846,4292
8,KTYX20140713_104201_V07,69.015,-1.000,35.675,272.346,33.620,-77.324,43.868,16810.039,132884.057,20140713_064201,242474,16584,30975,4426
8,KTYX20140713_104715_V07,74.248,-1.000,43.672,267.570,36.687,-77.275,43.891,18343.719,129185.685,20140713_064715,242475,16135,29787,4323
8,KTYX20140713_105227_V07,79.448,0.067,44.398,252.215,40.721,-77.272,43.960,20360.403,130015.204,20140713_065227,242473,16249,28767,4539
3,KTYX20140713_092858_V07,-4.035,0.056,52.684,145.707,71.435,-77.233,44.440,35717.686,145749.289,20140713_052858,242471,21241,22791,10035
3,KTYX20140713_093411_V07,1.182,0.117,50.133,144.653,76.731,-77.249,44.444,38365.692,147110.544,20140713_053411,242471,21125,24162,10095
3,KTYX20140713_093925_V07,6.415,0.167,50.713,141.216,74.459,-77.246,44.460,37229.527,147780.449,20140713_053925,242470,20089,24728,9331
9,KTYX20140713_102109_V07,48.148,0.064,165.181,73.123,35.204,-76.532,44.774,17601.810,131955.760,20140713_062109,242475,16267,28929,5177
9,KTYX20140713_102622_V07,53.365,0.186,168.558,73.927,41.141,-76.510,44.770,20570.688,130753.273,20140713_062622,242466,16365,29254,4595
4,KTYX20140713_093411_V07,1.182,0.136,155.932,31.329,24.192,-76.593,44.961,12095.798,152429.965,20140713_053411,242471,21125,24162,10095
1,KTYX20140715_093620_V07,1.630,0.086,26.476,261.850,41.664,-77.383,43.915,20831.848,138085.727,20140715_053620,242466,9015,15203,3585
1,KTYX20140715_094146_V07,7.064,0.275,27.466,258.297,46.665,-77.377,43.931,23332.507,137853.279,20140715_054146,242472,10412,16542,4002
1,KTYX20140715_094659_V07,12.280,0.100,30.603,250.866,47.564,-77.359,43.965,23782.220,136920.602,20140715_054659,242467,11662,17320,3977
1,KTYX20140715_095213_V07,17.514,0.079,39.098,243.633,47.916,-77.306,43.998,23957.982,133460.963,20140715_055213,242474,13116,18658,4110
2,KTYX20140717_095000_V07,13.521,0.254,254.296,238.414,20.884,-75.965,44.033,10442.194,38346.214,20140717_055000,242489,3919,9027,3525
2,KTYX20140717_095942_V07,23.221,0.280,252.925,237.478,26.903,-75.974,44.037,13451.575,39131.391,20140717_055942,242486,4031,9027,3665
1,KTYX20140717_084204_V07,-54.413,0.075,177.325,214.050,8.636,-76.447,44.140,4318.087,74894.044,20140717_044204,243107,5044,10972,4176
3,KTYX20140717_095000_V07,13.521,0.205,227.910,304.046,9.525,-76.127,43.737,4762.369,36101.523,20140717_055000,242489,3919,9027,3525
1,KTYX20140722_085216_V07,-48.942,0.431,179.913,214.045,9.089,-76.430,44.140,4544.662,73839.415,20140722_045216,242488,9384,11470,7180
2,KTYX20140724_093535_V07,-7.616,0.062,245.797,237.766,7.942,-76.018,44.035,3971.201,41264.508,20140724_053535,242485,21767,8776,20228
2,KTYX20140724_094517_V07,2.084,0.661,244.263,243.054,14.836,-76.028,44.012,7418.078,39841.807,20140724_054517,242486,25074,8571,23557
2,KTYX20140724_095459_V07,11.784,0.492,243.837,245.318,16.999,-76.030,44.001,8499.334,39193.160,20140724_055459,243231,24825,8420,23370
2,KTYX20140724_100441_V07,21.484,0.431,242.543,246.027,20.728,-76.038,43.998,10364.199,39415.665,20140724_060441,242483,22874,8545,21401
2,KTYX20140724_101422_V07,31.167,0.398,243.042,249.233,28.600,-76.035,43.984,14300.074,38149.326,20140724_061422,243097,20101,9213,18538
3,KTYX20140724_094517_V07,2.084,0.177,193.734,255.280,12.492,-76.342,43.955,6245.750,57646.341,20140724_054517,242486,25074,8571,23557
3,KTYX20140724_095459_V07,11.784,0.323,193.171,256.135,21.442,-76.345,43.951,10721.247,57742.086,20140724_055459,243231,24825,8420,23370
3,KTYX20140724_100441_V07,21.484,-1.000,192.642,256.939,30.781,-76.349,43.948,15390.729,57836.077,20140724_060441,242483,22874,8545,21401
3,KTYX20140724_101422_V07,31.167,0.102,193.654,260.992,28.412,-76.342,43.929,14206.136,56637.490,20140724_061422,243097,20101,9213,18538
1,KTYX20140724_093535_V07,-7.616,0.320,243.814,421.190,8.138,-76.026,43.210,4069.122,66790.531,20140724_053535,242485,21767,8776,20228
4,KTYX20140724_094517_V07,2.084,0.102,109.614,495.093,24.379,-76.845,42.872,12189.412,136297.370,20140724_054517,242486,25074,8571,23557
5,KTYX20140724_100441_V07,21.484,0.148,193.087,256.119,19.272,-76.346,43.951,9635.904,57784.090,20140724_060441,242483,22874,8545,21401
4,KTYX20140725_094836_V07,4.387,0.897,259.485,234.228,12.904,-75.933,44.052,6451.859,38624.719,20140725_054836,243117,5513,6592,4655
4,KTYX20140725_095819_V07,14.104,0.934,264.799,234.436,20.846,-75.900,44.051,10423.144,37207.992,20140725_055819,242484,6103,6246,5213
4,KTYX20140725_100802_V07,23.821,0.689,271.061,235.891,28.892,-75.861,44.044,14446.250,35169.017,20140725_060802,242485,6147,6435,5254
4,KTYX20140725_101745_V07,33.537,0.230,275.608,236.593,32.900,-75.832,44.041,16450.006,33968.328,20140725_061745,242487,5618,6125,4751
5,KTYX20140725_101745_V07,33.537,0.082,22.451,438.717,21.556,-77.385,43.119,10777.778,155141.767,20140725_061745,242487,5618,6125,4751
5,KTYX20140725_102727_V07,43.237,-1.000,22.451,438.717,36.979,-77.385,43.119,18489.278,155141.767,20140725_062727,242480,5254,6226,4321
5,KTYX20140725_103709_V07,52.937,0.061,30.265,451.107,38.896,-77.336,43.064,19448.137,154588.436,20140725_063709,242486,5236,6281,4314
1,KTYX20140725_085020_V07,-53.879,0.098,179.795,215.379,8.902,-76.431,44.134,4451.078,73501.870,20140725_045020,243114,7788,14247,5531
2,KTYX20140725_091928_V07,-24.746,0.073,426.996,424.317,2.159,-74.899,43.194,1079.576,88857.599,20140725_051928,243082,3951,7977,3118
3,KTYX20140725_093853_V07,-5.329,0.127,179.852,213.725,8.759,-76.431,44.142,4379.293,73957.795,20140725_053853,242492,4480,6707,3770
1,KTYX20140726_093212_V07,-13.037,0.071,205.682,203.826,9.992,-76.270,44.187,4995.861,67352.304,20140726_053212,243091,3818,6063,3188
1,KTYX20140726_094154_V07,-3.337,0.390,207.716,205.147,19.992,-76.257,44.181,9995.820,66169.185,20140726_054154,242480,3914,5613,3289
13,KTYX20140727_105459_V07,68.712,0.074,339.615,151.312,11.567,-75.431,44.425,5783.470,76937.452,20140727_065459,242469,112107,106483,11522
1,KTYX20140729_095050_V07,2.465,0.700,253.931,234.948,10.234,-75.967,44.048,5117.077,39856.362,20140729_055050,243091,4653,6603,4283
1,KTYX20140729_100032_V07,12.165,0.497,255.935,236.189,18.403,-75.955,44.043,9201.741,38773.749,20140729_060032,243116,8087,6772,7511
1,KTYX20140729_101013_V07,21.848,0.552,259.993,235.305,20.155,-75.930,44.047,10077.663,38032.580,20140729_061013,242487,10509,6996,9894
1,KTYX20140729_101957_V07,31.581,0.112,260.911,236.972,23.756,-75.924,44.039,11878.224,37082.592,20140729_061957,242484,11357,7407,10656
3,KTYX20140729_095050_V07,2.465,0.068,201.948,216.287,24.518,-76.293,44.131,12259.136,64463.309,20140729_055050,243091,4653,6603,4283
1,KTYX20140802_094440_V07,-7.989,0.590,253.106,228.048,8.320,-75.973,44.079,4160.133,42942.272,20140802_054440,242467,5146,9254,3375
1,KTYX20140802_094955_V07,-2.739,0.064,254.397,229.166,15.236,-75.965,44.074,7618.150,42122.207,20140802_054955,242473,5352,10395,3479
1,KTYX20140803_095851_V07,5.106,0.225,196.899,211.845,26.107,-76.324,44.151,13053.719,67825.233,20140803_055851,242476,18673,16530,15522
1,KTYX20140803_100405_V07,10.340,0.110,197.285,211.420,34.099,-76.322,44.153,17049.584,67817.686,20140803_060405,242467,20371,17333,16625
10,KTYX20140804_095356_V07,-0.903,0.558,200.481,207.370,14.427,-76.302,44.171,7213.715,67978.868,20140804_055356,242476,17580,26158,6217
10,KTYX20140804_095911_V07,4.347,0.797,202.661,208.438,21.769,-76.289,44.166,10884.272,66817.847,20140804_055911,242477,17190,26090,6131
10,KTYX20140804_100426_V07,9.597,0.839,204.846,209.320,24.612,-76.275,44.162,12305.866,65721.295,20140804_060426,242476,17108,25586,6616
10,KTYX20140804_100940_V07,14.830,0.372,206.396,208.355,31.694,-76.265,44.167,15846.783,65498.928,20140804_060940,242471,17149,25016,6841
10,KTYX20140804_101455_V07,20.080,0.489,207.571,209.896,38.245,-76.258,44.160,19122.728,64540.457,20140804_061455,242472,17066,24867,6845
10,KTYX20140804_102009_V07,25.314,0.075,214.460,209.691,47.990,-76.215,44.161,23994.949,62194.922,20140804_062009,242473,16653,24307,6840
8,KTYX20140804_093811_V07,-16.653,0.055,273.286,51.213,16.133,-75.849,44.875,8066.292,125108.594,20140804_053811,242472,22488,28928,7840
8,KTYX20140804_094326_V07,-11.403,0.086,274.049,51.000,22.607,-75.844,44.876,11303.480,125174.439,20140804_054326,242470,20290,27879,6702
8,KTYX20140804_094842_V07,-6.136,0.072,279.493,50.667,17.997,-75.810,44.878,8998.337,125087.650,20140804_054842,242469,18687,26875,6387
14,KTYX20140804_101455_V07,20.080,0.139,302.517,45.604,17.964,-75.664,44.901,8981.865,127204.406,20140804_061455,242472,17066,24867,6845
14,KTYX20140804_102009_V07,25.314,0.105,304.318,46.332,23.842,-75.653,44.897,11921.117,126852.390,20140804_062009,242473,16653,24307,6840
19,KTYX20140804_104108_V07,46.297,0.735,330.773,47.056,17.393,-75.485,44.894,8696.434,127404.479,20140804_064108,242469,13713,22486,5541
19,KTYX20140804_104622_V07,51.530,0.070,330.905,46.942,24.540,-75.484,44.894,12269.812,127468.944,20140804_064622,242468,13170,21828,5516
19,KTYX20140804_105137_V07,56.780,0.186,336.300,46.235,19.829,-75.450,44.897,9914.536,128173.851,20140804_065137,242472,12992,21596,5394
19,KTYX20140804_105651_V07,62.014,0.094,337.608,45.879,25.787,-75.442,44.899,12893.326,128444.526,20140804_065651,242472,12554,21304,5325
19,KTYX20140804_110205_V07,67.247,0.411,347.240,43.681,18.921,-75.381,44.909,9460.690,130317.763,20140804_070205,242476,12175,21153,5221
19,KTYX20140804_110720_V07,72.497,0.741,349.480,43.896,22.928,-75.367,44.908,11463.841,130419.996,20140804_070720,242473,11639,20626,4864
19,KTYX20140804_111234_V07,77.730,0.698,356.352,43.062,18.264,-75.323,44.911,9132.149,131522.448,20140804_071234,242465,11609,21013,4944
19,KTYX20140804_111749_V07,82.980,0.478,356.714,42.636,24.367,-75.321,44.913,12183.519,131769.323,20140804_071749,242478,11378,20908,4835
2,KTYX20140804_085615_V07,-58.586,0.066,245.064,64.020,8.741,-76.027,44.817,4370.668,121145.142,20140804_045615,242476,34076,38653,14028
17,KTYX20140804_103554_V07,41.064,0.563,323.371,47.282,20.865,-75.532,44.893,10432.323,126897.926,20140804_063554,242470,14392,23302,5894
27,KTYX20140804_111749_V07,82.980,0.060,161.280,281.914,23.696,-76.542,43.834,11847.950,69947.189,20140804_071749,242478,11378,20908,4835
1,KTYX20140805_094504_V07,-10.867,0.960,201.754,203.255,14.392,-76.294,44.190,7196.114,68941.705,20140805_054504,242482,4538,8631,3966
1,KTYX20140805_095450_V07,-1.100,0.948,208.031,204.655,25.159,-76.255,44.183,12579.624,66236.345,20140805_055450,242483,4958,9602,4410
1,KTYX20140805_100434_V07,8.633,0.757,210.285,206.215,30.598,-76.241,44.176,15299.069,64892.904,20140805_060434,242486,5173,10595,4609
1,KTYX20140805_101419_V07,18.383,0.415,215.491,202.032,41.748,-76.209,44.195,20873.924,64690.456,20140805_061419,242485,4950,11493,4451
4,KTYX20140806_094726_V07,-9.602,0.085,190.803,208.188,8.785,-76.363,44.167,4392.326,71332.634,20140806_054726,242477,14917,23949,6528
4,KTYX20140806_095241_V07,-4.352,0.845,189.641,209.596,15.818,-76.370,44.161,7908.893,71330.249,20140806_055241,242468,16583,24691,8497
4,KTYX20140806_095756_V07,0.898,0.885,191.059,210.306,20.607,-76.361,44.157,10303.536,70557.014,20140806_055756,242471,18705,25170,10487
4,KTYX20140806_100312_V07,6.165,0.861,191.460,211.910,27.579,-76.358,44.150,13789.353,69894.197,20140806_060312,242474,20753,25008,12487
4,KTYX20140806_100826_V07,11.398,0.735,193.220,215.310,31.546,-76.347,44.135,15772.872,68143.975,20140806_060826,242477,22247,24846,13892
4,KTYX20140806_101341_V07,16.648,0.711,193.973,213.680,36.301,-76.343,44.142,18150.289,68360.931,20140806_061341,242474,23986,24615,15760
4,KTYX20140806_101857_V07,21.915,0.228,195.762,217.182,44.355,-76.331,44.127,22177.682,66566.646,20140806_061857,242470,22298,24434,14880
6,KTYX20140806_095756_V07,0.898,0.756,250.576,234.699,10.265,-75.988,44.049,5132.309,40948.292,20140806_055756,242471,18705,25170,10487
6,KTYX20140806_100312_V07,6.165,0.767,250.518,235.422,16.512,-75.989,44.046,8256.150,40677.922,20140806_060312,242474,20753,25008,12487
6,KTYX20140806_100826_V07,11.398,0.333,248.676,239.311,20.904,-76.000,44.028,10451.944,39740.606,20140806_060826,242477,22247,24846,13892
6,KTYX20140806_101341_V07,16.648,0.247,249.923,241.303,22.674,-75.992,44.020,11337.030,38577.961,20140806_061341,242474,23986,24615,15760
6,KTYX20140806_101857_V07,21.915,0.269,250.594,245.425,29.651,-75.988,44.001,14825.521,36808.233,20140806_061857,242470,22298,24434,14880
6,KTYX20140806_102411_V07,27.148,0.054,255.182,242.820,29.094,-75.959,44.013,14546.924,36325.720,20140806_062411,242473,21965,24793,14447
8,KTYX20140806_100312_V07,6.165,0.176,240.170,294.806,13.438,-76.052,43.779,6718.885,30027.618,20140806_060312,242474,20753,25008,12487
8,KTYX20140806_100826_V07,11.398,0.269,239.945,295.248,19.562,-76.053,43.777,9781.147,30121.269,20140806_060826,242477,22247,24846,13892
2,KTYX20140807_094845_V07,-9.390,0.598,248.581,234.828,4.402,-76.001,44.049,2201.246,41507.113,20140807_054845,242474,4363,8527,3358
2,KTYX20140807_095359_V07,-4.157,0.760,247.719,237.627,10.860,-76.006,44.036,5430.247,40693.018,20140807_055359,242479,5550,8950,4450
2,KTYX20140807_095914_V07,1.093,0.804,247.827,241.938,14.101,-76.005,44.017,7050.565,39029.516,20140807_055914,242474,6992,9582,5829
2,KTYX20140807_100430_V07,6.360,0.837,248.293,246.328,17.044,-76.002,43.997,8522.085,37263.847,20140807_060430,242474,7582,10095,6340
2,KTYX20140807_100945_V07,11.610,0.306,247.610,249.251,19.787,-76.007,43.984,9893.721,36469.960,20140807_060945,242475,7930,9791,6815
2,KTYX20140807_101501_V07,16.876,0.131,244.462,254.136,24.829,-76.026,43.962,12414.651,36013.786,20140807_061501,242478,7934,9446,7031
2,KTYX20140807_102016_V07,22.126,0.054,241.557,260.649,33.605,-76.044,43.932,16802.621,35228.032,20140807_062016,242464,8362,9539,7380
2,KTYX20140807_102531_V07,27.376,0.055,241.672,265.154,35.398,-76.043,43.912,17698.767,33972.023,20140807_062531,242483,8809,9500,7832
1,KTYX20140807_093815_V07,-19.890,0.875,192.283,210.298,8.148,-76.353,44.158,4074.083,70088.069,20140807_053815,242468,4495,9502,3028
1,KTYX20140807_094329_V07,-14.657,0.886,191.202,213.876,13.420,-76.360,44.141,6710.062,69379.987,20140807_054329,242474,3722,8262,2652
1,KTYX20140807_094845_V07,-9.390,0.935,190.000,218.907,20.054,-76.367,44.119,10027.238,68330.278,20140807_054845,242474,4363,8527,3358
1,KTYX20140807_095359_V07,-4.157,0.794,186.798,223.752,27.389,-76.387,44.097,13694.613,68242.947,20140807_055359,242479,5550,8950,4450
1,KTYX20140807_095914_V07,1.093,0.607,186.688,227.434,28.332,-76.387,44.080,14166.249,67278.352,20140807_055914,242474,6992,9582,5829
1,KTYX20140807_100430_V07,6.360,0.545,187.268,231.833,32.015,-76.383,44.060,16007.727,65869.592,20140807_060430,242474,7582,10095,6340
1,KTYX20140807_100945_V07,11.610,0.250,187.581,228.797,34.346,-76.382,44.074,17172.951,66535.583,20140807_060945,242475,7930,9791,6815
1,KTYX20140807_101501_V07,16.876,0.209,192.910,224.691,26.776,-76.349,44.093,13388.151,65459.479,20140807_061501,242478,7934,9446,7031
1,KTYX20140807_102016_V07,22.126,0.171,193.942,224.369,32.352,-76.342,44.094,16175.816,65131.402,20140807_062016,242464,8362,9539,7380
7,KTYX20140807_095359_V07,-4.157,0.112,119.100,472.021,10.828,-76.789,42.976,5414.011,124815.998,20140807_055359,242479,5550,8950,4450
7,KTYX20140807_095914_V07,1.093,0.381,119.869,474.116,18.325,-76.784,42.967,9162.673,125263.153,20140807_055914,242474,6992,9582,5829
7,KTYX20140807_100430_V07,6.360,0.450,124.108,478.755,22.610,-76.758,42.946,11304.787,125390.599,20140807_060430,242474,7582,10095,6340
7,KTYX20140807_100945_V07,11.610,0.522,124.224,482.875,27.724,-76.757,42.928,13862.010,126827.103,20140807_060945,242475,7930,9791,6815
7,KTYX20140807_101501_V07,16.876,0.294,128.290,486.074,29.474,-76.731,42.914,14737.178,126597.903,20140807_061501,242478,7934,9446,7031
7,KTYX20140807_102016_V07,22.126,0.138,129.913,486.301,31.885,-76.721,42.913,15942.668,126132.469,20140807_062016,242464,8362,9539,7380
7,KTYX20140807_102531_V07,27.376,0.078,134.973,482.402,33.822,-76.691,42.930,16910.962,122988.327,20140807_062531,242483,8809,9500,7832
4,KTYX20140807_094845_V07,-9.390,0.052,235.313,295.568,5.436,-76.082,43.775,2718.088,32419.407,20140807_054845,242474,4363,8527,3358
4,KTYX20140807_095359_V07,-4.157,0.451,235.453,296.399,12.029,-76.081,43.771,6014.732,32323.658,20140807_055359,242479,5550,8950,4450
4,KTYX20140807_095914_V07,1.093,0.585,238.487,299.937,15.221,-76.062,43.755,7610.503,30756.688,20140807_055914,242474,6992,9582,5829
4,KTYX20140807_100430_V07,6.360,0.493,239.593,304.063,17.535,-76.055,43.737,8767.554,30271.569,20140807_060430,242474,7582,10095,6340
5,KTYX20140807_095359_V07,-4.157,0.424,248.151,287.502,8.357,-76.002,43.812,4178.450,26667.079,20140807_055359,242479,5550,8950,4450
9,KTYX20140807_102531_V07,27.376,0.144,278.662,423.870,12.079,-75.811,43.198,6039.328,62847.058,20140807_062531,242483,8809,9500,7832
1,KTYX20140808_094443_V07,-14.532,0.409,192.638,210.512,9.671,-76.351,44.157,4835.411,69883.264,20140808_054443,242481,2724,6812,2266
1,KTYX20140808_095430_V07,-4.749,0.928,192.522,216.282,20.928,-76.351,44.131,10463.870,68117.886,20140808_055430,242482,3932,5631,3409
1,KTYX20140808_100417_V07,5.034,0.804,190.659,223.014,30.106,-76.363,44.100,15052.829,66862.363,20140808_060417,242485,5493,5694,4845
1,KTYX20140808_101402_V07,14.784,0.484,190.336,229.477,41.775,-76.364,44.071,20887.657,65191.629,20140808_061402,242484,6456,5767,5661
1,KTYX20140808_102348_V07,24.551,0.103,192.405,215.203,35.930,-76.352,44.135,17965.057,68496.952,20140808_062348,242481,6530,5958,5769
2,KTYX20140808_095430_V07,-4.749,0.204,249.518,237.746,11.560,-75.995,44.036,5779.896,40074.876,20140808_055430,242482,3932,5631,3409
2,KTYX20140808_100417_V07,5.034,0.756,248.407,239.796,19.686,-76.002,44.026,9842.943,39643.195,20140808_060417,242485,5493,5694,4845
2,KTYX20140808_101402_V07,14.784,0.662,247.902,244.525,28.703,-76.005,44.005,14351.442,38051.476,20140808_061402,242484,6456,5767,5661
2,KTYX20140808_102348_V07,24.551,0.357,250.241,246.604,30.899,-75.990,43.996,15449.316,36493.577,20140808_062348,242481,6530,5958,5769
3,KTYX20140808_100417_V07,5.034,0.380,123.025,473.901,22.018,-76.765,42.968,11008.860,124057.941,20140808_060417,242485,5493,5694,4845
3,KTYX20140808_101402_V07,14.784,0.515,121.801,476.373,33.040,-76.772,42.957,16520.049,125361.572,20140808_061402,242484,6456,5767,5661
3,KTYX20140808_102348_V07,24.551,0.513,122.265,479.575,42.185,-76.769,42.942,21092.352,126329.694,20140808_062348,242481,6530,5958,5769
3,KTYX20140808_103334_V07,34.318,0.451,122.088,475.788,46.675,-76.770,42.959,23337.679,125054.189,20140808_063334,242484,6109,5762,5309
4,KTYX20140808_100417_V07,5.034,0.079,244.586,293.905,17.516,-76.024,43.783,8757.839,27874.216,20140808_060417,242485,5493,5694,4845
4,KTYX20140808_101402_V07,14.784,0.077,244.761,294.343,26.357,-76.023,43.781,13178.553,27763.904,20140808_061402,242484,6456,5767,5661
5,KTYX20140808_102348_V07,24.551,0.218,139.525,224.295,15.165,-76.682,44.092,7582.387,88717.998,20140808_062348,242481,6530,5958,5769
5,KTYX20140808_103334_V07,34.318,0.197,141.158,224.515,24.507,-76.672,44.091,12253.369,87932.655,20140808_063334,242484,6109,5762,5309
1,KTYX20140809_095245_V07,-7.611,0.438,195.608,210.044,15.059,-76.333,44.159,7529.573,68901.703,20140809_055245,242472,8463,11632,6305
1,KTYX20140809_095803_V07,-2.311,0.920,195.521,210.061,21.718,-76.333,44.159,10858.957,68929.174,20140809_055803,242470,9024,12138,6776
1,KTYX20140809_100319_V07,2.956,0.918,195.470,212.017,27.797,-76.333,44.150,13898.418,68314.510,20140809_060319,242466,10973,12511,8364
1,KTYX20140809_100836_V07,8.239,0.795,196.013,213.397,30.554,-76.330,44.144,15277.234,67663.431,20140809_060836,242477,11613,13035,8937
1,KTYX20140809_101352_V07,13.506,0.555,197.504,215.727,33.953,-76.320,44.133,16976.678,66346.166,20140809_061352,242472,12067,12675,9475
1,KTYX20140809_101909_V07,18.789,-1.000,198.811,217.896,37.316,-76.312,44.124,18657.798,65154.225,20140809_061909,242473,12464,12858,9685
1,KTYX20140809_102426_V07,24.073,0.192,188.960,236.304,36.656,-76.373,44.040,18328.078,64006.157,20140809_062426,242481,11690,12522,9054
2,KTYX20140809_095803_V07,-2.311,0.370,121.551,467.785,15.923,-76.774,42.995,7961.496,122470.216,20140809_055803,242470,9024,12138,6776
2,KTYX20140809_100319_V07,2.956,0.393,120.954,468.894,23.846,-76.778,42.990,11922.838,123067.597,20140809_060319,242466,10973,12511,8364
2,KTYX20140809_100836_V07,8.239,0.359,121.199,471.566,32.178,-76.776,42.978,16088.933,123899.793,20140809_060836,242477,11613,13035,8937
4,KTYX20140809_102426_V07,24.073,0.063,105.435,443.892,22.295,-76.875,43.102,11147.511,120996.174,20140809_062426,242481,11690,12522,9054
4,KTYX20140809_102942_V07,29.339,-1.000,105.435,443.892,30.669,-76.875,43.102,15334.511,120996.174,20140809_062942,242476,11762,12481,9072
4,KTYX20140809_103459_V07,34.623,0.095,109.132,441.442,32.711,-76.853,43.113,16355.450,118781.760,20140809_063459,242475,11918,12969,9089
3,KTYX20140809_101909_V07,18.789,0.147,186.207,232.251,23.990,-76.390,44.059,11995.079,66217.154,20140809_061909,242473,12464,12858,9685
1,KTYX20140810_095614_V07,-5.242,0.919,197.315,204.034,17.635,-76.322,44.186,8817.385,70274.166,20140810_055614,242483,5734,14091,4341
1,KTYX20140810_100559_V07,4.508,0.908,198.162,202.556,29.849,-76.317,44.193,14924.346,70473.662,20140810_060559,242486,7485,14944,5943
1,KTYX20140810_101545_V07,14.275,0.817,201.783,202.672,41.618,-76.294,44.192,20809.170,69136.380,20140810_061545,242484,7602,15421,5816
1,KTYX20140810_102530_V07,24.025,0.259,203.057,202.304,45.207,-76.286,44.194,22603.387,68815.710,20140810_062530,243134,6285,16028,4557
2,KTYX20140810_101545_V07,14.275,0.325,117.089,458.067,35.495,-76.802,43.039,17747.442,120873.625,20140810_061545,242484,7602,15421,5816
2,KTYX20140810_102530_V07,24.025,0.622,115.129,449.526,41.973,-76.815,43.077,20986.495,118885.634,20140810_062530,243134,6285,16028,4557
2,KTYX20140810_103517_V07,33.808,0.221,110.279,437.402,44.090,-76.846,43.131,22045.242,117125.464,20140810_063517,242479,5436,16093,3753
3,KTYX20140811_095606_V07,-6.492,0.693,191.089,192.073,21.966,-76.362,44.239,10982.899,76664.648,20140811_055606,242481,12695,10017,11253
3,KTYX20140811_100552_V07,3.275,0.932,191.257,182.560,33.849,-76.361,44.282,16924.406,80026.808,20140811_060552,242488,15221,11808,13499
3,KTYX20140811_101538_V07,13.041,0.844,198.085,179.176,42.080,-76.319,44.298,21040.143,79033.496,20140811_061538,243080,11826,13277,10032
1,KTYX20140811_090721_V07,-55.242,0.102,179.538,213.994,9.071,-76.433,44.140,4535.494,74007.098,20140811_050721,242486,6783,10249,4938
1,KTYX20140811_091706_V07,-45.492,0.059,179.878,214.582,16.907,-76.431,44.138,8453.281,73698.199,20140811_051706,242483,6943,10092,5078
1,KTYX20140811_092651_V07,-35.742,0.054,180.109,215.788,10.032,-76.429,44.132,5015.867,73255.455,20140811_052651,242481,5771,10145,4301
9,KTYX20140813_105421_V07,49.517,0.143,352.851,229.035,20.685,-75.350,44.075,10342.327,44241.506,20140813_065421,242477,86736,94372,12046
9,KTYX20140813_105950_V07,55.001,0.059,354.100,228.218,29.569,-75.342,44.078,14784.724,44943.058,20140813_065950,242473,84126,92315,11944
7,KTYX20140813_102116_V07,16.434,0.158,122.111,460.479,39.762,-76.771,43.028,19881.060,119789.349,20140813_062116,242472,110723,109418,16504
8,KTYX20140813_104325_V07,38.584,0.237,337.871,251.319,21.064,-75.444,43.975,10531.818,30838.505,20140813_064325,242467,94386,100431,13160
8,KTYX20140814_095924_V07,-6.556,0.182,134.529,470.835,11.609,-76.694,42.982,5804.737,118917.181,20140814_055924,242471,6711,15599,2891
8,KTYX20140814_100438_V07,-1.322,0.534,138.044,472.493,20.313,-76.673,42.975,10156.544,118304.379,20140814_060438,242478,6896,15494,3250
8,KTYX20140814_100953_V07,3.928,0.433,149.340,475.720,27.395,-76.603,42.961,13697.677,115732.484,20140814_060953,242472,7650,15620,4033
8,KTYX20140814_101507_V07,9.161,0.334,153.735,476.037,30.119,-76.576,42.960,15059.648,114435.998,20140814_061507,242473,8095,15852,4475
8,KTYX20140814_102021_V07,14.394,0.284,154.877,472.980,31.340,-76.569,42.974,15669.967,112896.865,20140814_062021,242470,8669,16008,4981
8,KTYX20140814_102537_V07,19.661,0.052,153.632,467.716,34.103,-76.577,42.997,17051.584,111301.647,20140814_062537,242474,8359,16324,4620
8,KTYX20140814_103051_V07,24.894,-1.000,153.564,463.531,36.643,-76.578,43.016,18321.271,109756.470,20140814_063051,242471,8148,16305,4471
8,KTYX20140814_103605_V07,30.128,0.151,157.359,459.253,33.410,-76.555,43.036,16704.923,106897.262,20140814_063605,242475,7559,16512,3856
7,KTYX20140814_095924_V07,-6.556,0.320,206.682,209.381,12.934,-76.263,44.162,6466.858,65038.649,20140814_055924,242471,6711,15599,2891
7,KTYX20140814_100438_V07,-1.322,0.502,208.860,210.106,20.173,-76.250,44.159,10086.648,64006.903,20140814_060438,242478,6896,15494,3250
7,KTYX20140814_100953_V07,3.928,0.220,217.901,212.458,26.864,-76.193,44.149,13432.075,60008.146,20140814_060953,242472,7650,15620,4033
7,KTYX20140814_101507_V07,9.161,0.220,224.100,213.759,34.386,-76.154,44.143,17192.894,57442.050,20140814_061507,242473,8095,15852,4475
7,KTYX20140814_102021_V07,14.394,0.114,223.831,212.201,36.667,-76.156,44.150,18333.251,58117.173,20140814_062021,242470,8669,16008,4981
9,KTYX20140814_095924_V07,-6.556,0.050,129.524,340.087,27.458,-76.735,43.571,13729.013,87563.074,20140814_055924,242471,6711,15599,2891
9,KTYX20140814_100438_V07,-1.322,-1.000,129.524,340.087,35.779,-76.735,43.571,17889.513,87563.074,20140814_060438,242478,6896,15494,3250
9,KTYX20140814_100953_V07,3.928,0.061,144.943,343.011,26.034,-76.640,43.558,13016.785,80455.918,20140814_060953,242472,7650,15620,4033
3,KTYX20140815_100532_V07,-1.547,0.173,282.583,132.364,17.035,-75.790,44.510,8517.467,84269.373,20140815_060532,242474,106203,110752,22861
3,KTYX20140815_101047_V07,3.703,0.203,283.908,132.137,22.724,-75.781,44.511,11361.887,84316.357,20140815_061047,242473,103415,108634,23119
6,KTYX20140815_103700_V07,29.919,0.053,367.597,302.315,22.703,-75.260,43.745,11351.345,33818.424,20140815_063700,242472,86719,95300,22100
6,KTYX20140815_104214_V07,35.153,0.067,368.543,302.614,28.609,-75.255,43.743,14304.494,34296.628,20140815_064214,242470,84390,93250,21893
6,KTYX20140815_104729_V07,40.403,-1.000,369.322,302.861,34.969,-75.250,43.742,17484.707,34690.525,20140815_064729,242480,80891,90160,20866
6,KTYX20140815_105244_V07,45.653,0.075,379.899,303.543,24.421,-75.184,43.739,12210.743,39988.925,20140815_065244,242465,78243,87957,20146
1,KTYX20140815_095450_V07,-12.247,0.068,277.838,132.958,18.468,-75.819,44.507,9233.860,84252.769,20140815_055450,242473,114157,115063,22558
3,KTYX20140816_093703_V07,-31.157,0.614,289.869,169.727,18.112,-75.744,44.342,9056.122,65333.083,20140816_053703,242481,14432,19334,6520
3,KTYX20140816_094217_V07,-25.923,0.339,292.991,170.390,23.833,-75.724,44.339,11916.636,64899.599,20140816_054217,242472,14064,19135,5896
3,KTYX20140816_094731_V07,-20.690,0.055,296.316,173.072,31.174,-75.703,44.327,15586.808,63490.511,20140816_054731,242472,14227,19237,5908
3,KTYX20140816_095246_V07,-15.440,0.078,313.302,176.365,27.312,-75.597,44.312,13656.013,62174.246,20140816_055246,242470,14730,19907,5597
17,KTYX20140816_110611_V07,57.977,0.105,399.951,89.097,33.068,-75.049,44.703,16534.164,116694.074,20140816_070611,242470,5813,12712,4080
17,KTYX20140816_111126_V07,63.227,0.692,404.207,89.905,36.468,-75.023,44.699,18233.842,117259.540,20140816_071126,242471,5601,12385,4014
10,KTYX20140816_101900_V07,10.793,0.094,140.225,463.302,30.890,-76.660,43.017,15444.759,114232.022,20140816_061900,242468,13508,19690,5517
3,KTYX20140817_093520_V07,-34.001,0.118,397.779,225.013,58.597,-75.070,44.092,29298.450,61611.198,20140817_053520,243121,8034,20005,3758
4,KTYX20140817_095446_V07,-14.568,0.145,462.408,405.215,41.561,-74.680,43.278,20780.483,96755.335,20140817_055446,242483,5608,18765,2364
1,KTYX20140818_095612_V07,-14.263,0.761,190.644,213.643,9.647,-76.363,44.142,4823.355,69671.344,20140818_055612,242486,2756,5942,2368
1,KTYX20140818_100558_V07,-4.496,0.864,191.207,216.124,18.776,-76.360,44.131,9388.097,68686.111,20140818_060558,242483,4907,5928,4568
1,KTYX20140818_101544_V07,5.270,0.760,193.601,217.335,20.024,-76.345,44.126,10011.934,67369.082,20140818_061544,243098,8937,6703,8241
1,KTYX20140818_102529_V07,15.020,0.766,194.916,224.967,27.151,-76.336,44.092,13575.636,64561.470,20140818_062529,242486,12613,7121,11840
1,KTYX20140818_103515_V07,24.787,0.468,196.964,226.402,30.914,-76.323,44.085,15456.843,63310.906,20140818_063515,242482,15216,7473,14326
1,KTYX20140818_104501_V07,34.554,0.151,202.591,224.171,38.022,-76.288,44.095,19011.203,61722.217,20140818_064501,242482,15997,7787,15017
4,KTYX20140818_100558_V07,-4.496,0.157,270.917,449.802,9.094,-75.859,43.082,4546.989,76299.671,20140818_060558,242483,4907,5928,4568
4,KTYX20140818_101544_V07,5.270,0.200,270.733,449.115,18.480,-75.860,43.085,9240.159,75979.810,20140818_061544,243098,8937,6703,8241
4,KTYX20140818_102529_V07,15.020,0.385,274.384,445.827,20.220,-75.837,43.099,10110.158,74030.107,20140818_062529,242486,12613,7121,11840
4,KTYX20140818_103515_V07,24.787,0.520,277.706,449.291,28.174,-75.817,43.084,14087.210,75473.237,20140818_063515,242482,15216,7473,14326
4,KTYX20140818_104501_V07,34.554,0.075,283.050,440.411,27.084,-75.784,43.124,13541.872,70715.365,20140818_064501,242482,15997,7787,15017
6,KTYX20140818_100558_V07,-4.496,0.074,368.398,117.333,6.718,-75.249,44.577,3359.112,97526.567,20140818_060558,242483,4907,5928,4568
6,KTYX20140818_101544_V07,5.270,0.202,368.157,119.070,18.505,-75.251,44.569,9252.406,96670.995,20140818_061544,243098,8937,6703,8241
6,KTYX20140818_102529_V07,15.020,0.307,366.299,132.442,25.493,-75.263,44.509,12746.564,90098.840,20140818_062529,242486,12613,7121,11840
6,KTYX20140818_103515_V07,24.787,0.750,367.327,133.340,38.356,-75.257,44.505,19177.966,89872.871,20140818_063515,242482,15216,7473,14326
6,KTYX20140818_104501_V07,34.554,0.483,370.067,139.089,46.901,-75.240,44.479,23450.380,87751.916,20140818_064501,242482,15997,7787,15017
6,KTYX20140818_105448_V07,44.337,-1.000,372.632,144.595,55.748,-75.224,44.454,27873.887,85770.027,20140818_065448,243134,16138,8780,15130
6,KTYX20140818_110434_V07,54.104,0.117,352.934,168.800,46.247,-75.348,44.346,23123.722,70738.270,20140818_070434,242483,15931,9093,14948
3,KTYX20140818_100558_V07,-4.496,0.778,248.244,237.858,7.044,-76.003,44.035,3522.068,40436.116,20140818_060558,242483,4907,5928,4568
3,KTYX20140818_101544_V07,5.270,0.693,249.057,239.214,16.662,-75.998,44.029,8331.160,39654.913,20140818_061544,243098,8937,6703,8241
3,KTYX20140818_102529_V07,15.020,0.327,249.888,241.839,24.072,-75.992,44.017,12036.234,38385.870,20140818_062529,242486,12613,7121,11840
3,KTYX20140818_103515_V07,24.787,0.165,252.410,245.681,30.010,-75.977,44.000,15004.843,36108.573,20140818_063515,242482,15216,7473,14326
3,KTYX20140818_104501_V07,34.554,0.188,261.820,234.982,25.047,-75.918,44.048,12523.319,37699.793,20140818_064501,242482,15997,7787,15017
2,KTYX20140818_100558_V07,-4.496,0.785,119.100,470.400,16.448,-76.789,42.984,8224.006,124258.899,20140818_060558,242483,4907,5928,4568
2,KTYX20140818_101544_V07,5.270,0.465,120.136,474.179,29.861,-76.782,42.967,14930.290,125189.079,20140818_061544,243098,8937,6703,8241
2,KTYX20140818_102529_V07,15.020,-1.000,121.110,477.728,43.375,-76.776,42.951,21687.648,126084.195,20140818_062529,242486,12613,7121,11840
2,KTYX20140818_103515_V07,24.787,0.093,140.064,480.428,42.806,-76.660,42.940,21402.809,120554.695,20140818_063515,242482,15216,7473,14326
7,KTYX20140818_101544_V07,5.270,0.328,246.277,291.441,11.687,-76.014,43.794,5843.403,27200.269,20140818_061544,243098,8937,6703,8241
9,KTYX20140818_104501_V07,34.554,0.105,307.360,165.785,18.925,-75.634,44.360,9462.521,67208.082,20140818_064501,242482,15997,7787,15017
10,KTYX20140818_104501_V07,34.554,0.060,230.807,258.290,19.449,-76.111,43.943,9724.552,40396.167,20140818_064501,242482,15997,7787,15017
1,KTYX20140819_095908_V07,-12.459,0.885,192.067,203.163,11.425,-76.355,44.190,5712.255,72503.237,20140819_055908,242481,3517,10196,2899
1,KTYX20140819_100855_V07,-2.676,0.960,192.597,202.277,24.600,-76.352,44.194,12299.947,72603.515,20140819_060855,243122,5244,9403,4332
1,KTYX20140819_101841_V07,7.091,0.796,192.762,202.464,34.797,-76.351,44.193,17398.700,72479.782,20140819_061841,242481,5484,9178,4428
1,KTYX20140819_102827_V07,16.858,0.486,194.864,199.707,41.779,-76.338,44.205,20889.431,72650.412,20140819_062827,242485,5960,8317,4829
3,KTYX20140819_101841_V07,7.091,0.146,119.207,455.452,30.378,-76.790,43.051,15188.999,119217.663,20140819_061841,242481,5484,9178,4428
3,KTYX20140819_102827_V07,16.858,0.269,119.248,452.998,41.664,-76.789,43.062,20831.903,118405.895,20140819_062827,242485,5960,8317,4829
3,KTYX20140819_103812_V07,26.608,0.119,123.242,450.270,42.470,-76.765,43.074,21234.935,116000.518,20140819_063812,242482,5537,7356,4535
2,KTYX20140819_100855_V07,-2.676,0.099,362.634,119.979,9.253,-75.286,44.565,4626.331,95302.715,20140819_060855,243122,5244,9403,4332
1,KTYX20140820_100445_V07,-7.972,0.953,193.378,197.424,19.943,-76.347,44.215,9971.352,73976.481,20140820_060445,243309,7620,12152,5667
1,KTYX20140820_101450_V07,2.111,0.949,197.352,193.107,29.795,-76.322,44.235,14897.323,74099.322,20140820_061450,242469,14385,15104,11632
1,KTYX20140820_102006_V07,7.378,0.749,198.756,194.682,33.811,-76.314,44.228,16905.679,73044.678,20140820_062006,242475,14380,16252,11522
4,KTYX20140822_101700_V07,2.017,0.178,194.839,206.753,13.922,-76.337,44.174,6960.867,70274.095,20140822_061700,242476,12336,14925,8399
4,KTYX20140822_102216_V07,7.284,0.697,195.615,207.606,19.835,-76.333,44.170,9917.541,69700.861,20140822_062216,242470,14138,16023,9861
4,KTYX20140822_102730_V07,12.517,0.806,194.857,208.337,23.826,-76.337,44.166,11913.114,69744.530,20140822_062730,242472,14374,16965,9980
4,KTYX20140822_103245_V07,17.767,0.593,197.424,212.034,26.048,-76.321,44.150,13023.753,67564.262,20140822_063245,242472,13539,17543,9030
4,KTYX20140822_103801_V07,23.034,0.219,198.941,212.442,30.741,-76.312,44.148,15370.661,66856.790,20140822_063801,242476,13641,18039,9100
5,KTYX20140824_102134_V07,4.323,0.435,120.421,461.875,25.452,-76.782,43.022,12725.940,120884.104,20140824_062134,242484,47014,14952,42660
5,KTYX20140824_103119_V07,14.073,0.753,118.929,460.552,35.875,-76.791,43.028,17937.719,120999.563,20140824_063119,242484,46197,17395,40278
5,KTYX20140824_104103_V07,23.806,0.775,115.893,460.206,46.292,-76.809,43.029,23145.762,122026.028,20140824_064103,243097,42790,19273,36269
5,KTYX20140824_105048_V07,33.556,0.400,106.378,454.008,53.986,-76.868,43.057,26993.159,123701.216,20140824_065048,242487,39699,20305,33142
1,KTYX20140824_101149_V07,-5.427,0.945,197.542,207.811,20.888,-76.321,44.169,10444.050,68913.777,20140824_061149,242482,41110,14090,37485
1,KTYX20140824_102134_V07,4.323,0.611,198.428,207.857,31.155,-76.315,44.169,15577.660,68569.972,20140824_062134,242484,47014,14952,42660
1,KTYX20140824_103119_V07,14.073,0.292,197.253,209.295,32.829,-76.322,44.162,16414.432,68528.134,20140824_063119,242484,46197,17395,40278
2,KTYX20140824_101149_V07,-5.427,0.421,242.208,297.350,8.873,-76.039,43.767,4436.451,28926.347,20140824_061149,242482,41110,14090,37485
2,KTYX20140824_102134_V07,4.323,0.930,243.143,294.234,20.215,-76.033,43.781,10107.695,28574.526,20140824_062134,242484,47014,14952,42660
2,KTYX20140824_103119_V07,14.073,0.798,245.150,295.927,24.968,-76.021,43.774,12483.908,27500.634,20140824_063119,242484,46197,17395,40278
6,KTYX20140824_104103_V07,23.806,0.236,375.369,52.724,19.444,-75.203,44.868,9721.954,129253.459,20140824_064103,243097,42790,19273,36269
2,KTYX20140825_101335_V07,-4.790,0.869,120.271,462.624,23.372,-76.782,43.019,11685.942,121191.232,20140825_061335,242483,38141,12756,34941
2,KTYX20140825_102320_V07,4.960,0.853,118.714,460.837,34.208,-76.792,43.027,17104.212,121174.415,20140825_062320,242482,41096,14789,36372
2,KTYX20140825_103305_V07,14.710,0.816,119.077,452.763,45.466,-76.791,43.063,22733.157,118395.337,20140825_063305,242486,36402,23995,26455
2,KTYX20140825_104250_V07,24.460,0.293,118.701,437.751,48.202,-76.794,43.130,24100.947,113847.135,20140825_064250,242484,34167,26114,23295
1,KTYX20140825_100349_V07,-14.557,0.958,195.673,199.412,19.920,-76.333,44.207,9959.993,72460.186,20140825_060349,242482,16170,14442,12520
1,KTYX20140825_101335_V07,-4.790,0.941,198.481,197.584,29.927,-76.315,44.215,14963.508,72102.329,20140825_061335,242483,38141,12756,34941
1,KTYX20140825_102320_V07,4.960,0.651,200.575,197.203,35.605,-76.302,44.217,17802.607,71506.006,20140825_062320,242482,41096,14789,36372
1,KTYX20140826_100311_V07,-16.320,0.913,209.884,198.507,12.055,-76.244,44.211,6027.563,67863.186,20140826_060311,243326,8681,14966,4949
1,KTYX20140826_101257_V07,-6.553,0.964,217.401,198.985,20.445,-76.197,44.209,10222.499,65242.998,20140826_061257,242488,33653,16474,28898
1,KTYX20140826_102243_V07,3.214,0.846,220.674,199.336,29.512,-76.176,44.208,14756.006,64081.499,20140826_062243,243086,37059,19887,31139
1,KTYX20140826_103228_V07,12.964,0.587,229.337,189.270,41.391,-76.122,44.253,20695.378,65678.207,20140826_063228,243196,31472,25635,22581
2,KTYX20140826_102243_V07,3.214,0.871,144.329,458.511,31.370,-76.635,43.038,15685.049,111084.540,20140826_062243,243086,37059,19887,31139
2,KTYX20140826_103228_V07,12.964,0.758,150.376,455.520,43.742,-76.598,43.052,21870.864,107904.716,20140826_063228,243196,31472,25635,22581
2,KTYX20140826_104214_V07,22.730,0.230,148.040,455.792,51.316,-76.613,43.051,25657.812,108815.268,20140826_064214,242485,26337,26661,17225
3,KTYX20140826_102243_V07,3.214,0.170,330.560,283.118,9.400,-75.490,43.832,4700.233,17456.518,20140826_062243,243086,37059,19887,31139
5,KTYX20140827_100256_V07,-17.699,0.655,205.210,210.585,11.500,-76.272,44.157,5749.962,65154.146,20140827_060256,242467,11185,17806,4805
5,KTYX20140827_100811_V07,-12.449,0.315,206.681,211.472,19.951,-76.263,44.153,9975.618,64315.060,20140827_060811,242462,10470,17369,4382
5,KTYX20140827_101325_V07,-7.215,0.771,211.694,215.031,27.221,-76.232,44.137,13610.255,61273.271,20140827_061325,242464,10379,17922,4561
5,KTYX20140827_101839_V07,-1.982,0.578,217.547,219.058,30.491,-76.195,44.119,15245.476,57771.410,20140827_061839,242479,14325,20138,7842
5,KTYX20140827_102354_V07,3.268,0.166,223.727,214.031,40.279,-76.157,44.142,20139.377,57463.701,20140827_062354,242479,16916,21011,10011
7,KTYX20140827_111105_V07,50.451,0.265,323.164,330.129,13.585,-75.537,43.620,6792.320,19002.220,20140827_071105,242468,21840,22918,15635
1,KTYX20140828_100508_V07,-16.627,0.881,196.470,214.198,13.887,-76.327,44.140,6943.390,67231.769,20140828_060508,242486,4235,7865,3456
1,KTYX20140828_101453_V07,-6.877,0.919,200.940,219.418,26.900,-76.299,44.117,13450.167,63848.178,20140828_061453,242483,5917,8234,4987
1,KTYX20140828_102438_V07,2.873,0.729,204.903,225.171,34.620,-76.274,44.091,17309.920,60503.605,20140828_062438,242482,13303,9052,12151
1,KTYX20140828_103423_V07,12.623,0.496,206.055,229.038,44.190,-76.266,44.074,22095.195,58867.108,20140828_063423,242485,16480,9733,15075
1,KTYX20140828_104408_V07,22.373,0.311,201.078,233.451,48.275,-76.297,44.054,24137.670,59612.136,20140828_064408,242482,17292,9900,15716
1,KTYX20140828_105352_V07,32.106,0.142,194.849,237.430,49.871,-76.336,44.036,24935.361,61179.254,20140828_065352,242481,17782,10370,15424
2,KTYX20140828_101453_V07,-6.877,0.457,249.273,289.171,6.862,-75.995,43.804,3430.943,25934.931,20140828_061453,242483,5917,8234,4987
2,KTYX20140828_102438_V07,2.873,0.051,249.669,290.312,14.956,-75.993,43.799,7478.185,25627.412,20140828_062438,242482,13303,9052,12151
2,KTYX20140828_103423_V07,12.623,0.505,248.972,304.153,23.774,-75.997,43.737,11887.161,25598.216,20140828_063423,242485,16480,9733,15075
2,KTYX20140828_104408_V07,22.373,0.242,250.343,311.210,31.902,-75.988,43.705,15951.054,25453.479,20140828_064408,242482,17292,9900,15716
4,KTYX20140828_101453_V07,-6.877,0.115,128.927,485.690,20.432,-76.728,42.915,10216.094,126240.384,20140828_061453,242483,5917,8234,4987
4,KTYX20140828_102438_V07,2.873,0.597,134.130,487.857,32.011,-76.696,42.906,16005.317,125302.923,20140828_062438,242482,13303,9052,12151
4,KTYX20140828_103423_V07,12.623,0.545,135.709,489.366,36.792,-76.686,42.899,18396.202,125350.741,20140828_063423,242485,16480,9733,15075
1,KTYX20140829_095722_V07,-25.521,0.164,188.106,210.406,7.045,-76.379,44.157,3522.524,71671.665,20140829_055722,242481,5112,11521,3855
1,KTYX20140829_100707_V07,-15.771,0.658,191.184,215.137,21.610,-76.360,44.136,10805.166,68997.643,20140829_060707,243196,3447,7268,2842
1,KTYX20140829_101654_V07,-5.988,0.076,194.734,213.167,22.886,-76.338,44.145,11443.024,68229.506,20140829_061654,242486,4164,7853,3437
1,KTYX20140829_102639_V07,3.762,0.303,190.625,234.263,39.418,-76.362,44.050,19709.153,63804.765,20140829_062639,243116,5077,8099,4299
3,KTYX20140829_101654_V07,-5.988,0.504,122.026,474.942,19.878,-76.771,42.963,9939.034,124779.047,20140829_061654,242486,4164,7853,3437
3,KTYX20140829_102639_V07,3.762,0.719,122.745,474.645,30.000,-76.766,42.965,14999.821,124418.860,20140829_062639,243116,5077,8099,4299
3,KTYX20140829_103626_V07,13.546,0.576,123.778,467.249,31.938,-76.761,42.998,15969.218,121476.526,20140829_063626,242480,5717,7889,4865
3,KTYX20140829_104611_V07,23.296,0.118,123.573,462.454,35.508,-76.762,43.020,17754.186,119914.068,20140829_064611,242483,6054,7469,5147
5,KTYX20140829_101654_V07,-5.988,0.184,248.312,282.685,4.536,-76.001,43.833,2267.933,27255.707,20140829_061654,242486,4164,7853,3437
5,KTYX20140829_102639_V07,3.762,0.079,247.513,282.923,11.924,-76.006,43.832,5961.908,27597.498,20140829_062639,243116,5077,8099,4299
5,KTYX20140829_103626_V07,13.546,0.192,247.518,283.710,13.972,-76.006,43.829,6985.818,27475.854,20140829_063626,242480,5717,7889,4865
5,KTYX20140829_104611_V07,23.296,-1.000,247.412,284.412,16.872,-76.007,43.826,8436.249,27424.947,20140829_064611,242483,6054,7469,5147
5,KTYX20140829_105557_V07,33.062,-1.000,247.305,285.116,19.778,-76.008,43.822,9889.159,27378.475,20140829_065557,243093,5628,7545,4692
5,KTYX20140829_110543_V07,42.829,0.062,233.722,289.164,32.111,-76.092,43.804,16055.607,33579.102,20140829_070543,242482,5294,7335,4471
8,KTYX20140829_103626_V07,13.546,0.222,62.386,449.597,5.474,-77.139,43.073,2736.890,140391.954,20140829_063626,242480,5717,7889,4865
8,KTYX20140829_104611_V07,23.296,0.102,64.163,451.584,16.638,-77.128,43.064,8319.125,140175.489,20140829_064611,242483,6054,7469,5147
8,KTYX20140829_105557_V07,33.062,0.186,66.082,453.829,18.103,-77.116,43.054,9051.285,139983.013,20140829_065557,243093,5628,7545,4692
7,KTYX20140829_102639_V07,3.762,0.262,236.651,342.168,13.161,-76.072,43.565,6580.265,38049.907,20140829_062639,243116,5077,8099,4299
7,KTYX20140829_103626_V07,13.546,0.138,237.727,341.954,23.573,-76.065,43.566,11786.530,37543.833,20140829_063626,242480,5717,7889,4865
9,KTYX20140829_103626_V07,13.546,0.071,277.925,464.963,35.186,-75.815,43.013,17593.037,83216.637,20140829_063626,242480,5717,7889,4865
1,KTYX20140830_100803_V07,-15.965,0.067,197.797,185.535,18.250,-76.320,44.269,9124.802,76726.385,20140830_060803,242478,2810,7209,2466
1,KTYX20140830_101318_V07,-10.715,0.769,201.326,187.103,23.072,-76.298,44.262,11535.961,74970.319,20140830_061318,242471,2832,7468,2505
1,KTYX20140830_101834_V07,-5.448,0.829,209.209,186.919,25.229,-76.249,44.263,12614.372,72509.121,20140830_061834,242474,3455,7901,2916
1,KTYX20140830_102349_V07,-0.198,0.453,207.822,182.497,31.858,-76.257,44.283,15928.979,74671.980,20140830_062349,242470,4027,8288,3319
2,KTYX20140830_101834_V07,-5.448,0.655,131.530,458.207,20.708,-76.714,43.039,10354.171,115554.658,20140830_061834,242474,3455,7901,2916
2,KTYX20140830_102349_V07,-0.198,0.856,136.018,458.038,28.913,-76.686,43.040,14456.300,113870.676,20140830_062349,242470,4027,8288,3319
2,KTYX20140830_102904_V07,5.052,0.722,142.195,457.433,33.202,-76.648,43.043,16600.797,111453.488,20140830_062904,242475,4457,8580,3700
2,KTYX20140830_103419_V07,10.302,0.196,143.091,457.092,40.489,-76.643,43.045,20244.477,111016.364,20140830_063419,242472,4025,8794,3222
2,KTYX20140831_095507_V07,-30.024,0.068,23.220,263.968,31.787,-77.403,43.905,15893.523,139557.738,20140831_055507,242473,94949,91107,12220
3,KTYX20140831_102336_V07,-1.540,0.066,47.410,265.933,57.245,-77.252,43.898,28622.507,127438.611,20140831_062336,242472,96139,98037,10489
3,KTYX20140901_103449_V07,8.551,0.294,135.366,462.360,31.892,-76.690,43.021,15945.813,115612.531,20140901_063449,243123,7718,22394,5985
3,KTYX20140901_104433_V07,18.285,0.302,136.883,461.011,40.409,-76.681,43.027,20204.300,114599.051,20140901_064433,243095,7300,22369,6032
5,KTYX20140901_114303_V07,76.785,0.116,21.047,244.635,26.986,-77.419,43.992,13492.990,142197.146,20140901_074303,242479,10467,18308,8324
5,KTYX20140901_115247_V07,86.518,0.057,23.277,248.056,36.978,-77.405,43.977,18488.847,140777.805,20140901_075247,243102,12966,18698,10185
2,KTYX20140901_101520_V07,-10.932,0.820,208.832,200.969,15.756,-76.250,44.200,7878.239,67303.007,20140901_061520,242480,4423,21683,3157
4,KTYX20140901_104433_V07,18.285,0.082,247.779,359.796,22.642,-76.003,43.486,11321.150,39694.402,20140901_064433,243095,7300,22369,6032
3,KTYX20140902_102429_V07,-2.906,0.117,213.263,203.761,13.519,-76.222,44.188,6759.266,64779.006,20140902_062429,242479,24247,17008,17961
3,KTYX20140902_102944_V07,2.344,0.665,214.966,203.370,19.210,-76.212,44.189,9605.163,64358.478,20140902_062944,242473,27864,18799,21576
3,KTYX20140902_103458_V07,7.577,0.099,217.402,204.823,21.342,-76.197,44.183,10670.999,63010.366,20140902_063458,242467,31274,19605,24369
1,KTYX20140903_101443_V07,-13.796,0.817,209.755,218.837,15.268,-76.244,44.120,7634.232,60686.981,20140903_061443,243205,16211,14727,13787
1,KTYX20140903_102428_V07,-4.046,0.751,213.749,225.200,24.929,-76.219,44.091,12464.634,57083.890,20140903_062428,242487,39677,13416,36768
1,KTYX20140903_103431_V07,6.004,0.120,219.321,226.833,31.089,-76.184,44.084,15544.493,54457.532,20140903_063431,242472,41369,20156,34868
1,KTYX20140904_102139_V07,-7.985,0.906,210.321,197.689,19.935,-76.241,44.215,9967.707,68025.546,20140904_062139,242475,3300,6433,3010
1,KTYX20140904_103125_V07,1.781,0.745,212.078,195.635,29.376,-76.230,44.224,14687.937,68231.844,20140904_063125,243190,4289,9992,3710
1,KTYX20140904_104111_V07,11.548,0.309,217.011,192.194,37.298,-76.199,44.240,18649.139,68024.716,20140904_064111,243084,5328,9876,4416
2,KTYX20140904_114933_V07,79.915,0.161,34.411,247.444,38.951,-77.335,43.980,19475.281,135369.773,20140904_074933,242479,8288,8735,5875
2,KTYX20140904_115920_V07,89.698,0.258,39.768,243.448,51.806,-77.302,43.999,25903.061,133153.084,20140904_075920,242480,9215,9189,6693
1,KTYX20140905_110805_V07,37.326,0.086,81.592,221.308,70.250,-77.044,44.102,35125.072,116075.991,20140905_070805,242486,7274,15271,6118
18,KTYX20140906_104533_V07,13.672,0.086,42.365,162.632,68.254,-77.296,44.363,34126.762,145984.291,20140906_064533,242467,35261,43085,9168
18,KTYX20140906_105047_V07,18.905,0.098,41.553,162.317,74.990,-77.301,44.364,37495.022,146416.453,20140906_065047,242478,33118,41360,8734
18,KTYX20140906_105602_V07,24.155,0.199,44.366,163.543,79.382,-77.283,44.359,39691.038,144887.151,20140906_065602,242471,30884,39001,8420
18,KTYX20140906_110117_V07,29.405,0.111,50.812,173.879,87.098,-77.242,44.313,43549.196,139643.471,20140906_070117,242474,29599,36843,8986
18,KTYX20140906_110631_V07,34.638,0.158,57.617,177.477,89.407,-77.199,44.297,44703.522,135795.266,20140906_070631,242473,26663,35194,8282
18,KTYX20140906_111146_V07,39.888,0.051,64.178,178.233,87.437,-77.157,44.294,43718.557,132702.015,20140906_071146,242473,24808,32825,7915
3,KTYX20140906_095255_V07,-38.962,0.091,13.235,333.986,23.782,-77.456,43.589,11891.094,144385.948,20140906_055255,242470,66784,64662,19199
3,KTYX20140906_095809_V07,-33.728,0.165,14.382,333.495,30.538,-77.449,43.591,15269.094,143787.669,20140906_055809,242471,62547,61611,17292
2,KTYX20140906_094727_V07,-44.428,0.086,163.232,549.455,45.934,-76.514,42.630,22966.785,142243.700,20140906_054727,242478,72513,68363,21388
4,KTYX20140906_095809_V07,-33.728,0.098,292.829,89.727,29.989,-75.725,44.702,14994.530,105197.558,20140906_055809,242471,62547,61611,17292
9,KTYX20140906_102422_V07,-7.512,0.065,39.161,521.026,45.157,-77.273,42.750,22578.274,170945.375,20140906_062422,242469,47242,52107,11860
10,KTYX20140906_102949_V07,-2.062,0.143,327.711,185.782,52.588,-75.506,44.270,26294.079,58765.619,20140906_062949,242469,45974,51372,12649
15,KTYX20140906_103504_V07,3.188,0.051,242.976,167.478,28.178,-76.038,44.352,14089.186,72135.122,20140906_063504,242473,42812,47717,12298
17,KTYX20140906_104533_V07,13.672,0.095,370.058,171.074,52.197,-75.241,44.335,26098.614,73365.616,20140906_064533,242467,35261,43085,9168
25,KTYX20140906_114311_V07,71.305,0.110,29.687,166.724,32.852,-77.375,44.343,16426.027,150691.506,20140906_074311,242472,22630,30326,8303
26,KTYX20140906_115340_V07,81.788,0.051,298.432,192.353,8.171,-75.690,44.240,4085.491,53829.285,20140906_075340,242464,25679,32668,9165
1,KTYX20140907_101400_V07,-18.999,0.764,199.261,212.344,7.351,-76.310,44.149,3675.554,66767.850,20140907_061400,242479,8857,14972,6718
1,KTYX20140907_102342_V07,-9.299,0.910,206.856,218.734,20.771,-76.262,44.120,10385.720,61806.026,20140907_062342,243160,20915,15342,18607
1,KTYX20140907_103326_V07,0.434,0.572,208.317,218.526,29.750,-76.253,44.121,14875.046,61326.341,20140907_063326,242485,31707,14597,28986
1,KTYX20140907_104313_V07,10.218,0.253,212.935,217.614,36.452,-76.224,44.125,18225.911,59933.056,20140907_064313,242478,38068,19744,31410
3,KTYX20140907_103326_V07,0.434,0.688,239.495,304.539,14.093,-76.056,43.735,7046.446,30337.671,20140907_063326,242485,31707,14597,28986
3,KTYX20140907_104313_V07,10.218,0.347,239.009,305.575,24.711,-76.059,43.730,12355.618,30622.602,20140907_064313,242478,38068,19744,31410
3,KTYX20140907_104845_V07,15.751,0.170,238.149,308.668,27.515,-76.064,43.716,13757.745,31227.809,20140907_064845,242476,38802,20142,31682
1,KTYX20140908_101434_V07,-19.553,0.267,181.197,211.655,8.477,-76.423,44.151,4238.659,74025.507,20140908_061434,242488,4003,9128,3141
1,KTYX20140908_102419_V07,-9.803,0.579,182.397,213.858,22.011,-76.415,44.141,11005.639,72888.222,20140908_062419,243180,4454,8594,3448
1,KTYX20140908_103405_V07,-0.036,0.310,177.231,223.263,26.095,-76.447,44.099,13047.638,72389.048,20140908_063405,242484,6640,10922,5148
1,KTYX20140908_104351_V07,9.730,0.111,172.608,238.160,30.150,-76.475,44.031,15075.211,70804.150,20140908_064351,242484,8838,11381,6859
1,KTYX20140908_105337_V07,19.497,0.060,176.890,240.931,42.996,-76.448,44.019,21498.109,68273.578,20140908_065337,242484,10748,11293,8464
3,KTYX20140908_105337_V07,19.497,0.149,231.778,283.352,25.990,-76.104,43.830,12995.155,35111.814,20140908_065337,242484,10748,11293,8464
1,KTYX20140909_093636_V07,-58.640,0.087,170.322,213.801,3.033,-76.490,44.141,1516.562,77856.593,20140909_053636,243241,8639,7656,6717
4,KTYX20140909_105444_V07,19.493,0.053,301.326,305.579,21.556,-75.672,43.731,10778.137,2867.441,20140909_065444,242485,4589,6616,3721
4,KTYX20140910_111953_V07,43.522,0.081,298.346,304.877,13.819,-75.690,43.734,6909.332,2574.931,20140910_071953,242486,4614,5510,3683
1,KTYX20140913_104432_V07,4.805,0.145,300.605,301.627,15.510,-75.676,43.749,7754.765,867.654,20140913_064432,242470,3322,6219,2622
1,KTYX20140914_105508_V07,14.281,0.196,232.540,255.356,8.842,-76.100,43.956,4420.797,40447.598,20140914_065508,242486,3487,5796,3050
3,KTYX20140916_101018_V07,-32.805,0.053,287.450,191.305,14.915,-75.759,44.245,7457.729,54708.490,20140916_061018,242475,90045,90450,23390
3,KTYX20140916_101533_V07,-27.555,0.690,289.689,190.455,18.577,-75.745,44.249,9288.554,55014.494,20140916_061533,242476,86482,89208,22925
3,KTYX20140916_102048_V07,-22.305,0.070,293.414,188.859,19.505,-75.721,44.256,9752.563,55668.096,20140916_062048,242480,83528,88936,21886
23,KTYX20140916_120032_V07,77.428,0.230,26.447,437.327,32.680,-77.361,43.125,16339.769,153043.900,20140916_080032,242477,23250,35437,5676
23,KTYX20140916_120547_V07,82.678,0.427,27.434,438.015,38.323,-77.355,43.122,19161.501,152758.382,20140916_080547,242479,21734,33787,5277
2,KTYX20140916_101018_V07,-32.805,0.228,68.267,306.478,18.483,-77.118,43.718,9241.556,115911.905,20140916_061018,242475,90045,90450,23390
12,KTYX20140916_110804_V07,24.962,0.051,114.452,311.068,24.639,-76.831,43.700,12319.467,92939.052,20140916_070804,242479,47996,64615,10931
6,KTYX20140921_103045_V07,-18.018,0.097,25.111,435.857,31.103,-77.369,43.132,15551.609,153314.421,20140921_063045,242471,15826,20009,4632
8,KTYX20140921_121049_V07,82.049,0.130,14.883,273.815,16.774,-77.453,43.860,8387.197,143158.410,20140921_081049,242469,10554,13911,3847
1,KTYX20140925_095728_V07,-55.872,0.111,178.848,213.631,8.314,-76.437,44.142,4157.139,74393.239,20140925_055728,243092,39640,12452,36348
1,KTYX20140925_100714_V07,-46.105,0.079,179.180,213.746,15.830,-76.435,44.141,7914.851,74224.866,20140925_060714,242481,43916,11720,40697
2,KTYX20140925_104618_V07,-7.038,0.068,180.467,214.656,8.669,-76.427,44.137,4334.438,73436.425,20140925_064618,242486,31064,21007,23564
3,KTYX20140925_111536_V07,22.262,0.106,178.795,214.190,8.288,-76.437,44.139,4143.875,74252.909,20140925_071536,242485,36529,18515,30632
1,KTYX20140926_111527_V07,20.962,0.129,80.116,265.777,40.358,-77.049,43.902,20179.150,111265.537,20140926_071527,242482,25840,17715,21230
1,KTYX20140926_112513_V07,30.729,0.222,81.034,257.026,56.540,-77.044,43.941,28269.986,111571.825,20140926_072513,242485,23170,17855,18418
1,KTYX20140926_113459_V07,40.496,0.110,85.088,260.706,58.526,-77.018,43.925,29263.097,109237.397,20140926_073459,242481,21872,18358,17158
1,KTYX20140926_114444_V07,50.246,0.060,83.505,258.591,68.080,-77.028,43.934,34039.909,110209.661,20140926_074444,242481,21846,18694,16792
2,KTYX20140926_112513_V07,30.729,0.071,358.740,41.262,15.750,-75.308,44.919,7874.874,132660.969,20140926_072513,242485,23170,17855,18418
2,KTYX20140926_113459_V07,40.496,0.075,359.117,44.048,30.341,-75.306,44.907,15170.272,131345.216,20140926_073459,242481,21872,18358,17158
3,KTYX20140926_114444_V07,50.246,0.051,368.238,74.382,21.125,-75.249,44.770,10562.252,117855.785,20140926_074444,242481,21846,18694,16792
1,KTYX20140928_111838_V07,21.838,0.118,61.577,199.967,67.390,-77.171,44.196,33695.118,129279.075,20140928_071838,243327,13737,14290,10813
1,KTYX20140928_112824_V07,31.605,0.183,68.035,212.209,75.801,-77.130,44.142,37900.544,124011.377,20140928_072824,242487,14268,13714,11210
1,KTYX20140928_113809_V07,41.355,-1.000,74.100,223.706,84.618,-77.090,44.090,42309.056,119217.836,20140928_073809,242480,14840,13900,11430
1,KTYX20140928_114754_V07,51.105,-1.000,80.165,235.204,93.435,-77.051,44.039,46717.567,114592.562,20140928_074754,242485,14147,14528,10620
1,KTYX20140928_115741_V07,60.888,0.210,80.055,214.798,88.583,-77.054,44.131,44291.731,117935.521,20140928_075741,242486,14971,15741,10689
1,KTYX20140928_120726_V07,70.638,0.143,81.551,211.508,91.387,-77.045,44.146,45693.392,117846.016,20140928_080726,242483,13875,16202,10111
1,KTYX20140928_121711_V07,80.388,0.540,81.921,217.549,91.020,-77.042,44.119,45509.759,116572.480,20140928_081711,243104,12119,16468,8781
1,KTYX20140930_101122_V07,-47.748,0.263,297.560,144.209,6.505,-75.695,44.457,3252.636,77904.983,20140930_061122,242483,15668,12978,12622
1,KTYX20140930_102108_V07,-37.981,0.070,298.220,146.753,17.806,-75.691,44.445,8903.047,76628.886,20140930_062108,242485,10668,14669,8063
2,KTYX20141006_112800_V07,21.842,0.190,30.796,167.042,38.915,-77.368,44.342,19457.565,150123.653,20141006_072800,242484,14361,20137,4095
2,KTYX20141006_113747_V07,31.626,0.202,38.159,165.956,52.554,-77.322,44.347,26276.924,147078.381,20141006_073747,242482,17800,23408,4684
3,KTYX20141006_114751_V07,41.692,0.279,35.682,425.547,54.340,-77.306,43.179,27170.078,146309.391,20141006_074751,242473,19662,25182,5460
3,KTYX20141006_115343_V07,47.559,0.092,38.281,417.985,60.835,-77.290,43.213,30417.548,143542.311,20141006_075343,242469,22194,27438,5659
1,KTYX20141006_100946_V07,-56.391,0.070,169.719,213.916,3.086,-76.494,44.140,1542.950,78076.445,20141006_060946,242481,3889,9610,3212
4,KTYX20141007_115311_V07,45.838,0.070,44.839,386.653,65.166,-77.254,43.355,32582.787,134736.586,20141007_075311,242471,112936,104062,21866
1,KTYX20141008_102817_V07,-40.255,0.156,295.681,152.797,33.700,-75.707,44.418,16849.972,73632.927,20141008_062817,242477,69837,69622,14594
8,KTYX20141008_112528_V07,16.929,0.139,74.799,319.490,19.118,-77.076,43.660,9558.912,113021.276,20141008_072528,242472,59929,61220,14918
9,KTYX20141008_112528_V07,16.929,0.078,20.418,281.566,20.560,-77.418,43.826,10280.190,140094.736,20141008_072528,242472,59929,61220,14918
11,KTYX20141008_113111_V07,22.645,0.149,520.426,488.335,23.174,-74.331,42.900,11587.138,144963.578,20141008_073111,242471,58167,59118,14379
11,KTYX20141008_113655_V07,28.379,0.074,533.911,482.707,18.392,-74.247,42.925,9195.787,148405.022,20141008_073655,242473,55486,55716,14248
1,KTYX20141009_110855_V07,-0.819,0.060,305.247,302.754,23.683,-75.647,43.743,11841.351,2962.655,20141009_070855,242486,15519,11839,12958
2,KTYX20141010_103919_V07,-31.621,0.138,378.757,325.570,14.527,-75.192,43.640,7263.687,41402.150,20141010_063919,242479,26211,19737,20177
2,KTYX20141010_104912_V07,-21.738,0.318,382.350,326.295,25.045,-75.170,43.636,12522.719,43223.168,20141010_064912,243196,20104,22454,12794
2,KTYX20141010_105432_V07,-16.404,0.154,388.693,326.932,25.880,-75.130,43.633,12940.157,46345.706,20141010_065432,242473,17295,21187,10465
11,KTYX20141010_112612_V07,15.262,0.070,42.366,256.940,50.307,-77.285,43.938,25153.748,130603.872,20141010_072612,242476,18705,20599,8490
11,KTYX20141010_113129_V07,20.546,0.087,43.318,256.842,56.898,-77.279,43.939,28449.195,130142.583,20141010_073129,242467,18965,21361,8646
18,KTYX20141010_120305_V07,52.146,0.074,330.135,298.497,17.236,-75.493,43.762,8617.767,15086.214,20141010_080305,242478,22797,21673,11316
18,KTYX20141010_120822_V07,57.429,0.348,333.334,297.623,23.550,-75.473,43.766,11774.801,16709.286,20141010_080822,242476,23490,23065,11432
21,KTYX20141010_120822_V07,57.429,0.057,146.808,241.002,21.473,-76.635,44.017,10736.478,82080.156,20141010_080822,242476,23490,23065,11432
21,KTYX20141010_121337_V07,62.679,0.057,148.949,241.507,27.300,-76.622,44.015,13650.054,80990.360,20141010_081337,242479,24687,23925,12376
21,KTYX20141010_121852_V07,67.929,0.075,162.003,240.707,22.072,-76.541,44.019,11036.188,75097.919,20141010_081852,242469,25748,26501,11904
23,KTYX20141010_121852_V07,67.929,0.055,370.262,289.510,13.412,-75.243,43.802,6705.811,35520.535,20141010_081852,242469,25748,26501,11904
23,KTYX20141010_122408_V07,73.196,0.196,372.130,289.796,19.195,-75.232,43.801,9597.479,36424.126,20141010_082408,242480,26716,27838,12368
4,KTYX20141010_104912_V07,-21.738,0.069,251.788,363.431,24.211,-75.978,43.470,12105.522,39836.660,20141010_064912,243196,20104,22454,12794
13,KTYX20141010_113645_V07,25.812,0.221,355.106,237.600,19.605,-75.336,44.036,9802.509,41624.586,20141010_073645,242477,19076,21146,8652
14,KTYX20141010_114717_V07,36.346,0.075,434.435,230.978,20.078,-74.841,44.063,10038.994,75559.141,20141010_074717,242477,19304,20593,9031
16,KTYX20141010_115750_V07,46.896,0.059,318.625,328.810,39.503,-75.565,43.626,19751.331,17152.909,20141010_075750,242472,21108,21035,10212
17,KTYX20141010_120305_V07,52.146,0.151,455.269,230.789,20.511,-74.711,44.063,10255.470,84998.267,20141010_080305,242478,22797,21673,11316
25,KTYX20141010_123438_V07,83.696,0.169,320.413,226.629,23.723,-75.553,44.086,11861.423,38079.013,20141010_083438,242470,30324,31019,12594
1,KTYX20141011_104715_V07,-24.895,0.064,203.365,284.736,19.695,-76.281,43.823,9847.282,48916.501,20141011_064715,242478,69325,24714,56695
1,KTYX20141012_110935_V07,-3.774,0.234,253.004,272.440,14.873,-75.972,43.879,7436.729,27240.448,20141012_070935,242480,15937,15757,13113
1,KTYX20141014_113123_V07,15.584,0.056,299.675,301.909,18.352,-75.682,43.747,9176.006,968.179,20141014_073123,242486,3417,6198,3215
2,KTYX20141015_101723_V07,-59.646,0.105,400.255,348.630,7.253,-75.060,43.535,3626.740,55713.330,20141015_061723,242480,36536,36237,6610
2,KTYX20141016_102410_V07,-54.097,0.093,350.340,224.222,15.527,-75.366,44.096,7763.271,45487.322,20141016_062410,242471,125175,122022,17626
2,KTYX20141017_115000_V07,30.496,0.159,346.832,332.859,31.593,-75.390,43.608,15796.276,28604.676,20141017_075000,242474,8031,10733,5407
2,KTYX20141017_115518_V07,35.796,0.465,347.378,330.771,38.182,-75.387,43.617,19091.130,28246.572,20141017_075518,242474,8016,10901,5330
1,KTYX20141017_102725_V07,-52.088,0.054,318.972,186.998,35.259,-75.561,44.264,17629.303,57291.743,20141017_062725,242474,9425,14475,6032
13,KTYX20141018_111833_V07,-2.200,0.094,311.555,217.366,25.633,-75.608,44.128,12816.742,41719.048,20141018_071833,242476,63853,68572,14647
13,KTYX20141018_112401_V07,3.266,0.137,315.308,218.863,33.728,-75.584,44.121,16863.797,41284.048,20141018_072401,242473,65855,70085,15597
17,KTYX20141018_115242_V07,31.950,0.111,30.273,413.396,48.694,-77.340,43.233,24347.006,146296.947,20141018_075242,242478,79827,76467,21033
17,KTYX20141018_115757_V07,37.200,0.213,30.934,414.943,56.169,-77.336,43.226,28084.640,146294.363,20141018_075757,242484,81056,77055,21443
21,KTYX20141018_122928_V07,68.716,0.087,375.014,299.613,31.481,-75.214,43.757,15740.662,37507.367,20141018_082928,242471,97518,93176,21740
2,KTYX20141020_112832_V07,5.274,0.196,28.837,196.046,45.972,-77.377,44.211,22986.038,145203.064,20141020_072832,242469,10867,13399,5646
2,KTYX20141020_113349_V07,10.558,0.113,31.106,191.577,54.595,-77.363,44.231,27297.421,144965.262,20141020_073349,242480,10909,14092,5538
2,KTYX20141020_113906_V07,15.841,0.170,40.644,183.490,57.984,-77.304,44.269,28991.940,142162.175,20141020_073906,242481,10766,14128,5207
2,KTYX20141020_114423_V07,21.124,0.503,48.363,182.116,57.087,-77.256,44.275,28543.660,138940.569,20141020_074423,242476,10455,13866,5238
2,KTYX20141020_114940_V07,26.408,0.150,56.236,185.262,57.060,-77.206,44.262,28529.848,134708.707,20141020_074940,242479,9784,13640,4895
2,KTYX20141020_115457_V07,31.691,0.520,59.977,189.188,59.644,-77.183,44.245,29822.050,132184.069,20141020_075457,242471,9734,13367,4967
2,KTYX20141020_120014_V07,36.974,0.205,69.476,182.534,67.874,-77.124,44.275,33936.771,129363.477,20141020_080014,242470,9557,13280,5000
3,KTYX20141020_114423_V07,21.124,0.051,17.563,373.973,21.767,-77.424,43.410,10883.391,145981.743,20141020_074423,242476,10455,13866,5238
3,KTYX20141020_114940_V07,26.408,0.475,19.871,374.202,28.953,-77.409,43.409,14476.500,144894.777,20141020_074940,242479,9784,13640,4895
3,KTYX20141020_115457_V07,31.691,0.556,25.579,383.750,35.648,-77.373,43.366,17823.906,143457.995,20141020_075457,242471,9734,13367,4967
3,KTYX20141020_120014_V07,36.974,0.429,32.243,381.987,37.125,-77.332,43.375,18562.551,140013.945,20141020_080014,242470,9557,13280,5000
3,KTYX20141020_120741_V07,44.424,0.481,41.008,382.538,43.186,-77.278,43.373,21592.829,135913.204,20141020_080741,242475,9003,13659,4421
3,KTYX20141020_121257_V07,49.691,0.117,58.489,367.387,36.419,-77.172,43.443,18209.438,125368.133,20141020_081257,242475,9332,14001,4428
3,KTYX20141020_121813_V07,54.958,0.126,62.322,367.852,42.164,-77.148,43.441,21082.194,123586.544,20141020_081813,242470,9494,14448,4457
3,KTYX20141020_122329_V07,60.224,0.103,92.591,362.510,27.378,-76.962,43.467,13688.953,108311.967,20141020_082329,242479,10471,15380,4396
4,KTYX20141021_121408_V07,49.612,0.153,195.243,193.039,21.708,-76.336,44.235,10854.008,74857.539,20141021_081408,242474,116191,116434,30929
4,KTYX20141021_121923_V07,54.862,0.114,194.435,192.860,27.320,-76.341,44.236,13659.933,75204.659,20141021_081923,242478,115541,116140,30468
4,KTYX20141021_122438_V07,60.112,0.214,189.456,189.716,18.075,-76.372,44.250,9037.327,78074.641,20141021_082438,242471,116053,115692,30011
4,KTYX20141021_123007_V07,65.596,0.073,189.437,189.524,25.423,-76.372,44.251,12711.306,78149.084,20141021_083007,242472,116149,115738,29600
3,KTYX20141021_120852_V07,44.346,0.186,446.010,359.247,17.391,-74.778,43.486,8695.305,78786.444,20141021_080852,242472,116408,116848,31592
12,KTYX20141023_123902_V07,71.972,0.086,230.711,374.018,16.886,-76.108,43.422,8442.804,50694.306,20141023_083902,242470,25066,22672,10463
3,KTYX20141024_123219_V07,63.979,0.063,96.062,350.947,28.944,-76.941,43.520,14472.186,105102.887,20141024_083219,242481,6257,8455,5177
2,KTYX20141025_112404_V07,-5.553,0.364,299.411,296.757,24.142,-75.684,43.770,12070.763,1647.989,20141025_072404,242481,10079,11301,8339
15,KTYX20141026_115233_V07,21.644,0.149,391.509,309.974,23.563,-75.112,43.710,11781.391,46025.420,20141026_075233,242472,76459,72017,25281
15,KTYX20141026_115748_V07,26.894,0.080,393.294,310.785,30.188,-75.101,43.706,15093.889,46957.810,20141026_075748,242476,71955,70303,23953
15,KTYX20141026_120304_V07,32.161,0.104,398.695,315.403,31.627,-75.068,43.685,15813.496,49945.046,20141026_080304,242472,66602,66398,23223
9,KTYX20141026_104754_V07,-43.006,0.077,206.207,24.590,20.641,-76.275,44.994,10320.259,145471.653,20141026_064754,242472,117185,95884,34336
9,KTYX20141026_105337_V07,-37.289,0.119,206.860,25.413,27.851,-76.270,44.990,13925.694,144976.922,20141026_065337,242475,112134,92574,32671
2,KTYX20141026_104212_V07,-48.706,0.417,163.129,341.832,14.691,-76.527,43.564,7345.404,71560.396,20141026_064212,242480,120090,96562,36011
8,KTYX20141026_104754_V07,-43.006,0.144,68.132,260.659,30.277,-77.124,43.924,15138.588,117590.915,20141026_064754,242472,117185,95884,34336
10,KTYX20141026_105337_V07,-37.289,0.122,312.366,186.847,26.227,-75.603,44.265,13113.659,56913.491,20141026_065337,242475,112134,92574,32671
12,KTYX20141026_112617_V07,-4.623,0.050,403.028,324.431,20.828,-75.042,43.644,10414.213,52942.334,20141026_072617,242472,93852,87268,25481
13,KTYX20141026_114202_V07,11.127,0.224,353.658,205.341,26.742,-75.344,44.181,13371.174,54404.792,20141026_074202,242472,84719,77376,27023
20,KTYX20141026_120819_V07,37.411,0.081,384.829,246.883,19.914,-75.151,43.994,9957.012,50043.534,20141026_080819,242478,64190,63592,22461
1,KTYX20141027_113648_V07,4.604,0.117,295.764,303.190,23.039,-75.706,43.741,11519.318,2651.641,20141027_073648,242491,8315,7929,7526
2,KTYX20141028_114422_V07,10.876,0.309,27.413,253.714,28.624,-77.378,43.952,14311.987,138244.578,20141028_074422,242475,35748,38632,11066
2,KTYX20141028_114937_V07,16.126,0.184,31.567,251.621,35.877,-77.352,43.961,17938.626,136378.705,20141028_074937,242473,34393,36070,11598
3,KTYX20141028_114422_V07,10.876,0.090,101.447,246.933,27.333,-76.918,43.988,13666.515,102760.911,20141028_074422,242475,35748,38632,11066
4,KTYX20141028_114422_V07,10.876,0.062,149.236,204.840,56.309,-76.623,44.180,28154.631,89141.778,20141028_074422,242475,35748,38632,11066
2,KTYX20141029_104725_V07,-47.371,0.055,281.710,557.526,60.113,-75.791,42.597,30056.324,129087.159,20141029_064725,242476,13922,18583,4987
4,KTYX20141030_110724_V07,-28.688,0.386,343.806,281.230,9.487,-75.408,43.840,4743.629,23829.212,20141030_070724,242465,30409,29614,17372
4,KTYX20141030_111239_V07,-23.438,0.076,344.048,281.022,17.609,-75.406,43.841,8804.421,23981.158,20141030_071239,242477,27164,31225,14212
2,KTYX20141030_105137_V07,-44.472,0.118,277.038,445.510,33.258,-75.821,43.101,16629.103,73655.434,20141030_065137,242475,34530,28246,20636
6,KTYX20141030_120514_V07,29.145,0.066,365.791,301.124,17.774,-75.272,43.750,8887.047,32900.310,20141030_080514,242472,21036,23545,11311
8,KTYX20141030_122616_V07,50.178,0.150,374.254,309.771,21.340,-75.219,43.711,10670.120,37447.165,20141030_082616,242466,18179,22234,10267
6,KTYX20141031_121049_V07,33.425,0.101,19.857,288.381,30.707,-77.421,43.795,15353.282,140191.857,20141031_081049,242483,21104,38165,7029
6,KTYX20141031_122035_V07,43.191,0.084,20.726,286.990,39.180,-77.415,43.801,19589.904,139788.244,20141031_082035,242492,20331,37687,6252
3,KTYX20141031_113521_V07,-2.042,0.149,37.537,230.424,70.176,-77.318,44.057,35088.211,135764.147,20141031_073521,242484,26769,38166,10682
1,KTYX20141102_111118_V07,-28.706,0.111,267.689,210.656,5.781,-75.882,44.158,2890.316,47503.552,20141102_061118,242481,5470,7764,4589
2,KTYX20141102_114040_V07,0.661,0.075,237.347,182.707,2.105,-76.072,44.283,1052.740,66488.884,20141102_064040,242487,5572,5019,4985
3,KTYX20141102_121947_V07,39.777,0.194,395.086,165.627,2.061,-75.084,44.359,1030.724,82306.798,20141102_071947,242482,9577,5525,8749
1,KTYX20141104_104723_V07,-55.244,0.799,297.201,154.488,8.496,-75.698,44.411,4247.787,72769.395,20141104_054723,242476,6193,9433,3948
1,KTYX20141104_105240_V07,-49.961,0.094,298.233,154.399,16.527,-75.691,44.411,8263.408,72806.046,20141104_055240,242477,6046,9708,3855
1,KTYX20141104_105756_V07,-44.694,0.079,302.036,152.462,26.338,-75.667,44.420,13169.139,73776.092,20141104_055756,242472,5774,9262,3599
2,KTYX20141104_113916_V07,-3.361,0.088,291.603,304.878,23.444,-75.732,43.734,11722.153,4855.573,20141104_063916,242483,4946,8825,3612
3,KTYX20141104_123533_V07,52.923,0.564,297.502,296.628,21.060,-75.696,43.771,10530.228,2098.487,20141104_073533,242483,6558,7644,3743
1,KTYX20141105_115742_V07,13.760,0.131,264.199,305.595,15.857,-75.902,43.730,7928.402,18117.520,20141105_065742,242479,5811,10223,3265
2,KTYX20141106_112730_V07,-17.753,0.080,126.283,172.094,18.064,-76.769,44.326,9032.242,107863.004,20141106_062730,242483,9744,12199,3777
2,KTYX20141106_113717_V07,-7.970,0.051,127.082,174.349,28.634,-76.764,44.316,14317.226,106874.752,20141106_063717,242483,10043,12073,3857
3,KTYX20141106_114703_V07,1.797,0.061,33.794,524.417,40.434,-77.305,42.734,20217.209,174089.376,20141106_064703,243230,11406,13435,3822
4,KTYX20141107_112012_V07,-26.367,0.223,352.055,208.459,32.446,-75.355,44.167,16223.076,52653.239,20141107_062012,242468,97895,110018,16099
4,KTYX20141107_112529_V07,-21.084,0.147,352.079,207.026,40.725,-75.354,44.174,20362.726,53283.041,20141107_062529,242471,94938,109018,15717
11,KTYX20141107_125502_V07,68.466,0.093,353.975,311.555,17.542,-75.345,43.703,8770.912,27599.083,20141107_075502,242475,77898,100551,11039
11,KTYX20141107_130019_V07,73.749,0.078,354.663,312.444,24.089,-75.341,43.699,12044.302,28030.618,20141107_080019,242474,76304,99920,10488
11,KTYX20141107_130535_V07,79.016,0.086,359.450,320.908,16.711,-75.311,43.661,8355.499,31509.682,20141107_080535,242479,74800,98432,10174
1,KTYX20141108_121439_V07,26.769,0.052,46.390,239.485,85.647,-77.262,44.017,42823.257,130365.022,20141108_071439,243084,8889,11084,5005
2,KTYX20141108_130336_V07,75.719,0.095,19.884,345.595,28.528,-77.413,43.537,14264.111,141901.065,20141108_080336,242476,4468,6224,3349
3,KTYX20141108_130336_V07,75.719,0.079,302.990,301.668,20.980,-75.661,43.748,10489.971,1712.036,20141108_080336,242476,4468,6224,3349
1,KTYX20141109_105136_V07,-57.595,0.137,281.462,181.883,2.620,-75.796,44.287,1310.116,59781.337,20141109_055136,242485,15519,32765,4571
4,KTYX20141109_125244_V07,63.538,0.084,23.350,263.257,32.892,-77.402,43.908,16446.213,139539.854,20141109_075244,242475,16778,34925,4367
1,KTYX20141110_105331_V07,-56.991,0.354,270.823,194.391,5.559,-75.863,44.231,2779.503,54782.623,20141110_055331,242474,83692,73560,27626
4,KTYX20141110_113025_V07,-20.091,0.077,326.504,195.320,20.139,-75.514,44.227,10069.653,53991.539,20141110_063025,242478,52920,64607,14081
1,KTYX20141111_111148_V07,-40.019,0.170,261.935,182.519,2.555,-75.918,44.284,1277.382,61746.910,20141111_061148,242482,2811,8288,2541
1,KTYX20141111_112136_V07,-30.219,0.082,262.246,184.241,12.754,-75.916,44.276,6377.007,60880.051,20141111_062136,242480,2772,8862,2553
3,KTYX20141112_112709_V07,-25.978,0.108,349.510,178.586,28.041,-75.370,44.302,14020.443,65560.070,20141112_062709,242471,53902,69706,13054
1,KTYX20141115_105855_V07,-58.121,0.235,260.161,213.148,3.062,-75.929,44.146,1531.219,47776.576,20141115_055855,242479,7792,12116,4392
3,KTYX20141115_110842_V07,-48.337,0.070,272.649,391.346,6.995,-75.849,43.345,3497.721,47676.286,20141115_060842,242483,8032,12295,4181
1,KTYX20141117_111235_V07,-47.037,0.118,25.888,206.864,48.562,-77.394,44.162,24281.149,144751.312,20141117_061235,242473,66447,105921,11030
1,KTYX20141117_111751_V07,-41.771,0.080,27.261,205.113,55.951,-77.385,44.170,27975.589,144386.733,20141117_061751,242465,67252,103808,11400
1,KTYX20141117_112306_V07,-36.521,0.056,31.883,199.291,58.597,-77.357,44.197,29298.689,143203.509,20141117_062306,242480,69805,101586,12971
1,KTYX20141117_112822_V07,-31.254,-1.000,35.755,194.410,62.322,-77.333,44.219,31160.852,142280.086,20141117_062822,242474,71991,99957,15268
1,KTYX20141117_113339_V07,-25.971,0.065,48.290,241.837,95.814,-77.249,44.007,47906.773,129171.358,20141117_063339,242473,68848,100435,14349
1,KTYX20141117_113855_V07,-20.704,0.055,52.011,242.999,104.600,-77.226,44.002,52299.932,127227.572,20141117_063855,242472,70148,100106,14044
8,KTYX20141117_123243_V07,33.096,0.107,35.635,177.669,56.539,-77.336,44.294,28269.327,145648.493,20141117_073243,242476,128777,137676,20383
8,KTYX20141117_123826_V07,38.813,0.168,39.102,180.962,66.645,-77.314,44.280,33322.428,143385.838,20141117_073826,242475,138794,144799,20678
6,KTYX20141117_122658_V07,27.346,0.072,309.958,506.062,32.738,-75.619,42.828,16369.123,103151.415,20141117_072658,242481,117460,133307,18880
1,KTYX20141120_111654_V07,-46.546,0.186,42.314,211.834,76.882,-77.290,44.141,38441.128,136175.667,20141120_061654,242485,103151,105354,15046
1,KTYX20141120_112210_V07,-41.279,0.082,44.090,212.027,81.723,-77.279,44.141,40861.623,135304.661,20141120_062210,242476,104076,105012,15610
2,KTYX20141122_125506_V07,49.148,0.174,306.662,291.421,38.930,-75.639,43.794,19464.897,5430.979,20141122_075506,242486,6401,16547,3328
2,KTYX20141122_130454_V07,58.948,0.176,307.149,291.584,45.562,-75.636,43.794,22780.977,5520.966,20141122_080454,242478,5807,16109,3337
4,KTYX20141122_132431_V07,78.564,0.107,215.256,47.657,60.192,-76.216,44.890,30095.810,133096.299,20141122_082431,242483,5116,16049,2959
4,KTYX20141122_133420_V07,88.381,0.100,231.626,49.377,67.900,-76.113,44.883,33949.812,129890.990,20141122_083420,242479,5302,16440,3060
3,KTYX20141122_125506_V07,49.148,0.055,37.600,358.679,65.702,-77.302,43.480,32851.086,134440.268,20141122_075506,242486,6401,16547,3328
2,KTYX20141123_124629_V07,39.294,0.090,298.946,301.825,20.025,-75.687,43.748,10012.436,1053.580,20141123_074629,242484,4889,8914,3543
3,KTYX20141123_132532_V07,78.344,0.132,298.519,303.293,19.262,-75.689,43.741,9631.016,1805.363,20141123_082532,242480,3433,5490,3206
1,KTYX20141124_111722_V07,-51.048,0.091,28.520,190.778,39.380,-77.379,44.235,19690.126,146313.593,20141124_061722,242471,55153,58319,10108
1,KTYX20141124_112238_V07,-45.782,0.462,30.230,184.597,45.445,-77.369,44.263,22722.527,146708.698,20141124_062238,242482,49912,54332,9289
1,KTYX20141124_112753_V07,-40.532,0.233,38.582,159.402,42.223,-77.320,44.377,21111.710,148414.138,20141124_062753,242476,45584,49430,8435
4,KTYX20141124_113824_V07,-30.015,0.130,51.732,137.481,53.196,-77.240,44.477,26597.958,148365.832,20141124_063824,242471,38026,43477,6141
4,KTYX20141124_114339_V07,-24.765,0.054,56.183,133.423,58.473,-77.213,44.495,29236.400,147643.667,20141124_064339,242479,33726,43264,5334
5,KTYX20141124_113824_V07,-30.015,0.062,299.037,303.247,13.490,-75.686,43.741,6745.106,1693.198,20141124_063824,242471,38026,43477,6141
7,KTYX20141124_121513_V07,6.802,0.123,366.365,111.230,20.235,-75.262,44.605,10117.332,100047.797,20141124_071513,242473,43727,59778,7309
1,KTYX20141126_125023_V07,39.558,0.317,25.437,432.611,43.856,-77.368,43.146,21927.940,152455.311,20141126_075023,242476,28120,31432,4933
1,KTYX20141127_124925_V07,37.408,0.164,20.855,415.672,29.611,-77.398,43.222,14805.322,151081.237,20141127_074925,242484,34569,45730,3095
2,KTYX20141128_130318_V07,50.124,0.080,368.703,199.814,37.001,-75.250,44.206,18500.427,60740.084,20141128_080318,242479,56320,64880,9300
4,KTYX20141129_123718_V07,22.975,0.084,300.423,281.514,21.987,-75.677,43.839,10993.279,9245.304,20141129_073718,242486,12550,19231,5831
1,KTYX20141201_112647_V07,-49.786,0.105,300.765,295.050,30.120,-75.675,43.778,15060.097,2504.385,20141201_062647,242483,3837,4533,3684
2,KTYX20141203_131931_V07,60.785,0.297,66.729,198.371,73.487,-77.139,44.204,36743.523,127223.964,20141203_081931,243147,9264,38449,3590
2,KTYX20141203_132918_V07,70.568,0.424,70.795,190.354,84.674,-77.115,44.240,42336.755,127040.437,20141203_082918,242483,10784,40524,3922
2,KTYX20141203_133905_V07,80.351,0.187,77.009,182.997,88.102,-77.077,44.274,44051.216,125911.581,20141203_083905,242479,13095,42178,4575
6,KTYX20141205_130227_V06,41.644,0.052,301.459,305.751,13.692,-75.671,43.730,6845.787,2966.760,20141205_080227,479170,16938,20851,6934
6,KTYX20141205_131215_V06,51.444,0.141,301.022,305.688,21.347,-75.674,43.730,10673.443,2889.446,20141205_081215,479175,17702,21287,7150
2,KTYX20141205_113210_V06,-48.640,0.116,24.807,103.188,30.438,-77.414,44.628,15219.028,169164.224,20141205_063210,479177,19594,20872,8222
3,KTYX20141205_113210_V06,-48.640,0.066,296.194,301.083,9.000,-75.704,43.751,4500.061,1978.403,20141205_063210,479177,19594,20872,8222
1,KTYX20141207_130821_V06,45.565,0.102,354.478,78.010,14.283,-75.336,44.754,7141.720,114288.211,20141207_080821,479178,6257,19450,4893
1,KTYX20141208_112628_V06,-57.269,0.099,171.789,211.758,2.816,-76.481,44.150,1407.944,77821.530,20141208_062628,479171,5399,14323,4560
1,KTYX20141208_113615_V06,-47.485,0.082,173.926,211.483,13.931,-76.468,44.151,6965.620,77022.800,20141208_063615,479173,5491,14888,4649
8,KTYX20141210_123010_V06,4.611,0.144,481.767,430.840,39.656,-74.562,43.162,19828.247,111980.029,20141210_073010,479192,338371,317078,27456
8,KTYX20141210_123554_V06,10.345,0.188,485.254,431.830,49.167,-74.541,43.157,24583.393,113686.227,20141210_073554,479189,337225,316369,28102
2,KTYX20141212_114302_V06,-44.228,0.066,285.588,303.571,9.671,-75.769,43.740,4835.655,7423.854,20141212_064302,479172,10468,20220,3460
4,KTYX20141212_120237_V06,-24.644,0.059,275.689,283.743,16.575,-75.831,43.829,8287.598,14622.885,20141212_070237,479172,13913,23469,3614
5,KTYX20141212_121224_V06,-14.861,0.084,225.990,140.869,22.069,-76.145,44.471,11034.588,87749.959,20141212_071224,479179,15038,25302,2879
3,KTYX20141217_115138_V06,-39.343,0.140,12.987,235.784,21.376,-77.470,44.031,10687.768,147054.817,20141217_065138,479186,185118,147082,58286
3,KTYX20141217_115652_V06,-34.110,0.118,13.796,235.710,28.187,-77.465,44.031,14093.295,146667.990,20141217_065652,479189,189299,148620,60427
3,KTYX20141217_120220_V06,-28.643,0.097,17.023,234.288,28.864,-77.445,44.038,14432.136,145253.259,20141217_070220,479179,193395,151305,61492
3,KTYX20141217_120749_V06,-23.160,-1.000,19.737,233.143,30.931,-77.429,44.043,15465.459,144063.569,20141217_070749,479167,197636,152561,63266
3,KTYX20141217_121317_V06,-17.693,-1.000,22.443,232.001,32.991,-77.412,44.049,16495.643,142882.750,20141217_071317,479191,203785,154118,65526
3,KTYX20141217_121846_V06,-12.210,-1.000,25.157,230.855,35.058,-77.395,44.054,17528.966,141703.732,20141217_071846,479194,206379,154786,67687
3,KTYX20141217_122401_V06,-6.960,0.052,32.249,233.516,32.315,-77.350,44.043,16157.645,137940.793,20141217_072401,479183,210360,157444,68223
1,KTYX20141217_113539_V06,-55.327,0.056,34.072,498.559,39.865,-77.307,42.851,19932.652,165939.383,20141217_063539,479189,167756,143150,53648
5,KTYX20141217_120749_V06,-23.160,0.057,22.008,237.641,24.907,-77.414,44.023,12453.392,142449.994,20141217_070749,479167,197636,152561,63266
6,KTYX20141217_123431_V06,3.540,0.116,373.823,267.572,29.789,-75.221,43.901,14894.711,40315.874,20141217_073431,479170,217399,165138,68357
2,KTYX20141225_115315_V06,-41.834,0.116,320.329,320.280,16.389,-75.554,43.664,8194.355,14357.442,20141225_065315,479170,8860,16492,5668
1,KTYX20141227_122421_V06,-11.373,0.057,287.716,303.748,21.380,-75.756,43.739,10690.079,6421.337,20141227_072421,479170,5311,6728,4856
2,KTYX20141227_133242_V06,56.977,0.086,284.123,297.133,5.489,-75.779,43.769,2744.385,8066.670,20141227_083242,479177,4878,6121,4440
