track_id,filename,from_sunrise,det_score,x,y,r,lon,lat,radius,geo_dist,local_time,n_radar_pixels,n_refAbove40_pixels,n_xcorrAbove0.95_pixels,n_xcorrBelow0.95_refAbove40_pixels
15,KGYX20150602_095636_V06,55.351,0.116,49.637,226.009,62.759,-71.823,44.214,31379.265,130533.829,20150602_055636,479178,434058,396007,43510
19,KGYX20150602_101956_V06,78.684,0.201,37.097,276.225,61.974,-71.896,43.987,30986.759,131987.716,20150602_061956,479181,432224,396282,39918
2,KGYX20150608_082609_V06,-32.817,0.242,210.910,32.095,30.090,-70.823,45.095,15045.128,141164.837,20150608_042609,479184,27620,39035,13826
6,KGYX20150608_085627_V06,-2.517,0.067,23.573,436.444,30.921,-71.959,43.265,15460.644,154133.506,20150608_045627,479180,11530,27199,5477
7,KGYX20150608_090147_V06,2.816,0.062,257.348,86.154,31.728,-70.527,44.853,15864.136,109028.769,20150608_050147,479182,12146,27647,5486
10,KGYX20150608_092310_V06,24.200,0.133,155.501,48.053,24.905,-71.174,45.021,12452.414,145221.493,20150608_052310,479186,17036,30532,7016
12,KGYX20150608_092804_V06,29.100,0.051,540.874,540.047,16.487,-68.785,42.801,8243.334,170031.466,20150608_052804,479186,18647,31813,7369
13,KGYX20150608_093257_V06,33.983,0.165,337.778,519.492,20.494,-70.026,42.903,10246.775,111359.947,20150608_053257,479180,19752,34065,7525
16,KGYX20150608_101659_V06,78.016,0.066,136.144,43.904,55.299,-71.297,45.039,27649.570,152014.713,20150608_061659,479172,25561,44846,8036
8,KGYX20150612_094544_V06,47.541,0.123,250.723,184.304,1.892,-70.566,44.412,946.238,62876.655,20150612_054544,479185,19493,32261,5138
8,KGYX20150612_095102_V06,52.841,0.071,250.748,184.277,8.053,-70.566,44.412,4026.322,62883.947,20150612_055102,479184,18491,30179,5299
10,KGYX20150612_095102_V06,52.841,0.214,22.977,187.555,32.642,-71.995,44.384,16320.837,149486.917,20150612_055102,479184,18491,30179,5299
10,KGYX20150612_095648_V06,58.608,0.124,26.298,188.211,43.290,-71.974,44.382,21645.173,147825.619,20150612_055648,479179,19294,30673,5317
13,KGYX20150612_100233_V06,64.358,0.062,251.188,462.451,16.831,-70.557,43.160,8415.316,84812.810,20150612_060233,479185,20918,31293,5609
13,KGYX20150612_100751_V06,69.658,0.407,252.942,460.557,26.758,-70.546,43.168,13379.193,83655.551,20150612_060751,479176,22428,32926,5520
5,KGYX20150612_092454_V06,26.708,0.168,250.476,184.984,1.970,-70.568,44.409,985.010,62612.566,20150612_052454,479188,25800,41064,6470
9,KGYX20150612_094544_V06,47.541,0.081,457.968,103.526,47.478,-69.259,44.771,23739.090,126051.220,20150612_054544,479185,19493,32261,5138
1,KGYX20150614_081200_V06,-46.030,0.053,282.299,140.094,1.867,-70.368,44.611,933.598,80441.275,20150614_041200,479183,14565,27693,10311
1,KGYX20150615_080118_V06,-56.704,0.061,250.359,184.557,2.367,-70.569,44.410,1183.359,62831.571,20150615_040118,479175,72142,78195,17100
1,KGYX20150616_080005_V06,-57.932,0.053,250.890,183.490,2.189,-70.565,44.415,1094.296,63218.434,20150616_040005,479188,5448,84751,2271
3,KGYX20150616_093652_V06,38.852,0.150,286.465,295.221,12.401,-70.341,43.913,6200.462,7176.802,20150616_053652,479179,1718,21158,974
2,KGYX20150617_092717_V06,29.221,0.218,358.002,333.762,37.702,-69.897,43.739,18850.891,33556.376,20150617_052717,479173,3147,37832,2597
2,KGYX20150617_093657_V06,38.888,0.153,351.534,335.899,43.320,-69.937,43.729,21660.041,31402.701,20150617_053657,479177,3023,37515,2518
2,KGYX20150617_094637_V06,48.554,0.115,331.839,355.332,30.782,-70.060,43.642,15391.182,31919.410,20150617_054637,479174,3045,37955,2483
1,KGYX20150617_075821_V06,-59.712,0.060,250.492,183.711,2.271,-70.568,44.414,1135.250,63194.504,20150617_035821,479180,5672,24054,4399
1,KGYX20150622_081820_V06,-40.502,0.306,196.042,264.350,51.403,-70.906,44.050,25701.468,54950.286,20150622_041820,479184,106709,116618,14932
1,KGYX20150622_082402_V06,-34.802,-1.000,196.042,264.350,60.466,-70.906,44.050,30232.968,54950.286,20150622_042402,479183,113804,120626,15757
1,KGYX20150622_082943_V06,-29.118,0.085,205.901,275.080,52.299,-70.844,44.002,26149.607,48671.584,20150622_042943,479179,123567,126701,16564
11,KGYX20150622_091523_V06,16.548,0.090,238.753,237.786,25.483,-70.640,44.171,12741.285,43651.589,20150622_051523,479184,136158,144448,16238
21,KGYX20150622_095747_V06,58.948,0.076,300.406,242.589,22.227,-70.254,44.150,11113.415,28706.194,20150622_055747,479181,100278,122124,11136
2,KGYX20150623_090931_V06,10.423,0.071,250.617,184.063,2.167,-70.567,44.413,1083.675,63007.846,20150623_050931,479180,26513,29681,6971
1,KGYX20150624_080756_V06,-51.453,0.269,274.764,123.800,16.887,-70.416,44.684,8443.333,88998.803,20150624_040756,479179,8598,18679,7187
4,KGYX20150626_085053_V06,-9.188,0.056,280.117,140.598,2.853,-70.382,44.609,1426.674,80318.845,20150626_045053,479181,99434,102511,21272
1,KGYX20150629_080143_V06,-59.622,0.086,250.736,183.363,2.238,-70.566,44.416,1118.933,63307.144,20150629_040143,479180,1883,10917,1328
2,KGYX20150629_081116_V06,-50.072,0.203,28.696,105.188,23.756,-71.970,44.755,11878.135,167001.045,20150629_041116,479182,2159,9236,1414
1,KGYX20150630_080325_V06,-58.406,0.081,251.079,185.264,2.485,-70.564,44.407,1242.718,62365.233,20150630_040325,479173,8698,20537,5696
1,KGYX20150701_080409_V06,-58.187,0.115,250.990,183.676,2.480,-70.565,44.414,1239.988,63113.325,20150701_040409,479180,29790,41747,6979
1,KGYX20150702_082048_V06,-42.081,0.484,38.617,210.456,52.825,-71.894,44.283,26412.399,138147.528,20150702_042048,479181,8247,20080,5876
1,KGYX20150702_083023_V06,-32.498,0.822,40.711,220.717,58.054,-71.880,44.237,29026.803,135569.873,20150702_043023,479177,9123,18676,7039
1,KGYX20150702_083958_V06,-22.914,0.740,54.253,224.514,62.434,-71.795,44.221,31216.944,128539.575,20150702_043958,479180,10678,18088,8735
1,KGYX20150702_084933_V06,-13.331,0.644,63.604,235.962,64.026,-71.735,44.170,32012.993,122458.048,20150702_044933,479173,7428,18596,6094
1,KGYX20150704_081633_V06,-47.504,0.168,345.648,509.833,16.173,-69.977,42.947,8086.477,107370.352,20150704_041633,479179,11447,17890,8280
3,KGYX20150704_101125_V06,67.362,0.136,516.842,496.177,36.480,-68.927,43.001,18240.208,146206.985,20150704_061125,479181,11838,15737,9825
4,KGYX20150704_102100_V06,76.946,0.186,359.964,516.411,22.276,-69.890,42.917,11138.115,112282.396,20150704_062100,479184,12507,16505,10298
1,KGYX20150705_081541_V06,-48.999,0.122,250.243,184.079,2.359,-70.569,44.413,1179.352,63074.104,20150705_041541,479179,12077,18731,8644
2,KGYX20150705_081541_V06,-48.999,0.090,281.589,140.556,2.294,-70.373,44.609,1147.022,80251.553,20150705_041541,479179,12077,18731,8644
4,KGYX20150705_083444_V06,-29.949,0.203,360.408,14.894,20.439,-69.873,45.174,10219.261,145717.786,20150705_043444,479177,10712,19249,7687
15,KGYX20150708_101852_V06,72.140,0.058,50.014,479.272,62.011,-71.792,43.074,31005.634,153811.221,20150708_061852,479178,64826,75495,8851
15,KGYX20150708_102340_V06,76.940,0.130,50.944,478.426,68.670,-71.786,43.078,34335.127,153186.752,20150708_062340,479184,68488,79422,9228
15,KGYX20150708_102828_V06,81.740,0.324,57.380,473.315,73.398,-71.747,43.102,36698.772,149082.630,20150708_062828,479178,71461,82994,9223
15,KGYX20150708_103316_V06,86.540,0.121,66.224,477.976,74.811,-71.692,43.081,37405.265,146906.938,20150708_063316,479185,74611,86850,9352
14,KGYX20150708_101852_V06,72.140,0.083,249.915,233.812,31.456,-70.570,44.189,15728.029,41501.129,20150708_061852,479178,64826,75495,8851
14,KGYX20150708_102340_V06,76.940,0.146,252.974,231.415,36.707,-70.551,44.200,18353.389,41579.422,20150708_062340,479184,68488,79422,9228
1,KGYX20150708_080653_V06,-59.843,0.141,300.016,348.527,2.900,-70.257,43.673,1450.115,24263.612,20150708_040653,479174,8325,19257,3089
4,KGYX20150708_093048_V06,24.073,0.147,82.811,427.856,29.180,-71.595,43.308,14590.054,126013.920,20150708_053048,479180,36138,47603,6187
4,KGYX20150708_093536_V06,28.873,-1.000,82.811,427.856,36.812,-71.595,43.308,18406.054,126013.920,20150708_053536,479184,39687,51233,6409
4,KGYX20150708_094025_V06,33.690,0.181,107.956,419.579,27.567,-71.441,43.347,13783.278,113115.093,20150708_054025,479179,42506,54222,6498
1,KGYX20150709_081439_V06,-52.809,0.063,392.234,378.318,4.669,-69.686,43.538,2334.629,60499.912,20150709_041439,479180,16603,23710,11998
1,KGYX20150710_085352_V06,-14.348,0.069,338.025,164.173,6.166,-70.018,44.502,3083.172,70524.504,20150710_045352,479184,24239,35165,12061
2,KGYX20150712_083203_V06,-37.745,0.070,341.651,149.644,39.322,-69.995,44.568,19660.843,78009.401,20150712_043203,479177,20000,26913,12250
2,KGYX20150712_083650_V06,-32.961,0.171,342.946,151.855,44.435,-69.987,44.558,22217.508,77121.950,20150712_043650,479176,17774,26774,11365
2,KGYX20150712_084137_V06,-28.178,0.189,353.766,160.969,39.118,-69.919,44.517,19558.857,74532.558,20150712_044137,479184,19778,26726,14550
2,KGYX20150713_092725_V06,16.799,0.100,334.917,376.660,22.531,-70.041,43.546,11265.305,42118.649,20150713_052725,479181,33524,22099,30528
2,KGYX20150713_093647_V06,26.166,0.128,342.459,376.341,35.896,-69.994,43.548,17948.083,43677.088,20150713_053647,479182,37001,22986,33870
5,KGYX20150713_095059_V06,40.366,0.092,258.733,520.867,27.614,-70.510,42.897,13807.081,112344.360,20150713_055059,479182,34190,29767,28686
5,KGYX20150713_095551_V06,45.233,0.220,259.719,521.474,35.191,-70.504,42.894,17595.365,112553.731,20150713_055551,479182,32039,28524,26953
1,KGYX20150713_085927_V06,-11.167,0.064,244.941,506.203,8.966,-70.594,42.963,4482.964,106713.741,20150713_045927,479181,30499,21396,27629
3,KGYX20150713_092725_V06,16.799,0.090,271.750,509.346,15.997,-70.430,42.949,7998.599,105621.854,20150713_052725,479181,33524,22099,30528
4,KGYX20150713_093647_V06,26.166,0.097,211.372,576.415,13.891,-70.797,42.646,6945.465,145138.108,20150713_053647,479182,37001,22986,33870
1,KGYX20150717_093710_V06,23.062,0.415,543.023,459.905,15.624,-68.763,43.162,7812.128,145455.967,20150717_053710,479184,11193,15332,9329
1,KGYX20150717_094651_V06,32.745,0.779,542.775,464.830,20.891,-68.765,43.140,10445.436,146721.185,20150717_054651,479179,10933,15374,9096
1,KGYX20150717_095632_V06,42.429,-1.000,542.541,469.459,26.767,-68.767,43.119,13383.350,147937.916,20150717_055632,479172,11471,16058,9603
1,KGYX20150717_100614_V06,52.129,0.134,546.757,470.158,29.910,-68.741,43.115,14954.997,149868.860,20150717_060614,479182,11030,15959,9235
1,KGYX20150717_101555_V06,61.812,0.082,543.773,471.459,36.256,-68.759,43.110,18127.884,149016.425,20150717_061555,479186,10700,16266,8839
13,KGYX20150718_094703_V06,32.029,0.153,238.590,416.885,21.274,-70.636,43.365,10637.190,66017.756,20150718_054703,479185,183586,202892,20748
19,KGYX20150718_103228_V06,77.445,0.064,516.183,56.894,49.381,-68.887,44.977,24690.399,162661.956,20150718_063228,479183,163562,182621,19545
3,KGYX20150720_082349_V06,-53.086,0.188,522.008,259.151,20.498,-68.871,44.067,10248.913,112867.422,20150720_042349,479205,89741,97902,17451
11,KGYX20150720_084943_V06,-27.186,0.062,475.837,379.188,17.968,-69.169,43.530,8983.784,96422.753,20150720_044943,479186,94891,101664,20160
1,KGYX20150724_082125_V06,-59.417,0.058,399.136,377.482,2.781,-69.644,43.541,1390.352,62911.499,20150724_042125,479185,70273,49690,47290
2,KGYX20150725_100333_V06,41.703,0.128,280.252,377.153,6.804,-70.379,43.544,3402.050,39820.291,20150725_060333,479179,7817,21831,6383
2,KGYX20150725_101314_V06,51.387,0.387,282.641,378.285,13.564,-70.364,43.539,6782.202,40093.439,20150725_061314,479186,7513,20410,6383
9,KGYX20150726_101701_V06,54.146,0.180,38.269,457.851,41.526,-71.866,43.170,20763.098,152823.710,20150726_061701,479181,149174,172310,15158
9,KGYX20150726_102250_V06,59.962,0.051,39.782,457.941,48.450,-71.857,43.169,24225.058,152199.666,20150726_062250,479180,151813,174837,14640
4,KGYX20150728_085155_V06,-33.033,0.090,364.656,70.006,12.368,-69.847,44.926,6183.823,119454.748,20150728_045155,479187,86466,94415,18399
4,KGYX20150728_085700_V06,-27.949,0.056,365.500,68.947,19.275,-69.842,44.930,9637.292,120079.132,20150728_045700,479191,87521,94157,17269
6,KGYX20150728_085155_V06,-33.033,0.062,320.250,273.089,13.989,-70.131,44.012,6994.434,16839.508,20150728_045155,479187,86466,94415,18399
6,KGYX20150728_085700_V06,-27.949,0.218,322.319,272.926,20.189,-70.118,44.013,10094.279,17543.538,20150728_045700,479191,87521,94157,17269
6,KGYX20150728_090204_V06,-22.883,-1.000,323.992,272.795,26.722,-70.107,44.014,13360.778,18136.463,20150728_050204,479198,90148,96432,16736
6,KGYX20150728_090707_V06,-17.833,0.621,333.665,265.615,21.774,-70.047,44.046,10886.837,24060.424,20150728_050707,479195,90627,98955,16467
6,KGYX20150728_091211_V06,-12.766,0.641,336.590,265.864,26.115,-70.029,44.045,13057.326,25020.566,20150728_051211,479194,92138,103074,16456
8,KGYX20150728_085700_V06,-27.949,0.089,54.303,416.167,25.189,-71.772,43.359,12594.585,135887.874,20150728_045700,479191,87521,94157,17269
8,KGYX20150728_090204_V06,-22.883,0.139,56.366,417.856,30.658,-71.760,43.351,15329.173,135321.573,20150728_050204,479198,90148,96432,16736
5,KGYX20150728_085155_V06,-33.033,0.067,41.920,406.072,28.437,-71.850,43.403,14218.747,139513.849,20150728_045155,479187,86466,94415,18399
17,KGYX20150728_092220_V06,-2.616,0.346,94.428,439.728,22.531,-71.523,43.256,11265.486,124281.608,20150728_052220,479184,91547,105366,18217
1,KGYX20150730_084128_V06,-45.597,0.249,394.247,388.525,5.602,-69.674,43.492,2801.022,64651.199,20150730_044128,479180,70188,39185,51668
1,KGYX20150731_084453_V06,-43.250,0.077,281.026,139.988,2.021,-70.376,44.611,1010.551,80566.321,20150731_044453,479182,13285,28499,9798
2,KGYX20150731_091334_V06,-14.566,0.081,237.974,509.981,14.107,-70.637,42.946,7053.483,109475.333,20150731_051334,479178,13760,29555,11344
3,KGYX20150731_101111_V06,43.050,0.152,410.668,495.485,32.253,-69.578,43.010,16126.598,112318.289,20150731_061111,479181,20307,31058,17094
1,KGYX20150801_085344_V06,-35.476,0.057,55.695,186.218,60.287,-71.790,44.393,30143.251,134751.115,20150801_045344,479174,10407,21605,6519
1,KGYX20150801_090322_V06,-25.843,0.187,62.086,183.585,69.300,-71.750,44.406,34650.031,132434.385,20150801_050322,479187,10215,21980,7385
3,KGYX20150802_092507_V06,-5.177,0.060,281.065,140.949,1.829,-70.376,44.607,914.322,80086.851,20150802_052507,479182,18400,24245,15852
8,KGYX20150802_101329_V06,43.190,0.070,433.326,229.304,20.534,-69.423,44.206,10266.964,75454.961,20150802_061329,479181,18593,22465,14842
2,KGYX20150803_092728_V06,-3.917,0.487,206.035,536.183,14.092,-70.831,42.827,7045.804,127094.368,20150803_052728,479185,10083,21148,8231
2,KGYX20150803_093710_V06,5.783,0.364,208.234,534.487,26.171,-70.818,42.835,13085.679,125901.930,20150803_053710,479183,9726,18926,7835
1,KGYX20150803_083655_V06,-54.467,0.058,250.904,184.747,2.129,-70.565,44.410,1064.697,62637.130,20150803_043655,479184,12122,22845,8592
3,KGYX20150803_093710_V06,5.783,0.323,507.234,506.984,19.485,-68.987,42.953,9742.439,146448.373,20150803_053710,479183,9726,18926,7835
1,KGYX20150804_090906_V06,-23.379,0.187,362.804,278.759,6.489,-69.866,43.986,3244.328,33149.521,20150804_050906,479172,8510,27357,4679
1,KGYX20150804_091358_V06,-18.513,0.586,362.588,278.256,12.689,-69.867,43.989,6344.262,33128.962,20150804_051358,479178,9109,28753,5217
3,KGYX20150804_100248_V06,30.321,0.085,44.510,453.931,62.263,-71.828,43.188,31131.741,149139.299,20150804_060248,479182,16652,22663,10132
3,KGYX20150804_100741_V06,35.204,0.091,45.602,452.198,67.669,-71.822,43.196,33834.333,148224.955,20150804_060741,479183,15592,22445,9311
1,KGYX20150805_091442_V06,-18.881,0.058,365.206,279.268,8.223,-69.851,43.984,4111.420,34211.129,20150805_051442,479186,10796,23856,6212
1,KGYX20150805_091938_V06,-13.948,0.248,365.783,279.593,13.842,-69.847,43.982,6921.047,34437.910,20150805_051938,479187,11903,24796,6991
1,KGYX20150805_092432_V06,-9.048,0.350,367.732,280.074,16.216,-69.835,43.980,8107.969,35300.932,20150805_052432,479191,14025,24737,8697
3,KGYX20150808_091728_V06,-19.449,0.445,363.385,282.656,5.397,-69.862,43.969,2698.341,32857.381,20150808_051728,479188,11283,23903,8519
3,KGYX20150808_092710_V06,-9.749,0.092,365.072,284.573,12.658,-69.852,43.960,6329.020,33437.946,20150808_052710,479180,13926,22770,11230
3,KGYX20150808_093651_V06,-0.066,0.706,366.826,287.297,20.274,-69.841,43.948,10136.965,34011.537,20150808_053651,479181,21610,23150,18385
3,KGYX20150808_094633_V06,9.634,0.163,366.504,302.482,27.139,-69.843,43.879,13569.505,33274.970,20150808_054633,479183,28546,23640,24452
8,KGYX20150808_094633_V06,9.634,0.164,204.006,551.787,18.126,-70.843,42.757,9062.878,134732.780,20150808_054633,479183,28546,23640,24452
8,KGYX20150808_095615_V06,19.334,0.060,199.990,554.749,30.592,-70.868,42.743,15296.113,136838.495,20150808_055615,479180,30078,24049,25645
1,KGYX20150808_090745_V06,-29.166,0.165,280.320,140.429,2.028,-70.381,44.609,1013.901,80389.767,20150808_050745,479179,27878,32562,20344
9,KGYX20150808_105426_V06,77.518,0.098,248.631,513.864,10.692,-70.572,42.928,5346.006,109973.226,20150808_065426,479174,19146,25243,16217
3,KGYX20150809_104007_V06,62.081,0.072,328.993,408.264,30.404,-70.078,43.404,15202.093,56039.302,20150809_064007,479182,19815,20143,17396
4,KGYX20150810_094350_V06,4.674,0.920,218.174,538.622,15.381,-70.757,42.816,7690.444,126130.795,20150810_054350,479184,16929,20890,14107
4,KGYX20150810_095331_V06,14.358,0.878,219.945,538.899,24.417,-70.746,42.815,12208.522,125977.966,20150810_055331,479180,16592,19144,14018
4,KGYX20150810_100313_V06,24.058,0.492,222.208,539.977,31.580,-70.732,42.810,15789.875,126135.149,20150810_060313,479184,15984,19042,13248
1,KGYX20150810_084540_V06,-53.492,0.075,387.168,385.326,10.420,-69.718,43.506,5210.245,60989.356,20150810_044540,479178,79225,23440,69098
1,KGYX20150810_085521_V06,-43.809,0.058,385.484,383.208,20.913,-69.728,43.516,10456.646,59646.985,20150810_045521,479189,69024,24618,59425
3,KGYX20150810_092426_V06,-14.726,0.201,360.350,281.401,12.617,-69.881,43.974,6308.582,31575.512,20150810_052426,479193,9117,21891,7469
3,KGYX20150810_093408_V06,-5.026,0.208,361.284,283.843,22.910,-69.875,43.963,11454.832,31689.061,20150810_053408,479181,13377,21980,11134
2,KGYX20150811_095114_V06,10.948,0.254,21.406,390.874,34.854,-71.979,43.469,17427.019,146520.301,20150811_055114,479176,9085,19194,4387
2,KGYX20150811_095609_V06,15.865,0.318,22.283,389.734,40.934,-71.973,43.475,20466.798,145927.231,20150811_055609,479182,8593,17652,4118
2,KGYX20150811_100103_V06,20.765,0.511,25.220,369.921,34.342,-71.958,43.564,17171.137,141768.191,20150811_060103,479183,8415,15665,4281
2,KGYX20150811_100557_V06,25.665,0.478,25.731,365.286,39.163,-71.955,43.585,19581.667,140966.226,20150811_060557,479178,7992,14520,4124
2,KGYX20150811_101052_V06,30.582,0.136,28.554,341.425,30.131,-71.941,43.693,15065.397,137294.179,20150811_061052,479172,7639,13472,3791
3,KGYX20150811_095609_V06,15.865,0.200,302.435,374.631,17.336,-70.242,43.556,8668.085,37335.448,20150811_055609,479182,8593,17652,4118
1,KGYX20150813_092543_V06,-16.828,0.701,378.922,279.120,11.680,-69.765,43.984,5839.802,40818.612,20150813_052543,479186,7356,21294,5834
1,KGYX20150814_092302_V06,-20.644,0.310,370.055,278.661,6.290,-69.820,43.987,3145.035,36616.574,20150814_052302,479186,11613,22665,8942
1,KGYX20150814_093243_V06,-10.961,0.077,372.035,278.985,15.575,-69.808,43.985,7787.323,37519.157,20150814_053243,479182,15208,23564,12360
5,KGYX20150814_095205_V06,8.406,0.084,286.363,163.860,4.510,-70.343,44.504,2255.028,68410.703,20150814_055205,479182,28067,25232,23410
2,KGYX20150815_093338_V06,-11.178,0.086,369.799,283.254,11.476,-69.822,43.966,5737.843,35889.674,20150815_053338,479184,12582,26605,9585
1,KGYX20150817_090419_V06,-42.765,0.268,390.844,390.818,8.055,-69.695,43.481,4027.319,64226.953,20150817_050419,479178,89967,29208,76412
2,KGYX20150821_090203_V06,-49.578,0.051,364.998,263.281,17.604,-69.851,44.056,8801.991,37326.087,20150821_050203,479188,24414,46495,10512
1,KGYX20150823_100418_V06,10.400,0.062,300.365,301.978,10.969,-70.255,43.882,5484.390,1005.700,20150823_060418,479178,101262,66038,58434
1,KGYX20150827_090218_V06,-56.135,0.076,280.968,140.863,8.085,-70.377,44.607,4042.286,80135.697,20150827_050218,479181,117699,17395,108595
2,KGYX20150827_095046_V06,-7.668,0.057,281.384,139.745,2.604,-70.374,44.612,1301.762,80666.480,20150827_055046,479179,62547,18694,57603
1,KGYX20150829_101123_V06,10.686,0.862,217.341,538.105,17.224,-70.762,42.819,8611.929,126022.554,20150829_061123,479181,27423,22359,23243
1,KGYX20150829_102104_V06,20.369,0.797,216.548,537.253,29.005,-70.767,42.822,14502.616,125750.888,20150829_062104,479180,28684,23303,23921
1,KGYX20150829_103047_V06,30.086,0.604,218.967,536.186,36.008,-70.752,42.827,18003.870,124850.127,20150829_063047,479185,28557,23158,23689
1,KGYX20150829_104029_V06,39.786,0.109,222.495,534.606,43.297,-70.731,42.835,21648.261,123538.371,20150829_064029,479178,27775,23027,22906
2,KGYX20150829_103047_V06,30.086,0.061,281.682,140.333,2.456,-70.372,44.610,1228.065,80357.232,20150829_063047,479185,28557,23158,23689
1,KGYX20150830_102446_V06,22.938,0.152,341.236,151.212,6.095,-69.997,44.561,3047.466,77198.461,20150830_062446,479178,22601,30982,15995
1,KGYX20150831_100823_V06,5.425,0.081,280.136,140.485,8.145,-70.382,44.609,4072.281,80373.627,20150831_060823,479184,47320,23515,42306
3,KGYX20150831_101803_V06,15.091,0.309,339.512,152.196,6.359,-70.008,44.556,3179.310,76497.135,20150831_061803,479185,48274,27709,41640
4,KGYX20150831_101803_V06,15.091,0.096,467.858,238.237,48.050,-69.208,44.165,24024.780,89430.273,20150831_061803,479185,48274,27709,41640
1,KGYX20150901_101636_V06,12.512,0.100,386.531,257.939,98.523,-69.717,44.079,49261.620,48105.902,20150901_061636,479188,83847,23853,75778
1,KGYX20150901_102615_V06,22.162,0.054,382.289,266.372,101.091,-69.744,44.042,50545.427,44447.569,20150901_062615,479181,88106,27940,77620
1,KGYX20150901_103555_V06,31.828,0.063,390.870,274.267,105.009,-69.690,44.006,52504.337,47221.553,20150901_063555,479183,82621,30052,71666
1,KGYX20150902_101033_V06,5.332,0.524,323.076,105.108,5.227,-70.111,44.768,2613.682,98126.545,20150902_061033,479185,41671,33863,33830
1,KGYX20150902_102014_V06,15.015,0.105,323.191,104.766,12.387,-70.110,44.770,6193.416,98303.245,20150902_062014,479183,57999,33826,48353
3,KGYX20150902_102956_V06,24.715,0.079,488.908,208.804,27.573,-69.073,44.296,13786.331,104884.528,20150902_062956,479182,65971,33120,55334
1,KGYX20150906_101540_V06,5.929,0.653,326.593,106.708,6.200,-70.089,44.761,3100.143,97556.600,20150906_061540,479188,38468,29847,31962
1,KGYX20150906_102523_V06,15.646,0.051,328.462,106.387,15.286,-70.077,44.762,7643.145,97846.989,20150906_062523,479189,66720,26622,58188
2,KGYX20150906_102523_V06,15.646,0.508,219.620,536.948,23.791,-70.748,42.824,11895.700,125105.296,20150906_062523,479189,66720,26622,58188
2,KGYX20150906_103504_V06,25.329,0.106,220.264,534.844,34.921,-70.745,42.833,17460.550,124005.628,20150906_063504,479194,77204,26780,67646
1,KGYX20150907_103321_V06,22.482,0.172,275.578,397.581,8.294,-70.408,43.452,4146.986,50295.509,20150907_063321,479194,48221,25207,41415
2,KGYX20150908_092859_V06,-43.015,0.110,202.246,90.879,15.283,-70.875,44.831,7641.279,115420.129,20150908_052859,479192,81005,47449,47992
2,KGYX20150908_093417_V06,-37.715,0.296,203.215,91.889,21.155,-70.869,44.826,10577.706,114757.994,20150908_053417,479191,79284,49227,45906
13,KGYX20150908_105851_V06,46.852,0.058,380.848,234.156,24.172,-69.751,44.187,12085.796,52133.901,20150908_065851,479184,50153,31264,36655
2,KGYX20150910_101704_V06,2.806,0.076,17.934,351.947,20.006,-72.005,43.644,10003.132,143404.809,20150910_061704,479189,79870,28570,68637
1,KGYX20150912_092418_V06,-52.225,0.062,278.489,139.275,6.699,-70.392,44.615,3349.384,81078.889,20150912_052418,479187,153064,13521,149436
1,KGYX20150912_093401_V06,-42.508,0.077,277.962,138.741,15.200,-70.396,44.617,7600.096,81378.721,20150912_053401,479185,148188,13972,144172
5,KGYX20150912_105153_V06,35.358,0.469,333.798,433.267,8.425,-70.049,43.291,4212.597,68742.896,20150912_065153,479192,91838,25320,87444
9,KGYX20150912_111121_V06,54.825,0.152,359.382,442.617,11.648,-69.891,43.249,5823.837,77242.873,20150912_071121,479189,84232,26111,79690
4,KGYX20150914_102610_V06,7.375,0.122,235.411,531.243,12.021,-70.652,42.850,6010.611,120046.843,20150914_062610,479192,35224,37634,15548
4,KGYX20150914_102954_V06,11.108,0.130,236.140,531.012,17.634,-70.648,42.851,8816.805,119837.883,20150914_062954,479198,42567,40310,20601
4,KGYX20150914_103337_V06,14.825,0.249,232.963,531.902,26.962,-70.667,42.847,13480.756,120698.696,20150914_063337,479204,49301,42314,25680
4,KGYX20150914_103719_V06,18.525,0.645,236.515,531.267,30.869,-70.645,42.850,15434.705,119911.429,20150914_063719,479190,54348,44140,29149
4,KGYX20150914_104103_V06,22.258,0.685,243.035,528.165,31.074,-70.605,42.864,15537.179,117584.276,20150914_064103,479210,58412,46107,31328
4,KGYX20150914_104446_V06,25.975,0.746,245.327,527.030,33.776,-70.591,42.869,16888.127,116760.269,20150914_064446,479190,58994,46727,31426
4,KGYX20150914_104829_V06,29.691,0.730,245.819,524.656,35.924,-70.589,42.880,17961.999,115548.312,20150914_064829,479205,59411,46982,31873
4,KGYX20150914_105212_V06,33.408,0.712,251.950,519.628,36.179,-70.551,42.903,18089.365,112411.199,20150914_065212,479195,58984,47294,31415
4,KGYX20150914_105556_V06,37.141,0.751,256.669,516.307,37.288,-70.522,42.918,18643.833,110302.368,20150914_065556,479203,56998,47162,29821
4,KGYX20150914_105939_V06,40.858,0.627,254.960,513.984,41.733,-70.533,42.928,20866.286,109336.226,20150914_065939,479184,57708,46927,30354
4,KGYX20150914_110321_V06,44.558,0.631,260.558,511.863,43.537,-70.499,42.938,21768.454,107751.596,20150914_070321,479197,56119,47150,29001
4,KGYX20150914_110704_V06,48.275,0.525,267.074,507.791,42.393,-70.459,42.956,21196.533,105191.769,20150914_070704,479213,55917,47099,29204
4,KGYX20150914_111047_V06,51.991,-1.000,272.731,504.285,42.370,-70.424,42.972,21184.878,103048.706,20150914_071047,479195,54207,46874,27611
4,KGYX20150914_111428_V06,55.675,-1.000,278.338,500.811,42.347,-70.390,42.988,21173.328,100988.197,20150914_071428,479187,53098,46117,26931
4,KGYX20150914_111811_V06,59.391,0.185,286.384,492.293,38.381,-70.340,43.026,19190.564,96387.100,20150914_071811,479182,53352,46356,27022
4,KGYX20150914_112155_V06,63.125,0.116,293.372,484.865,39.140,-70.298,43.059,19570.049,92491.879,20150914_072155,479186,51531,46550,25299
4,KGYX20150914_112536_V06,66.808,0.114,305.316,467.239,31.196,-70.224,43.139,15598.225,83661.790,20150914_072536,479210,51021,45956,25224
4,KGYX20150914_112919_V06,70.525,0.177,306.417,465.772,35.772,-70.217,43.145,17886.020,82948.224,20150914_072919,479189,50754,46524,24451
1,KGYX20150914_102228_V06,3.675,0.537,295.768,396.118,6.998,-70.283,43.459,3498.856,48105.500,20150914_062228,479201,28482,35301,10912
1,KGYX20150914_102610_V06,7.375,0.050,295.342,396.196,13.284,-70.286,43.458,6642.217,48154.526,20150914_062610,479192,35224,37634,15548
1,KGYX20150914_102954_V06,11.108,0.278,298.203,395.067,14.926,-70.268,43.464,7462.778,47542.182,20150914_062954,479198,42567,40310,20601
1,KGYX20150914_103337_V06,14.825,-1.000,300.233,394.250,17.744,-70.256,43.467,8871.776,47124.993,20150914_063337,479204,49301,42314,25680
1,KGYX20150914_103719_V06,18.525,0.078,304.037,391.649,22.483,-70.232,43.479,11241.558,45869.093,20150914_063719,479190,54348,44140,29149
6,KGYX20150914_111047_V06,51.991,0.372,279.150,497.152,36.889,-70.385,43.004,18444.553,99125.700,20150914_071047,479195,54207,46874,27611
6,KGYX20150914_111428_V06,55.675,0.482,287.645,485.736,32.391,-70.333,43.055,16195.358,93073.082,20150914_071428,479187,53098,46117,26931
1,KGYX20150916_100956_V06,-11.129,0.159,282.937,139.292,2.346,-70.364,44.614,1172.817,80805.685,20150916_060956,479183,14801,23589,11832
1,KGYX20150916_101937_V06,-1.446,-1.000,282.937,139.292,17.742,-70.364,44.614,8871.067,80805.685,20150916_061937,479186,33454,23038,29631
1,KGYX20150916_102917_V06,8.221,0.310,283.034,139.587,3.182,-70.364,44.613,1591.213,80653.763,20150916_062917,479183,53445,22518,47598
1,KGYX20150917_101712_V06,-4.999,0.065,279.046,138.305,7.015,-70.389,44.619,3507.725,81523.319,20150917_061712,479184,17671,27144,14577
1,KGYX20150918_102116_V06,-2.070,0.081,323.449,107.123,3.299,-70.109,44.759,1649.639,97148.333,20150918_062116,479186,30090,33426,24927
3,KGYX20150918_103057_V06,7.613,0.115,340.884,151.698,7.487,-70.000,44.558,3743.702,76916.876,20150918_063057,479188,47188,32777,39695
1,KGYX20150919_100405_V06,-20.392,0.558,541.511,474.400,14.876,-68.774,43.097,7438.188,148948.884,20150919_060405,479185,5588,18363,3650
1,KGYX20150919_101347_V06,-10.692,0.448,542.769,472.435,24.934,-68.766,43.106,12467.054,148887.926,20150919_061347,479183,6550,21900,4300
8,KGYX20150919_111158_V06,47.491,0.233,452.815,459.750,28.638,-69.317,43.169,14318.912,110535.544,20150919_071158,479191,23084,27255,16873
8,KGYX20150919_112140_V06,57.191,0.253,451.574,452.317,34.580,-69.324,43.202,17290.054,107442.039,20150919_072140,479189,20176,25834,14457
3,KGYX20150919_102329_V06,-0.992,0.109,339.183,150.645,8.644,-70.010,44.563,4322.018,77204.672,20150919_062329,479190,15323,27953,11487
4,KGYX20150919_102329_V06,-0.992,0.078,329.765,114.619,5.481,-70.069,44.725,2740.322,93877.857,20150919_062329,479190,15323,27953,11487
6,KGYX20150919_105235_V06,28.108,0.170,540.992,491.625,6.151,-68.779,43.019,3075.539,153946.083,20150919_065235,479181,26555,31308,19690
7,KGYX20150919_105235_V06,28.108,0.069,451.004,460.891,19.661,-69.329,43.164,9830.606,110326.992,20150919_065235,479181,26555,31308,19690
9,KGYX20150919_112140_V06,57.191,0.132,358.266,503.053,14.986,-69.900,42.977,7493.043,105623.462,20150919_072140,479189,20176,25834,14457
10,KGYX20150919_114115_V06,76.774,0.089,434.357,476.022,20.289,-69.432,43.096,10144.462,110719.678,20150919_074115,479186,15674,22651,10685
1,KGYX20150921_101030_V06,-16.258,0.145,281.930,139.400,1.974,-70.371,44.614,987.083,80806.638,20150921_061030,479185,17947,24083,14734
3,KGYX20150921_102955_V06,3.159,0.060,328.184,148.413,16.125,-70.080,44.573,8062.569,77092.242,20150921_062955,479189,34739,22997,28565
6,KGYX20150922_110132_V06,33.632,0.106,21.300,524.034,27.522,-71.962,42.870,13761.110,178790.704,20150922_070132,479184,44490,32407,32479
6,KGYX20150922_111114_V06,43.332,0.255,25.234,517.556,37.826,-71.939,42.900,18912.760,175233.509,20150922_071114,479186,43476,31883,31327
6,KGYX20150922_112057_V06,53.048,0.276,31.037,503.241,38.216,-71.905,42.965,19107.779,168558.654,20150922_072057,479190,41619,32133,29307
3,KGYX20150922_105149_V06,23.915,0.273,209.277,539.832,13.242,-70.812,42.811,6620.927,128208.980,20150922_065149,479186,43795,32983,31601
3,KGYX20150922_110132_V06,33.632,0.159,205.518,539.355,26.400,-70.835,42.813,13200.179,128664.000,20150922_070132,479184,44490,32407,32479
1,KGYX20150922_102242_V06,-5.202,0.060,40.807,473.206,52.053,-71.849,43.101,26026.640,155869.756,20150922_062242,479193,21447,32452,11516
5,KGYX20150922_110132_V06,33.632,0.198,19.676,110.150,25.360,-72.026,44.732,12680.014,169281.158,20150922_070132,479184,44490,32407,32479
1,KGYX20150923_093651_V06,-52.197,0.296,272.963,418.415,3.108,-70.424,43.358,1553.907,60731.105,20150923_053651,479182,57044,35605,45683
4,KGYX20150923_093651_V06,-52.197,0.085,282.029,142.323,5.872,-70.370,44.601,2935.848,79348.998,20150923_053651,479182,57044,35605,45683
3,KGYX20150924_113215_V06,62.055,0.093,281.940,139.122,2.243,-70.371,44.615,1121.590,80944.382,20150924_073215,479183,28409,25770,23825
3,KGYX20150924_114157_V06,71.755,0.083,281.852,139.511,9.734,-70.371,44.613,4867.175,80756.147,20150924_074157,479187,24875,25405,20935
1,KGYX20150924_104347_V06,13.588,0.109,281.945,138.898,2.029,-70.371,44.616,1014.740,81055.119,20150924_064347,479186,45105,23701,38715
1,KGYX20150924_105329_V06,23.288,-1.000,281.945,138.898,17.452,-70.371,44.616,8726.240,81055.119,20150924_065329,479191,41770,24368,35436
1,KGYX20150924_110309_V06,32.955,0.084,282.300,138.715,1.966,-70.368,44.617,982.754,81126.496,20150924_070309,479193,37275,24880,31342
2,KGYX20150925_103133_V06,0.205,0.078,246.676,187.193,4.436,-70.592,44.399,2218.201,62387.511,20150925_063133,479185,15973,25157,12672
2,KGYX20150925_104116_V06,9.922,0.050,247.994,185.378,13.366,-70.583,44.407,6682.884,62934.044,20150925_064116,479185,29564,24478,24038
1,KGYX20150925_103133_V06,0.205,0.180,347.429,398.266,33.461,-69.964,43.449,16730.658,54556.728,20150925_063133,479185,15973,25157,12672
1,KGYX20150926_103615_V06,3.753,0.144,281.693,139.954,2.209,-70.372,44.612,1104.523,80544.960,20150926_063615,479193,8593,28123,6631
3,KGYX20150927_102925_V06,-4.236,0.718,207.929,540.062,9.425,-70.820,42.810,4712.563,128556.099,20150927_062925,479187,6937,16406,4779
3,KGYX20150927_103423_V06,0.731,0.310,207.733,539.678,16.176,-70.821,42.811,8087.953,128412.132,20150927_063423,479183,8803,17837,6022
3,KGYX20150927_103920_V06,5.681,0.084,207.070,536.772,20.222,-70.825,42.824,10110.770,127177.926,20150927_063920,479183,11049,19553,7502
5,KGYX20150927_103423_V06,0.731,0.278,310.657,371.132,5.086,-70.191,43.571,2542.831,35963.025,20150927_063423,479183,8803,17837,6022
5,KGYX20150927_103920_V06,5.681,0.063,311.258,371.869,12.828,-70.187,43.568,6414.066,36372.905,20150927_063920,479183,11049,19553,7502
1,KGYX20150927_094538_V06,-48.019,0.050,281.649,140.268,2.562,-70.373,44.610,1281.067,80391.168,20150927_054538,479185,25732,33656,18006
2,KGYX20150927_095522_V06,-38.286,0.094,369.612,267.825,8.162,-69.823,44.035,4081.161,38343.897,20150927_055522,479188,20898,32870,13701
6,KGYX20150928_095946_V06,-35.044,0.072,416.308,514.961,14.109,-69.545,42.922,7054.514,122204.505,20150928_055946,479187,5924,22189,3739
6,KGYX20150928_100929_V06,-25.327,0.075,418.106,514.385,23.364,-69.534,42.924,11682.100,122382.685,20150928_060929,479189,2762,8426,1971
6,KGYX20150928_101911_V06,-15.627,0.121,426.254,517.554,27.688,-69.484,42.910,13844.155,125767.351,20150928_061911,479185,1977,6150,1517
1,KGYX20150928_093815_V06,-56.560,0.426,281.515,139.675,2.424,-70.373,44.613,1211.807,80693.606,20150928_053815,479187,10323,30026,6952
1,KGYX20150928_095004_V06,-44.744,0.069,281.517,139.679,9.735,-70.373,44.613,4867.575,80691.377,20150928_055004,479190,10094,28160,6702
7,KGYX20150928_102854_V06,-5.910,0.373,301.226,298.723,13.831,-70.249,43.897,6915.310,885.043,20150928_062854,479189,2818,6686,2138
7,KGYX20150928_103837_V06,3.806,0.053,303.127,296.994,27.915,-70.237,43.905,13957.393,2168.812,20150928_063837,479180,5267,9276,3860
8,KGYX20150928_110745_V06,32.940,0.100,513.852,494.953,33.645,-68.945,43.006,16822.493,144688.822,20150928_070745,479186,8656,11287,6359
9,KGYX20150928_114636_V06,71.790,0.348,517.596,488.938,45.405,-68.922,43.033,22702.530,144088.171,20150928_074636,479186,8451,11906,5991
1,KGYX20151002_103956_V06,0.454,0.070,281.721,139.490,2.458,-70.372,44.614,1228.832,80773.706,20151002_063956,479188,27318,39492,7978
1,KGYX20151002_104454_V06,5.420,-1.000,281.721,139.490,10.355,-70.372,44.614,5177.332,80773.706,20151002_064454,479180,32333,40126,11463
1,KGYX20151002_104950_V06,10.354,0.054,280.322,138.929,12.185,-70.381,44.616,6092.577,81134.364,20151002_064950,479183,42630,41955,19016
1,KGYX20151004_105510_V06,13.327,0.083,281.681,139.408,2.638,-70.372,44.614,1319.225,80816.688,20151004_065510,479185,15724,20994,12104
1,KGYX20151005_104501_V06,1.990,0.340,303.685,373.052,8.486,-70.234,43.563,4243.170,36572.463,20151005_064501,479186,23541,21940,18807
1,KGYX20151005_105444_V06,11.707,0.110,300.420,375.276,19.501,-70.254,43.553,9750.685,37638.399,20151005_065444,479185,29566,23513,23754
1,KGYX20151005_110426_V06,21.407,0.095,304.790,371.475,12.831,-70.227,43.570,6415.648,35817.785,20151005_070426,479177,28473,23047,22577
1,KGYX20151006_094935_V06,-54.635,0.056,281.672,139.535,2.728,-70.372,44.613,1363.934,80754.307,20151006_054935,479184,91208,25557,80634
1,KGYX20151006_095918_V06,-44.918,0.075,281.750,139.481,10.100,-70.372,44.614,5050.213,80776.509,20151006_055918,479184,86555,25858,76106
2,KGYX20151006_103809_V06,-6.068,0.271,306.159,375.863,8.545,-70.219,43.550,4272.718,38056.410,20151006_063809,479181,11184,14327,8870
2,KGYX20151006_104752_V06,3.648,0.708,309.130,377.844,15.609,-70.200,43.541,7804.441,39188.875,20151006_064752,479178,21352,18021,16809
3,KGYX20151006_103809_V06,-6.068,0.118,299.213,301.740,19.987,-70.262,43.884,9993.465,954.756,20151006_063809,479181,11184,14327,8870
1,KGYX20151007_095159_V06,-53.432,0.057,282.037,139.561,2.252,-70.370,44.613,1126.034,80720.771,20151007_055159,479176,57931,28266,48400
2,KGYX20151007_102105_V06,-24.332,0.252,292.541,302.656,13.973,-70.303,43.879,6986.446,3958.956,20151007_062105,479179,5934,16198,4175
3,KGYX20151007_105010_V06,4.752,0.133,292.739,303.843,17.925,-70.302,43.874,8962.311,4107.632,20151007_065010,479184,18793,18708,14779
1,KGYX20151008_103244_V06,-13.883,0.051,281.604,139.309,2.367,-70.373,44.614,1183.582,80870.446,20151008_063244,479176,3553,15195,2864
2,KGYX20151008_104227_V06,-4.167,0.584,301.647,387.202,13.768,-70.247,43.499,6883.802,43608.831,20151008_064227,479186,8512,16943,6393
1,KGYX20151009_095115_V06,-56.573,0.076,281.482,141.185,5.374,-70.374,44.606,2686.798,79945.609,20151009_055115,479183,96354,36469,71874
14,KGYX20151009_114444_V06,56.910,0.066,256.511,348.137,35.547,-70.527,43.674,17773.743,32436.507,20151009_074444,479187,126577,109806,38413
16,KGYX20151009_114940_V06,61.843,0.075,253.161,187.680,26.610,-70.551,44.396,13304.764,60847.672,20151009_074940,479178,133752,115512,39371
16,KGYX20151009_115436_V06,66.777,0.228,263.930,185.637,23.650,-70.483,44.406,11825.005,59958.246,20151009_075436,479178,139578,123417,38632
1,KGYX20151010_101232_V06,-36.502,0.064,314.298,164.820,52.654,-70.167,44.500,26326.778,67967.059,20151010_061232,479182,39270,39568,22157
1,KGYX20151011_095202_V06,-58.218,0.189,281.657,139.731,2.424,-70.372,44.613,1211.750,80657.642,20151011_055202,479185,23176,36281,10942
1,KGYX20151011_100145_V06,-48.502,0.059,281.872,139.619,9.824,-70.371,44.613,4911.802,80700.957,20151011_060145,479183,24880,35150,13717
3,KGYX20151011_100145_V06,-48.502,0.172,51.127,139.959,44.349,-71.824,44.601,22174.461,147945.201,20151011_060145,479183,24880,35150,13717
5,KGYX20151011_104045_V06,-9.502,0.553,383.517,39.490,35.991,-69.727,45.062,17995.476,136784.811,20151011_064045,479178,13950,26869,3956
7,KGYX20151011_105626_V06,6.182,0.053,250.334,185.054,2.412,-70.569,44.408,1205.870,62608.366,20151011_065626,479181,15556,27006,5861
1,KGYX20151012_103825_V06,-13.057,0.113,305.173,375.825,5.259,-70.225,43.550,2629.408,38000.404,20151012_063825,479188,8459,9078,6786
1,KGYX20151013_105424_V06,1.699,0.052,161.674,377.097,7.438,-71.113,43.541,3719.185,79180.278,20151013_065424,479190,17418,31046,8252
1,KGYX20151014_100100_V06,-52.933,0.263,282.638,139.463,2.621,-70.366,44.614,1310.635,80736.488,20151014_060100,479185,15819,26533,10920
6,KGYX20151016_104339_V06,-12.763,0.168,45.632,84.145,56.241,-71.866,44.851,28120.323,166805.608,20151016_064339,479179,110249,124128,17861
6,KGYX20151016_104929_V06,-6.929,0.060,47.510,82.564,63.653,-71.854,44.859,31826.267,166605.470,20151016_064929,479179,111261,126428,18440
13,KGYX20151016_114007_V06,43.704,0.079,38.997,151.911,58.101,-71.899,44.546,29050.552,150044.203,20151016_074007,479182,151700,148681,27194
13,KGYX20151016_114529_V06,49.071,0.076,39.672,150.997,64.680,-71.895,44.550,32340.233,149977.123,20151016_074529,479185,158385,154929,28293
14,KGYX20151016_120201_V06,65.604,0.097,57.864,153.001,65.088,-71.780,44.543,32543.995,141632.365,20151016_080201,479184,177245,176493,29631
14,KGYX20151016_120724_V06,70.987,0.078,54.398,155.851,73.233,-71.802,44.530,36616.426,142389.742,20151016_080724,479184,184265,180115,31176
1,KGYX20151016_100318_V06,-53.113,0.097,26.924,301.826,34.806,-71.956,43.871,17402.920,136541.152,20151016_060318,479174,67005,87846,15003
5,KGYX20151016_103226_V06,-23.979,0.096,43.043,213.426,78.329,-71.866,44.270,39164.616,135574.824,20151016_063226,479182,92312,113834,14989
9,KGYX20151016_111005_V06,13.671,0.073,28.826,512.884,35.844,-71.918,42.921,17921.890,172376.888,20151016_071005,479188,117310,118327,21722
12,KGYX20151016_113509_V06,38.737,0.470,337.513,79.952,42.835,-70.020,44.881,21417.717,111611.238,20151016_073509,479185,142356,140251,26652
1,KGYX20151019_100708_V06,-53.036,0.101,281.412,139.782,2.299,-70.374,44.612,1149.471,80646.305,20151019_060708,479188,39160,23027,32929
2,KGYX20151020_105029_V06,-10.948,0.077,29.901,396.654,24.928,-71.925,43.444,12464.035,143435.829,20151020_065029,479179,136066,155147,21312
2,KGYX20151020_105618_V06,-5.132,0.053,32.606,395.021,34.798,-71.909,43.452,17399.105,141887.861,20151020_065618,479181,128566,144373,20675
6,KGYX20151020_112534_V06,24.135,0.057,39.332,202.813,56.688,-71.891,44.317,28344.107,139098.235,20151020_072534,479187,92380,109540,15459
6,KGYX20151020_113124_V06,29.968,0.127,39.951,252.546,30.026,-71.881,44.093,15012.886,132171.594,20151020_073124,479177,82813,102825,13370
5,KGYX20151021_113529_V06,32.785,0.081,29.840,521.643,37.245,-71.910,42.882,18622.456,174722.521,20151021_073529,479179,36108,38115,21017
5,KGYX20151021_114024_V06,37.702,0.084,31.421,523.629,44.596,-71.900,42.873,22298.060,174745.989,20151021_074024,479183,35286,38551,19880
5,KGYX20151021_114520_V06,42.635,-1.000,32.691,525.225,52.065,-71.893,42.866,26032.643,174771.534,20151021_074520,479182,35348,38354,19826
5,KGYX20151021_115016_V06,47.568,0.068,32.466,509.354,32.630,-71.896,42.937,16315.094,169855.606,20151021_075016,479177,34514,38093,19156
1,KGYX20151021_104701_V06,-15.682,0.063,22.092,553.251,31.333,-71.954,42.739,15666.657,187995.182,20151021_064701,479180,23801,34778,16776
2,KGYX20151021_105642_V06,-5.998,0.213,281.275,139.618,2.681,-70.375,44.613,1340.378,80735.627,20151021_065642,479174,16200,33378,10015
1,KGYX20151022_100744_V06,-56.236,0.183,281.717,139.689,2.325,-70.372,44.613,1162.678,80674.896,20151022_060744,479186,56474,47607,31108
5,KGYX20151022_111358_V06,9.997,0.173,267.344,367.692,15.841,-70.459,43.587,7920.630,37578.777,20151022_071358,479177,57370,57359,18912
1,KGYX20151023_100558_V06,-59.278,0.194,281.535,139.638,2.994,-70.373,44.613,1496.784,80710.670,20151023_060558,479180,79463,18289,71405
1,KGYX20151023_101541_V06,-49.562,0.201,281.420,139.632,9.758,-70.374,44.613,4879.159,80720.188,20151023_061541,479178,73174,19703,64880
7,KGYX20151025_123132_V06,83.724,0.053,45.605,431.097,52.707,-71.824,43.291,26353.643,143093.523,20151025_083132,479194,210145,226752,26369
2,KGYX20151026_111449_V06,5.719,0.097,251.842,399.173,7.439,-70.554,43.445,3719.339,55123.604,20151026_071449,479184,13731,11245,11806
2,KGYX20151026_112432_V06,15.435,0.076,250.307,410.576,17.125,-70.564,43.393,8562.426,60614.701,20151026_072432,479190,12158,11553,10551
1,KGYX20151026_101631_V06,-52.581,0.079,281.707,139.185,2.520,-70.372,44.615,1260.033,80926.077,20151026_061631,479182,28976,26630,22220
6,KGYX20151030_120442_V06,50.407,0.055,233.032,199.396,43.768,-70.677,44.343,21884.003,60427.295,20151030_080442,479185,27614,39719,9184
1,KGYX20151031_101717_V06,-58.318,0.068,281.596,139.906,2.416,-70.373,44.612,1207.851,80574.148,20151031_061717,479179,48541,25075,41131
2,KGYX20151031_111533_V06,-0.051,0.072,401.976,165.292,2.102,-69.616,44.496,1050.930,84477.176,20151031_071533,479187,26075,17180,21875
16,KGYX20151101_114347_V06,26.870,0.054,9.723,475.395,12.217,-72.040,43.088,6108.748,169576.060,20151101_064347,479182,173353,177238,30696
16,KGYX20151101_114937_V06,32.704,-1.000,9.723,475.395,21.492,-72.040,43.088,10746.248,169576.060,20151101_064937,479178,172632,181768,29898
16,KGYX20151101_115528_V06,38.554,-1.000,9.723,475.395,30.794,-72.040,43.088,15396.998,169576.060,20151101_065528,479191,179884,188528,30047
16,KGYX20151101_120118_V06,44.387,-1.000,9.723,475.395,40.069,-72.040,43.088,20034.498,169576.060,20151101_070118,479192,188964,197370,28800
16,KGYX20151101_120709_V06,50.237,0.184,29.589,463.791,55.388,-71.919,43.142,27694.207,158074.025,20151101_070709,479192,201860,206060,29583
16,KGYX20151101_121259_V06,56.070,0.475,38.860,457.367,63.783,-71.863,43.172,31891.297,152445.458,20151101_071259,479175,207893,210525,29798
16,KGYX20151101_121851_V06,61.937,0.596,47.785,454.959,67.547,-71.808,43.183,33773.610,148007.242,20151101_071851,479177,208162,212361,29053
16,KGYX20151101_122441_V06,67.770,0.325,57.902,451.198,71.919,-71.746,43.201,35959.384,142716.852,20151101_072441,479183,201126,209820,26623
16,KGYX20151101_123031_V06,73.604,0.067,88.413,487.327,37.791,-71.555,43.041,18895.336,141297.903,20151101_073031,479182,194164,205711,26109
16,KGYX20151101_123622_V06,79.454,0.132,95.228,486.072,43.130,-71.514,43.047,21564.889,138342.140,20151101_073622,479173,190090,200197,26781
10,KGYX20151101_111007_V06,-6.796,0.109,92.953,84.971,38.338,-71.567,44.852,19169.092,149252.791,20151101_061007,479179,184943,178727,32308
10,KGYX20151101_111529_V06,-1.430,0.132,97.291,84.423,44.987,-71.539,44.854,22493.687,147956.342,20151101_061529,479176,182385,175474,31289
15,KGYX20151101_113204_V06,15.154,0.211,27.086,158.213,42.016,-71.973,44.517,21007.816,153773.815,20151101_063204,479192,176669,170756,33639
15,KGYX20151101_113754_V06,20.987,0.161,29.727,154.195,50.309,-71.957,44.535,25154.302,153546.922,20151101_063754,479186,174896,174582,31873
1,KGYX20151101_103842_V06,-38.213,0.070,43.615,200.669,77.707,-71.864,44.327,38853.687,137476.977,20151101_053842,479190,230944,231273,38277
6,KGYX20151101_105518_V06,-21.613,0.133,42.345,110.223,45.720,-71.883,44.734,22860.123,160000.985,20151101_055518,479182,205281,201904,34084
1,KGYX20151102_102442_V06,-53.528,0.556,299.064,301.334,12.883,-70.263,43.885,6441.742,815.057,20151102_052442,479179,7365,19644,4621
1,KGYX20151102_103425_V06,-43.811,-1.000,299.064,301.334,28.333,-70.263,43.885,14166.492,815.057,20151102_053425,479188,8029,18392,5243
1,KGYX20151102_104407_V06,-34.111,0.052,299.445,303.540,12.222,-70.260,43.875,6110.771,1791.681,20151102_054407,479186,6439,16043,4421
1,KGYX20151102_105350_V06,-24.394,-1.000,299.445,303.540,27.671,-70.260,43.875,13835.521,1791.681,20151102_055350,479181,3923,12028,2955
1,KGYX20151102_110332_V06,-14.694,0.133,301.693,303.249,12.002,-70.246,43.877,6000.759,1831.735,20151102_060332,479180,3959,10817,3341
2,KGYX20151102_102442_V06,-53.528,0.194,280.820,139.533,2.611,-70.378,44.613,1305.439,80804.707,20151102_052442,479179,7365,19644,4621
3,KGYX20151102_102442_V06,-53.528,0.131,134.850,220.111,3.135,-71.291,44.246,1567.616,91728.967,20151102_052442,479179,7365,19644,4621
11,KGYX20151103_121558_V06,56.422,0.086,28.982,334.912,32.625,-71.939,43.722,16312.412,136628.776,20151103_071558,479184,63781,60476,19235
11,KGYX20151103_122054_V06,61.355,0.086,30.733,335.156,41.494,-71.928,43.721,20747.149,135776.223,20151103_072054,479176,61288,60611,18016
5,KGYX20151103_113629_V06,16.938,0.125,51.122,300.929,33.581,-71.805,43.877,16790.569,124439.854,20151103_063629,479187,74779,57946,35710
15,KGYX20151103_122550_V06,66.288,0.143,85.640,131.769,35.008,-71.608,44.640,17503.803,136245.780,20151103_072550,479183,58226,59265,16523
20,KGYX20151103_124039_V06,81.105,0.101,42.893,89.241,36.992,-71.883,44.828,18495.857,166225.438,20151103_074039,479184,47874,49387,14805
1,KGYX20151104_104102_V06,-39.831,0.075,281.491,139.503,2.482,-70.374,44.614,1240.875,80780.608,20151104_054102,479187,75951,28020,66085
1,KGYX20151106_103040_V06,-52.842,0.081,281.506,139.739,2.138,-70.373,44.612,1068.932,80662.157,20151106_053040,479179,28864,25377,23291
1,KGYX20151106_104022_V06,-43.142,0.124,281.564,139.562,9.541,-70.373,44.613,4770.622,80746.933,20151106_054022,479188,26951,26306,21215
3,KGYX20151106_124322_V06,79.858,0.085,282.362,138.536,8.948,-70.368,44.618,4473.938,81212.261,20151106_074322,479180,8191,12464,3243
1,KGYX20151113_103350_V06,-58.927,0.069,282.672,139.397,2.649,-70.366,44.614,1324.551,80767.620,20151113_053350,479184,20728,28507,13022
5,KGYX20151113_114238_V06,9.873,0.202,300.307,302.090,23.952,-70.255,43.882,11975.834,1056.321,20151113_064238,479187,10091,23325,5341
6,KGYX20151113_121142_V06,38.940,0.205,24.582,181.639,31.741,-71.986,44.411,15870.455,149886.671,20151113_071142,479185,12261,26817,5863
8,KGYX20151113_125030_V06,77.740,0.082,32.352,188.853,35.658,-71.936,44.379,17829.197,144904.219,20151113_075030,479181,11873,31735,6653
9,KGYX20151113_125030_V06,77.740,0.054,112.782,244.751,27.842,-71.427,44.134,13921.143,97599.755,20151113_075030,479181,11873,31735,6653
1,KGYX20151115_103600_V06,-59.381,0.163,281.318,139.231,2.787,-70.375,44.615,1393.303,80925.590,20151115_053600,479177,29588,28237,21114
1,KGYX20151115_104543_V06,-49.665,0.067,281.435,139.514,10.196,-70.374,44.613,5098.065,80778.006,20151115_054543,479180,31944,28739,23033
4,KGYX20151115_125155_V06,76.535,0.067,298.901,303.273,15.967,-70.264,43.877,7983.376,1726.436,20151115_075155,479183,7613,16253,5019
1,KGYX20151116_104020_V06,-56.351,0.065,280.106,138.729,4.741,-70.382,44.617,2370.483,81246.798,20151116_054020,479179,33956,26957,25127
1,KGYX20151116_105002_V06,-46.651,0.052,280.039,139.836,13.671,-70.383,44.612,6835.492,80701.775,20151116_055002,479188,34855,27642,26003
3,KGYX20151116_111910_V06,-17.518,0.064,281.571,139.524,2.589,-70.373,44.613,1294.491,80765.300,20151116_061910,479182,23341,19549,18170
1,KGYX20151117_104350_V06,-54.148,0.059,281.515,139.297,2.726,-70.373,44.614,1362.888,80881.221,20151117_054350,479185,24627,32149,16241
1,KGYX20151119_104103_V06,-59.503,0.117,281.640,139.327,2.314,-70.373,44.614,1157.124,80859.326,20151119_054103,479180,6090,15270,3625
1,KGYX20151119_105046_V06,-49.786,0.114,281.579,139.350,9.673,-70.373,44.614,4836.567,80851.386,20151119_055046,479176,6656,17438,4155
3,KGYX20151119_110028_V06,-40.086,0.082,259.481,309.058,25.902,-70.509,43.850,12950.964,20759.615,20151119_060028,479180,7719,19719,4869
1,KGYX20151121_105855_V06,-44.174,0.063,281.672,139.453,2.509,-70.372,44.614,1254.738,80794.816,20151121_055855,479178,18118,26923,11499
1,KGYX20151122_112146_V06,-22.577,0.128,36.073,392.761,62.650,-71.888,43.462,31325.058,139876.754,20151122_062146,479176,32203,33819,13678
1,KGYX20151122_112642_V06,-17.644,0.132,36.674,393.770,69.222,-71.884,43.458,34611.121,139761.854,20151122_062642,479179,32057,31945,14849
2,KGYX20151123_105458_V06,-50.620,0.223,281.465,139.225,2.834,-70.374,44.615,1417.187,80919.894,20151123_055458,479178,21594,48316,6199
1,KGYX20151124_105012_V06,-56.617,0.154,281.483,139.395,2.670,-70.374,44.614,1334.911,80834.728,20151124_055012,479181,8769,17007,5150
1,KGYX20151124_105955_V06,-46.900,0.301,281.688,138.949,9.010,-70.372,44.616,4505.166,81044.472,20151124_055955,479184,10658,19729,6311
3,KGYX20151124_105012_V06,-56.617,0.107,249.872,184.904,2.079,-70.572,44.409,1039.293,62769.030,20151124_055012,479181,8769,17007,5150
1,KGYX20151125_105326_V06,-54.601,0.091,281.735,139.493,2.306,-70.372,44.614,1152.939,80771.468,20151125_055326,479183,9401,19249,5706
1,KGYX20151126_105646_V06,-52.471,0.050,250.832,184.038,1.920,-70.566,44.413,960.041,62977.412,20151126_055646,479181,1916,6351,1234
1,KGYX20151127_105028_V06,-59.960,0.129,250.201,185.021,2.310,-70.570,44.408,1155.203,62650.045,20151127_055028,479176,1876,4506,1391
1,KGYX20151127_110010_V06,-50.260,0.076,250.407,185.045,9.807,-70.568,44.408,4903.459,62598.332,20151127_060010,479176,1804,4416,1351
2,KGYX20151127_105028_V06,-59.960,0.056,134.724,218.493,2.908,-71.292,44.253,1454.134,92140.410,20151127_055028,479176,1876,4506,1391
1,KGYX20151128_110903_V06,-42.550,0.074,56.645,310.425,64.706,-71.770,43.834,32352.974,121789.332,20151128_060903,479185,281067,241498,51300
1,KGYX20151128_111453_V06,-36.717,0.060,60.041,310.131,72.424,-71.749,43.836,36211.811,120086.558,20151128_061453,479180,279184,240708,51326
6,KGYX20151128_121904_V06,27.466,0.085,35.842,264.433,76.991,-71.905,44.040,38495.422,133270.810,20151128_071904,479186,213854,194187,38795
6,KGYX20151128_122455_V06,33.316,0.349,36.874,269.344,81.405,-71.898,44.018,40702.277,132453.014,20151128_072455,479184,209219,189338,38072
11,KGYX20151128_130519_V06,73.716,0.066,19.655,199.229,27.532,-72.015,44.331,13765.968,148953.169,20151128_080519,479185,162041,158027,33991
12,KGYX20151128_131108_V06,79.533,0.088,50.429,339.349,59.958,-71.805,43.704,29978.819,126327.020,20151128_081108,479180,160902,155055,33399
1,KGYX20151129_105741_V06,-55.074,0.123,281.435,139.450,2.798,-70.374,44.614,1398.991,80809.672,20151129_055741,479184,18724,30167,11630
3,KGYX20151129_110724_V06,-45.357,0.109,250.873,185.184,1.959,-70.565,44.408,979.746,62442.066,20151129_060724,479176,21790,31344,14080
1,KGYX20151201_105526_V06,-59.585,0.066,134.904,218.084,2.997,-71.291,44.255,1498.314,92150.590,20151201_055526,479173,3873,7843,2634
2,KGYX20151201_105526_V06,-59.585,0.056,281.348,139.268,4.824,-70.374,44.615,2411.964,80905.296,20151201_055526,479173,3873,7843,2634
2,KGYX20151202_105843_V06,-57.403,0.122,281.591,139.317,2.454,-70.373,44.614,1226.871,80867.157,20151202_055843,479181,27208,76482,5614
2,KGYX20151202_110339_V06,-52.470,0.248,281.562,139.347,8.083,-70.373,44.614,4041.738,80853.698,20151202_060339,479185,28853,77199,6189
1,KGYX20151202_105843_V06,-57.403,0.128,92.273,254.332,8.937,-71.554,44.090,4468.575,106343.989,20151202_055843,479181,27208,76482,5614
1,KGYX20151203_110115_V06,-55.952,0.106,299.064,314.309,8.167,-70.263,43.827,4083.599,7169.744,20151203_060115,479182,14506,37081,3138
1,KGYX20151204_110754_V06,-50.361,0.107,281.540,139.433,2.617,-70.373,44.614,1308.414,80812.130,20151204_060754,479183,6018,12649,3618
1,KGYX20151204_111736_V06,-40.661,0.078,281.415,139.468,10.069,-70.374,44.614,5034.487,80802.266,20151204_061736,479183,6365,11586,4271
1,KGYX20151206_110201_V06,-58.296,0.092,281.395,139.800,2.432,-70.374,44.612,1216.141,80638.259,20151206_060201,479180,7609,14014,4820
2,KGYX20151206_110201_V06,-58.296,0.069,250.194,183.829,2.313,-70.570,44.414,1156.496,63198.508,20151206_060201,479180,7609,14014,4820
1,KGYX20151207_110428_V06,-56.835,0.138,281.724,139.546,2.472,-70.372,44.613,1236.042,80745.563,20151207_060428,479183,6382,14129,4318
1,KGYX20151207_111411_V06,-47.119,0.124,281.636,139.494,9.881,-70.373,44.614,4940.304,80776.742,20151207_061411,479182,7482,15797,5006
1,KGYX20151208_124518_V06,43.034,0.285,294.914,302.989,20.021,-70.289,43.878,10010.578,2949.406,20151208_074518,479179,5603,13046,4328
9,KGYX20151210_125107_V06,47.005,0.145,18.527,284.801,27.783,-72.010,43.946,13891.626,140941.572,20151210_075107,479179,116102,127052,20057
9,KGYX20151210_125656_V06,52.821,0.368,20.178,284.582,33.790,-72.000,43.947,16895.057,140123.169,20151210_075656,479178,119526,129725,20725
9,KGYX20151210_130246_V06,58.655,0.553,28.387,283.418,32.675,-71.949,43.953,16337.688,136059.304,20151210_080246,479180,119617,131645,20655
9,KGYX20151210_130836_V06,64.488,0.551,35.859,279.905,34.234,-71.903,43.970,17116.847,132452.187,20151210_080836,479183,118277,133964,20721
9,KGYX20151210_131358_V06,69.855,0.255,42.848,274.645,38.132,-71.860,43.994,19065.976,129199.267,20151210_081358,479191,118029,133660,21868
9,KGYX20151210_131921_V06,75.238,0.075,52.800,265.560,41.272,-71.799,44.036,20635.809,124793.757,20151210_081921,479183,114758,133745,21699
9,KGYX20151210_132444_V06,80.621,-1.000,61.837,257.838,44.433,-71.743,44.071,22216.746,120933.311,20151210_082444,479181,111199,130431,22321
9,KGYX20151210_133006_V06,85.988,0.058,67.568,254.410,46.288,-71.708,44.087,23144.063,118430.572,20151210_083006,479187,108270,128909,22249
10,KGYX20151210_125107_V06,47.005,0.083,218.553,145.162,19.243,-70.770,44.587,9621.508,87476.292,20151210_075107,479179,116102,127052,20057
10,KGYX20151210_125656_V06,52.821,0.590,217.670,146.530,29.231,-70.775,44.581,14615.614,87079.613,20151210_075656,479178,119526,129725,20725
10,KGYX20151210_130246_V06,58.655,0.477,212.292,143.343,39.183,-70.809,44.595,19591.401,89769.482,20151210_080246,479180,119617,131645,20655
2,KGYX20151210_112601_V06,-38.095,0.177,43.171,238.252,45.942,-71.862,44.158,22970.806,132074.019,20151210_062601,479181,83906,97191,16217
1,KGYX20151211_111251_V06,-52.142,0.060,281.727,139.242,2.654,-70.372,44.615,1326.820,80896.567,20151211_061251,479178,1732,10494,1272
2,KGYX20151211_114229_V06,-22.509,0.063,20.663,220.952,34.770,-72.005,44.234,17385.019,145152.971,20151211_064229,479181,3173,22279,1986
1,KGYX20151213_110752_V06,-58.796,0.059,281.644,139.136,2.770,-70.373,44.615,1384.995,80953.715,20151213_060752,479177,7234,16013,4176
1,KGYX20151213_111735_V06,-49.080,0.097,282.229,139.184,10.223,-70.369,44.615,5111.694,80897.375,20151213_061735,479184,8387,18285,4853
3,KGYX20151213_124455_V06,38.254,0.525,312.463,301.357,20.651,-70.179,43.885,10325.485,6268.140,20151213_074455,479187,5919,12344,4437
4,KGYX20151213_131401_V06,67.354,0.080,302.209,292.119,16.911,-70.243,43.927,8455.734,4092.293,20151213_081401,479185,5064,11308,3977
4,KGYX20151214_122044_V06,13.282,0.075,29.618,156.179,54.810,-71.958,44.526,27405.107,153126.483,20151214_072044,479189,43505,47074,10428
5,KGYX20151214_124145_V06,34.299,0.223,280.170,138.436,5.016,-70.382,44.618,2507.927,81388.291,20151214_074145,479178,35214,37509,8921
9,KGYX20151214_130127_V06,53.999,0.103,257.207,27.797,40.403,-70.529,45.116,20201.691,137773.033,20151214_080127,479184,37712,40546,8492
10,KGYX20151214_130622_V06,58.916,0.093,282.692,139.063,2.550,-70.366,44.616,1274.773,80932.709,20151214_080622,479181,37834,40556,8125
18,KGYX20151214_133221_V06,84.899,0.058,282.897,139.391,2.421,-70.365,44.614,1210.434,80758.628,20151214_083221,479182,38227,42384,7513
5,KGYX20151215_124224_V06,34.193,0.134,37.892,190.947,81.173,-71.901,44.370,40586.693,141944.564,20151215_074224,479179,341426,311824,42117
3,KGYX20151216_122036_V06,11.672,0.399,300.607,299.199,10.687,-70.253,43.895,5343.578,502.432,20151216_072036,479180,4629,8429,3660
3,KGYX20151216_123019_V06,21.388,0.208,300.642,299.396,18.363,-70.253,43.894,9181.517,440.719,20151216_073019,479183,4308,8232,3448
3,KGYX20151216_124002_V06,31.105,0.131,299.876,301.208,11.159,-70.258,43.886,5579.510,606.987,20151216_074002,479184,3643,8259,2858
1,KGYX20151216_112225_V06,-46.512,0.115,301.653,296.551,11.619,-70.247,43.907,5809.341,1912.512,20151216_062225,479178,3332,8745,2457
2,KGYX20151216_121054_V06,1.972,0.145,301.051,302.744,12.890,-70.250,43.879,6445.179,1469.139,20151216_071054,479177,5499,8763,4417
2,KGYX20151217_112754_V06,-41.716,0.065,286.124,322.874,15.257,-70.343,43.788,7628.525,13376.697,20151217_062754,479173,5461,26751,2807
4,KGYX20151217_114930_V06,-20.116,0.054,290.470,352.113,24.606,-70.316,43.657,12302.999,26488.391,20151217_064930,479182,5911,31209,3657
2,KGYX20151221_111708_V06,-54.870,0.147,18.102,168.397,24.933,-72.028,44.470,12466.299,155551.983,20151221_061708,479178,6052,8022,2999
2,KGYX20151221_112204_V06,-49.937,0.705,22.866,168.464,33.703,-71.998,44.470,16851.724,153382.881,20151221_062204,479175,5868,8358,2790
2,KGYX20151221_112700_V06,-45.003,0.787,34.160,161.964,37.466,-71.928,44.500,18733.113,149770.265,20151221_062700,479183,5821,8377,2954
2,KGYX20151221_113156_V06,-40.070,0.303,47.312,160.746,43.361,-71.846,44.507,21680.607,144259.203,20151221_063156,479187,5266,8355,2999
1,KGYX20151222_112825_V06,-44.090,0.112,249.666,183.493,2.741,-70.573,44.415,1370.693,63457.294,20151222_062825,479182,2894,3828,2034
3,KGYX20151222_112825_V06,-44.090,0.065,176.559,564.231,17.020,-71.010,42.700,8510.248,145821.709,20151222_062825,479182,2894,3828,2034
1,KGYX20151223_111337_V06,-59.355,0.075,281.630,139.313,2.947,-70.373,44.614,1473.572,80866.848,20151223_061337,479188,1336,2528,1126
1,KGYX20151223_112320_V06,-49.638,0.053,281.518,139.336,10.392,-70.373,44.614,5195.838,80861.755,20151223_062320,479183,1485,2451,1242
10,KGYX20151224_120228_V06,-10.931,0.533,26.839,410.237,47.693,-71.943,43.383,23846.497,147282.929,20151224_070228,479184,2748,35494,2305
10,KGYX20151224_121208_V06,-1.264,0.177,27.466,402.600,54.758,-71.940,43.417,27378.928,145603.764,20151224_071208,479184,2523,33403,2219
2,KGYX20151224_111817_V06,-55.114,0.092,249.466,184.959,1.942,-70.574,44.409,971.241,62825.551,20151224_061817,479184,2481,36746,1518
2,KGYX20151224_112313_V06,-50.181,0.062,251.163,184.056,1.525,-70.564,44.413,762.592,62904.954,20151224_062313,479183,2026,34842,1415
3,KGYX20151224_111817_V06,-55.114,0.081,281.442,139.656,2.922,-70.374,44.613,1460.896,80707.058,20151224_061817,479184,2481,36746,1518
7,KGYX20151224_111817_V06,-55.114,0.057,251.508,184.746,2.028,-70.561,44.410,1014.048,62519.835,20151224_061817,479184,2481,36746,1518
9,KGYX20151224_114751_V06,-25.547,0.122,282.742,139.377,2.453,-70.366,44.614,1226.715,80773.646,20151224_064751,479175,2547,29021,2174
11,KGYX20151224_121208_V06,-1.264,0.065,282.690,139.418,2.671,-70.366,44.614,1335.510,80756.070,20151224_071208,479184,2523,33403,2219
1,KGYX20151225_125650_V06,43.050,0.112,369.851,513.018,21.598,-69.829,42.932,10798.985,112088.912,20151225_075650,479181,6673,10612,5400
2,KGYX20151225_131825_V06,64.633,0.064,333.048,297.072,5.307,-70.051,43.904,2653.538,16588.516,20151225_081825,479187,5832,8426,4731
1,KGYX20151226_125205_V06,37.953,0.074,298.474,302.160,10.149,-70.266,43.882,5074.295,1322.576,20151226_075205,479183,3186,7546,2670
2,KGYX20151227_130524_V06,50.964,0.134,16.689,504.680,26.988,-71.993,42.957,13493.859,174756.468,20151227_080524,479173,361693,351787,52617
2,KGYX20151227_131019_V06,55.880,0.582,20.897,505.816,35.314,-71.967,42.952,17657.026,173391.613,20151227_081019,479181,345592,345855,52237
2,KGYX20151227_131515_V06,60.814,0.274,34.453,509.094,44.843,-71.884,42.939,22421.503,168993.856,20151227_081515,479186,337502,339053,53673
3,KGYX20151227_133001_V06,75.580,0.063,25.484,151.383,37.130,-71.984,44.547,18564.789,156081.840,20151227_083001,479189,321566,323975,55923
3,KGYX20151227_133523_V06,80.947,0.054,28.455,150.664,46.043,-71.966,44.551,23021.734,154950.088,20151227_083523,479180,327406,323260,56888
1,KGYX20151227_112715_V06,-47.186,0.054,42.331,121.503,59.771,-71.882,44.683,29885.609,156728.036,20151227_062715,479184,461484,403007,58900
1,KGYX20151231_112817_V06,-46.971,0.052,281.528,139.384,2.892,-70.373,44.614,1446.247,80837.460,20151231_062817,479180,2991,4651,1605
