track_id,filename,from_sunrise,det_score,x,y,r,lon,lat,radius,geo_dist,local_time,n_radar_pixels,n_refAbove40_pixels,n_xcorrAbove0.95_pixels,n_xcorrBelow0.95_refAbove40_pixels
1,KGYX20140602_094553_V06,44.748,0.109,476.983,514.289,21.078,-69.173,42.922,10538.822,138962.801,20140602_054553,479190,25376,26080,17326
4,KGYX20140604_093259_V06,32.735,0.118,292.188,547.607,13.982,-70.305,42.777,6990.765,123865.318,20140604_053259,479183,22195,36515,3465
1,KGYX20140609_090054_V06,2.228,0.161,16.132,457.097,24.482,-72.003,43.171,12241.043,162219.190,20140609_050054,479186,13701,22078,9112
1,KGYX20140609_091034_V06,11.894,0.315,20.377,453.352,31.892,-71.977,43.188,15946.226,159456.748,20140609_051034,479190,13173,22775,8428
2,KGYX20140609_102223_V06,83.711,0.097,23.053,424.139,29.163,-71.964,43.320,14581.481,151748.422,20140609_062223,479190,16586,26315,7673
2,KGYX20140609_102812_V06,89.528,0.126,23.616,427.441,37.650,-71.960,43.305,18825.096,152175.559,20140609_062812,479197,16335,26589,7347
2,KGYX20140611_101406_V06,75.800,0.650,291.113,314.265,13.396,-70.312,43.827,6697.788,8403.571,20140611_061406,479180,4127,11001,3125
2,KGYX20140611_102348_V06,85.500,0.145,290.621,311.244,23.046,-70.315,43.841,11523.060,7320.941,20140611_062348,479188,4125,12166,2988
1,KGYX20140611_075826_V06,-59.867,0.072,249.615,185.239,2.488,-70.573,44.407,1244.223,62667.020,20140611_035826,479181,6688,21666,4094
3,KGYX20140612_083307_V06,-25.053,0.339,241.222,501.303,5.889,-70.617,42.985,2944.607,104854.487,20140612_043307,479195,155299,153873,27827
3,KGYX20140612_083828_V06,-19.703,0.066,241.766,501.617,13.495,-70.614,42.983,6747.513,104929.291,20140612_043828,479181,154352,154058,27810
19,KGYX20140615_095530_V06,57.501,0.062,433.849,310.471,43.915,-69.425,43.841,21957.279,67129.176,20140615_055530,479186,29555,35964,7666
1,KGYX20140616_080240_V06,-55.350,0.094,250.996,185.074,2.100,-70.565,44.408,1049.805,62468.881,20140616_040240,479175,5323,19358,3265
5,KGYX20140618_085620_V06,-1.827,0.087,28.949,221.187,32.006,-71.953,44.233,16002.897,141138.339,20140618_045620,479184,131554,157493,13713
5,KGYX20140618_090211_V06,4.023,0.226,31.635,222.195,39.705,-71.936,44.229,19852.715,139708.112,20140618_050211,479188,105844,139692,11381
5,KGYX20140618_090800_V06,9.840,0.508,40.198,220.286,44.845,-71.883,44.239,22422.714,135877.957,20140618_050800,479187,90115,121714,10463
5,KGYX20140618_091322_V06,15.206,-1.000,46.936,219.035,50.097,-71.841,44.245,25048.468,132850.309,20140618_051322,479180,79823,109572,9719
5,KGYX20140618_091844_V06,20.573,0.281,41.192,199.167,60.434,-71.880,44.334,30216.891,138878.566,20140618_051844,479175,73390,100525,9490
5,KGYX20140618_092405_V06,25.923,0.248,46.513,184.057,71.034,-71.848,44.402,35517.053,139372.177,20140618_052405,479179,67751,93014,9243
5,KGYX20140618_092900_V06,30.840,0.364,52.387,192.475,70.153,-71.810,44.365,35076.688,134975.566,20140618_052900,479177,62725,86162,9116
5,KGYX20140618_093356_V06,35.773,0.068,61.268,203.127,70.381,-71.753,44.318,35190.340,128818.894,20140618_053356,479192,58023,80653,8291
18,KGYX20140618_101320_V06,75.173,0.122,254.400,55.128,59.884,-70.546,44.993,29941.978,124540.810,20140618_061320,479178,50687,69353,7411
18,KGYX20140618_101816_V06,80.106,0.188,256.296,57.033,66.154,-70.534,44.984,33077.000,123433.327,20140618_061816,479182,50577,71001,6905
18,KGYX20140618_102311_V06,85.023,0.449,268.649,61.637,62.699,-70.456,44.964,31349.473,120208.145,20140618_062311,479182,51060,71345,7141
18,KGYX20140618_102805_V06,89.923,0.587,277.385,63.983,60.503,-70.400,44.953,30251.420,118549.025,20140618_062805,479184,49538,70918,7130
3,KGYX20140618_084442_V06,-13.460,0.477,36.156,61.050,47.601,-71.929,44.954,23800.381,177982.511,20140618_044442,479180,178412,190783,17764
3,KGYX20140618_085031_V06,-7.644,0.159,39.558,60.186,54.460,-71.907,44.959,27230.207,177017.517,20140618_045031,479176,156495,174389,16046
3,KGYX20140618_085620_V06,-1.827,0.119,48.487,63.674,55.740,-71.850,44.944,27869.779,172560.959,20140618_045620,479184,131554,157493,13713
12,KGYX20140618_093851_V06,40.690,0.059,432.226,399.796,27.463,-69.440,43.439,13731.277,82829.432,20140618_053851,479183,53288,75205,7544
12,KGYX20140618_094347_V06,45.623,0.109,435.351,398.733,33.693,-69.421,43.444,16846.693,83767.759,20140618_054347,479174,51265,72388,7386
19,KGYX20140618_102311_V06,85.023,0.339,26.587,249.839,34.196,-71.964,44.104,17098.089,138987.897,20140618_062311,479182,51060,71345,7141
19,KGYX20140618_102805_V06,89.923,0.472,29.407,250.952,40.741,-71.947,44.100,20370.715,137501.168,20140618_062805,479184,49538,70918,7130
7,KGYX20140618_091322_V06,15.206,0.341,41.379,184.104,66.534,-71.880,44.401,33267.044,141701.215,20140618_051322,479180,79823,109572,9719
16,KGYX20140618_095340_V06,55.506,0.068,388.514,382.115,22.058,-69.710,43.521,11028.849,60368.923,20140618_055340,479180,51664,71032,7224
20,KGYX20140618_102311_V06,85.023,0.069,392.010,34.318,17.306,-69.673,45.085,8652.966,140581.682,20140618_062311,479182,51060,71345,7141
1,KGYX20140622_080613_V06,-52.665,0.079,133.793,218.647,2.891,-71.298,44.253,1445.560,92524.536,20140622_040613,479179,5013,16798,3318
2,KGYX20140622_085441_V06,-4.198,0.074,522.822,476.076,24.151,-68.889,43.091,12075.571,141996.839,20140622_045441,479180,3434,9367,2618
3,KGYX20140622_092344_V06,24.852,0.090,520.423,480.215,14.204,-68.904,43.072,7101.863,142358.601,20140622_052344,479187,3346,10700,2570
4,KGYX20140622_101214_V06,73.352,0.117,533.148,492.085,7.833,-68.827,43.018,3916.547,151041.711,20140622_061214,479186,3947,12095,3192
1,KGYX20140623_095216_V06,53.117,0.165,378.966,493.431,28.394,-69.773,43.020,14197.188,104464.339,20140623_055216,479186,8291,8891,7037
1,KGYX20140624_080318_V06,-56.152,0.086,484.019,530.719,13.592,-69.131,42.847,6795.981,147558.747,20140624_040318,479182,5731,18656,4116
2,KGYX20140624_090218_V06,2.848,0.080,250.985,184.197,1.644,-70.565,44.412,821.768,62874.377,20140624_050218,479193,5216,18652,3427
3,KGYX20140624_091705_V06,17.631,0.104,250.976,184.788,1.813,-70.565,44.409,906.322,62604.317,20140624_051705,479191,4755,17435,3423
3,KGYX20140624_092200_V06,22.548,-1.000,250.976,184.788,9.630,-70.565,44.409,4815.072,62604.317,20140624_052200,479191,4663,17287,3185
3,KGYX20140624_092656_V06,27.481,0.071,251.054,184.029,2.098,-70.564,44.413,1049.185,62938.327,20140624_052656,479187,4860,16488,3416
17,KGYX20140625_092650_V06,27.045,0.062,331.967,161.938,24.042,-70.056,44.512,12021.225,70857.087,20140625_052650,479192,57335,69831,8448
19,KGYX20140625_095645_V06,56.962,0.059,363.111,218.421,29.198,-69.862,44.258,14599.182,51570.669,20140625_055645,479198,53225,63410,8026
2,KGYX20140626_081328_V06,-46.691,0.272,40.935,286.279,55.447,-71.870,43.942,27723.289,129714.179,20140626_041328,479200,345640,329047,27698
14,KGYX20140626_102334_V06,83.409,0.061,186.968,185.922,29.358,-70.966,44.403,14679.125,80296.401,20140626_062334,479189,256714,277758,25855
1,KGYX20140627_080227_V06,-58.109,0.101,250.911,182.944,2.266,-70.565,44.418,1132.975,63466.009,20140627_040227,479187,6485,24262,4627
1,KGYX20140629_080746_V06,-53.690,0.200,249.798,185.479,2.380,-70.572,44.406,1189.945,62520.829,20140629_040746,479189,7679,18611,5851
1,KGYX20140629_081727_V06,-44.007,0.050,251.040,184.936,1.953,-70.564,44.409,976.284,62523.471,20140629_041727,479195,7262,18247,5590
4,KGYX20140629_085609_V06,-5.307,0.158,485.406,442.636,33.641,-69.116,43.244,16820.473,116961.856,20140629_045609,479188,14599,21371,11615
6,KGYX20140629_090549_V06,4.360,0.097,294.176,531.508,8.549,-70.293,42.849,4274.718,115790.863,20140629_050549,479191,12833,22638,9845
1,KGYX20140630_080436_V06,-57.352,0.063,134.280,218.813,3.227,-71.294,44.252,1613.338,92269.191,20140630_040436,479186,6121,14037,4316
2,KGYX20140630_081417_V06,-47.668,0.105,248.992,183.732,1.996,-70.577,44.414,997.986,63482.625,20140630_041417,479189,6082,15116,4219
1,KGYX20140702_083828_V06,-24.564,0.178,432.116,170.549,6.425,-69.427,44.471,3212.261,92482.610,20140702_043828,479194,19093,21161,14824
3,KGYX20140702_084817_V06,-14.747,0.060,250.834,183.905,1.713,-70.566,44.413,856.298,63038.299,20140702_044817,479187,23756,23841,18579
1,KGYX20140703_084334_V06,-20.046,0.230,428.598,167.639,6.339,-69.449,44.484,3169.323,92272.591,20140703_044334,479197,18965,15244,17288
2,KGYX20140703_085314_V06,-10.379,0.093,202.764,279.978,5.904,-70.863,43.980,2952.051,49638.089,20140703_045314,479186,11774,19639,10111
2,KGYX20140704_081409_V06,-50.072,0.061,59.991,193.039,56.265,-71.762,44.363,28132.530,131381.877,20140704_041409,479212,20891,34234,8798
2,KGYX20140704_081808_V06,-46.089,0.080,60.603,192.410,62.120,-71.759,44.366,31060.143,131231.147,20140704_041808,479212,20478,33995,8413
6,KGYX20140704_091314_V06,9.011,0.078,39.231,163.971,80.128,-71.896,44.492,40064.091,147057.938,20140704_051314,479191,27575,40806,6359
6,KGYX20140704_091808_V06,13.911,0.058,40.746,163.819,85.103,-71.887,44.493,42551.663,146422.446,20140704_051808,479189,28901,41493,6114
9,KGYX20140706_093903_V06,33.528,0.106,46.711,153.828,18.133,-71.850,44.538,9066.530,146220.252,20140706_053903,479185,15721,33170,3974
1,KGYX20140707_080925_V06,-56.793,0.084,250.962,185.324,1.974,-70.565,44.407,986.944,62360.404,20140707_040925,479190,8805,16962,4536
1,KGYX20140708_080739_V06,-59.272,0.122,250.854,183.706,1.890,-70.565,44.414,945.150,63126.234,20140708_040739,479185,15822,28310,5056
2,KGYX20140708_080739_V06,-59.272,0.088,475.114,370.601,13.851,-69.173,43.569,6925.676,94405.521,20140708_040739,479185,15822,28310,5056
1,KGYX20140709_100052_V06,53.208,0.068,250.568,184.760,1.891,-70.567,44.410,945.694,62697.083,20140709_060052,479186,4084,28150,3146
1,KGYX20140709_100548_V06,58.141,-1.000,250.568,184.760,9.735,-70.567,44.410,4867.694,62697.083,20140709_060548,479189,4118,27920,3153
1,KGYX20140709_101042_V06,63.041,0.059,249.997,184.708,1.849,-70.571,44.410,924.603,62834.235,20140709_061042,479185,4158,27613,3027
1,KGYX20140710_092830_V06,20.082,0.067,250.736,184.895,1.999,-70.566,44.409,999.674,62601.942,20140710_052830,479197,17279,34862,10936
3,KGYX20140710_094315_V06,34.832,0.083,250.252,184.858,2.286,-70.569,44.409,1142.981,62714.883,20140710_054315,479186,14210,34126,9053
2,KGYX20140713_091746_V06,6.938,0.188,225.513,276.775,18.113,-70.721,43.995,9056.519,39011.867,20140713_051746,479187,6900,20220,5512
3,KGYX20140713_091746_V06,6.938,0.077,281.397,381.808,23.670,-70.372,43.523,11835.178,41948.003,20140713_051746,479187,6900,20220,5512
1,KGYX20140717_081626_V06,-57.889,0.076,135.029,218.200,3.396,-71.290,44.255,1698.004,92068.780,20140717_041626,479180,44417,47778,25000
2,KGYX20140717_083603_V06,-38.272,0.058,467.524,124.860,5.248,-69.201,44.675,2623.775,121179.605,20140717_043603,479183,40260,46181,21316
1,KGYX20140718_092759_V06,12.743,0.057,249.180,184.389,2.047,-70.576,44.411,1023.361,63143.695,20140718_052759,479181,10335,20805,8409
3,KGYX20140720_082451_V06,-52.278,0.114,240.308,507.627,6.322,-70.623,42.956,3161.036,108018.709,20140720_042451,479175,60253,63231,27838
3,KGYX20140720_082945_V06,-47.378,0.120,240.302,507.361,12.583,-70.623,42.958,6291.370,107891.909,20140720_042945,479181,59859,61018,28405
1,KGYX20140723_085735_V06,-22.485,0.064,375.519,173.103,1.812,-69.782,44.461,906.197,73834.441,20140723_045735,479181,11368,17268,9956
2,KGYX20140724_083212_V06,-48.875,0.083,496.230,411.343,12.745,-69.046,43.384,6372.486,112809.161,20140724_043212,479182,130952,122873,38088
5,KGYX20140728_100133_V06,36.336,0.110,19.218,269.729,20.768,-72.008,44.014,10384.197,141204.580,20140728_060133,479186,5752,20300,1603
5,KGYX20140728_100627_V06,41.236,-1.000,19.218,269.729,28.559,-72.008,44.014,14279.697,141204.580,20140728_060627,479187,6943,21241,1897
5,KGYX20140728_101122_V06,46.153,0.118,22.218,270.788,35.270,-71.989,44.010,17634.893,139656.935,20140728_061122,479174,8116,22926,1965
5,KGYX20140728_101617_V06,51.070,0.097,23.680,262.491,36.318,-71.981,44.047,18158.773,139427.075,20140728_061617,479183,9514,23788,2123
5,KGYX20140728_102111_V06,55.970,-1.000,25.398,257.328,39.396,-71.971,44.071,19698.100,138949.142,20140728_062111,479180,10438,24202,2315
5,KGYX20140728_102606_V06,60.886,-1.000,27.121,252.147,42.485,-71.961,44.094,21242.662,138521.645,20140728_062606,479188,12045,24955,2449
5,KGYX20140728_103102_V06,65.820,-1.000,28.850,246.949,45.585,-71.951,44.118,22792.461,138145.600,20140728_063102,479182,12949,24661,2724
5,KGYX20140728_103557_V06,70.736,0.093,35.288,254.277,52.132,-71.910,44.085,26066.185,134316.091,20140728_063557,479184,12985,24036,2623
5,KGYX20140728_104051_V06,75.636,0.073,37.719,245.436,59.179,-71.896,44.125,29589.749,133948.188,20140728_064051,479185,13146,23995,2745
5,KGYX20140728_104547_V06,80.570,0.066,40.614,240.197,55.805,-71.878,44.149,27902.251,133095.225,20140728_064547,479194,12700,23234,2382
6,KGYX20140728_102606_V06,60.886,0.065,30.939,280.401,56.601,-71.933,43.967,28300.602,134886.753,20140728_062606,479188,12045,24955,2449
6,KGYX20140728_103102_V06,65.820,0.061,31.824,279.713,63.577,-71.928,43.970,31788.434,134471.186,20140728_063102,479182,12949,24661,2724
1,KGYX20140728_090026_V06,-24.780,0.092,24.053,431.715,40.741,-71.957,43.286,20370.491,152885.352,20140728_050026,479177,5461,15605,2069
3,KGYX20140728_093204_V06,6.853,0.078,33.476,522.058,52.526,-71.888,42.880,26262.753,173453.593,20140728_053204,479186,3098,12292,1139
1,KGYX20140730_095914_V06,31.894,0.070,211.601,513.418,20.948,-70.798,42.930,10474.102,115500.587,20140730_055914,479176,14433,19150,11870
1,KGYX20140730_100855_V06,41.577,0.052,213.293,510.644,28.632,-70.788,42.942,14315.799,113895.672,20140730_060855,479184,15360,19294,12618
3,KGYX20140731_085014_V06,-38.180,0.086,244.032,506.384,8.771,-70.600,42.962,4385.395,106919.119,20140731_045014,479182,18393,28261,11836
3,KGYX20140731_085956_V06,-28.480,0.072,245.571,507.436,18.876,-70.590,42.957,9438.010,107229.134,20140731_045956,479180,8309,20085,5530
3,KGYX20140731_090938_V06,-18.780,0.107,243.693,511.111,13.697,-70.602,42.941,6848.706,109245.712,20140731_050938,479185,6935,17130,4986
1,KGYX20140731_084033_V06,-47.864,0.328,245.640,511.758,10.582,-70.590,42.938,5290.995,109312.271,20140731_044033,479173,33469,35597,22145
1,KGYX20140805_084342_V06,-50.179,0.162,242.293,508.880,8.160,-70.610,42.951,4079.801,108352.325,20140805_044342,479176,96585,26847,85151
2,KGYX20140805_095134_V06,17.688,0.238,239.461,518.162,15.891,-70.628,42.909,7945.430,113203.112,20140805_055134,479184,43374,30589,37404
3,KGYX20140805_102036_V06,46.721,0.053,400.226,449.035,6.077,-69.640,43.219,3038.301,89800.759,20140805_062036,479185,35973,30720,30722
1,KGYX20140807_094908_V06,13.035,0.158,9.820,349.319,15.724,-72.056,43.655,7862.201,147170.806,20140807_054908,479179,20318,32535,12623
1,KGYX20140807_095402_V06,17.935,0.062,10.330,349.118,22.524,-72.053,43.656,11262.180,146902.540,20140807_055402,479186,21131,31891,13285
1,KGYX20140807_095857_V06,22.852,0.109,16.866,352.218,20.271,-72.012,43.643,10135.586,143954.510,20140807_055857,479184,20274,31520,12670
3,KGYX20140807_102825_V06,52.318,0.177,29.542,344.453,32.320,-71.934,43.679,16159.786,137043.174,20140807_062825,479190,16551,29483,10055
1,KGYX20140808_092120_V06,-15.880,0.117,366.965,280.826,2.515,-69.840,43.977,1257.519,34828.119,20140808_052120,479185,9834,27687,4174
1,KGYX20140809_084708_V06,-51.198,0.083,308.483,377.010,8.419,-70.204,43.545,4209.600,38737.717,20140809_044708,479182,75571,26021,63874
3,KGYX20140809_092551_V06,-12.481,0.062,324.665,378.660,30.476,-70.104,43.537,15237.936,41218.161,20140809_052551,479180,20969,19087,18375
3,KGYX20140809_093532_V06,-2.798,-1.000,324.665,378.660,45.872,-70.104,43.537,22936.186,41218.161,20140809_053532,479180,31164,16457,28739
3,KGYX20140809_094512_V06,6.869,0.070,314.011,357.119,18.004,-70.170,43.634,9002.146,29406.027,20140809_054512,479186,30632,17360,28007
1,KGYX20140811_101217_V06,31.707,0.471,318.013,498.936,9.299,-70.146,42.996,4649.612,99874.788,20140811_061217,479184,24167,29791,19207
1,KGYX20140811_102159_V06,41.407,0.051,326.107,504.052,20.351,-70.097,42.973,10175.418,102857.438,20140811_062159,479184,22389,29585,17699
2,KGYX20140811_101217_V06,31.707,0.091,327.960,511.898,9.639,-70.086,42.938,4819.656,106867.227,20140811_061217,479184,24167,29791,19207
1,KGYX20140812_094222_V06,0.665,0.167,301.917,377.972,8.437,-70.245,43.540,4218.315,38997.996,20140812_054222,479183,9065,29524,7086
2,KGYX20140812_100143_V06,20.015,0.222,347.940,274.694,12.813,-69.958,44.005,6406.364,27104.606,20140812_060143,479178,17308,31501,13800
1,KGYX20140813_092342_V06,-19.129,0.054,31.198,516.719,36.551,-71.903,42.904,18275.679,172642.230,20140813_052342,479182,68677,91102,10732
2,KGYX20140815_092053_V06,-24.207,0.116,364.459,275.688,5.763,-69.855,44.000,2881.508,34445.931,20140815_052053,479184,31799,39337,12944
2,KGYX20140815_092547_V06,-19.307,0.575,364.590,276.302,11.327,-69.854,43.997,5663.312,34399.986,20140815_052547,479191,29718,38740,11059
2,KGYX20140815_093041_V06,-14.407,0.373,364.953,278.265,12.797,-69.852,43.988,6398.658,34246.691,20140815_053041,479179,29026,40783,9982
2,KGYX20140815_093542_V06,-9.391,0.140,363.393,279.238,15.256,-69.862,43.984,7627.918,33353.005,20140815_053542,479181,32016,44886,10616
3,KGYX20140815_094036_V06,-4.491,0.070,299.320,203.599,11.436,-70.261,44.325,5717.926,48201.793,20140815_054036,479190,34430,48174,10763
4,KGYX20140816_092616_V06,-19.957,0.311,370.041,277.632,3.230,-69.820,43.991,1614.780,36762.942,20140816_052616,479191,13151,23987,5785
4,KGYX20140816_093111_V06,-15.040,0.773,370.220,278.260,9.377,-69.819,43.988,4688.676,36754.022,20140816_053111,479188,11378,21322,5375
4,KGYX20140816_093606_V06,-10.124,0.800,372.138,279.856,13.183,-69.807,43.981,6591.327,37448.966,20140816_053606,479180,11147,20599,5658
4,KGYX20140816_094101_V06,-5.207,0.616,374.173,278.522,19.089,-69.795,43.987,9544.444,38610.136,20140816_054101,479177,11333,20032,6378
4,KGYX20140816_094556_V06,-0.290,0.769,378.991,280.000,25.229,-69.765,43.980,12614.276,40741.548,20140816_054556,479184,11743,19473,6792
4,KGYX20140816_095050_V06,4.610,0.344,382.675,279.585,29.757,-69.742,43.982,14878.426,42579.169,20140816_055050,479184,12604,18933,7458
1,KGYX20140819_093516_V06,-14.363,0.566,365.727,281.357,5.091,-69.847,43.975,2545.280,34159.848,20140819_053516,479184,12139,20514,9260
1,KGYX20140819_094458_V06,-4.663,0.342,366.446,281.270,15.229,-69.843,43.975,7614.677,34517.766,20140819_054458,479177,14165,18558,11258
1,KGYX20140819_095439_V06,5.020,0.231,373.864,284.410,22.672,-69.797,43.961,11335.779,37745.507,20140819_055439,479180,18445,18170,14954
4,KGYX20140819_095439_V06,5.020,0.125,212.645,555.222,14.321,-70.790,42.742,7160.256,134878.808,20140819_055439,479180,18445,18170,14954
6,KGYX20140819_102343_V06,34.087,0.052,220.940,514.543,35.926,-70.741,42.925,17962.820,114323.071,20140819_062343,479183,19887,18307,15994
1,KGYX20140820_093319_V06,-17.450,0.255,367.005,279.065,3.329,-69.839,43.985,1664.749,35099.464,20140820_053319,479187,16186,25876,10536
1,KGYX20140820_093814_V06,-12.533,0.086,367.001,279.648,10.531,-69.839,43.982,5265.317,35012.108,20140820_053814,479182,20852,26441,15740
1,KGYX20140820_094754_V06,-2.866,0.574,370.421,281.801,16.448,-69.818,43.972,8223.895,36367.314,20140820_054754,479187,36843,28628,30471
6,KGYX20140820_095734_V06,6.800,0.102,218.156,517.597,23.092,-70.758,42.911,11545.950,116240.073,20140820_055734,479189,44112,29126,37117
6,KGYX20140821_094456_V06,-6.970,0.294,369.486,283.061,6.817,-69.824,43.967,3408.497,35760.562,20140821_054456,479187,35463,36221,23830
6,KGYX20140821_094951_V06,-2.053,0.617,369.853,282.351,14.460,-69.822,43.970,7229.878,36024.247,20140821_054951,479176,41964,37123,29905
6,KGYX20140821_095445_V06,2.847,0.207,370.625,280.416,19.394,-69.817,43.979,9697.121,36644.769,20140821_055445,479184,47523,38003,34472
3,KGYX20140821_085550_V06,-56.070,0.051,22.751,491.620,30.387,-71.957,43.016,15193.298,168511.955,20140821_045550,479191,132063,28061,115141
3,KGYX20140821_090045_V06,-51.153,-1.000,22.751,491.620,38.204,-71.957,43.016,19102.048,168511.955,20140821_050045,479186,132980,27848,115825
3,KGYX20140821_090540_V06,-46.237,0.068,24.373,499.832,39.871,-71.947,42.979,19935.729,170222.525,20140821_050540,479185,131695,28320,114290
3,KGYX20140821_091035_V06,-41.320,0.093,24.049,491.955,34.062,-71.950,43.015,17031.139,168074.406,20140821_051035,479184,130074,30416,111507
8,KGYX20140821_095940_V06,7.763,0.078,47.050,511.969,63.340,-71.806,42.927,31669.806,165010.878,20140821_055940,479187,52715,38840,38707
8,KGYX20140821_100435_V06,12.680,0.060,47.109,511.873,68.572,-71.806,42.927,34286.013,164957.773,20140821_060435,479181,54335,39396,40566
8,KGYX20140821_100929_V06,17.580,0.110,46.874,509.606,60.109,-71.808,42.937,30054.296,164322.253,20140821_060929,479177,55076,38811,41218
8,KGYX20140821_101424_V06,22.497,0.147,46.861,509.725,66.600,-71.808,42.937,33299.930,164365.355,20140821_061424,479174,56590,39327,42403
8,KGYX20140821_102127_V06,29.547,0.192,35.361,479.382,40.980,-71.882,43.072,20490.026,159852.803,20140821_062127,479187,57890,39130,43465
8,KGYX20140821_102622_V06,34.463,0.074,50.931,510.459,65.413,-71.783,42.934,32706.497,163040.177,20140821_062622,479180,58239,39606,43595
8,KGYX20140821_103117_V06,39.380,-1.000,50.931,510.459,73.230,-71.783,42.934,36615.247,163040.177,20140821_063117,479178,58243,40240,43463
8,KGYX20140821_103611_V06,44.280,0.050,33.164,468.876,40.221,-71.896,43.120,20110.329,157892.984,20140821_063611,479180,56883,40213,42441
1,KGYX20140821_085550_V06,-56.070,0.153,246.513,417.427,2.519,-70.587,43.362,1259.354,64517.214,20140821_045550,479191,132063,28061,115141
5,KGYX20140821_094002_V06,-11.870,0.083,35.372,510.042,55.515,-71.878,42.935,27757.267,168927.128,20140821_054002,479183,28639,33437,17880
6,KGYX20140822_101657_V06,23.909,0.072,229.904,537.285,21.302,-70.686,42.823,10650.860,123710.813,20140822_061657,479185,64833,67400,23483
6,KGYX20140822_102151_V06,28.809,0.109,230.423,537.933,26.797,-70.682,42.820,13398.624,123948.535,20140822_062151,479189,64298,66763,23330
3,KGYX20140822_095718_V06,4.259,0.279,358.388,276.439,14.377,-69.893,43.997,7188.370,31481.506,20140822_055718,479187,61229,67556,20001
4,KGYX20140822_095718_V06,4.259,0.193,225.836,539.237,20.203,-70.710,42.814,10101.366,125234.284,20140822_055718,479187,61229,67556,20001
1,KGYX20140824_100416_V06,8.951,0.060,200.380,562.843,20.072,-70.865,42.707,10036.032,140543.969,20140824_060416,479183,39011,31539,32254
1,KGYX20140825_101301_V06,16.564,0.084,387.697,244.985,103.768,-69.709,44.138,51883.995,51762.314,20140825_061301,479185,80543,22129,74129
1,KGYX20140826_092037_V06,-36.972,0.108,244.594,501.889,8.482,-70.597,42.982,4241.091,104677.038,20140826_052037,479183,95428,33108,79724
1,KGYX20140826_092531_V06,-32.072,0.128,244.641,501.996,14.867,-70.596,42.982,7433.377,104722.268,20140826_052531,479190,73975,36589,58933
1,KGYX20140826_093026_V06,-27.155,0.058,248.957,506.460,19.033,-70.570,42.962,9516.481,106337.953,20140826_053026,479172,51113,36944,38885
2,KGYX20140826_094510_V06,-12.422,0.084,424.306,435.168,11.110,-69.491,43.281,5554.962,91818.241,20140826_054510,479182,50589,29197,43221
3,KGYX20140826_101903_V06,21.461,0.122,321.546,102.683,6.695,-70.121,44.779,3347.466,99245.002,20140826_061903,479183,63039,39988,50939
1,KGYX20140828_101332_V06,13.674,0.061,53.122,261.910,10.284,-71.797,44.052,5142.096,124899.656,20140828_061332,479190,92990,30042,80523
1,KGYX20140828_101826_V06,18.574,-1.000,53.122,261.910,18.075,-71.797,44.052,9037.596,124899.656,20140828_061826,479182,90060,31805,77096
1,KGYX20140828_102322_V06,23.507,-1.000,53.122,261.910,25.919,-71.797,44.052,12959.596,124899.656,20140828_062322,479190,88863,34794,74418
1,KGYX20140828_102816_V06,28.407,0.136,39.799,270.183,34.469,-71.879,44.014,17234.419,130951.669,20140828_062816,479185,82640,36717,68338
1,KGYX20140830_100858_V06,6.839,0.231,221.530,541.732,14.889,-70.737,42.802,7444.260,127074.565,20140830_060858,479182,14049,20934,11153
1,KGYX20140830_101840_V06,16.539,0.305,214.725,545.210,32.827,-70.778,42.787,16413.577,129807.381,20140830_061840,479181,16067,20977,11888
3,KGYX20140830_103329_V06,31.355,0.151,230.676,514.771,18.145,-70.681,42.924,9072.651,112841.124,20140830_063329,479182,15886,21834,11133
1,KGYX20140901_090607_V06,-58.276,0.104,290.718,67.944,8.303,-70.316,44.936,4151.279,116120.733,20140901_050607,479186,70937,45242,52200
1,KGYX20140904_111301_V06,65.233,0.094,372.451,348.121,57.938,-69.808,43.674,28968.964,43487.994,20140904_071301,479184,78758,27927,69761
1,KGYX20140905_100107_V06,-7.796,0.156,386.871,379.040,14.193,-69.720,43.534,7096.544,58723.889,20140905_060107,479177,23379,29646,17925
2,KGYX20140905_101046_V06,1.854,0.213,285.628,158.956,2.799,-70.347,44.526,1399.254,70887.106,20140905_061046,479179,39884,29310,34094
4,KGYX20140905_112855_V06,80.004,0.095,396.067,387.483,2.858,-69.663,43.496,1428.997,64965.611,20140905_072855,479179,58140,26248,50062
1,KGYX20140908_091341_V06,-58.613,0.060,250.516,185.341,2.165,-70.568,44.407,1082.386,62440.681,20140908_051341,479180,184580,23775,170120
1,KGYX20140909_095345_V06,-19.674,0.062,299.423,415.747,8.665,-70.260,43.371,4332.485,57873.994,20140909_055345,479175,33494,37441,23319
1,KGYX20140909_095840_V06,-14.757,0.149,299.417,414.664,14.916,-70.261,43.375,7457.975,57332.797,20140909_055840,479183,20751,29501,14559
1,KGYX20140909_100334_V06,-9.857,0.212,302.534,414.774,17.420,-70.241,43.375,8709.804,57400.744,20140909_060334,479182,19472,27353,14243
3,KGYX20140909_101326_V06,0.009,0.536,345.738,150.518,8.804,-69.969,44.564,4402.119,78161.479,20140909_061326,479182,31511,31084,25699
3,KGYX20140909_102306_V06,9.676,0.196,345.217,150.209,18.395,-69.972,44.565,9197.531,78233.629,20140909_062306,479191,55037,34874,43855
3,KGYX20140909_102802_V06,14.609,0.224,347.203,150.599,19.002,-69.960,44.563,9501.198,78340.306,20140909_062802,479181,70220,36323,57137
4,KGYX20140909_101326_V06,0.009,0.322,329.282,99.511,7.114,-70.072,44.793,3557.117,101308.077,20140909_061326,479182,31511,31084,25699
4,KGYX20140909_102306_V06,9.676,0.118,329.662,99.668,16.226,-70.070,44.793,8112.981,101257.879,20140909_062306,479191,55037,34874,43855
2,KGYX20140909_100830_V06,-4.924,0.069,396.792,373.625,8.203,-69.658,43.558,4101.736,60805.592,20140909_060830,479188,22499,28563,16814
6,KGYX20140909_104245_V06,29.326,0.061,410.124,379.619,18.911,-69.576,43.531,9455.286,67945.691,20140909_064245,479184,86925,36763,71349
7,KGYX20140909_111712_V06,63.776,0.051,406.380,378.257,15.604,-69.599,43.537,7802.013,66031.735,20140909_071712,479184,87397,38539,70375
1,KGYX20140912_110959_V06,53.174,0.058,275.062,403.895,8.194,-70.411,43.424,4096.882,53422.905,20140912_070959,479181,39756,17827,33537
1,KGYX20140912_111940_V06,62.857,0.058,272.867,403.481,17.339,-70.424,43.426,8669.589,53489.625,20140912_071940,479181,37152,17898,31430
1,KGYX20140920_103556_V06,10.041,0.189,303.245,377.131,4.980,-70.237,43.544,2489.981,38599.424,20140920_063556,479183,9991,14633,7281
4,KGYX20140921_102914_V06,2.197,0.068,250.791,185.339,2.081,-70.566,44.407,1040.398,62387.304,20140921_062914,479185,49998,63256,6687
4,KGYX20140922_100241_V06,-25.499,0.061,312.920,239.889,25.646,-70.176,44.162,12823.174,30741.644,20140922_060241,479179,99097,61971,59280
4,KGYX20140922_100830_V06,-19.682,0.127,318.477,237.274,32.706,-70.141,44.174,16353.038,32695.626,20140922_060830,479183,79434,60661,42464
3,KGYX20140922_100241_V06,-25.499,0.089,226.690,84.454,32.315,-70.721,44.860,16157.492,113835.758,20140922_060241,479179,99097,61971,59280
5,KGYX20140922_111410_V06,45.985,0.066,13.839,194.523,22.723,-72.052,44.352,11361.713,152490.301,20140922_071410,479184,100449,46698,71698
1,KGYX20140929_103652_V06,0.589,0.089,245.219,312.504,9.128,-70.598,43.835,4564.238,28095.139,20140929_063652,479180,51476,31689,42768
1,KGYX20140930_094447_V06,-52.663,0.076,286.423,159.384,3.383,-70.342,44.524,1691.662,70635.058,20140930_054447,479187,41378,60388,20122
2,KGYX20141001_103110_V06,-7.452,0.238,393.324,362.930,18.985,-69.679,43.607,9492.680,56279.697,20141001_063110,479182,26209,51656,5460
9,KGYX20141001_104155_V06,3.298,0.065,161.372,437.673,28.450,-71.111,43.269,14225.002,97687.931,20141001_064155,479179,30752,58696,6249
1,KGYX20141006_100111_V06,-43.348,0.061,250.736,184.560,2.105,-70.566,44.410,1052.341,62756.052,20141006_060111,479175,135392,19261,126630
3,KGYX20141007_100122_V06,-44.360,0.175,342.184,160.104,4.758,-69.992,44.521,2378.780,73058.746,20141007_060122,479185,18309,20867,12174
8,KGYX20141007_104006_V06,-5.627,0.074,26.035,237.390,35.470,-71.970,44.160,17734.909,140514.339,20141007_064006,479187,11018,23300,2776
8,KGYX20141007_104502_V06,-0.693,-1.000,26.035,237.390,43.314,-71.970,44.160,21656.909,140514.339,20141007_064502,479180,13663,23762,4374
8,KGYX20141007_104957_V06,4.223,0.141,27.418,262.165,30.669,-71.958,44.049,15334.442,137597.695,20141007_064957,479190,16373,24568,6204
13,KGYX20141007_105948_V06,14.073,0.069,356.971,373.732,21.836,-69.904,43.559,10918.238,46588.891,20141007_065948,479178,21345,27524,8422
1,KGYX20141012_104727_V06,-4.324,0.054,296.268,293.816,26.640,-70.280,43.919,13319.809,3611.196,20141012_064727,479183,47385,22999,41160
2,KGYX20141014_105657_V06,2.720,0.612,300.856,302.061,17.716,-70.252,43.882,8858.196,1115.716,20141014_065657,479180,16259,11051,13282
2,KGYX20141014_110637_V06,12.387,0.253,302.095,302.336,25.369,-70.244,43.881,12684.628,1568.925,20141014_070637,479185,16653,10251,13851
1,KGYX20141014_103735_V06,-16.646,0.531,299.210,301.185,10.526,-70.262,43.886,5262.901,712.005,20141014_063735,479177,19289,18052,13519
3,KGYX20141021_105925_V06,-3.583,0.077,24.786,274.037,28.134,-71.973,43.995,14067.018,138217.893,20141021_065925,479176,129012,91387,59869
3,KGYX20141021_110420_V06,1.334,0.074,25.872,273.515,34.407,-71.966,43.998,17203.452,137702.207,20141021_070420,479183,143357,89395,72769
3,KGYX20141021_110915_V06,6.250,0.055,30.686,267.660,35.094,-71.937,44.025,17546.754,135624.254,20141021_070915,479182,149780,87940,79187
5,KGYX20141021_112950_V06,26.834,0.331,25.688,458.864,32.072,-71.944,43.164,16036.015,158496.526,20141021_072950,479186,146891,87286,74676
5,KGYX20141021_113445_V06,31.750,0.375,25.702,458.616,36.979,-71.943,43.165,18489.492,158428.560,20141021_073445,479183,143474,87465,71747
6,KGYX20141021_114930_V06,46.500,0.074,26.091,351.719,50.002,-71.955,43.646,25001.171,139374.459,20141021_074930,479188,134823,84496,66773
6,KGYX20141021_115425_V06,51.417,0.058,26.140,348.117,55.428,-71.955,43.662,27713.855,139027.244,20141021_075425,479178,130799,83061,64278
1,KGYX20141021_101846_V06,-44.233,0.132,363.466,89.760,2.647,-69.856,44.837,1323.456,109805.070,20141021_061846,479186,215698,71471,153667
2,KGYX20141021_105430_V06,-8.500,0.084,22.497,468.726,31.379,-71.962,43.119,15689.542,162385.951,20141021_065430,479185,112833,94390,45119
23,KGYX20141022_115117_V06,47.009,0.348,318.939,127.966,19.824,-70.138,44.665,9911.957,86536.420,20141022_075117,479181,202452,179504,58112
23,KGYX20141022_115707_V06,52.843,0.559,318.223,126.984,26.978,-70.142,44.670,13488.844,86986.495,20141022_075707,479176,213441,183059,62405
23,KGYX20141022_120257_V06,58.676,0.550,312.591,119.510,22.061,-70.178,44.704,11030.308,90464.478,20141022_080257,479181,219028,185930,65439
9,KGYX20141022_105924_V06,-4.874,0.292,287.361,170.780,32.559,-70.336,44.473,16279.360,64918.404,20141022_065924,479177,152026,169218,36007
15,KGYX20141022_112358_V06,19.693,0.116,255.986,167.390,23.787,-70.534,44.488,11893.354,69862.031,20141022_072358,479185,174829,160402,51734
8,KGYX20141023_110721_V06,1.797,0.099,74.184,184.053,32.601,-71.674,44.404,16300.426,126922.086,20141023_070721,479178,309349,308619,48391
19,KGYX20141024_112708_V06,20.296,0.091,192.913,26.675,23.061,-70.937,45.119,11530.626,146777.355,20141024_072708,479179,137197,143016,35258
19,KGYX20141024_113204_V06,25.229,0.059,190.316,27.863,28.968,-70.954,45.114,14483.863,146704.723,20141024_073204,479187,136440,145529,34220
8,KGYX20141024_103303_V06,-33.787,0.058,48.455,138.285,39.517,-71.841,44.608,19758.352,149521.523,20141024_063303,479189,162173,123108,71476
14,KGYX20141024_110234_V06,-4.271,0.116,222.777,75.128,51.548,-70.746,44.902,25773.800,118881.158,20141024_070234,479186,119999,149688,22604
21,KGYX20141024_113204_V06,25.229,0.078,163.381,84.427,48.711,-71.121,44.858,24355.679,127609.323,20141024_073204,479187,136440,145529,34220
22,KGYX20141024_113659_V06,30.146,0.061,313.805,401.799,15.813,-70.172,43.433,7906.382,51365.479,20141024_073659,479180,136591,147543,34141
24,KGYX20141024_114648_V06,39.963,0.133,39.376,254.587,56.523,-71.884,44.084,28261.457,132275.223,20141024_074648,479188,136583,150728,33448
1,KGYX20141026_102832_V06,-40.886,0.376,182.232,289.788,12.042,-70.990,43.935,6021.141,59104.821,20141026_062832,479184,180667,18265,169059
2,KGYX20141029_104738_V06,-25.688,0.066,56.718,98.895,66.526,-71.794,44.786,33262.772,157820.610,20141029_064738,479198,18361,26868,7756
4,KGYX20141029_123545_V06,82.429,0.077,38.152,236.122,71.497,-71.894,44.167,35748.260,134763.482,20141029_083545,479181,38187,39686,10217
1,KGYX20141103_102231_V06,-57.366,0.196,298.238,302.563,7.999,-70.268,43.880,3999.378,1555.246,20141103_052231,479183,16242,21269,6904
2,KGYX20141103_102231_V06,-57.366,0.095,251.341,183.731,2.025,-70.562,44.414,1012.712,63020.362,20141103_052231,479183,16242,21269,6904
15,KGYX20141105_115535_V06,33.064,0.273,41.158,342.905,43.514,-71.862,43.687,21756.859,131187.090,20141105_065535,479180,85715,89172,25554
15,KGYX20141105_120124_V06,38.880,0.238,45.148,337.691,55.026,-71.838,43.711,27513.064,128812.071,20141105_070124,479181,80314,84221,23368
20,KGYX20141105_124214_V06,79.714,0.411,39.301,433.681,73.516,-71.863,43.278,36757.900,146487.553,20141105_074214,479182,59969,61081,22887
20,KGYX20141105_124805_V06,85.564,0.292,41.736,438.258,77.606,-71.847,43.258,38803.088,146471.699,20141105_074805,479181,61635,62793,24318
2,KGYX20141105_103351_V06,-48.670,0.144,360.120,84.352,67.198,-69.877,44.861,33598.759,111935.938,20141105_053351,479190,58372,65005,21470
3,KGYX20141105_103351_V06,-48.670,0.058,65.186,236.517,89.832,-71.725,44.168,44915.764,121622.223,20141105_053351,479190,58372,65005,21470
4,KGYX20141105_103942_V06,-42.820,0.080,39.050,369.410,68.994,-71.872,43.568,34497.009,135011.859,20141105_053942,479178,63350,71092,22169
21,KGYX20141105_124214_V06,79.714,0.059,167.863,559.298,44.871,-71.064,42.722,22435.421,145512.538,20141105_074214,479182,59969,61081,22887
1,KGYX20141106_113147_V06,7.944,0.092,23.252,456.396,31.062,-71.959,43.175,15530.816,158941.346,20141106_063147,479178,50388,37564,25271
1,KGYX20141106_114128_V06,17.627,0.057,24.428,458.672,41.921,-71.951,43.165,20960.589,158994.416,20141106_064128,479179,49634,39060,22398
1,KGYX20141106_115110_V06,27.327,0.077,31.639,469.064,46.102,-71.906,43.119,23051.217,158587.928,20141106_065110,479177,47449,40001,19399
10,KGYX20141107_113826_V06,13.273,0.069,24.423,214.374,26.180,-71.983,44.264,13089.773,144286.728,20141107_063826,479188,35077,50601,16085
1,KGYX20141108_104225_V06,-44.064,0.084,249.400,183.715,2.308,-70.575,44.414,1153.868,63408.691,20141108_054225,479182,23963,22152,17246
1,KGYX20141112_120003_V06,28.297,0.116,290.046,300.761,10.471,-70.319,43.888,5235.268,4991.377,20141112_070003,479181,2454,7346,2102
1,KGYX20141116_121717_V06,40.303,0.085,302.517,302.326,15.055,-70.241,43.881,7527.321,1713.807,20141116_071717,479185,20362,23113,8298
2,KGYX20141116_124622_V06,69.386,0.065,33.789,421.055,49.073,-71.898,43.335,24536.297,146221.088,20141116_074622,479179,19289,25674,7085
3,KGYX20141116_125604_V06,79.086,0.068,36.553,253.045,58.507,-71.902,44.091,29253.696,133799.527,20141116_075604,479180,18510,25287,6831
1,KGYX20141117_104142_V06,-56.575,0.290,245.242,413.015,5.616,-70.595,43.382,2808.243,62791.088,20141117_054142,479191,433884,343893,102800
1,KGYX20141120_104456_V06,-57.184,0.305,299.159,301.236,9.910,-70.262,43.886,4955.242,747.278,20141120_054456,479189,17001,30505,6564
2,KGYX20141120_104456_V06,-57.184,0.065,250.509,183.847,2.220,-70.568,44.414,1110.186,63128.482,20141120_054456,479189,17001,30505,6564
1,KGYX20141122_104841_V06,-55.952,0.082,250.971,184.080,2.141,-70.565,44.413,1070.553,62931.101,20141122_054841,479179,11847,17331,7677
5,KGYX20141123_112729_V06,-18.394,0.075,34.620,307.780,32.216,-71.907,43.844,16107.870,132747.079,20141123_062729,479180,18347,15673,7052
5,KGYX20141123_113224_V06,-13.478,-1.000,34.620,307.780,40.033,-71.907,43.844,20016.620,132747.079,20141123_063224,479180,16854,14564,7224
5,KGYX20141123_113719_V06,-8.561,-1.000,34.620,307.780,47.851,-71.907,43.844,23925.370,132747.079,20141123_063719,479192,15688,13317,7183
5,KGYX20141123_114214_V06,-3.644,0.095,51.801,306.958,59.880,-71.800,43.850,29940.131,124148.131,20141123_064214,479189,13335,12087,6250
6,KGYX20141123_113719_V06,-8.561,0.100,48.913,302.488,57.477,-71.819,43.870,28738.646,125549.757,20141123_063719,479192,15688,13317,7183
1,KGYX20141126_105349_V06,-55.713,0.119,250.871,184.214,2.348,-70.565,44.412,1173.754,62889.096,20141126_055349,479188,49002,53747,15313
1,KGYX20141127_105539_V06,-55.067,0.071,27.095,423.953,32.795,-71.939,43.321,16397.316,149868.111,20141127_055539,479180,143002,182753,23311
10,KGYX20141127_130250_V06,72.116,0.072,141.773,74.437,55.360,-71.259,44.902,27679.960,137762.918,20141127_080250,479181,13803,25021,6339
1,KGYX20141128_120725_V06,15.528,0.102,38.838,405.856,56.900,-71.869,43.404,28449.772,140899.712,20141128_070725,479185,205504,231284,32101
2,KGYX20141130_110809_V06,-46.030,0.156,226.339,304.020,20.682,-70.715,43.872,10341.129,36885.492,20141130_060809,479181,41881,68416,13543
3,KGYX20141130_111305_V06,-41.096,0.127,340.232,175.172,46.886,-70.004,44.453,23443.001,65575.774,20141130_061305,479183,40368,65732,13117
12,KGYX20141130_130751_V06,73.670,0.257,270.424,307.725,14.113,-70.441,43.856,7056.618,15284.003,20141130_080751,479190,30413,61265,5558
13,KGYX20141130_130751_V06,73.670,0.058,145.714,178.299,14.852,-71.226,44.435,7425.758,98253.804,20141130_080751,479190,30413,61265,5558
3,KGYX20141203_114531_V06,-11.951,0.062,20.853,222.378,26.651,-72.004,44.227,13325.447,144869.120,20141203_064531,479182,283999,279570,34120
1,KGYX20141204_111635_V06,-41.937,0.056,299.531,304.529,12.736,-70.260,43.871,6367.775,2276.676,20141204_061635,479186,19135,34341,4478
1,KGYX20141205_111017_V06,-49.266,0.344,297.601,306.297,13.716,-70.272,43.863,6858.009,3369.120,20141205_061017,479182,3741,10169,2480
4,KGYX20141205_111958_V06,-39.583,0.072,311.681,261.472,2.620,-70.184,44.065,1310.249,20129.903,20141205_061958,479185,4778,10853,3356
5,KGYX20141206_115912_V06,-1.355,0.142,30.095,416.290,54.195,-71.922,43.356,27097.637,146945.608,20141206_065912,479192,375235,300079,81492
5,KGYX20141206_120503_V06,4.495,0.060,30.514,417.484,62.000,-71.919,43.351,30999.967,146990.753,20141206_070503,479187,368787,296422,80109
2,KGYX20141206_113549_V06,-24.738,0.125,27.149,430.874,32.332,-71.938,43.290,16165.808,151307.400,20141206_063549,479183,389480,319208,75743
2,KGYX20141207_120446_V06,3.232,0.054,300.763,301.775,12.701,-70.252,43.883,6350.521,966.298,20141207_070446,479185,4889,12850,3327
2,KGYX20141207_121427_V06,12.915,0.116,300.683,302.226,20.350,-70.253,43.881,10174.866,1164.173,20141207_071427,479183,3891,12018,2795
1,KGYX20141207_115506_V06,-6.435,0.060,300.259,300.396,14.689,-70.255,43.890,7344.582,236.552,20141207_065506,479181,6236,13823,4033
3,KGYX20141209_115428_V06,-8.949,0.060,43.391,466.936,48.086,-71.834,43.129,24042.938,153065.115,20141209_065428,479184,42381,101522,9533
4,KGYX20141209_121410_V06,10.751,0.066,251.019,183.773,1.735,-70.564,44.414,867.420,63062.969,20141209_071410,479188,55862,102169,13226
6,KGYX20141209_130511_V06,61.768,0.055,37.809,470.086,39.201,-71.868,43.114,19600.658,156263.746,20141209_080511,479183,94583,148046,19516
2,KGYX20141211_114137_V06,-23.569,0.137,200.437,333.682,11.160,-70.875,43.738,5579.868,52553.057,20141211_064137,479181,101400,103847,32176
3,KGYX20141211_114137_V06,-23.569,0.064,160.376,164.291,24.942,-71.135,44.499,12471.151,97355.029,20141211_064137,479181,101400,103847,32176
2,KGYX20141219_111719_V06,-53.687,0.065,250.641,184.693,2.259,-70.567,44.410,1129.461,62713.488,20141219_061719,479183,5028,13542,2836
1,KGYX20141220_111929_V06,-52.092,0.154,300.458,303.087,13.640,-70.254,43.877,6820.011,1560.206,20141220_061929,479181,6916,18383,4121
1,KGYX20141220_112910_V06,-42.408,0.057,300.338,301.547,20.797,-70.255,43.884,10398.489,791.690,20141220_062910,479176,9455,19581,6177
1,KGYX20141222_111933_V06,-53.057,0.237,133.747,219.813,3.647,-71.298,44.248,1823.530,92290.251,20141222_061933,479180,10203,12583,2358
4,KGYX20141223_123141_V06,18.618,0.268,29.571,240.935,41.182,-71.947,44.145,20590.944,138402.237,20141223_073141,479183,415165,363072,54675
1,KGYX20141224_112233_V06,-50.935,0.100,187.267,151.027,2.254,-70.966,44.560,1126.825,93410.070,20141224_062233,479187,26551,101181,5743
2,KGYX20141224_115652_V06,-16.618,0.053,27.528,90.962,50.254,-71.979,44.819,25127.050,171710.462,20141224_065652,479183,54066,95115,10267
1,KGYX20141226_112005_V06,-54.120,0.063,133.422,218.476,2.743,-71.300,44.254,1371.468,92728.884,20141226_062005,479183,3030,6081,2376
1,KGYX20141226_112947_V06,-44.420,0.083,133.457,218.434,10.281,-71.300,44.254,5140.593,92722.079,20141226_062947,479176,3643,6585,2956
1,KGYX20141229_112347_V06,-51.193,0.109,298.900,302.861,11.310,-70.264,43.879,5654.762,1532.492,20141229_062347,479186,3147,11926,1989
1,KGYX20141229_113328_V06,-41.510,0.329,299.673,302.385,17.766,-70.259,43.881,8883.124,1203.538,20141229_063328,479186,4237,13489,2844
1,KGYX20141229_114310_V06,-31.810,0.303,300.826,302.606,14.086,-70.252,43.880,7043.060,1366.645,20141229_064310,479177,5719,12500,4178
3,KGYX20141229_114310_V06,-31.810,0.065,319.697,255.158,8.536,-70.134,44.093,4267.784,24488.828,20141229_064310,479177,5719,12500,4178
4,KGYX20141229_121215_V06,-2.727,0.182,298.907,303.399,15.159,-70.264,43.876,7579.357,1785.278,20141229_071215,479178,10978,17357,6827
1,KGYX20141231_125415_V06,38.966,0.251,296.037,306.513,16.067,-70.282,43.862,8033.581,3811.990,20141231_075415,479186,4101,11325,2844
1,KGYX20141231_130357_V06,48.666,0.159,296.095,306.744,23.708,-70.281,43.861,11853.987,3896.307,20141231_080357,479184,3788,10501,2527
1,KGYX20141231_131338_V06,58.349,0.053,300.473,303.403,13.716,-70.254,43.876,6857.983,1717.627,20141231_081338,479186,3636,10234,2283
1,KGYX20141231_132320_V06,68.049,0.056,298.952,304.898,21.920,-70.263,43.869,10959.927,2504.440,20141231_082320,479181,3437,9311,2308
