track_id,filename,from_sunrise,det_score,x,y,r,lon,lat,radius,geo_dist,local_time,n_radar_pixels,n_refAbove40_pixels,n_xcorrAbove0.95_pixels,n_xcorrBelow0.95_refAbove40_pixels
8,KMRX20230601_113240_V06,74.775,0.202,379.934,372.717,17.318,-82.960,35.840,8659.086,54030.532,20230601_073240,479175,9324,38049,6583
2,KMRX20230602_102650_V06,9.268,0.085,401.787,294.906,15.697,-82.836,36.190,7848.385,50957.340,20230602_062650,479173,16647,41659,12681
2,KMRX20230602_103345_V06,16.185,-1.000,401.787,294.906,26.694,-82.836,36.190,13347.135,50957.340,20230602_063345,479175,17364,41808,13186
2,KMRX20230602_104046_V06,23.201,0.052,387.923,304.385,28.720,-82.913,36.148,14359.872,44015.906,20230602_064046,479178,17711,41295,13445
2,KMRX20230602_104747_V06,30.218,0.075,385.071,305.924,27.757,-82.929,36.141,13878.593,42638.441,20230602_064747,479183,17086,40458,12840
1,KMRX20230602_101954_V06,2.335,0.191,408.464,291.052,18.684,-82.799,36.207,9341.957,54416.036,20230602_061954,479175,16221,40915,12571
1,KMRX20230603_092553_V06,-51.384,0.082,300.594,409.961,8.167,-83.399,35.673,4083.553,54981.362,20230603_052553,479178,17405,41758,14684
1,KMRX20230605_100709_V06,-9.606,0.055,26.332,245.335,33.908,-84.927,36.405,16953.844,139537.342,20230605_060709,479176,14628,24924,12975
2,KMRX20230605_100709_V06,-9.606,0.054,270.251,165.824,1.519,-83.569,36.773,759.346,68717.183,20230605_060709,479176,14628,24924,12975
1,KMRX20230606_094210_V06,-34.377,0.061,302.521,412.609,13.664,-83.388,35.661,6832.165,56318.733,20230606_054210,479186,12919,44232,9082
2,KMRX20230606_110016_V06,43.723,0.077,29.221,269.667,51.363,-84.909,36.296,25681.721,136236.178,20230606_070016,479178,10912,33239,8317
13,KMRX20230612_102042_V06,4.831,0.078,152.057,268.144,32.788,-84.226,36.309,16393.864,75666.919,20230612_062042,479203,37449,74052,8007
13,KMRX20230612_102603_V06,10.181,0.127,154.105,268.024,38.933,-84.214,36.310,19466.411,74678.861,20230612_062603,479183,36479,73156,8169
13,KMRX20230612_103125_V06,15.547,0.053,163.700,264.580,39.042,-84.161,36.326,19521.059,70413.460,20230612_063125,479188,35511,72763,7577
13,KMRX20230612_103647_V06,20.914,0.057,168.582,263.530,42.306,-84.134,36.330,21153.007,68192.298,20230612_063647,479193,33892,70807,7357
12,KMRX20230612_102042_V06,4.831,0.263,286.144,166.328,20.657,-83.480,36.771,10328.552,67194.109,20230612_062042,479203,37449,74052,8007
12,KMRX20230612_102603_V06,10.181,0.063,286.428,168.555,29.384,-83.478,36.761,14691.812,66072.116,20230612_062603,479183,36479,73156,8169
12,KMRX20230612_103125_V06,15.547,0.103,289.511,165.999,31.873,-83.461,36.772,15936.527,67205.266,20230612_063125,479188,35511,72763,7577
12,KMRX20230612_103647_V06,20.914,-1.000,291.981,164.391,35.702,-83.447,36.779,17850.882,67922.938,20230612_063647,479193,33892,70807,7357
12,KMRX20230612_104209_V06,26.281,0.083,288.702,177.365,19.205,-83.465,36.721,9602.657,61577.135,20230612_064209,479191,33022,69701,7390
24,KMRX20230612_105250_V06,36.964,0.076,209.048,341.671,7.463,-83.906,35.979,3731.449,50021.704,20230612_065250,479185,31178,67933,7422
24,KMRX20230612_110353_V06,48.014,0.066,211.195,340.366,15.340,-83.894,35.985,7670.149,48774.548,20230612_070353,479192,30069,66057,7531
8,KMRX20230612_100324_V06,-12.469,0.070,279.387,186.551,30.725,-83.517,36.679,15362.690,57653.165,20230612_060324,479190,41586,77727,7101
27,KMRX20230612_111512_V06,59.331,0.110,334.071,169.134,31.810,-83.211,36.758,15904.984,67614.070,20230612_071512,479201,29238,62390,7822
27,KMRX20230612_112057_V06,65.081,-1.000,334.071,169.134,40.952,-83.211,36.758,20476.234,67614.070,20230612_072057,479194,29065,61311,7645
27,KMRX20230612_112643_V06,70.847,0.093,345.883,183.197,27.270,-83.145,36.694,13634.857,62746.001,20230612_072643,479193,28643,59825,7852
32,KMRX20230612_113229_V06,76.614,0.073,283.277,177.350,15.581,-83.496,36.721,7790.512,61892.629,20230612_073229,479185,28276,59183,7542
1,KMRX20230613_092143_V06,-54.140,0.065,302.844,414.261,5.027,-83.386,35.653,2513.348,57148.100,20230613_052143,479179,13933,52990,11188
2,KMRX20230620_092310_V06,-53.366,0.119,316.189,513.906,18.035,-83.313,35.204,9017.262,107258.619,20230620_052310,479179,95515,126496,17456
5,KMRX20230620_092915_V06,-47.283,0.050,254.897,130.305,26.477,-83.655,36.933,13238.615,87793.420,20230620_052915,479186,97221,127915,17118
8,KMRX20230620_094110_V06,-35.366,0.114,459.680,207.551,15.797,-82.510,36.582,7898.621,92255.773,20230620_054110,479178,98866,132150,14087
20,KMRX20230620_105215_V06,35.717,0.067,295.311,411.311,10.455,-83.428,35.667,5227.331,55704.809,20230620_065215,479184,97368,124855,12192
4,KMRX20230621_093015_V06,-46.485,0.078,474.530,489.180,28.929,-82.442,35.312,14464.263,128695.383,20230621_053015,479176,156765,193822,17271
4,KMRX20230621_093608_V06,-40.601,0.344,473.296,490.582,35.524,-82.449,35.306,17762.189,128795.578,20230621_053608,479181,159388,194794,16623
4,KMRX20230621_094200_V06,-34.735,0.436,458.451,491.101,31.303,-82.531,35.304,15651.731,124123.308,20230621_054200,479180,158041,192727,17124
4,KMRX20230621_094758_V06,-28.768,0.474,456.605,490.890,37.232,-82.541,35.305,18616.001,123454.533,20230621_054758,479184,155462,191393,15603
4,KMRX20230621_095403_V06,-22.685,0.399,445.487,483.903,32.678,-82.602,35.337,16338.787,117246.281,20230621_055403,479181,148535,182480,15129
5,KMRX20230621_093015_V06,-46.485,0.072,391.778,241.261,33.263,-82.890,36.432,16631.676,54482.619,20230621_053015,479176,156765,193822,17271
14,KMRX20230621_102959_V06,13.249,0.076,305.231,404.929,25.720,-83.373,35.695,12860.050,52529.841,20230621_062959,479178,124236,156190,18188
14,KMRX20230621_103534_V06,18.832,-1.000,305.231,404.929,34.598,-83.373,35.695,17298.800,52529.841,20230621_063534,479181,117178,150912,17892
14,KMRX20230621_104055_V06,24.182,0.055,296.083,399.096,24.657,-83.424,35.722,12328.281,49586.723,20230621_064055,479183,112013,146568,17693
27,KMRX20230621_111152_V06,55.132,0.084,302.909,361.278,45.077,-83.386,35.892,22538.647,30673.517,20230621_071152,479178,99151,136415,16431
28,KMRX20230621_112122_V06,64.632,0.560,255.770,246.252,18.985,-83.648,36.410,9492.426,34803.346,20230621_072122,479180,97570,135239,15819
39,KMRX20230621_114137_V06,84.882,0.050,362.332,524.272,29.687,-83.060,35.157,14843.338,116386.417,20230621_074137,479177,99823,137149,15309
1,KMRX20230622_092022_V06,-56.595,0.287,458.748,190.834,10.782,-82.514,36.657,5391.243,96330.266,20230622_052022,479176,173492,200588,17160
1,KMRX20230623_092115_V06,-55.963,0.384,316.632,116.576,28.011,-83.309,36.995,14005.539,92088.284,20230623_052115,479174,14763,50717,4934
1,KMRX20230623_092552_V06,-51.346,0.303,317.270,115.708,33.051,-83.305,36.999,16525.637,92549.960,20230623_052552,479177,16333,51014,5148
1,KMRX20230623_093248_V06,-44.413,-1.000,318.018,114.690,41.380,-83.301,37.003,20689.770,93092.056,20230623_053248,479174,17125,50820,4743
1,KMRX20230623_093950_V06,-37.379,0.813,332.042,112.033,25.126,-83.222,37.015,12562.790,95339.079,20230623_053950,479178,17411,49497,4442
1,KMRX20230623_094652_V06,-30.346,0.314,332.893,111.208,32.489,-83.217,37.019,16244.343,95817.990,20230623_054652,479177,17763,48567,3867
1,KMRX20230623_100055_V06,-16.296,0.397,342.632,106.205,22.966,-83.162,37.041,11482.876,99214.507,20230623_060055,479176,17895,46803,3476
1,KMRX20230623_100757_V06,-9.263,0.428,344.951,105.259,28.320,-83.149,37.046,14160.088,99930.672,20230623_060757,479173,18963,47442,4556
1,KMRX20230623_101607_V06,-1.096,0.277,351.992,102.429,24.444,-83.110,37.058,12222.141,102148.613,20230623_061607,479181,19476,48749,5065
1,KMRX20230623_102307_V06,5.904,0.053,353.543,101.200,31.690,-83.101,37.064,15844.763,102942.105,20230623_062307,479176,20148,49800,5187
5,KMRX20230624_104944_V06,32.245,0.069,301.800,331.041,12.954,-83.392,36.028,6477.154,15546.706,20230624_064944,479175,32825,46593,17034
5,KMRX20230624_110346_V06,46.278,0.229,301.968,330.051,22.054,-83.391,36.033,11026.880,15057.637,20230624_070346,479173,34774,48806,17022
5,KMRX20230624_111048_V06,53.312,0.092,306.495,330.922,17.134,-83.366,36.029,8566.797,15798.409,20230624_071048,479177,36600,49321,18326
5,KMRX20230624_111750_V06,60.345,0.169,307.082,332.071,24.029,-83.363,36.024,12014.614,16421.614,20230624_071750,479174,35972,49016,18160
16,KMRX20230630_100346_V06,-15.853,0.243,499.320,238.714,29.120,-82.290,36.439,14559.769,104264.448,20230630_060346,479177,162399,181215,11280
16,KMRX20230630_100944_V06,-9.886,0.455,501.127,242.383,36.889,-82.281,36.423,18444.539,104608.829,20230630_060944,479174,173223,189667,13028
16,KMRX20230630_101548_V06,-3.820,0.094,511.487,252.257,36.896,-82.223,36.378,18448.193,108404.379,20230630_061548,479181,186563,200718,13538
16,KMRX20230630_102141_V06,2.064,0.058,525.807,266.780,30.867,-82.145,36.311,15433.681,114118.779,20230630_062141,479174,196243,211108,13959
13,KMRX20230630_095144_V06,-27.886,0.157,217.881,270.132,16.024,-83.859,36.302,8012.037,43691.133,20230630_055144,479180,140795,160667,13155
44,KMRX20230630_110239_V06,43.030,0.392,298.766,465.095,12.928,-83.409,35.424,6463.883,82549.853,20230630_070239,479187,218648,234974,12916
5,KMRX20230701_102324_V06,3.350,0.097,105.271,411.665,9.344,-84.477,35.660,4671.804,112236.804,20230701_062324,479185,44029,75473,17667
5,KMRX20230701_102911_V06,9.133,0.084,105.522,411.877,17.372,-84.476,35.659,8686.104,112180.749,20230701_062911,479177,48095,73707,20161
5,KMRX20230701_103458_V06,14.917,0.069,108.107,414.437,23.805,-84.461,35.648,11902.575,111712.312,20230701_063458,479180,50626,76204,19890
1,KMRX20230701_093650_V06,-43.217,0.066,30.170,92.884,52.417,-84.919,37.092,26208.530,170077.090,20230701_053650,479186,35990,78429,14961
4,KMRX20230701_101135_V06,-8.467,0.203,70.090,204.183,32.450,-84.687,36.593,16224.808,124538.745,20230701_061135,479176,34251,76557,12226
1,KMRX20230708_101647_V06,-6.811,0.304,262.844,316.402,8.263,-83.608,36.094,4131.599,20307.713,20230708_061647,479173,36070,71855,25838
1,KMRX20230708_102348_V06,0.205,0.093,264.820,317.753,17.057,-83.597,36.088,8528.317,19702.828,20230708_062348,479176,54944,62638,42909
14,KMRX20230709_105404_V06,29.895,0.093,20.071,139.148,23.060,-84.972,36.883,11529.881,161426.204,20230709_065404,479174,59394,80562,20366
14,KMRX20230709_110401_V06,39.845,0.098,21.362,140.221,30.783,-84.965,36.878,15391.477,160599.017,20230709_070401,479176,59447,77970,21585
9,KMRX20230709_102255_V06,-1.255,0.056,135.757,373.900,18.543,-84.311,35.832,9271.396,90051.356,20230709_062255,479177,69563,111008,11234
3,KMRX20230710_101249_V06,-11.947,0.055,28.180,435.628,42.397,-84.901,35.548,21198.338,151889.211,20230710_061249,479179,40992,92890,14223
4,KMRX20230711_103029_V06,5.112,0.707,374.807,316.092,16.319,-82.987,36.095,8159.325,38259.231,20230711_063029,479175,65518,47404,56092
4,KMRX20230711_103728_V06,12.095,0.663,375.578,318.423,25.880,-82.982,36.085,12939.867,38895.698,20230711_063728,479176,82190,41596,72178
4,KMRX20230711_104429_V06,19.112,0.470,376.035,319.452,28.295,-82.980,36.080,14147.552,39242.015,20230711_064429,479178,88444,37392,79500
1,KMRX20230711_100928_V06,-15.905,0.622,262.472,317.812,8.153,-83.610,36.088,4076.508,20770.481,20230711_060928,479176,23804,68804,16335
1,KMRX20230711_101628_V06,-8.905,0.405,262.876,318.261,14.355,-83.608,36.086,7177.308,20686.149,20230711_061628,479179,34394,59276,26330
1,KMRX20230712_101518_V06,-10.694,0.131,264.604,317.529,6.983,-83.598,36.089,3491.749,19749.412,20230712_061518,479173,27049,53482,19859
6,KMRX20230713_110631_V06,39.887,0.251,416.660,277.626,20.284,-82.753,36.267,10141.872,59392.946,20230713_070631,479178,25115,42177,17228
6,KMRX20230713_111107_V06,44.487,0.166,416.665,277.216,27.417,-82.753,36.269,13708.268,59434.702,20230713_071107,479174,24832,42643,17019
1,KMRX20230715_101204_V06,-15.875,0.536,344.438,298.425,9.971,-83.155,36.175,4985.695,22233.014,20230715_061204,479178,14923,42456,11683
1,KMRX20230717_111848_V06,49.498,0.141,96.479,431.270,13.002,-84.525,35.572,6500.939,121091.391,20230717_071848,479175,73791,49092,62243
31,KMRX20230718_113655_V06,66.919,0.056,375.655,139.106,21.153,-82.978,36.893,10576.355,88897.005,20230718_073655,479189,84969,94249,15837
31,KMRX20230718_114154_V06,71.902,-1.000,375.655,139.106,29.076,-82.978,36.893,14538.105,88897.005,20230718_074154,479192,80704,93058,12801
31,KMRX20230718_114711_V06,77.186,0.061,392.653,133.528,23.820,-82.882,36.917,11909.798,95259.444,20230718_074711,479191,82853,95236,14762
1,KMRX20230720_093540_V06,-55.752,0.085,244.843,431.487,5.494,-83.706,35.575,2746.828,71293.490,20230720_053540,479182,32353,52810,20127
2,KMRX20230720_101301_V06,-18.402,0.073,307.346,411.613,27.459,-83.361,35.665,13729.345,55927.228,20230720_061301,479180,25978,61053,6648
3,KMRX20230720_102348_V06,-7.619,0.403,340.873,290.184,6.595,-83.175,36.212,3297.630,21017.659,20230720_062348,479179,36711,61330,12157
4,KMRX20230721_103225_V06,0.274,0.063,303.549,412.919,5.633,-83.382,35.659,2816.538,56487.322,20230721_063225,479177,9309,27853,5884
14,KMRX20230722_102449_V06,-8.059,0.122,30.553,194.555,28.525,-84.908,36.634,14262.678,144672.479,20230722_062449,479174,70897,110116,16556
14,KMRX20230722_102919_V06,-3.559,0.072,30.850,194.685,34.445,-84.907,36.633,17222.745,144510.244,20230722_062919,479185,72105,105357,18518
6,KMRX20230722_100650_V06,-26.042,0.176,426.980,352.376,16.166,-82.698,35.930,8083.097,68678.635,20230722_060650,479180,93375,123580,30320
20,KMRX20230722_103819_V06,5.441,0.108,431.985,304.701,19.028,-82.669,36.145,9514.179,66034.344,20230722_063819,479185,82329,98857,29258
6,KMRX20230723_102558_V06,-7.648,0.160,343.591,297.110,11.223,-83.160,36.181,5611.538,21843.274,20230723_062558,479174,44150,44861,38969
6,KMRX20230723_103257_V06,-0.665,0.240,342.230,298.623,20.464,-83.167,36.174,10232.174,21126.435,20230723_063257,479177,72777,36057,66592
6,KMRX20230723_103958_V06,6.352,0.104,342.908,300.404,23.323,-83.163,36.166,11661.310,21454.784,20230723_063958,479180,92329,32917,85068
6,KMRX20230723_104658_V06,13.352,0.120,362.174,314.748,31.513,-83.057,36.101,15756.626,31949.853,20230723_064658,479175,105775,32041,97340
1,KMRX20230723_101858_V06,-14.648,0.176,261.832,316.537,2.898,-83.614,36.094,1448.982,20798.168,20230723_061858,479178,22799,58343,18291
2,KMRX20230723_101858_V06,-14.648,0.174,388.391,240.113,4.960,-82.909,36.437,2479.961,53383.880,20230723_061858,479178,22799,58343,18291
4,KMRX20230723_101858_V06,-14.648,0.125,274.832,301.731,8.406,-83.542,36.160,4203.159,12613.893,20230723_061858,479178,22799,58343,18291
3,KMRX20230724_102317_V06,-11.078,0.076,339.374,298.755,14.326,-83.183,36.174,7162.796,19696.920,20230724_062317,479170,30001,65959,23269
3,KMRX20230724_103017_V06,-4.078,0.338,340.109,296.833,20.292,-83.179,36.182,10146.094,20117.002,20230724_063017,479176,44788,52641,37604
1,KMRX20230724_102317_V06,-11.078,0.254,266.739,317.510,11.826,-83.587,36.089,5912.903,18794.203,20230724_062317,479170,30001,65959,23269
2,KMRX20230724_102317_V06,-11.078,0.089,106.703,410.483,3.650,-84.469,35.666,1825.024,111321.664,20230724_062317,479170,30001,65959,23269
4,KMRX20230724_102317_V06,-11.078,0.054,384.513,253.122,11.397,-82.931,36.379,5698.433,48321.715,20230724_062317,479170,30001,65959,23269
1,KMRX20230726_102000_V06,-15.873,0.419,342.595,294.457,8.625,-83.165,36.193,4312.450,21477.233,20230726_062000,479176,19544,52877,13851
1,KMRX20230726_102700_V06,-8.873,0.751,342.036,294.721,14.186,-83.168,36.192,7093.190,21183.149,20230726_062700,479171,23283,45718,18420
1,KMRX20230726_103401_V06,-1.856,0.603,345.127,294.679,19.311,-83.151,36.192,9655.353,22719.922,20230726_063401,479180,25901,42359,21154
1,KMRX20230726_104102_V06,5.160,0.910,347.167,294.599,25.132,-83.140,36.192,12565.901,23737.681,20230726_064102,479176,28772,41740,23663
4,KMRX20230726_104802_V06,12.160,0.093,47.241,335.882,14.931,-84.804,35.998,7465.607,127646.502,20230726_064802,479175,31315,40457,26300
2,KMRX20230728_104310_V06,5.761,0.156,51.853,344.766,17.161,-84.777,35.959,8580.710,126076.291,20230728_064310,479179,28729,37903,24308
2,KMRX20230728_105011_V06,12.778,0.237,52.945,346.286,25.780,-84.771,35.952,12890.152,125676.754,20230728_065011,479174,34188,37939,29265
2,KMRX20230728_110404_V06,26.661,0.345,55.441,348.017,29.848,-84.757,35.944,14923.958,124614.279,20230728_070404,479175,37614,39834,31798
2,KMRX20230728_111104_V06,33.661,0.065,57.791,349.125,33.987,-84.744,35.939,16993.667,123570.556,20230728_071104,479175,35342,43268,29147
1,KMRX20230728_103611_V06,-1.222,0.114,198.405,492.123,14.387,-83.960,35.301,7193.567,108665.600,20230728_063611,479176,25955,36346,21832
1,KMRX20230728_104310_V06,5.761,0.229,198.873,491.462,22.436,-83.958,35.304,11218.114,108264.008,20230728_064310,479179,28729,37903,24308
1,KMRX20230728_105011_V06,12.778,0.053,202.565,496.119,31.405,-83.937,35.283,15702.578,109494.452,20230728_065011,479174,34188,37939,29265
1,KMRX20230729_103928_V06,1.288,0.334,70.335,354.908,21.643,-84.674,35.914,10821.535,118068.954,20230729_063928,479174,22258,37847,17625
1,KMRX20230729_104618_V06,8.121,0.184,70.638,355.156,29.967,-84.672,35.913,14983.427,117950.125,20230729_064618,479179,27543,40695,21855
1,KMRX20230729_105308_V06,14.955,0.123,71.775,356.835,30.879,-84.666,35.906,15439.676,117597.471,20230729_065308,479177,33380,41373,26733
1,KMRX20230729_110421_V06,26.171,0.224,74.478,361.016,34.753,-84.651,35.887,17376.363,116815.168,20230729_070421,479181,35719,47219,26584
2,KMRX20230730_104606_V06,7.144,0.364,71.448,356.239,18.102,-84.668,35.908,9051.039,117684.663,20230730_064606,479177,11160,35964,6935
2,KMRX20230730_110253_V06,23.927,0.192,75.320,355.315,28.517,-84.647,35.913,14258.741,115694.673,20230730_070253,479172,14602,42086,8242
7,KMRX20230730_111338_V06,34.677,0.083,378.413,352.075,66.092,-82.967,35.933,33045.799,47064.747,20230730_071338,479179,18714,47333,9493
8,KMRX20230730_111338_V06,34.677,0.052,377.676,98.009,8.283,-82.965,37.078,4141.304,108205.750,20230730_071338,479179,18714,47333,9493
12,KMRX20230730_120245_V06,83.794,0.074,358.433,140.095,28.020,-83.074,36.888,14009.865,85123.291,20230730_080245,479179,35373,68610,12594
1,KMRX20230731_104444_V06,4.997,0.055,48.647,344.565,14.459,-84.795,35.959,7229.655,127636.634,20230731_064444,479177,128485,35383,112622
1,KMRX20230801_102930_V06,-11.020,0.127,333.502,305.789,12.405,-83.216,36.142,6202.305,16999.092,20230801_062930,479176,40858,32094,37522
1,KMRX20230801_103629_V06,-4.037,-1.000,333.502,305.789,23.508,-83.216,36.142,11754.055,16999.092,20230801_063629,479182,82285,29531,74127
1,KMRX20230801_104330_V06,2.980,0.077,334.153,301.051,15.929,-83.212,36.163,7964.340,17084.772,20230801_064330,479172,105260,31641,94885
2,KMRX20230801_104330_V06,2.980,0.145,43.293,364.455,29.091,-84.823,35.869,14545.603,132337.681,20230801_064330,479172,105260,31641,94885
2,KMRX20230801_105031_V06,9.996,-1.000,43.293,364.455,40.248,-84.823,35.869,20123.853,132337.681,20230801_065031,479176,118390,33051,106733
2,KMRX20230801_110431_V06,23.996,0.162,46.631,352.719,25.812,-84.806,35.923,12906.055,129397.988,20230801_070431,479175,130500,34937,117441
5,KMRX20230801_105031_V06,9.996,0.074,371.454,320.352,8.066,-83.005,36.076,4033.222,37147.791,20230801_065031,479176,118390,33051,106733
1,KMRX20230802_094711_V06,-54.124,0.126,240.188,426.689,9.480,-83.732,35.597,4739.985,70049.242,20230802_054711,479178,42632,24000,38972
1,KMRX20230802_100113_V06,-40.091,0.138,239.577,426.521,16.650,-83.735,35.598,8324.919,70104.111,20230802_060113,479175,35515,27158,32259
3,KMRX20230802_104316_V06,1.959,0.371,64.514,312.206,14.058,-84.710,36.106,7028.910,117901.244,20230802_064316,479177,39583,24660,36844
3,KMRX20230802_105016_V06,8.959,0.109,62.308,311.690,26.437,-84.722,36.108,13218.721,118989.644,20230802_065016,479179,42190,22279,39508
2,KMRX20230802_102914_V06,-12.074,0.074,378.545,247.243,8.360,-82.964,36.405,4180.237,47309.068,20230802_062914,479178,24065,36695,21706
4,KMRX20230802_105016_V06,8.959,0.076,240.564,426.783,11.328,-83.730,35.597,5664.076,70011.606,20230802_065016,479179,42190,22279,39508
5,KMRX20230802_110416_V06,22.959,0.152,397.039,274.659,15.827,-82.862,36.281,7913.544,50146.560,20230802_070416,479175,45736,21012,43070
4,KMRX20230803_094838_V06,-53.463,0.078,263.605,392.106,16.829,-83.603,35.753,8414.467,49518.092,20230803_054838,479179,312799,303799,27430
7,KMRX20230803_100039_V06,-41.447,0.051,48.150,432.570,52.798,-84.791,35.563,26398.952,142305.502,20230803_060039,479179,313039,305990,25291
2,KMRX20230804_100335_V06,-39.305,0.140,237.462,415.920,21.278,-83.747,35.645,10639.074,65856.830,20230804_060335,479178,39495,43540,30706
2,KMRX20230804_101035_V06,-32.305,0.199,236.847,415.810,29.386,-83.751,35.646,14693.132,65955.008,20230804_061035,479171,28058,45606,19111
2,KMRX20230804_101734_V06,-25.322,-1.000,236.300,415.712,37.804,-83.754,35.646,18901.975,66043.389,20230804_061734,479174,18354,44164,10616
2,KMRX20230804_102434_V06,-18.322,0.059,242.187,423.091,20.342,-83.721,35.613,10170.858,67996.008,20230804_062434,479178,13258,40827,7076
1,KMRX20230805_103956_V06,-3.750,0.088,32.334,357.656,31.370,-84.884,35.899,15685.019,136902.483,20230805_063956,479172,71311,35353,62540
1,KMRX20230805_104657_V06,3.267,0.089,34.631,357.519,39.544,-84.872,35.900,19772.056,135765.692,20230805_064657,479172,83750,38576,72608
9,KMRX20230806_112626_V06,41.954,0.129,348.084,280.560,9.795,-83.134,36.256,4897.614,25932.557,20230806_072626,479176,103453,120487,18248
15,KMRX20230807_114740_V06,62.390,0.071,6.348,289.028,10.940,-85.035,36.207,5469.998,146928.638,20230807_074740,479173,43207,60238,25045
15,KMRX20230807_115216_V06,66.990,0.422,7.452,289.857,17.370,-85.029,36.203,8685.171,146362.142,20230807_075216,479183,42678,60100,24602
15,KMRX20230807_120128_V06,76.190,-1.000,9.172,291.149,30.621,-85.019,36.197,15310.729,145481.575,20230807_080128,479177,40614,60976,23333
15,KMRX20230807_120604_V06,80.790,0.116,33.387,286.745,30.312,-84.885,36.219,15156.047,133471.187,20230807_080604,479181,39358,60879,22466
2,KMRX20230807_101849_V06,-26.460,0.078,219.511,225.490,25.554,-83.851,36.503,12777.060,54841.028,20230807_061849,479173,20146,54966,6366
8,KMRX20230807_104136_V06,-3.677,0.057,308.544,150.626,34.714,-83.354,36.841,17357.170,74809.236,20230807_064136,479182,25136,51298,11388
9,KMRX20230807_105236_V06,7.323,0.076,272.311,363.785,18.077,-83.555,35.881,9038.256,34768.017,20230807_065236,479175,44645,58146,24298
7,KMRX20230808_104047_V06,-5.293,0.555,204.459,284.830,11.665,-83.933,36.236,5832.342,48369.018,20230808_064047,479179,21373,45414,13382
7,KMRX20230808_104925_V06,3.341,0.596,208.499,286.623,21.987,-83.911,36.228,10993.342,46236.825,20230808_064925,479175,31519,47487,22010
5,KMRX20230808_102332_V06,-22.543,0.076,351.716,219.822,6.709,-83.113,36.529,3354.317,47705.115,20230808_062332,479177,18804,47930,9841
15,KMRX20230808_112358_V06,37.891,0.131,184.088,53.400,6.408,-84.055,37.278,3203.943,136241.659,20230808_072358,479176,46795,57641,33180
16,KMRX20230808_112358_V06,37.891,0.115,31.149,437.919,16.042,-84.884,35.538,8021.100,151081.383,20230808_072358,479176,46795,57641,33180
1,KMRX20230809_110733_V06,20.674,0.113,52.519,340.391,18.243,-84.774,35.978,9121.607,125377.616,20230809_070733,479176,90023,36803,77371
1,KMRX20230809_111434_V06,27.690,0.080,52.591,340.942,26.848,-84.774,35.976,13423.944,125386.893,20230809_071434,479179,88660,36833,76183
10,KMRX20230810_111826_V06,30.756,0.130,52.563,321.858,68.298,-84.775,36.062,34148.933,124200.258,20230810_071826,479193,374857,347952,33488
10,KMRX20230810_112352_V06,36.189,0.071,54.293,316.980,77.471,-84.766,36.084,38735.679,123146.447,20230810_072352,479193,361910,338508,32625
10,KMRX20230810_112918_V06,41.622,0.062,62.905,324.535,68.993,-84.718,36.051,34496.559,119180.428,20230810_072918,479185,348343,327403,32075
1,KMRX20230811_103959_V06,-8.496,0.589,198.994,278.099,13.233,-83.964,36.266,6616.615,51676.593,20230811_063959,479174,21853,38097,15673
3,KMRX20230811_110206_V06,13.621,0.078,62.961,345.916,22.932,-84.716,35.954,11466.209,120722.719,20230811_070206,479184,40531,41952,29451
1,KMRX20230812_100536_V06,-43.681,0.057,18.857,459.606,24.998,-84.950,35.439,12498.949,161644.205,20230812_060536,479176,32544,47617,25816
2,KMRX20230812_103337_V06,-15.665,0.490,275.616,311.645,7.725,-83.537,36.116,3862.675,13511.016,20230812_063337,479180,15713,49786,12028
12,KMRX20230814_110105_V06,10.198,0.280,408.930,349.611,20.133,-82.798,35.943,10066.668,59847.462,20230814_070105,479178,54238,78014,19895
12,KMRX20230814_110721_V06,16.465,0.083,411.114,351.656,27.598,-82.786,35.934,13798.845,61267.379,20230814_070721,479184,52953,80561,17567
12,KMRX20230814_111323_V06,22.498,0.163,411.693,359.049,31.661,-82.783,35.901,15830.444,63170.426,20230814_071323,479177,51936,82186,14561
4,KMRX20230814_102651_V06,-24.035,0.082,300.226,199.633,29.982,-83.401,36.621,14991.215,50183.507,20230814_062651,479177,38476,63227,14860
8,KMRX20230815_111510_V06,23.480,0.523,204.473,281.671,12.323,-83.933,36.250,6161.619,48634.978,20230815_071510,479189,55835,72621,11312
8,KMRX20230815_112150_V06,30.146,0.075,204.824,280.989,20.702,-83.931,36.253,10351.154,48527.889,20230815_072150,479197,56764,72279,12170
8,KMRX20230815_112829_V06,36.796,0.094,207.020,281.539,22.072,-83.919,36.250,11036.098,47397.435,20230815_072829,479191,58743,69904,15092
9,KMRX20230815_112150_V06,30.146,0.072,382.755,314.193,18.959,-82.942,36.103,9479.614,41981.707,20230815_072150,479197,56764,72279,12170
10,KMRX20230815_112829_V06,36.796,0.114,250.678,306.906,30.574,-83.676,36.137,15286.758,24901.401,20230815_072829,479191,58743,69904,15092
13,KMRX20230815_114214_V06,50.546,0.219,399.576,367.955,26.516,-82.851,35.861,13258.228,60276.688,20230815_074214,479193,58391,67031,18409
1,KMRX20230816_103918_V06,-13.188,0.087,199.658,284.057,12.163,-83.960,36.239,6081.450,50800.491,20230816_063918,479176,28404,29121,25433
1,KMRX20230816_104617_V06,-6.204,0.104,200.338,283.081,19.544,-83.956,36.243,9772.063,50543.743,20230816_064617,479179,68586,24750,63638
1,KMRX20230816_110017_V06,7.796,0.091,202.768,284.731,23.770,-83.943,36.236,11884.774,49211.557,20230816_070017,479178,107468,28399,98978
2,KMRX20230816_110017_V06,7.796,0.059,433.863,292.688,16.385,-82.658,36.199,8192.368,67031.047,20230816_070017,479178,107468,28399,98978
2,KMRX20230816_110718_V06,14.812,0.056,435.414,293.316,28.050,-82.649,36.196,14025.122,67789.321,20230816_070718,479177,110535,32381,100494
3,KMRX20230816_112813_V06,35.729,0.053,299.966,411.154,13.177,-83.402,35.667,6588.633,55576.907,20230816_072813,479179,89416,33017,81168
1,KMRX20230817_104119_V06,-11.971,0.227,196.530,282.613,20.781,-83.978,36.245,10390.419,52460.359,20230817_064119,479173,30145,35794,26883
1,KMRX20230817_104820_V06,-4.954,0.099,199.681,281.265,28.551,-83.960,36.251,14275.433,51026.577,20230817_064820,479174,47874,29336,43042
4,KMRX20230818_112040_V06,26.581,0.068,180.829,53.876,21.598,-84.074,37.275,10799.051,136728.570,20230818_072040,479177,22135,38199,18727
4,KMRX20230818_112741_V06,33.597,0.080,180.270,54.988,32.333,-84.077,37.270,16166.602,136350.882,20230818_072741,479175,24040,38344,20475
4,KMRX20230818_113440_V06,40.581,0.080,179.172,53.708,36.077,-84.083,37.276,18038.663,137166.984,20230818_073440,479175,25147,38975,21308
3,KMRX20230818_111346_V06,19.681,0.364,202.900,310.059,19.676,-83.941,36.122,9837.898,48809.759,20230818_071346,479173,19907,37978,16786
3,KMRX20230818_112040_V06,26.581,0.080,203.693,308.286,28.612,-83.937,36.130,14306.140,48331.205,20230818_072040,479177,22135,38199,18727
5,KMRX20230818_121640_V06,82.581,0.056,38.259,59.028,44.697,-84.877,37.245,22348.389,177887.217,20230818_081640,479172,24286,44570,19201
5,KMRX20230818_122340_V06,89.581,0.070,40.041,66.304,53.094,-84.866,37.212,26546.937,174779.926,20230818_082340,479176,25068,45392,19710
1,KMRX20230819_105048_V06,-4.084,0.065,333.248,306.657,13.243,-83.217,36.138,6621.552,16953.764,20230819_065048,479177,78567,38861,67929
2,KMRX20230819_110448_V06,9.916,0.088,445.919,342.461,14.189,-82.593,35.974,7094.290,75985.511,20230819_070448,479173,99304,36909,86835
3,KMRX20230820_111536_V06,19.920,0.083,164.184,37.334,12.839,-84.168,37.349,6419.613,147850.942,20230820_071536,479177,30696,31756,27049
3,KMRX20230820_112236_V06,26.920,0.084,160.729,39.668,24.506,-84.188,37.339,12252.937,147622.041,20230820_072236,479175,30557,31107,27091
1,KMRX20230820_110141_V06,6.004,0.099,270.115,322.586,25.461,-83.568,36.066,12730.425,18729.862,20230820_070141,479175,30911,32759,26959
2,KMRX20230820_110836_V06,12.920,0.078,453.324,341.663,12.299,-82.552,35.978,6149.366,79442.079,20230820_070836,479174,30983,32085,27249
1,KMRX20230827_115250_V06,51.628,0.083,27.132,393.121,29.090,-84.910,35.739,14545.065,144160.117,20230827_075250,479179,87133,52981,65176
3,KMRX20230830_111244_V06,9.187,0.226,324.664,371.507,22.011,-83.265,35.846,11005.728,37820.361,20230830_071244,479177,138265,31530,125101
3,KMRX20230830_111945_V06,16.204,0.126,324.816,372.544,28.769,-83.265,35.841,14384.592,38335.420,20230830_071945,479174,148745,32968,134194
3,KMRX20230830_112645_V06,23.204,0.193,321.835,379.714,19.937,-83.281,35.809,9968.582,41325.170,20230830_072645,479179,156380,33548,140972
6,KMRX20230830_120122_V06,57.820,0.051,427.055,351.203,19.809,-82.698,35.936,9904.650,68492.340,20230830_080122,479179,174836,45677,146617
1,KMRX20230831_112558_V06,21.643,0.128,422.736,277.074,15.272,-82.719,36.270,7635.822,62429.228,20230831_072558,479181,124252,57017,93267
1,KMRX20230831_113259_V06,28.659,0.196,422.892,275.447,21.660,-82.718,36.277,10829.989,62660.516,20230831_073259,479173,120808,57768,89976
2,KMRX20230831_120058_V06,56.643,0.138,428.564,265.842,14.325,-82.686,36.320,7162.525,66512.138,20230831_080058,479172,102927,58878,74178
3,KMRX20230831_121458_V06,70.643,0.164,300.006,412.166,15.965,-83.402,35.663,7982.346,56082.794,20230831_081458,479177,96626,57928,69515
1,KMRX20230902_113353_V06,28.008,0.228,402.953,142.400,23.528,-82.825,36.877,11763.962,94123.897,20230902_073353,479177,59051,41172,47958
2,KMRX20230902_121554_V06,70.024,0.069,298.512,411.475,13.007,-83.410,35.666,6503.395,55742.362,20230902_081554,479173,50903,46386,38933
1,KMRX20230904_121945_V06,72.326,0.155,456.247,360.238,14.785,-82.537,35.894,7392.475,83728.393,20230904_081945,479179,100847,51736,78230
1,KMRX20230906_105256_V06,-16.037,0.051,325.283,139.646,87.961,-83.260,36.891,43980.614,81167.470,20230906_065256,479176,83810,42648,71794
1,KMRX20230906_110154_V06,-7.071,0.070,328.595,136.033,93.616,-83.242,36.907,46808.097,83221.116,20230906_070154,479181,48239,41831,38506
2,KMRX20230906_121123_V06,62.413,0.113,181.187,344.638,28.438,-84.061,35.965,14219.082,63460.757,20230906_081123,479178,56592,48999,39899
2,KMRX20230906_121538_V06,66.663,0.053,181.544,345.316,34.156,-84.059,35.962,17078.014,63414.066,20230906_081538,479174,57126,49063,40205
1,KMRX20230907_102243_V06,-47.027,0.081,480.918,170.877,23.217,-82.389,36.746,11608.280,111135.165,20230907_062243,479185,221017,35744,197227
5,KMRX20230907_113600_V06,26.256,0.060,390.431,144.949,19.478,-82.895,36.866,9739.189,89747.824,20230907_073600,479175,44489,53122,24091
8,KMRX20230907_115509_V06,45.406,0.100,217.128,386.218,17.783,-83.860,35.779,8891.523,59793.943,20230907_075509,479175,40498,52851,19833
1,KMRX20230908_101116_V06,-59.250,0.142,297.674,411.934,10.679,-83.415,35.664,5339.634,55979.126,20230908_061116,479179,251169,9076,248048
1,KMRX20230909_111321_V06,2.060,0.113,446.203,254.530,13.842,-82.587,36.370,6921.223,76555.352,20230909_071321,479179,99667,46669,78745
1,KMRX20230909_111810_V06,6.877,0.166,446.440,254.254,19.605,-82.586,36.372,9802.540,76709.304,20230909_071810,479170,98855,51407,75584
2,KMRX20230910_103012_V06,-41.863,0.151,505.832,430.422,26.352,-82.267,35.575,13175.940,121836.510,20230910_063012,479186,249466,30675,227659
2,KMRX20230910_103431_V06,-37.546,0.053,505.977,429.706,31.432,-82.266,35.578,15716.150,121706.680,20230910_063431,479197,244856,30651,223310
5,KMRX20230910_120424_V06,52.337,0.082,234.720,360.732,13.336,-83.763,35.894,6667.824,44580.851,20230910_080424,479180,106471,52015,79812
1,KMRX20230911_112709_V06,14.314,0.202,109.911,421.680,14.190,-84.451,35.615,7094.847,112849.305,20230911_072709,479174,178739,51278,148110
1,KMRX20230911_113549_V06,22.980,0.058,109.180,425.010,23.899,-84.455,35.600,11949.505,114061.170,20230911_073549,479173,177943,54820,144802
3,KMRX20230911_112709_V06,14.314,0.080,130.018,420.336,12.821,-84.340,35.622,6410.620,104132.894,20230911_072709,479174,178739,51278,148110
5,KMRX20230911_112709_V06,14.314,0.071,222.785,319.860,52.653,-83.831,36.078,26326.578,39863.912,20230911_072709,479174,178739,51278,148110
1,KMRX20230913_103130_V06,-42.884,0.060,295.976,411.941,13.806,-83.424,35.664,6903.221,56006.487,20230913_063130,479176,244268,9192,240734
1,KMRX20230913_103830_V06,-35.884,-1.000,295.976,411.941,24.936,-83.424,35.664,12468.221,56006.487,20230913_063830,479179,236031,9565,232504
1,KMRX20230913_104531_V06,-28.867,0.073,296.592,413.293,11.873,-83.421,35.658,5936.396,56672.045,20230913_064531,479177,214856,10380,211061
4,KMRX20230916_123046_V06,74.056,0.108,23.230,431.152,33.724,-84.929,35.568,16862.104,153136.026,20230916_083046,479178,52658,43814,38152
4,KMRX20230916_123748_V06,81.089,0.216,24.077,428.563,40.110,-84.924,35.579,20054.879,152202.287,20230916_083748,479174,50529,43927,36633
5,KMRX20230917_102505_V06,-52.405,0.054,246.551,99.281,13.867,-83.702,37.072,6933.315,103856.884,20230917_062505,479173,179846,128780,84581
1,KMRX20230918_114819_V06,30.050,0.130,119.239,392.459,9.966,-84.401,35.748,4983.208,101517.290,20230918_074819,479177,73518,35899,63692
2,KMRX20230918_123021_V06,72.084,0.094,24.945,440.507,37.137,-84.918,35.526,18568.645,154432.358,20230918_083021,479175,70431,43934,57466
1,KMRX20230919_104137_V06,-37.429,0.069,295.160,415.082,13.369,-83.429,35.650,6684.444,57592.071,20230919_064137,479180,201171,9559,197952
2,KMRX20230919_113038_V06,11.588,0.167,404.974,279.936,63.245,-82.818,36.257,31622.433,53437.220,20230919_073038,479174,97331,34985,85080
1,KMRX20230921_112702_V06,6.425,0.128,414.061,132.638,14.291,-82.762,36.921,7145.489,101266.670,20230921_072702,479176,140586,39408,123658
2,KMRX20230921_120202_V06,41.425,0.052,189.697,367.719,26.837,-84.013,35.862,13418.266,64716.062,20230921_080202,479171,135803,49870,110342
1,KMRX20230925_114219_V06,18.561,0.066,26.680,460.015,47.151,-84.907,35.438,23575.279,158357.534,20230925_074219,479179,99488,53738,74265
2,KMRX20230925_120117_V06,37.527,0.118,233.116,348.305,10.782,-83.773,35.950,5390.974,41251.805,20230925_080117,479179,97728,57604,70620
1,KMRX20230926_124454_V06,80.352,0.271,122.793,307.737,32.186,-84.386,36.129,16093.079,88687.845,20230926_084454,479182,126626,77801,87667
2,KMRX20230928_103636_V06,-49.541,0.200,293.402,201.445,63.459,-83.439,36.612,31729.458,49387.905,20230928_063636,479185,169603,102288,99084
5,KMRX20230928_114448_V06,18.659,0.224,364.283,292.394,17.819,-83.045,36.202,8909.451,32365.584,20230928_074448,479179,114506,111536,36743
11,KMRX20230928_121329_V06,47.343,0.059,493.100,243.432,79.671,-82.325,36.418,39835.411,100607.372,20230928_081329,479180,102960,106879,34557
1,KMRX20230929_123505_V06,68.141,0.142,22.837,263.052,26.375,-84.945,36.325,13187.630,139807.352,20230929_083505,479177,137125,65937,101908
2,KMRX20230930_112822_V06,0.620,0.504,361.061,299.030,17.146,-83.063,36.172,8573.032,30534.583,20230930_072822,479176,154595,41013,131047
2,KMRX20230930_113524_V06,7.653,0.636,361.254,297.354,22.557,-83.061,36.180,11278.303,30655.469,20230930_073524,479175,165228,47560,137467
1,KMRX20230930_103914_V06,-48.513,0.132,298.098,413.289,11.278,-83.412,35.658,5638.983,56652.572,20230930_063914,479175,264427,10561,259986
1,KMRX20231002_113447_V06,5.416,0.054,429.030,359.552,27.659,-82.687,35.898,13829.582,71055.042,20231002_073447,479179,136212,47293,113738
1,KMRX20231002_114148_V06,12.432,-1.000,429.030,359.552,38.816,-82.687,35.898,19407.832,71055.042,20231002_074148,479175,142624,52529,115186
1,KMRX20231002_114849_V06,19.449,0.060,430.163,372.323,41.987,-82.682,35.840,20993.701,74452.890,20231002_074849,479177,145166,54650,116437
2,KMRX20231002_120250_V06,33.466,0.091,223.626,350.027,11.500,-83.825,35.942,5749.784,45650.220,20231002_080250,479176,135620,56885,106075
1,KMRX20231003_111622_V06,-13.818,0.069,360.391,282.166,6.819,-83.066,36.248,3409.515,31484.721,20231003_071622,479176,25537,35921,19741
1,KMRX20231003_112316_V06,-6.918,0.505,362.194,284.814,17.472,-83.056,36.236,8736.207,32010.655,20231003_072316,479175,85018,49146,64133
2,KMRX20231003_113017_V06,0.099,0.224,458.430,376.587,13.762,-82.525,35.820,6881.069,87985.454,20231003_073017,479174,104573,50578,82912
2,KMRX20231003_113717_V06,7.099,0.055,457.306,376.312,22.957,-82.532,35.821,11478.266,87419.804,20231003_073717,479176,120417,52201,97631
1,KMRX20231005_112801_V06,-3.816,0.052,523.075,425.411,62.027,-82.171,35.597,31013.449,127955.701,20231005_072801,479178,74962,42481,57055
2,KMRX20231005_122406_V06,52.267,0.075,241.365,361.775,17.827,-83.727,35.890,8913.671,42585.954,20231005_082406,479177,63240,47063,43599
5,KMRX20231006_112335_V06,-9.081,0.055,362.184,290.448,4.755,-83.056,36.211,2377.251,31456.890,20231006_072335,479180,35485,60774,9967
6,KMRX20231006_122152_V06,49.202,0.053,410.349,248.392,46.727,-82.787,36.399,23363.529,60910.431,20231006_082152,479178,84582,83667,36103
1,KMRX20231007_112721_V06,-6.151,0.781,349.416,310.450,13.101,-83.127,36.121,6550.407,25254.517,20231007_072721,479177,66516,29046,58202
1,KMRX20231007_113412_V06,0.699,0.879,348.197,310.803,17.643,-83.134,36.119,8821.343,24696.422,20231007_073412,479181,81628,27765,74469
1,KMRX20231007_114114_V06,7.732,0.633,349.647,312.132,23.645,-83.126,36.113,11822.686,25554.168,20231007_074114,479174,83726,30521,74369
1,KMRX20231008_120615_V06,31.907,0.238,214.400,362.315,28.417,-83.876,35.887,14208.485,52939.798,20231008_080615,479173,19745,22160,16998
3,KMRX20231010_113819_V06,2.274,0.154,124.153,490.134,51.845,-84.369,35.308,25922.611,129492.255,20231010_073819,479176,19149,19404,15614
3,KMRX20231010_114521_V06,9.307,0.089,130.439,490.033,59.765,-84.334,35.308,29882.292,127341.409,20231010_074521,479177,17966,19312,14539
1,KMRX20231010_112416_V06,-11.776,0.055,335.803,296.756,8.472,-83.203,36.183,4235.806,17975.052,20231010_072416,479176,12671,24965,8955
6,KMRX20231012_104457_V06,-52.815,0.098,297.912,412.297,11.659,-83.413,35.662,5829.655,56158.008,20231012_064457,479179,105340,79834,59371
9,KMRX20231012_110711_V06,-30.582,0.474,300.410,180.042,42.693,-83.400,36.709,21346.279,59979.217,20231012_070711,479176,86178,75467,45800
19,KMRX20231012_113356_V06,-3.832,0.176,277.631,192.179,31.087,-83.527,36.654,15543.299,55058.348,20231012_073356,479179,45106,66628,13603
24,KMRX20231012_120503_V06,27.285,0.100,237.843,257.443,16.691,-83.748,36.360,8345.346,37664.712,20231012_080503,479180,44942,62018,16831
3,KMRX20231014_105303_V06,-46.461,0.057,207.094,137.898,8.558,-83.923,36.898,4278.803,93419.118,20231014_065303,479176,40656,75497,18142
5,KMRX20231014_110705_V06,-32.427,0.064,437.595,186.392,76.280,-82.632,36.678,38139.977,89217.559,20231014_070705,479180,42438,80145,18075
4,KMRX20231015_113322_V06,-7.025,0.427,381.790,182.545,41.945,-82.944,36.697,20972.515,71563.626,20231015_073322,479176,40087,59459,23038
4,KMRX20231015_114024_V06,0.008,0.232,390.217,187.652,55.422,-82.897,36.673,27711.201,72043.766,20231015_074024,479181,44095,55904,28027
4,KMRX20231015_114726_V06,7.042,-1.000,397.732,192.206,68.652,-82.855,36.653,34325.794,72751.288,20231015_074726,479178,42733,52019,28234
4,KMRX20231015_120129_V06,21.092,0.081,394.075,203.766,65.121,-82.876,36.601,32560.357,67288.693,20231015_080129,479179,38548,48186,26738
2,KMRX20231015_110526_V06,-34.958,0.063,185.082,384.698,41.073,-84.037,35.785,20536.730,71379.156,20231015_070526,479176,94174,50816,73817
2,KMRX20231015_111223_V06,-28.008,0.110,182.840,400.118,34.630,-84.049,35.715,17315.022,77055.259,20231015_071223,479178,78212,54819,57461
5,KMRX20231015_113322_V06,-7.025,0.094,383.466,343.710,32.083,-82.939,35.970,16041.609,47109.337,20231015_073322,479176,40087,59459,23038
6,KMRX20231015_114024_V06,0.008,0.156,342.601,311.859,24.704,-83.165,36.115,12352.028,22110.541,20231015_074024,479181,44095,55904,28027
9,KMRX20231015_120129_V06,21.092,0.131,161.576,409.765,47.768,-84.166,35.671,23884.048,88331.294,20231015_080129,479179,38548,48186,26738
2,KMRX20231016_110043_V06,-40.562,0.213,253.757,13.918,17.915,-83.663,37.457,8957.722,144897.587,20231016_070043,479173,95737,77913,62103
2,KMRX20231016_110744_V06,-33.545,0.812,254.855,17.708,24.184,-83.657,37.440,12091.810,142939.515,20231016_070744,479179,88571,82334,53735
2,KMRX20231016_111447_V06,-26.495,0.782,257.072,23.053,26.779,-83.644,37.416,13389.555,140126.974,20231016_071447,479176,71719,88718,35588
2,KMRX20231016_112150_V06,-19.445,0.778,257.416,27.853,28.731,-83.642,37.394,14365.413,137729.409,20231016_072150,479179,53230,90963,18521
2,KMRX20231016_112853_V06,-12.395,0.871,259.188,32.787,28.535,-83.632,37.372,14267.400,135155.726,20231016_072853,479179,46788,87657,12600
2,KMRX20231016_113555_V06,-5.362,0.679,255.810,39.713,29.068,-83.651,37.341,14533.772,132005.815,20231016_073555,479177,52107,91092,15047
2,KMRX20231016_114257_V06,1.671,0.785,258.790,49.828,29.247,-83.634,37.295,14623.414,126771.713,20231016_074257,479178,60265,93988,20975
2,KMRX20231016_114959_V06,8.705,0.182,261.615,56.572,28.160,-83.618,37.265,14080.232,123218.025,20231016_074959,479176,67275,99748,24730
2,KMRX20231016_120404_V06,22.788,-1.000,267.066,70.786,26.318,-83.587,37.201,13158.892,115784.177,20231016_080404,479174,81305,123987,26744
2,KMRX20231016_121106_V06,29.821,-1.000,269.788,77.884,25.398,-83.572,37.169,12698.767,112080.586,20231016_081106,479177,95783,140149,24910
2,KMRX20231016_121809_V06,36.871,-1.000,272.517,84.999,24.475,-83.557,37.137,12237.552,108375.008,20231016_081809,479175,106825,150268,24782
2,KMRX20231016_122510_V06,43.888,-1.000,275.233,92.081,23.557,-83.541,37.105,11778.518,104694.416,20231016_082510,479176,110190,151272,21753
2,KMRX20231016_123006_V06,48.821,-1.000,277.142,97.060,22.912,-83.530,37.083,11455.776,102111.530,20231016_083006,479177,118516,156494,22982
2,KMRX20231016_123513_V06,53.938,-1.000,279.122,102.224,22.242,-83.519,37.059,11121.041,99437.311,20231016_083513,479174,126208,162167,24766
2,KMRX20231016_124050_V06,59.555,0.404,275.296,116.975,26.702,-83.541,36.993,13350.846,92342.466,20231016_084050,479176,134534,164498,26960
2,KMRX20231016_124626_V06,65.155,0.366,277.123,123.554,25.609,-83.530,36.963,12804.592,88961.470,20231016_084626,479172,140934,166599,27653
18,KMRX20231016_120404_V06,22.788,0.107,29.260,172.678,35.301,-84.917,36.732,17650.301,149592.041,20231016_080404,479174,81305,123987,26744
18,KMRX20231016_121106_V06,29.821,0.403,29.179,184.566,41.610,-84.917,36.679,20805.221,147198.135,20231016_081106,479177,95783,140149,24910
18,KMRX20231016_121809_V06,36.871,0.228,34.864,203.188,42.565,-84.884,36.595,21282.727,141128.823,20231016_081809,479175,106825,150268,24782
18,KMRX20231016_122510_V06,43.888,0.187,39.377,206.881,46.859,-84.858,36.579,23429.743,138379.592,20231016_082510,479176,110190,151272,21753
18,KMRX20231016_123006_V06,48.821,0.074,54.714,211.261,57.378,-84.772,36.560,28688.759,130422.278,20231016_083006,479177,118516,156494,22982
18,KMRX20231016_123513_V06,53.938,0.083,36.716,224.916,47.441,-84.871,36.498,23720.612,136890.517,20231016_083513,479174,126208,162167,24766
18,KMRX20231016_124050_V06,59.555,0.183,35.816,228.402,53.748,-84.876,36.482,26874.121,136857.096,20231016_084050,479176,134534,164498,26960
33,KMRX20231016_124050_V06,59.555,0.210,31.626,439.131,39.225,-84.882,35.532,19612.297,151147.372,20231016_084050,479176,134534,164498,26960
33,KMRX20231016_124626_V06,65.155,0.298,32.836,440.904,45.562,-84.875,35.524,22780.861,151021.719,20231016_084626,479172,140934,166599,27653
33,KMRX20231016_125148_V06,70.521,0.074,37.433,438.253,50.710,-84.850,35.537,25355.116,148370.549,20231016_085148,479181,144837,165718,28751
15,KMRX20231016_114257_V06,1.671,0.073,271.755,99.275,32.538,-83.561,37.073,16269.165,101351.279,20231016_074257,479178,60265,93988,20975
15,KMRX20231016_114959_V06,8.705,0.073,273.255,102.135,39.685,-83.552,37.060,19842.255,99832.212,20231016_074959,479176,67275,99748,24730
32,KMRX20231016_123513_V06,53.938,0.053,33.298,301.573,33.000,-84.884,36.152,16499.897,133353.371,20231016_083513,479174,126208,162167,24766
1,KMRX20231018_113251_V06,-10.220,0.780,339.795,298.496,5.656,-83.181,36.175,2827.923,19911.912,20231018_073251,479179,10763,14741,9631
1,KMRX20231018_113939_V06,-3.420,0.839,338.048,298.025,14.488,-83.190,36.177,7243.823,19049.763,20231018_073939,479177,20102,13125,18629
1,KMRX20231018_114635_V06,3.513,0.867,338.068,296.751,20.866,-83.190,36.183,10433.230,19103.422,20231018_074635,479174,20316,13400,18647
1,KMRX20231018_125048_V06,67.730,0.263,338.950,298.403,24.905,-83.185,36.175,12452.262,19491.373,20231018_085048,479176,8170,14619,7001
1,KMRX20231019_123419_V06,50.343,0.091,240.529,426.672,10.018,-83.730,35.597,5008.764,69968.807,20231019_083419,479171,9745,16200,8385
2,KMRX20231020_110706_V06,-37.784,0.064,34.693,286.542,42.646,-84.877,36.220,21323.170,132824.230,20231020_070706,479180,189762,220547,25618
2,KMRX20231020_111255_V06,-31.967,0.127,37.674,281.261,53.714,-84.861,36.244,26856.790,131497.029,20231020_071255,479176,187116,217870,24419
12,KMRX20231020_121844_V06,33.850,0.065,381.192,500.699,15.342,-82.956,35.263,7670.980,108249.919,20231020_081844,479181,162613,195170,18207
12,KMRX20231020_122436_V06,39.716,0.125,385.962,504.343,25.060,-82.930,35.247,12529.830,110843.874,20231020_082436,479182,153575,186704,18603
5,KMRX20231020_114816_V06,3.383,0.148,367.740,74.807,27.302,-83.021,37.182,13651.123,117580.278,20231020_074816,479177,169940,200350,21216
6,KMRX20231020_114816_V06,3.383,0.097,220.060,226.729,28.122,-83.848,36.498,14060.854,54219.339,20231020_074816,479177,169940,200350,21216
11,KMRX20231020_121844_V06,33.850,0.066,338.746,165.927,21.602,-83.185,36.772,10800.835,69779.788,20231020_081844,479181,162613,195170,18207
15,KMRX20231020_122436_V06,39.716,0.083,480.661,576.619,32.329,-82.413,34.918,16164.331,165193.945,20231020_082436,479182,153575,186704,18603
18,KMRX20231020_123012_V06,45.316,0.078,159.487,75.797,20.112,-84.193,37.176,10055.927,132297.978,20231020_083012,479180,148653,181762,18528
18,KMRX20231020_123547_V06,50.900,-1.000,159.487,75.797,28.989,-84.193,37.176,14494.677,132297.978,20231020_083547,479178,146041,180664,18385
18,KMRX20231020_124146_V06,56.883,0.196,179.114,81.506,24.250,-84.082,37.151,12125.034,124852.896,20231020_084146,479182,139639,175863,18064
21,KMRX20231020_124146_V06,56.883,0.266,400.281,424.380,31.432,-82.849,35.607,15715.845,79885.313,20231020_084146,479182,139639,175863,18064
3,KMRX20231021_114602_V06,0.234,0.687,114.900,431.995,12.562,-84.423,35.569,6280.910,113671.397,20231021_074602,479176,19340,18442,17539
3,KMRX20231021_115304_V06,7.268,0.081,114.277,428.452,25.585,-84.427,35.585,12792.550,112908.042,20231021_075304,479179,15769,19083,13999
1,KMRX20231021_113859_V06,-6.816,0.283,356.647,308.991,10.927,-83.087,36.127,5463.352,28678.112,20231021_073859,479177,19438,20338,17446
5,KMRX20231021_124151_V06,56.051,0.057,240.714,426.738,10.037,-83.729,35.597,5018.641,69959.459,20231021_084151,479178,10916,21300,9396
1,KMRX20231022_113847_V06,-7.937,0.729,358.246,302.130,20.783,-83.078,36.158,10391.739,29142.424,20231022_073847,479175,16631,23971,15085
1,KMRX20231022_114549_V06,-0.903,0.723,357.237,307.775,27.069,-83.084,36.133,13534.287,28881.366,20231022_074549,479176,23079,27035,20554
1,KMRX20231022_115251_V06,6.130,0.544,365.362,305.090,38.141,-83.039,36.145,19070.413,32780.119,20231022_075251,479172,21831,25964,19407
1,KMRX20231022_120639_V06,19.930,0.562,372.002,306.877,45.518,-83.002,36.137,22758.799,36164.948,20231022_080639,479177,18612,26291,16307
4,KMRX20231022_113847_V06,-7.937,0.051,287.276,311.587,6.611,-83.473,36.116,3305.542,8604.915,20231022_073847,479175,16631,23971,15085
3,KMRX20231023_113933_V06,-8.096,0.154,288.280,304.004,15.845,-83.467,36.150,7922.455,6192.469,20231023_073933,479176,32024,37199,24670
3,KMRX20231023_114636_V06,-1.046,0.143,286.796,304.655,23.634,-83.475,36.147,11817.139,7000.282,20231023_074636,479177,27264,28561,21969
1,KMRX20231023_110421_V06,-43.296,0.209,300.620,411.529,12.078,-83.399,35.666,6039.064,55765.433,20231023_070421,479174,277797,19686,267596
2,KMRX20231024_114455_V06,-3.661,0.577,338.883,302.608,16.557,-83.186,36.156,8278.465,19485.390,20231024_074455,479175,29493,27957,24820
2,KMRX20231024_115141_V06,3.105,0.142,339.101,302.846,25.319,-83.185,36.155,12659.347,19602.048,20231024_075141,479176,27705,24105,24485
1,KMRX20231024_113812_V06,-10.378,0.097,203.387,342.837,5.467,-83.938,35.974,2733.412,52842.072,20231024_073812,479173,18570,28960,14953
3,KMRX20231024_115141_V06,3.105,0.141,120.563,376.852,13.105,-84.395,35.818,6552.464,97600.887,20231024_075141,479176,27705,24105,24485
1,KMRX20231025_114602_V06,-3.482,0.062,241.312,430.385,8.840,-83.726,35.580,4419.842,71491.930,20231025_074602,479178,33685,29872,29095
2,KMRX20231025_115305_V06,3.568,0.073,352.990,303.831,26.496,-83.108,36.151,13247.967,26564.053,20231025_075305,479176,29060,27669,25449
1,KMRX20231026_114003_V06,-10.408,0.691,333.733,302.705,9.529,-83.215,36.156,4764.412,16920.818,20231026_074003,479177,17103,25048,14482
1,KMRX20231026_114659_V06,-3.474,0.099,337.565,304.924,17.721,-83.193,36.146,8860.465,18943.107,20231026_074659,479176,22238,22810,19887
1,KMRX20231027_110218_V06,-49.106,0.055,23.860,272.662,35.540,-84.939,36.282,17770.241,138744.871,20231027_070218,479172,46836,29581,39213
2,KMRX20231027_110218_V06,-49.106,0.054,128.419,308.860,2.736,-84.355,36.125,1367.752,85904.942,20231027_070218,479172,46836,29581,39213
3,KMRX20231027_110901_V06,-42.389,0.089,300.318,411.201,8.358,-83.400,35.667,4178.793,55600.661,20231027_070901,479180,46766,29969,38974
2,KMRX20231029_114417_V06,-9.035,0.074,27.215,163.891,41.559,-84.930,36.772,20779.341,152428.308,20231029_074417,479184,18581,29881,12637
3,KMRX20231029_121311_V06,19.865,0.089,25.975,88.571,34.597,-84.943,37.111,17298.328,173054.729,20231029_081311,479176,12959,23271,9793
1,KMRX20231030_124240_V06,48.384,0.137,20.349,277.680,21.735,-84.958,36.259,10867.412,140270.175,20231030_084240,479177,16542,24160,7845
1,KMRX20231030_124657_V06,52.668,0.060,21.024,277.630,28.417,-84.954,36.259,14208.366,139935.776,20231030_084657,479177,16862,25194,7672
1,KMRX20231030_125114_V06,56.951,-1.000,21.533,277.592,35.130,-84.951,36.259,17565.165,139683.799,20231030_085114,479178,17407,25418,7833
1,KMRX20231030_125531_V06,61.234,0.199,34.853,269.307,29.678,-84.878,36.298,14839.064,133458.952,20231030_085531,479178,18534,26334,7884
3,KMRX20231030_125531_V06,61.234,0.145,23.667,198.585,31.224,-84.946,36.615,15612.005,147177.817,20231030_085531,479178,18534,26334,7884
1,KMRX20231101_114531_V06,-10.710,0.122,348.677,302.929,17.831,-83.131,36.155,8915.611,24382.607,20231101_074531,479176,14241,14086,13126
1,KMRX20231102_121021_V06,13.144,0.075,240.734,426.774,8.896,-83.729,35.597,4447.891,69971.590,20231102_081021,479174,18188,16401,16191
1,KMRX20231103_120032_V06,2.343,0.090,201.710,343.013,12.394,-83.947,35.973,6196.899,53644.630,20231103_080032,479177,26719,15017,24614
1,KMRX20231104_114721_V06,-11.829,0.205,201.349,342.519,7.474,-83.949,35.975,3737.064,53711.705,20231104_074721,479176,14962,13720,13506
1,KMRX20231104_120234_V06,3.387,0.646,201.388,343.517,14.537,-83.949,35.971,7268.634,53893.444,20231104_080234,479176,31563,15381,29144
1,KMRX20231104_120935_V06,10.404,0.143,203.091,344.256,16.824,-83.939,35.968,8412.095,53267.838,20231104_080935,479177,24547,14991,22376
1,KMRX20231105_111906_V06,-41.072,0.084,507.454,141.829,77.054,-82.239,36.875,38526.890,130436.892,20231105_061906,479178,153313,20182,144704
3,KMRX20231105_114712_V06,-12.972,0.077,202.892,341.915,2.979,-83.940,35.978,1489.340,52884.165,20231105_064712,479180,41197,36939,34863
1,KMRX20231107_131722_V06,75.196,0.080,240.547,427.393,9.790,-83.730,35.594,4895.163,70291.605,20231107_081722,479172,11522,15150,10282
1,KMRX20231109_110545_V06,-58.431,0.113,237.308,432.817,8.438,-83.748,35.569,4218.821,73434.605,20231109_060545,479174,14472,29031,11211
2,KMRX20231109_111227_V06,-51.731,0.055,301.591,413.133,5.224,-83.393,35.659,2612.173,56571.988,20231109_061227,479177,15027,28570,11576
4,KMRX20231109_121243_V06,8.536,0.057,298.756,412.414,8.549,-83.409,35.662,4274.586,56210.380,20231109_071243,479174,18264,16296,16290
8,KMRX20231110_122221_V06,17.160,0.077,25.426,249.053,38.867,-84.932,36.388,19433.416,139630.081,20231110_072221,479181,245859,231834,46629
8,KMRX20231110_122805_V06,22.893,0.075,28.212,246.452,47.485,-84.917,36.400,23742.425,138506.618,20231110_072805,479180,258979,247469,45859
8,KMRX20231110_123404_V06,28.876,0.055,38.471,245.002,49.640,-84.860,36.407,24820.074,133624.801,20231110_073404,479179,270117,259773,46339
8,KMRX20231110_123948_V06,34.610,-1.000,46.824,243.453,53.016,-84.813,36.415,26507.840,129707.190,20231110_073948,479178,279210,270739,45729
8,KMRX20231110_124547_V06,40.593,-1.000,55.541,241.836,56.538,-84.765,36.423,28269.201,125641.632,20231110_074547,479179,286887,282281,43427
8,KMRX20231110_125121_V06,46.160,0.060,57.369,235.933,63.182,-84.755,36.449,31590.792,125473.506,20231110_075121,479182,289094,289104,40673
1,KMRX20231110_112338_V06,-41.557,0.133,40.531,286.057,54.407,-84.845,36.222,27203.598,129921.842,20231110_062338,479174,239955,151932,107364
5,KMRX20231110_114643_V06,-18.474,0.060,38.789,304.719,45.089,-84.853,36.138,22544.327,130626.608,20231110_064643,479177,243272,184082,79451
7,KMRX20231110_121144_V06,6.543,0.052,283.187,417.629,27.646,-83.495,35.638,13823.057,59412.110,20231110_071144,479181,231807,210486,50577
5,KMRX20231111_131639_V06,70.448,0.062,298.632,410.438,11.682,-83.409,35.671,5840.830,55223.308,20231111_081639,479184,70491,62784,34511
6,KMRX20231111_133030_V06,84.298,0.081,298.292,412.009,13.217,-83.411,35.664,6608.664,56010.848,20231111_083030,479179,65459,58546,33240
1,KMRX20231112_120447_V06,-2.431,0.615,232.447,368.866,9.258,-83.776,35.857,4629.049,48233.746,20231112_070447,479179,58952,23990,53693
1,KMRX20231112_121150_V06,4.619,0.625,234.002,368.502,18.409,-83.767,35.859,9204.704,47561.142,20231112_071150,479176,58932,21656,54314
1,KMRX20231112_121852_V06,11.652,0.768,235.931,370.175,23.803,-83.757,35.852,11901.381,47511.265,20231112_071852,479176,52476,20724,48099
2,KMRX20231112_121150_V06,4.619,0.143,273.220,376.676,15.768,-83.550,35.823,7884.123,40609.322,20231112_071150,479176,58932,21656,54314
2,KMRX20231112_121852_V06,11.652,0.116,275.639,374.667,26.152,-83.537,35.832,13076.171,39270.545,20231112_071852,479176,52476,20724,48099
2,KMRX20231113_120041_V06,-7.544,0.081,422.496,334.159,4.765,-82.723,36.012,2382.545,63584.629,20231113_070041,479174,34116,29816,29592
3,KMRX20231113_122147_V06,13.556,0.077,200.637,387.665,34.312,-83.951,35.772,17156.017,66253.765,20231113_072147,479174,27881,23405,24765
3,KMRX20231115_125147_V06,41.528,0.102,27.280,426.732,32.337,-84.907,35.588,16168.488,150363.801,20231115_075147,479177,20363,22255,17211
2,KMRX20231116_111529_V06,-55.784,0.055,242.247,429.477,8.514,-83.721,35.584,4256.849,70886.804,20231116_061529,479177,23601,46570,17067
7,KMRX20231117_122357_V06,11.671,0.059,264.714,409.335,10.294,-83.597,35.675,5147.182,57443.898,20231117_072357,479173,34347,18710,30483
8,KMRX20231117_124421_V06,32.071,0.110,28.321,111.066,37.600,-84.928,37.010,18799.948,165458.109,20231117_074421,479176,21671,21200,18202
9,KMRX20231117_125105_V06,38.805,0.076,24.890,172.552,28.078,-84.942,36.733,14039.248,151598.734,20231117_075105,479178,20295,21721,16690
2,KMRX20231121_114336_V06,-32.694,0.084,314.159,536.633,29.869,-83.324,35.102,14934.721,118528.076,20231121_064336,479184,300281,320883,34776
9,KMRX20231122_131129_V06,54.196,0.053,94.174,290.805,18.369,-84.546,36.204,9184.546,103015.882,20231122_081129,479183,16342,33681,7914
9,KMRX20231122_131607_V06,58.830,0.134,94.471,290.692,24.299,-84.545,36.205,12149.489,102869.831,20231122_081607,479170,17152,37584,8346
9,KMRX20231122_132302_V06,65.746,0.122,97.761,288.309,25.336,-84.527,36.216,12668.097,101288.383,20231122_082302,479177,16758,39310,8407
10,KMRX20231122_132302_V06,65.746,0.057,25.580,286.105,34.429,-84.928,36.221,17214.426,137385.682,20231122_082302,479177,16758,39310,8407
10,KMRX20231122_132945_V06,72.463,0.120,26.909,287.478,40.206,-84.921,36.215,20102.882,136688.752,20231122_082945,479172,17283,41028,8540
2,KMRX20231122_120746_V06,-9.520,0.057,107.129,441.700,44.292,-84.465,35.525,22145.847,119664.117,20231122_070746,479177,22046,40911,8473
3,KMRX20231122_121448_V06,-2.487,0.060,164.587,387.059,21.673,-84.151,35.774,10836.641,80492.010,20231122_071448,479176,24757,39808,11482
2,KMRX20231124_113824_V06,-40.856,0.546,38.889,431.527,52.938,-84.842,35.567,26469.196,146183.184,20231124_063824,479175,28374,34600,21842
2,KMRX20231124_114506_V06,-34.156,0.223,39.738,426.842,59.516,-84.838,35.588,29758.015,144762.843,20231124_064506,479177,26210,34317,20230
2,KMRX20231124_115149_V06,-27.439,0.173,39.977,418.463,56.668,-84.837,35.626,28333.775,142868.188,20231124_065149,479174,21666,33272,16350
2,KMRX20231124_120516_V06,-13.989,0.338,39.052,415.446,60.795,-84.843,35.639,30397.387,142672.282,20231124_070516,479174,16170,28670,11576
2,KMRX20231124_121158_V06,-7.289,0.323,40.238,407.020,59.868,-84.837,35.677,29933.799,140471.846,20231124_071158,479176,18886,27567,13796
2,KMRX20231124_121849_V06,-0.439,0.062,36.119,358.018,34.059,-84.863,35.898,17029.697,135091.929,20231124_071849,479177,32472,24681,27122
1,KMRX20231124_112440_V06,-54.589,0.115,32.857,430.502,51.783,-84.875,35.571,25891.384,148657.411,20231124_062440,479179,30771,35565,23606
1,KMRX20231124_113142_V06,-47.556,0.147,34.146,430.072,59.659,-84.868,35.573,29829.621,147984.018,20231124_063142,479176,30225,35094,23189
5,KMRX20231124_121849_V06,-0.439,0.057,232.614,370.430,13.999,-83.775,35.850,6999.269,48737.293,20231124_071849,479177,32472,24681,27122
5,KMRX20231124_122532_V06,6.278,0.097,231.461,368.990,20.651,-83.781,35.857,10325.747,48623.945,20231124_072532,479175,39976,22404,34466
3,KMRX20231124_121849_V06,-0.439,0.076,192.038,391.031,10.171,-83.999,35.757,5085.409,70608.981,20231124_071849,479177,32472,24681,27122
3,KMRX20231124_122532_V06,6.278,-1.000,192.038,391.031,20.850,-83.999,35.757,10425.159,70608.981,20231124_072532,479175,39976,22404,34466
3,KMRX20231124_123215_V06,12.994,0.167,199.146,392.404,27.046,-83.959,35.751,13523.228,68392.455,20231124_073215,479175,37199,22336,31295
6,KMRX20231124_123857_V06,19.694,0.556,365.274,295.277,23.700,-83.039,36.189,11850.227,32722.377,20231124_073857,479176,31469,22725,25474
6,KMRX20231124_124540_V06,26.411,0.147,365.093,296.325,34.663,-83.040,36.184,17331.593,32598.121,20231124_074540,479174,27062,23309,21227
1,KMRX20231125_121911_V06,-1.047,0.764,363.999,292.351,19.681,-83.046,36.202,9840.561,32227.323,20231125_071911,479175,38766,16300,36162
1,KMRX20231125_122612_V06,5.970,0.880,362.907,288.998,27.322,-83.052,36.217,13660.976,31930.995,20231125_072612,479176,37375,15987,34762
1,KMRX20231125_123308_V06,12.903,0.693,364.042,284.065,33.592,-83.046,36.240,16796.179,32997.341,20231125_073308,479177,30926,15590,28532
1,KMRX20231125_124004_V06,19.836,0.160,367.863,276.459,38.362,-83.024,36.274,19180.925,35914.974,20231125_074004,479175,22969,15515,21013
4,KMRX20231125_122612_V06,5.970,0.182,271.053,228.996,14.280,-83.563,36.488,7140.221,38339.005,20231125_072612,479176,37375,15987,34762
4,KMRX20231125_123308_V06,12.903,0.545,270.800,226.760,22.852,-83.565,36.498,11425.787,39423.181,20231125_073308,479177,30926,15590,28532
4,KMRX20231125_124004_V06,19.836,0.066,269.332,222.615,28.982,-83.573,36.517,14491.064,41620.117,20231125_074004,479175,22969,15515,21013
6,KMRX20231125_123308_V06,12.903,0.161,190.490,384.374,20.053,-84.008,35.787,10026.531,69121.891,20231125_073308,479177,30926,15590,28532
6,KMRX20231125_124004_V06,19.836,0.115,192.482,384.637,31.653,-83.997,35.785,15826.562,68416.983,20231125_074004,479175,22969,15515,21013
4,KMRX20231126_122407_V06,2.919,0.065,377.384,255.380,16.141,-82.971,36.369,8070.568,44663.215,20231126_072407,479176,34546,17623,30285
4,KMRX20231126_123050_V06,9.636,0.820,370.757,274.795,27.464,-83.008,36.281,13731.816,37555.994,20231126_073050,479177,35077,17550,30713
4,KMRX20231126_123733_V06,16.353,0.305,368.190,283.503,32.856,-83.023,36.242,16428.137,35078.692,20231126_073733,479173,28695,17706,24533
4,KMRX20231126_124415_V06,23.053,0.145,379.631,272.776,32.311,-82.959,36.290,16155.378,42078.227,20231126_074415,479177,26011,19753,20742
3,KMRX20231126_122407_V06,2.919,0.070,191.989,377.237,6.808,-84.000,35.819,3403.807,66392.478,20231126_072407,479176,34546,17623,30285
3,KMRX20231126_123050_V06,9.636,-1.000,191.989,377.237,17.487,-84.000,35.819,8743.557,66392.478,20231126_073050,479177,35077,17550,30713
3,KMRX20231126_123733_V06,16.353,0.411,197.459,383.820,33.464,-83.969,35.789,16731.819,66220.156,20231126_073733,479173,28695,17706,24533
3,KMRX20231126_124415_V06,23.053,0.294,200.871,376.737,35.994,-83.950,35.821,17996.807,62679.994,20231126_074415,479177,26011,19753,20742
1,KMRX20231126_112224_V06,-58.797,0.081,240.936,428.330,8.742,-83.728,35.590,4371.210,70635.064,20231126_062224,479177,10289,23432,8240
2,KMRX20231126_120358_V06,-17.231,0.087,28.730,182.084,33.121,-84.920,36.690,16560.268,147894.934,20231126_070358,479168,8728,18373,6308
1,KMRX20231127_121344_V06,-8.423,0.101,239.755,425.838,10.216,-83.734,35.601,5108.185,69757.829,20231127_071344,479176,11852,13360,10968
1,KMRX20231128_112805_V06,-55.023,0.054,240.113,428.344,8.551,-83.732,35.590,4275.566,70814.125,20231128_062805,479174,12964,35525,6271
2,KMRX20231128_112805_V06,-55.023,0.052,313.970,109.092,16.396,-83.323,37.028,8198.116,95709.246,20231128_062805,479174,12964,35525,6271
2,KMRX20231129_121513_V06,-8.831,0.185,270.708,316.295,8.372,-83.565,36.095,4185.837,16759.702,20231129_071513,479178,22975,16278,20980
2,KMRX20231129_122210_V06,-1.881,0.055,271.813,316.708,17.458,-83.558,36.093,8728.800,16383.541,20231129_072210,479176,29595,14618,27778
1,KMRX20231129_112451_V06,-59.197,0.052,128.410,307.888,2.547,-84.355,36.129,1273.614,85885.553,20231129_062451,479173,9210,22804,7145
1,KMRX20231130_121624_V06,-8.578,0.189,271.864,316.088,8.405,-83.558,36.096,4202.282,16205.318,20231130_071624,479175,23292,14933,21540
1,KMRX20231130_122316_V06,-1.711,0.056,270.691,316.637,15.987,-83.565,36.093,7993.286,16850.666,20231130_072316,479174,31823,14093,30057
2,KMRX20231130_122316_V06,-1.711,0.051,351.315,308.077,27.584,-83.117,36.132,13792.046,25973.554,20231130_072316,479174,31823,14093,30057
3,KMRX20231130_123011_V06,5.205,0.135,368.701,283.384,16.242,-83.020,36.243,8120.819,35340.853,20231130_073011,479177,29514,14465,27671
4,KMRX20231130_123011_V06,5.205,0.054,376.861,255.976,16.073,-82.974,36.366,8036.381,44287.808,20231130_073011,479177,29514,14465,27671
1,KMRX20231203_112846_V06,-58.934,0.180,299.337,413.016,7.037,-83.406,35.659,3518.717,56509.122,20231203_062846,479183,24720,61499,6713
1,KMRX20231203_113323_V06,-54.317,0.071,299.600,413.150,13.735,-83.404,35.658,6867.542,56575.322,20231203_063323,479174,24082,63306,6344
1,KMRX20231204_122540_V06,-2.916,0.329,370.317,285.876,11.062,-83.011,36.231,5530.857,35860.615,20231204_072540,479178,36502,21130,30941
1,KMRX20231204_123222_V06,3.784,0.960,370.661,285.252,17.678,-83.009,36.234,8838.949,36091.674,20231204_073222,479182,43624,22382,36407
1,KMRX20231204_123649_V06,8.234,0.967,373.167,286.011,21.651,-82.995,36.231,10825.699,37246.266,20231204_073649,479180,42993,23311,35076
1,KMRX20231204_124217_V06,13.701,0.922,371.723,287.161,31.069,-83.003,36.226,15534.390,36431.543,20231204_074217,479182,39756,24386,30849
1,KMRX20231204_124636_V06,18.017,0.685,371.842,287.062,39.911,-83.002,36.226,19955.453,36498.871,20231204_074636,479176,33859,24208,25255
2,KMRX20231204_122540_V06,-2.916,0.159,27.962,184.776,47.701,-84.924,36.678,23850.597,147717.011,20231204_072540,479178,36502,21130,30941
2,KMRX20231204_123222_V06,3.784,0.206,31.404,181.574,56.182,-84.905,36.693,28091.019,146772.306,20231204_073222,479182,43624,22382,36407
2,KMRX20231204_123649_V06,8.234,0.072,36.234,191.542,61.368,-84.877,36.648,30684.099,142597.183,20231204_073649,479180,42993,23311,35076
2,KMRX20231204_124217_V06,13.701,0.069,43.474,180.279,63.074,-84.837,36.699,31537.125,141543.936,20231204_074217,479182,39756,24386,30849
2,KMRX20231204_124636_V06,18.017,0.134,46.973,175.099,65.148,-84.818,36.723,32574.188,141087.738,20231204_074636,479176,33859,24208,25255
2,KMRX20231204_125054_V06,22.317,0.051,25.942,230.804,29.937,-84.931,36.470,14968.513,141329.191,20231204_075054,479177,29036,25229,19908
3,KMRX20231204_122540_V06,-2.916,0.119,273.944,316.320,9.477,-83.547,36.095,4738.594,15372.563,20231204_072540,479178,36502,21130,30941
2,KMRX20231205_122619_V06,-3.134,0.716,367.038,276.630,8.401,-83.029,36.273,4200.298,35497.498,20231205_072619,479176,25829,14988,24091
2,KMRX20231205_123321_V06,3.899,0.123,369.449,281.439,18.912,-83.016,36.251,9456.217,35943.437,20231205_073321,479178,27711,15101,25553
1,KMRX20231205_121916_V06,-10.184,0.075,270.872,315.527,7.993,-83.564,36.098,3996.490,16504.127,20231205_071916,479176,14578,15659,13175
3,KMRX20231206_114010_V06,-50.137,0.052,216.770,199.301,37.806,-83.867,36.621,18903.128,65321.384,20231206_064010,479180,39396,72900,8092
3,KMRX20231206_114448_V06,-45.504,0.136,218.533,199.948,45.041,-83.857,36.618,22520.288,64512.218,20231206_064448,479174,38775,71638,7860
2,KMRX20231206_114010_V06,-50.137,0.229,133.156,232.356,49.634,-84.333,36.470,24816.879,90017.538,20231206_064010,479180,39396,72900,8092
11,KMRX20231206_121708_V06,-13.170,0.171,199.195,182.035,24.907,-83.966,36.699,12453.619,77584.388,20231206_071708,479183,50770,69520,15051
17,KMRX20231206_124128_V06,11.163,0.053,112.006,243.547,18.051,-84.450,36.418,9025.458,98143.803,20231206_074128,479177,58291,72629,19914
2,KMRX20231207_123052_V06,-0.274,0.243,368.825,287.334,11.572,-83.019,36.225,5785.965,34990.469,20231207_073052,479174,28049,13771,26592
2,KMRX20231207_123744_V06,6.593,0.870,373.451,285.115,23.109,-82.993,36.235,11554.404,37471.995,20231207_073744,479177,23815,13966,22246
2,KMRX20231207_124441_V06,13.543,0.082,373.531,284.496,29.740,-82.993,36.237,14870.032,37573.673,20231207_074441,479175,16839,14404,15226
1,KMRX20231207_122350_V06,-7.307,0.072,261.583,333.470,6.099,-83.615,36.017,3049.475,25476.142,20231207_072350,479174,24294,14094,22796
1,KMRX20231207_123052_V06,-0.274,0.070,262.146,333.934,14.714,-83.612,36.015,7356.991,25418.752,20231207_073052,479174,28049,13771,26592
4,KMRX20231207_123744_V06,6.593,0.113,241.166,428.238,9.026,-83.727,35.590,4512.846,70544.816,20231207_073744,479177,23815,13966,22246
1,KMRX20231208_123041_V06,-1.278,0.288,351.315,304.114,28.415,-83.117,36.149,14207.661,25739.963,20231208_073041,479176,32927,15201,31056
1,KMRX20231208_123737_V06,5.655,0.073,350.606,306.015,39.911,-83.121,36.141,19955.365,25481.153,20231208_073737,479176,28341,16918,25546
1,KMRX20231208_124205_V06,10.122,0.121,359.101,299.756,40.253,-83.073,36.169,20126.696,29550.655,20231208_074205,479180,22640,17156,19964
7,KMRX20231209_122556_V06,-6.831,0.210,26.401,210.305,47.444,-84.930,36.563,23722.088,143963.125,20231209_072556,479177,285869,277170,22419
7,KMRX20231209_123203_V06,-0.714,0.178,27.107,217.007,41.274,-84.926,36.533,20636.829,142616.970,20231209_073203,479179,291044,280905,23605
16,KMRX20231209_124417_V06,11.519,0.150,205.221,216.187,14.756,-83.931,36.545,7378.235,63260.685,20231209_074417,479176,298768,285268,27415
17,KMRX20231209_124417_V06,11.519,0.109,271.112,118.633,40.375,-83.564,36.985,20187.496,91826.553,20231209_074417,479176,298768,285268,27415
17,KMRX20231209_125024_V06,17.636,0.076,278.797,149.681,66.977,-83.521,36.846,33488.388,75903.470,20231209_075024,479176,301516,286576,28425
4,KMRX20231210_124013_V06,6.668,0.054,49.250,159.997,79.188,-84.807,36.791,39593.925,143593.414,20231210_074013,479192,302412,283964,40871
8,KMRX20231210_132913_V06,55.668,0.056,43.610,125.232,65.441,-84.841,36.947,32720.306,155144.871,20231210_082913,479203,317107,312292,30875
8,KMRX20231210_133440_V06,61.118,-1.000,43.610,125.232,74.106,-84.841,36.947,37053.056,155144.871,20231210_083440,479192,315739,313650,30526
8,KMRX20231210_134007_V06,66.568,0.089,50.183,153.309,79.833,-84.802,36.821,39916.542,144850.525,20231210_084007,479188,317867,318108,31378
8,KMRX20231210_134534_V06,72.018,-1.000,50.183,153.309,88.499,-84.802,36.821,44249.292,144850.525,20231210_084534,479193,322021,322410,31639
8,KMRX20231210_135100_V06,77.451,0.065,68.974,132.633,78.961,-84.698,36.915,39480.644,142639.990,20231210_085100,479200,330608,327217,31694
1,KMRX20231211_122509_V06,-9.164,0.270,271.782,317.435,6.136,-83.559,36.090,3068.169,16584.806,20231211_072509,479177,15946,13768,14778
1,KMRX20231212_123220_V06,-2.726,0.734,365.531,286.700,18.932,-83.037,36.228,9465.874,33433.388,20231212_073220,479175,30431,14486,28620
1,KMRX20231212_124052_V06,5.807,0.927,364.016,285.346,24.050,-83.046,36.234,12025.056,32835.765,20231212_074052,479181,25297,15745,22759
1,KMRX20231212_124615_V06,11.191,0.519,367.558,284.647,30.556,-83.026,36.237,15277.851,34640.037,20231212_074615,479179,17431,16003,15117
3,KMRX20231212_123220_V06,-2.726,0.094,334.295,288.374,8.559,-83.211,36.221,4279.381,18106.224,20231212_073220,479175,30431,14486,28620
3,KMRX20231212_124052_V06,5.807,0.103,337.812,289.784,19.177,-83.192,36.214,9588.615,19583.825,20231212_074052,479181,25297,15745,22759
6,KMRX20231212_134554_V06,70.841,0.052,240.784,427.661,10.059,-83.729,35.593,5029.545,70363.114,20231212_084554,479180,8435,14791,7309
5,KMRX20231213_122655_V06,-8.867,0.064,360.099,269.790,3.021,-83.067,36.304,1510.296,33632.455,20231213_072655,479177,23285,15646,21320
5,KMRX20231213_123528_V06,-0.317,0.332,362.450,272.195,13.650,-83.054,36.293,6825.175,34180.015,20231213_073528,479178,34445,15103,32340
5,KMRX20231213_124408_V06,8.350,0.593,366.657,287.490,26.926,-83.031,36.224,13462.933,33910.589,20231213_074408,479180,26938,17299,23758
5,KMRX20231213_124930_V06,13.716,0.510,368.847,292.667,34.138,-83.019,36.201,17068.994,34618.372,20231213_074930,479174,21480,16825,18477
1,KMRX20231213_114333_V06,-52.234,0.083,239.673,429.879,8.739,-83.735,35.583,4369.318,71602.774,20231213_064333,479174,8904,19127,7054
1,KMRX20231213_120054_V06,-34.884,0.066,239.585,429.337,15.336,-83.735,35.585,7668.203,71375.939,20231213_070054,479175,9322,18358,7430
2,KMRX20231213_120054_V06,-34.884,0.075,185.309,355.346,2.159,-84.037,35.917,1079.290,63673.195,20231213_070054,479175,9322,18358,7430
2,KMRX20231213_120935_V06,-26.200,-1.000,185.309,355.346,15.965,-84.037,35.917,7982.540,63673.195,20231213_070935,479180,7915,16683,6450
2,KMRX20231213_121816_V06,-17.517,0.182,184.651,355.735,10.716,-84.041,35.915,5358.124,64054.308,20231213_071816,479178,8249,15932,6839
2,KMRX20231213_122655_V06,-8.867,-1.000,184.651,355.735,24.470,-84.041,35.915,12234.874,64054.308,20231213_072655,479177,23285,15646,21320
2,KMRX20231213_123528_V06,-0.317,0.150,180.704,356.054,8.846,-84.063,35.914,4423.235,65904.370,20231213_073528,479178,34445,15103,32340
6,KMRX20231213_123528_V06,-0.317,0.153,262.355,341.899,13.647,-83.611,35.979,6823.473,28163.153,20231213_073528,479178,34445,15103,32340
1,KMRX20231214_122841_V06,-7.803,0.062,333.576,291.454,6.777,-83.215,36.207,3388.668,17323.046,20231214_072841,479180,24949,15554,23178
1,KMRX20231214_123543_V06,-0.769,0.096,343.878,290.823,17.293,-83.158,36.209,8646.533,22413.858,20231214_073543,479176,25084,15969,23206
1,KMRX20231215_123116_V06,-5.899,0.221,259.007,341.837,13.246,-83.629,35.980,6622.860,29286.492,20231215_073116,479174,27851,14879,25996
2,KMRX20231215_123116_V06,-5.899,0.114,369.716,287.611,13.681,-83.014,36.224,6840.466,35404.202,20231215_073116,479174,27851,14879,25996
2,KMRX20231216_123118_V06,-6.522,0.166,364.653,274.898,8.906,-83.042,36.281,4452.984,34677.552,20231216_073118,479177,25929,14958,24244
2,KMRX20231216_123814_V06,0.412,0.485,364.583,280.297,21.843,-83.043,36.257,10921.535,33760.648,20231216_073814,479178,28773,14620,26913
2,KMRX20231216_124515_V06,7.428,0.723,365.425,287.724,33.768,-83.038,36.223,16884.166,33283.555,20231216_074515,479180,21312,16567,18732
1,KMRX20231216_114239_V06,-55.172,0.052,128.591,308.672,2.880,-84.354,36.125,1440.213,85814.296,20231216_064239,479179,7667,18188,6272
1,KMRX20231218_121050_V06,-28.227,0.068,241.734,428.288,9.028,-83.723,35.590,4513.899,70449.853,20231218_071050,479174,7225,24282,5112
1,KMRX20231219_114343_V06,-55.924,0.051,266.283,402.934,8.240,-83.588,35.704,4119.972,54157.855,20231219_064343,479176,5327,13172,4624
2,KMRX20231219_122449_V06,-14.824,0.057,270.552,317.623,5.521,-83.565,36.089,2760.326,17159.317,20231219_072449,479178,10922,13365,10049
3,KMRX20231219_123824_V06,-1.241,0.060,242.145,429.461,9.731,-83.721,35.585,4865.393,70900.161,20231219_073824,479179,20631,14463,18775
2,KMRX20231220_123120_V06,-8.862,0.176,334.174,289.985,5.188,-83.212,36.213,2594.219,17805.919,20231220_073120,479175,20812,15195,19120
2,KMRX20231220_123812_V06,-1.995,0.069,344.228,287.700,14.561,-83.156,36.224,7280.265,22953.329,20231220_073812,479175,27073,15112,25216
2,KMRX20231220_124514_V06,5.038,0.661,362.940,295.307,24.896,-83.052,36.189,12448.154,31557.368,20231220_074514,479181,20881,16465,18228
1,KMRX20231220_114931_V06,-50.678,0.054,266.482,400.139,8.498,-83.587,35.717,4249.249,52799.819,20231220_064931,479174,6805,16300,5584
3,KMRX20231220_123812_V06,-1.995,0.694,363.648,294.677,20.616,-83.048,36.192,10307.816,31935.031,20231220_073812,479175,27073,15112,25216
2,KMRX20231221_123324_V06,-7.322,0.235,366.584,283.777,11.186,-83.032,36.241,5592.808,34266.007,20231221_073324,479177,26269,14559,24215
2,KMRX20231221_124026_V06,-0.289,0.755,366.254,286.587,20.518,-83.033,36.228,10258.819,33799.278,20231221_074026,479182,32235,14533,30120
2,KMRX20231221_124727_V06,6.728,0.246,367.347,286.768,24.777,-83.027,36.227,12388.380,34317.332,20231221_074727,479173,26724,16759,23570
1,KMRX20231221_114410_V06,-56.556,0.237,242.110,430.180,8.903,-83.721,35.581,4451.485,71235.747,20231221_064410,479173,8097,15166,6558
4,KMRX20231221_123324_V06,-7.322,0.071,183.736,345.134,6.863,-84.046,35.963,3431.639,62358.763,20231221_073324,479177,26269,14559,24215
1,KMRX20231222_124040_V06,-0.555,0.890,365.893,287.264,16.999,-83.035,36.225,8499.474,33556.061,20231222_074040,479179,31423,13796,29436
1,KMRX20231222_124741_V06,6.462,0.879,368.039,287.584,22.387,-83.024,36.224,11193.360,34581.371,20231222_074741,479179,28585,16108,25683
1,KMRX20231222_125208_V06,10.912,0.840,370.018,287.771,27.118,-83.013,36.223,13559.104,35538.996,20231222_075208,479180,23452,16085,20567
1,KMRX20231222_130124_V06,20.178,0.064,373.706,291.372,38.336,-82.992,36.207,19167.804,37104.421,20231222_080124,479181,14620,15496,12286
3,KMRX20231222_124040_V06,-0.555,0.055,332.782,288.441,5.824,-83.220,36.220,2912.052,17380.352,20231222_074040,479179,31423,13796,29436
3,KMRX20231223_123251_V06,-8.843,0.110,353.863,289.578,17.890,-83.102,36.215,8944.767,27430.792,20231223_073251,479177,24403,15729,21764
3,KMRX20231223_123942_V06,-1.993,0.553,362.157,287.970,23.627,-83.056,36.222,11813.278,31655.433,20231223_073942,479176,32021,15284,29221
3,KMRX20231223_124632_V06,4.841,0.670,368.125,289.524,26.292,-83.023,36.215,13146.186,34462.756,20231223_074632,479177,28730,16957,25031
3,KMRX20231223_125058_V06,9.274,0.895,370.643,284.747,27.885,-83.009,36.236,13942.336,36135.663,20231223_075058,479181,23558,17117,20015
3,KMRX20231223_125536_V06,13.907,0.136,373.777,282.716,31.249,-82.992,36.246,15624.603,37887.376,20231223_075536,479179,19081,16690,15747
1,KMRX20231223_114453_V06,-56.809,0.053,240.793,427.447,9.962,-83.729,35.594,4980.764,70264.233,20231223_064453,479178,7980,17216,6398
2,KMRX20231223_115140_V06,-50.026,0.060,238.920,285.195,12.676,-83.742,36.235,6338.203,31424.250,20231223_065140,479176,8002,17153,6321
4,KMRX20231223_123251_V06,-8.843,0.109,334.765,289.690,6.146,-83.209,36.215,3073.208,18130.799,20231223_073251,479177,24403,15729,21764
8,KMRX20231223_125536_V06,13.907,0.092,242.290,428.157,8.684,-83.720,35.590,4342.213,70275.819,20231223_075536,479179,19081,16690,15747
10,KMRX20231223_134637_V06,64.924,0.055,350.438,34.129,25.320,-83.117,37.366,12660.183,135306.439,20231223_084637,479175,10920,15316,8281
1,KMRX20231224_123200_V06,-10.135,0.408,366.150,280.547,8.626,-83.034,36.255,4312.946,34475.440,20231224_073200,479176,19183,16609,17845
1,KMRX20231224_123902_V06,-3.102,0.589,365.158,277.201,15.610,-83.039,36.271,7804.809,34515.625,20231224_073902,479179,25575,15977,24014
1,KMRX20231224_124604_V06,3.931,0.920,363.854,285.198,26.287,-83.047,36.235,13143.657,32773.690,20231224_074604,479180,23072,17542,20658
1,KMRX20231224_125031_V06,8.381,0.870,366.827,281.102,28.232,-83.030,36.253,14116.070,34723.851,20231224_075031,479176,17852,18043,15729
1,KMRX20231224_125457_V06,12.815,0.237,370.008,277.028,29.777,-83.012,36.271,14888.338,36840.047,20231224_075457,479172,13831,18252,11880
2,KMRX20231225_121925_V06,-23.132,0.053,48.679,181.564,78.832,-84.808,36.694,39415.848,138915.061,20231225_071925,479177,215655,223581,22598
5,KMRX20231227_134701_V06,63.730,0.055,241.456,428.417,8.770,-83.725,35.589,4385.185,70565.982,20231227_084701,479176,14912,38153,9491
4,KMRX20231228_124450_V06,1.223,0.731,372.390,289.161,14.882,-82.999,36.216,7441.151,36598.271,20231228_074450,479178,28568,13780,27221
4,KMRX20231228_125145_V06,8.140,0.323,373.645,289.523,23.096,-82.992,36.215,11547.887,37193.416,20231228_075145,479178,24235,15477,22093
4,KMRX20231228_125613_V06,12.606,0.051,377.613,286.412,31.717,-82.970,36.229,15858.381,39396.712,20231228_075613,479178,18930,15798,16852
2,KMRX20231228_115644_V06,-46.877,0.107,241.314,427.896,8.826,-83.726,35.592,4413.000,70358.871,20231228_065644,479176,5576,18628,4787
2,KMRX20231228_120346_V06,-39.844,0.119,240.958,427.341,16.104,-83.728,35.594,8051.924,70181.476,20231228_070346,479178,5568,17797,4839
1,KMRX20231228_114942_V06,-53.910,0.151,240.478,426.779,9.813,-83.730,35.597,4906.282,70027.857,20231228_064942,479174,5410,19000,4758
3,KMRX20231228_123748_V06,-5.810,0.225,270.386,257.054,6.357,-83.567,36.362,3178.516,26083.178,20231228_073748,479181,20109,14736,18956
1,KMRX20231229_120435_V06,-39.320,0.207,28.230,398.912,37.520,-84.904,35.713,18760.138,144605.358,20231229_070435,479178,5509,14570,4686
1,KMRX20231229_121131_V06,-32.387,0.426,28.775,397.627,47.420,-84.901,35.719,23709.985,144130.278,20231229_071131,479171,6211,15791,4925
1,KMRX20231229_121827_V06,-25.453,0.511,31.611,398.955,49.230,-84.885,35.713,24615.148,143024.987,20231229_071827,479174,7354,16858,5390
1,KMRX20231229_122529_V06,-18.420,-1.000,34.094,399.888,52.445,-84.871,35.709,26222.369,142024.160,20231229_072529,479176,8388,19013,5466
1,KMRX20231229_123231_V06,-11.387,-1.000,36.577,400.821,55.659,-84.857,35.705,27829.589,141028.702,20231229_073231,479176,9862,21018,5634
1,KMRX20231229_123933_V06,-4.353,-1.000,39.060,401.754,58.874,-84.844,35.701,29436.810,140038.728,20231229_073933,479179,18038,23253,12278
1,KMRX20231229_124635_V06,2.680,0.462,46.601,428.257,66.419,-84.800,35.582,33209.361,142004.136,20231229_074635,479178,28269,25595,20607
1,KMRX20231229_125338_V06,9.730,-1.000,50.689,437.272,71.009,-84.777,35.542,35504.609,142302.308,20231229_075338,479174,31001,30043,21855
1,KMRX20231229_130041_V06,16.780,0.056,54.456,411.618,78.964,-84.758,35.658,39481.932,134861.485,20231229_080041,479179,26303,35364,15719
2,KMRX20231229_122529_V06,-18.420,0.331,39.213,444.893,57.071,-84.839,35.507,28535.564,149167.267,20231229_072529,479176,8388,19013,5466
2,KMRX20231229_123231_V06,-11.387,0.551,40.494,440.493,63.879,-84.833,35.527,31939.311,147547.861,20231229_073231,479176,9862,21018,5634
2,KMRX20231229_123933_V06,-4.353,0.592,42.488,435.524,64.640,-84.822,35.549,32319.853,145498.453,20231229_073933,479179,18038,23253,12278
2,KMRX20231229_124635_V06,2.680,-1.000,44.353,430.713,66.386,-84.812,35.571,33192.814,143562.909,20231229_074635,479178,28269,25595,20607
2,KMRX20231229_125338_V06,9.730,-1.000,46.222,425.890,68.136,-84.802,35.593,34067.845,141643.398,20231229_075338,479174,31001,30043,21855
2,KMRX20231229_130041_V06,16.780,-1.000,48.092,421.068,69.886,-84.792,35.615,34942.875,139745.379,20231229_080041,479179,26303,35364,15719
2,KMRX20231229_130742_V06,23.797,-1.000,49.953,416.268,71.628,-84.782,35.636,35813.768,137878.556,20231229_080742,479171,25294,40919,12621
2,KMRX20231229_131445_V06,30.847,-1.000,51.822,411.445,73.378,-84.772,35.658,36688.798,136026.112,20231229_081445,479176,27592,47088,12405
2,KMRX20231229_132148_V06,37.897,-1.000,53.691,406.623,75.128,-84.762,35.680,37563.829,134197.937,20231229_082148,479176,29827,53262,12064
2,KMRX20231229_132850_V06,44.930,-1.000,55.557,401.812,76.874,-84.752,35.702,38436.791,132399.265,20231229_082850,479175,32283,61555,11395
2,KMRX20231229_133553_V06,51.980,-1.000,57.426,396.989,78.624,-84.742,35.724,39311.821,130622.617,20231229_083553,479180,35836,68842,10915
2,KMRX20231229_134255_V06,59.013,-1.000,59.291,392.178,80.370,-84.733,35.746,40184.783,128877.476,20231229_084255,479181,39023,75970,11262
2,KMRX20231229_134957_V06,66.047,-1.000,61.156,387.367,82.115,-84.723,35.767,41057.744,127160.734,20231229_084957,479177,42056,83920,10979
2,KMRX20231229_135659_V06,73.080,0.167,43.771,380.327,83.379,-84.819,35.798,41689.260,134262.375,20231229_085659,479177,45636,91361,11499
2,KMRX20231229_140401_V06,80.113,0.325,51.027,372.063,80.185,-84.780,35.836,40092.342,129596.180,20231229_090401,479179,49090,98064,11281
4,KMRX20231229_124635_V06,2.680,0.580,335.575,289.118,7.454,-83.204,36.217,3727.219,18601.211,20231229_074635,479178,28269,25595,20607
4,KMRX20231229_125338_V06,9.730,0.104,336.014,288.999,14.466,-83.202,36.218,7232.856,18828.466,20231229_075338,479174,31001,30043,21855
3,KMRX20231229_122529_V06,-18.420,0.116,241.193,428.044,8.976,-83.726,35.591,4487.785,70451.490,20231229_072529,479176,8388,19013,5466
6,KMRX20231229_133553_V06,51.980,0.050,29.732,415.232,63.085,-84.894,35.640,31542.652,146904.187,20231229_083553,479180,35836,68842,10915
6,KMRX20231229_134255_V06,59.013,-1.000,29.732,415.232,74.268,-84.894,35.640,37134.152,146904.187,20231229_084255,479181,39023,75970,11262
6,KMRX20231229_134957_V06,66.047,0.089,40.741,380.945,70.576,-84.836,35.795,35288.021,135800.734,20231229_084957,479177,42056,83920,10979
3,KMRX20231230_115143_V06,-52.449,0.080,25.503,216.813,14.398,-84.935,36.533,7199.056,143412.838,20231230_065143,479178,14898,77726,5803
5,KMRX20231230_121237_V06,-31.549,0.052,23.356,238.458,24.207,-84.945,36.436,12103.704,141703.390,20231230_071237,479176,17431,83700,6736
10,KMRX20231230_133623_V06,52.218,0.053,177.663,167.598,28.183,-84.087,36.763,14091.724,90134.181,20231230_083623,479179,54530,156074,18087
1,KMRX20231231_123703_V06,-7.346,0.233,366.852,276.695,8.903,-83.030,36.273,4451.328,35398.912,20231231_073703,479174,17029,12402,15961
1,KMRX20231231_124349_V06,-0.580,0.829,370.849,280.789,16.913,-83.008,36.254,8456.435,36703.594,20231231_074349,479178,25799,12277,24516
1,KMRX20231231_125051_V06,6.454,0.771,375.521,280.180,24.152,-82.982,36.257,12076.042,39039.251,20231231_075051,479176,24031,13967,22109
2,KMRX20231231_124349_V06,-0.580,0.209,335.725,286.724,8.009,-83.203,36.228,4004.307,19055.921,20231231_074349,479178,25799,12277,24516
