track_id,filename,from_sunrise,det_score,x,y,r,lon,lat,radius,geo_dist,local_time,n_radar_pixels,n_refAbove40_pixels,n_xcorrAbove0.95_pixels,n_xcorrBelow0.95_refAbove40_pixels
2,KAPX20180609_091135_V06,-41.079,0.170,206.349,98.737,5.214,-85.322,45.811,2607.206,110992.666,20180609_051135,479164,111519,117595,37070
8,KAPX20180609_093200_V06,-20.663,0.085,16.530,321.789,18.377,-86.511,44.795,9188.586,142152.908,20180609_053200,479175,99739,118672,28965
12,KAPX20180609_111059_V06,78.321,0.410,187.610,108.119,12.642,-85.442,45.768,6320.919,111186.617,20180609_071059,479181,164172,191569,25050
2,KAPX20180613_092728_V06,-24.558,0.293,297.295,416.239,4.469,-84.737,44.384,2234.407,58135.398,20180613_052728,479191,31089,44730,6689
2,KAPX20180613_093224_V06,-19.624,0.525,297.869,415.418,9.883,-84.733,44.388,4941.681,57718.754,20180613_053224,479170,34919,47285,9362
2,KAPX20180613_093728_V06,-14.558,-1.000,298.342,414.741,15.938,-84.730,44.391,7968.857,57376.492,20180613_053728,479176,40351,50573,12090
2,KAPX20180613_094229_V06,-9.541,0.076,302.323,413.345,17.088,-84.705,44.397,8544.245,56684.473,20180613_054229,479188,44551,53793,14576
1,KAPX20180615_110300_V06,71.063,0.510,414.863,380.348,11.148,-83.997,44.543,5574.123,70088.112,20180615_070300,479161,7458,20792,5474
16,KAPX20180617_103348_V06,41.799,0.152,329.932,177.748,5.142,-84.528,45.457,2570.850,62931.462,20180617_063348,479175,27474,52610,8572
16,KAPX20180617_103817_V06,46.282,0.123,330.462,177.516,11.436,-84.525,45.458,5717.791,63107.697,20180617_063817,479169,26921,52799,7821
3,KAPX20180617_094328_V06,-8.534,0.061,327.869,409.666,34.351,-84.545,44.414,17175.436,56575.768,20180617_054328,479178,17355,39856,4432
6,KAPX20180617_100752_V06,15.866,0.600,338.177,214.803,17.366,-84.476,45.290,8683.147,46679.751,20180617_060752,479172,23054,50380,6599
15,KAPX20180617_103348_V06,41.799,0.243,386.075,203.000,13.863,-84.171,45.342,6931.747,64842.131,20180617_063348,479175,27474,52610,8572
5,KAPX20180618_091659_V06,-35.106,0.053,21.433,261.310,35.511,-86.488,45.068,17755.308,140620.407,20180618_051659,479182,110329,126222,10090
5,KAPX20180618_092213_V06,-29.873,0.081,22.766,257.106,46.007,-86.481,45.087,23003.468,140266.211,20180618_052213,479175,109295,128033,8885
12,KAPX20180618_095128_V06,-0.623,0.133,39.808,297.085,60.110,-86.367,44.908,30054.804,130104.086,20180618_055128,479179,106379,129280,12520
12,KAPX20180618_100344_V06,11.644,0.053,46.841,307.335,66.038,-86.321,44.863,33018.914,126632.715,20180618_060344,479194,97436,121600,10613
19,KAPX20180618_104416_V06,52.177,0.110,262.967,266.541,13.608,-84.955,45.058,6803.778,24954.692,20180618_064416,479181,85003,105122,5926
19,KAPX20180618_104920_V06,57.244,0.051,264.284,266.188,20.898,-84.946,45.059,10448.892,24591.295,20180618_064920,479183,86683,106997,6656
8,KAPX20180618_092735_V06,-24.506,0.075,404.321,286.814,31.882,-84.059,44.965,15940.960,52575.559,20180618_052735,479185,108117,130097,8503
16,KAPX20180618_102754_V06,35.811,0.056,378.926,357.462,31.113,-84.222,44.648,15556.318,48813.669,20180618_062754,479180,87388,107558,7062
1,KAPX20180619_110403_V06,71.835,0.103,351.414,407.421,37.446,-84.397,44.423,18722.919,59545.377,20180619_070403,479170,11451,23288,8344
1,KAPX20180620_085240_V06,-59.711,0.063,392.990,382.063,10.920,-84.135,44.536,5459.972,62011.138,20180620_045240,479165,68040,79302,23297
1,KAPX20180626_091531_V06,-38.588,0.065,439.409,534.055,10.432,-83.853,43.851,5215.974,136213.830,20180626_051531,479170,5194,18705,3837
2,KAPX20180626_110919_V06,75.212,0.102,313.680,370.423,29.919,-84.634,44.590,14959.684,35869.652,20180626_070919,479177,6528,17042,5353
6,KAPX20180627_110914_V06,74.720,0.137,365.672,383.613,24.264,-84.307,44.530,12132.050,53159.944,20180627_070914,479182,156008,173080,14962
1,KAPX20180628_094710_V06,-7.789,0.118,160.786,376.084,14.283,-85.596,44.562,7141.546,79324.207,20180628_054710,479171,10757,14606,8800
4,KAPX20180628_103956_V06,44.977,0.088,238.141,402.401,16.714,-85.108,44.446,8357.100,59817.448,20180628_063956,479175,13062,19640,10378
6,KAPX20180629_103605_V06,40.652,0.057,393.637,330.824,17.348,-84.128,44.767,8674.164,49289.925,20180629_063605,479185,31244,31979,24984
6,KAPX20180629_104026_V06,45.002,-1.000,393.637,330.824,24.265,-84.128,44.767,12132.414,49289.925,20180629_064026,479171,28012,31726,22069
6,KAPX20180629_104451_V06,49.419,0.090,394.916,329.328,27.900,-84.120,44.774,13950.056,49671.950,20180629_064451,479173,28364,31475,22173
1,KAPX20180629_090347_V06,-51.648,0.054,77.640,183.026,3.059,-86.140,45.425,1529.516,125625.215,20180629_050347,479177,26513,28248,19460
2,KAPX20180629_090808_V06,-47.298,0.160,117.547,190.094,7.263,-85.885,45.396,3631.371,106499.286,20180629_050808,479174,33148,29256,25025
3,KAPX20180629_090808_V06,-47.298,0.081,459.426,329.860,5.387,-83.713,44.768,2693.573,81099.259,20180629_050808,479174,33148,29256,25025
4,KAPX20180629_100057_V06,5.519,0.056,366.234,322.190,26.322,-84.301,44.807,13161.077,34925.920,20180629_060057,479175,39911,31891,32516
5,KAPX20180629_103138_V06,36.202,0.090,412.142,333.254,31.576,-84.012,44.755,15788.170,58484.332,20180629_063138,479172,31956,32205,25415
1,KAPX20180630_110023_V06,64.445,0.055,355.596,369.090,2.828,-84.370,44.596,1413.893,44340.436,20180630_070023,479172,4845,18603,4005
1,KAPX20180701_093743_V06,-18.760,0.083,283.719,35.868,8.841,-84.825,46.095,4420.433,132316.633,20180701_053743,479175,16927,10842,15296
2,KAPX20180701_102142_V06,25.223,0.355,361.113,43.882,18.592,-84.325,46.059,9296.085,131654.068,20180701_062142,479170,18180,17531,15157
1,KAPX20180702_093100_V06,-26.047,0.053,375.414,302.503,8.387,-84.242,44.895,4193.520,37727.525,20180702_053100,479176,10779,14923,8649
2,KAPX20180702_094123_V06,-15.663,0.052,332.267,419.042,13.830,-84.517,44.371,6914.940,61668.704,20180702_054123,479176,14416,17550,12176
1,KAPX20180703_094228_V06,-15.180,0.060,325.205,425.138,4.883,-84.562,44.344,2441.256,63825.558,20180703_054228,479169,18021,16710,15812
2,KAPX20180703_101738_V06,19.987,0.063,295.322,414.935,16.853,-84.749,44.390,8426.281,57514.966,20180703_061738,479173,19254,23620,15455
2,KAPX20180704_093855_V06,-19.359,0.196,431.852,329.112,7.268,-83.887,44.773,3634.174,67513.615,20180704_053855,479173,11450,10125,10268
3,KAPX20180704_094743_V06,-10.559,0.063,306.246,417.259,24.125,-84.681,44.380,12062.441,58712.600,20180704_054743,479168,9616,11936,8556
2,KAPX20180705_112316_V06,84.332,0.455,31.113,271.362,49.406,-86.426,45.023,24703.194,135203.864,20180705_072316,479167,10847,18047,8927
4,KAPX20180709_104424_V06,42.559,0.084,29.693,427.606,48.587,-86.414,44.320,24293.747,149456.527,20180709_064424,479178,6939,16962,4452
4,KAPX20180709_105139_V06,49.809,0.129,29.572,427.435,56.427,-86.415,44.321,28213.552,149475.012,20180709_065139,479178,6657,16785,4418
4,KAPX20180709_110217_V06,60.443,0.061,29.003,424.899,50.681,-86.419,44.333,25340.563,149196.977,20180709_070217,479172,7084,12485,5155
1,KAPX20180709_090756_V06,-53.907,0.059,298.771,415.100,5.180,-84.727,44.389,2589.945,57553.282,20180709_050756,479174,12931,18202,8725
2,KAPX20180709_101812_V06,16.359,0.057,28.438,425.101,47.806,-86.422,44.332,23903.030,149495.848,20180709_061812,479171,9304,18985,5621
3,KAPX20180709_103355_V06,32.076,0.062,30.579,426.696,49.306,-86.409,44.325,24653.250,148861.987,20180709_063355,479174,8316,17256,5160
1,KAPX20180710_090513_V06,-57.415,0.149,510.808,185.702,13.516,-83.373,45.414,6757.950,119899.952,20180710_050513,479172,26868,19363,21307
2,KAPX20180710_092636_V06,-36.032,0.094,146.556,421.227,3.407,-85.682,44.358,1703.489,97776.571,20180710_052636,479170,21293,17732,16725
3,KAPX20180710_093333_V06,-29.082,0.228,386.002,324.939,20.650,-84.176,44.794,10324.986,44772.415,20180710_053333,479170,22618,16831,18686
5,KAPX20180710_110313_V06,60.585,0.169,518.184,528.338,9.597,-83.363,43.872,4798.529,157909.889,20180710_070313,479173,25389,20435,21279
6,KAPX20180710_111723_V06,74.752,0.098,372.160,115.100,13.791,-84.256,45.738,6895.504,99241.179,20180710_071723,479171,31943,22502,27163
1,KAPX20180711_092244_V06,-40.713,0.059,314.781,406.009,30.048,-84.627,44.430,15023.905,53517.352,20180711_052244,479170,14563,14390,11300
2,KAPX20180712_100321_V06,-0.935,0.353,458.960,521.250,25.114,-83.730,43.907,12556.952,136216.712,20180712_060321,479174,30182,31039,16182
2,KAPX20180712_100742_V06,3.415,0.083,456.535,521.066,32.820,-83.745,43.908,16410.126,135437.755,20180712_060742,479172,32130,31729,17178
2,KAPX20180713_091233_V06,-52.595,0.099,17.972,215.815,21.629,-86.517,45.272,10814.487,147162.040,20180713_051233,479169,211836,208688,18957
2,KAPX20180713_091926_V06,-45.712,0.219,20.921,216.311,32.573,-86.498,45.270,16286.614,145678.754,20180713_051926,479174,198932,198717,16918
5,KAPX20180713_093253_V06,-32.262,0.061,44.474,158.460,52.452,-86.355,45.532,26225.765,146054.053,20180713_053253,479176,174217,179355,13559
6,KAPX20180713_100534_V06,0.422,0.056,28.288,226.204,38.264,-86.450,45.226,19131.975,140777.804,20180713_060534,479180,123025,130210,10160
8,KAPX20180713_101811_V06,13.038,0.111,451.961,116.105,60.397,-83.744,45.730,30198.357,119278.643,20180713_061811,479178,103507,111123,9582
8,KAPX20180713_102428_V06,19.322,-1.000,451.961,116.105,70.387,-83.744,45.730,35193.607,119278.643,20180713_062428,479177,94936,103073,8824
8,KAPX20180713_103058_V06,25.822,0.109,470.109,117.844,57.421,-83.627,45.722,28710.503,124617.472,20180713_063058,479171,88005,96067,8347
18,KAPX20180713_112803_V06,82.905,0.089,162.790,141.139,14.059,-85.599,45.619,7029.655,104956.684,20180713_072803,479173,49927,59838,6054
6,KAPX20180714_094552_V06,-20.159,0.078,276.502,220.897,13.479,-84.869,45.263,6739.372,41259.468,20180714_054552,479186,92560,109114,16664
12,KAPX20180714_103127_V06,25.424,0.089,381.824,441.797,71.346,-84.207,44.268,35673.191,81855.882,20180714_063127,479176,78523,93910,11997
16,KAPX20180714_110357_V06,57.924,0.092,407.807,575.279,34.079,-84.051,43.667,17039.680,147818.488,20180714_070357,479190,79892,92708,11006
18,KAPX20180714_110747_V06,61.757,0.100,333.424,315.518,68.767,-84.508,44.837,34383.362,18425.195,20180714_070747,479175,79976,93394,10115
18,KAPX20180714_111150_V06,65.807,0.263,349.298,325.134,56.339,-84.408,44.794,28169.336,27667.557,20180714_071150,479181,80232,93693,9646
21,KAPX20180714_111933_V06,73.524,0.074,448.551,572.957,33.042,-83.799,43.675,16521.210,155380.793,20180714_071933,479180,81006,92740,10337
1,KAPX20180715_090844_V06,-58.194,0.134,362.174,142.418,6.148,-84.321,45.615,3074.108,84702.204,20180715_050844,479173,94498,25188,82020
1,KAPX20180715_091553_V06,-51.044,0.421,362.114,142.061,13.035,-84.322,45.617,6517.481,84856.826,20180715_051553,479175,91061,26479,78020
3,KAPX20180715_094427_V06,-22.478,0.246,283.189,420.606,7.065,-84.825,44.365,3532.618,60886.024,20180715_054427,479170,49089,24106,41920
2,KAPX20180716_095127_V06,-16.399,0.051,278.071,499.218,16.259,-84.856,44.011,8129.271,100210.482,20180716_055127,479172,28716,28392,18557
6,KAPX20180716_112011_V06,72.335,0.146,21.763,366.735,15.254,-86.472,44.593,7626.930,143063.944,20180716_072011,479179,13979,29555,4734
2,KAPX20180720_101356_V06,2.225,0.056,337.723,405.896,31.976,-84.483,44.431,15987.909,56207.022,20180720_061356,479173,35415,48016,6465
3,KAPX20180720_111653_V06,65.175,0.073,349.319,406.048,33.866,-84.410,44.430,16933.044,58477.812,20180720_071653,479173,37292,45324,7918
9,KAPX20180722_100325_V06,-10.315,0.093,502.616,465.437,53.527,-83.453,44.156,26763.716,130788.553,20180722_060325,479176,72353,91744,8582
31,KAPX20180722_112412_V06,70.468,0.180,278.226,138.843,70.696,-84.859,45.632,35347.916,81310.462,20180722_072412,479176,104821,119054,19121
4,KAPX20180723_093738_V06,-37.132,0.051,387.706,392.241,30.509,-84.168,44.491,15254.467,63640.879,20180723_053738,479171,52536,68956,15683
4,KAPX20180723_094626_V06,-28.332,0.091,384.493,376.961,25.271,-84.188,44.560,12635.706,57144.916,20180723_054626,479172,44546,70703,9599
4,KAPX20180723_100402_V06,-10.732,-1.000,384.493,376.961,53.255,-84.188,44.560,26627.706,57144.916,20180723_060402,479173,33463,65475,7210
4,KAPX20180723_101250_V06,-1.932,0.112,361.817,372.320,21.681,-84.331,44.581,10840.527,47569.802,20180723_061250,479175,30204,65596,6723
4,KAPX20180723_102138_V06,6.868,-1.000,361.817,372.320,35.673,-84.331,44.581,17836.527,47569.802,20180723_062138,479171,29012,65484,7157
4,KAPX20180723_103026_V06,15.668,0.222,356.754,376.457,28.335,-84.363,44.563,14167.555,47609.460,20180723_063026,479170,28610,66242,7362
5,KAPX20180723_094626_V06,-28.332,0.151,21.163,358.989,21.941,-86.477,44.628,10970.280,142504.056,20180723_054626,479172,44546,70703,9599
15,KAPX20180723_110459_V06,50.218,0.099,458.360,335.884,71.177,-83.720,44.741,35588.505,81187.190,20180723_070459,479171,29441,68406,8531
4,KAPX20180724_101326_V06,-2.377,0.068,274.675,172.359,13.375,-84.882,45.481,6687.725,65064.348,20180724_061326,479172,32489,42745,7228
4,KAPX20180724_101921_V06,3.539,0.586,275.151,170.204,20.035,-84.879,45.491,10017.679,66076.400,20180724_061921,479177,33344,41146,8392
4,KAPX20180724_102515_V06,9.439,0.091,277.996,165.905,22.688,-84.861,45.510,11344.157,67944.049,20180724_062515,479173,33313,40656,8701
4,KAPX20180724_103110_V06,15.356,0.148,280.942,160.368,27.198,-84.842,45.535,13598.903,70463.240,20180724_063110,479175,33072,40378,8566
3,KAPX20180724_101326_V06,-2.377,0.285,536.191,439.205,18.009,-83.241,44.271,9004.648,137080.532,20180724_061326,479172,32489,42745,7228
3,KAPX20180724_101921_V06,3.539,0.163,537.264,438.108,23.845,-83.234,44.276,11922.383,137266.220,20180724_061921,479177,33344,41146,8392
3,KAPX20180724_102515_V06,9.439,0.178,540.286,432.156,15.236,-83.214,44.303,7618.011,137115.426,20180724_062515,479173,33313,40656,8701
4,KAPX20180726_111123_V06,53.445,0.126,371.904,208.942,12.483,-84.261,45.316,6241.318,58012.550,20180726_071123,479190,16277,26214,3177
18,KAPX20180727_112145_V06,62.732,0.096,292.154,149.944,13.470,-84.770,45.582,6734.756,75130.396,20180727_072145,479172,29358,48086,4494
18,KAPX20180727_112704_V06,68.048,0.157,292.767,150.255,20.488,-84.766,45.581,10243.845,74959.915,20180727_072704,479176,30806,49751,4956
5,KAPX20180727_094225_V06,-36.602,0.090,244.085,291.376,17.259,-85.074,44.945,8629.383,28287.924,20180727_054225,479177,36638,49279,5314
11,KAPX20180727_102611_V06,7.165,0.084,370.177,237.403,30.128,-84.273,45.188,15063.988,47019.092,20180727_062611,479174,23251,42480,3546
1,KAPX20180729_102125_V06,0.207,0.068,494.080,408.103,25.841,-83.501,44.414,12920.652,111077.983,20180729_062125,479173,4201,9667,3021
1,KAPX20180730_104052_V06,18.548,0.091,377.561,51.422,12.446,-84.219,46.024,6223.080,130198.376,20180730_064052,479170,11375,14345,8125
4,KAPX20180801_102701_V06,2.454,0.805,255.363,173.249,7.823,-85.005,45.477,3911.413,67190.588,20180801_062701,479179,51444,56709,14757
4,KAPX20180801_103212_V06,7.638,0.176,255.844,173.184,14.213,-85.002,45.477,7106.719,67141.657,20180801_063212,479177,52392,55767,15561
5,KAPX20180801_103743_V06,13.154,0.163,322.582,141.357,13.772,-84.575,45.621,6885.895,80120.976,20180801_063743,479177,51334,54913,15201
9,KAPX20180801_112022_V06,55.804,0.081,206.854,95.627,6.413,-85.319,45.825,3206.522,112299.372,20180801_072022,479167,54703,53098,20490
5,KAPX20180802_093129_V06,-54.212,0.086,99.353,223.961,12.767,-85.998,45.242,6383.473,107286.072,20180802_053129,479187,91218,106708,11943
3,KAPX20180804_102129_V06,-6.499,0.061,398.853,299.462,16.031,-84.094,44.908,8015.278,49427.185,20180804_062129,479173,21536,23749,14840
4,KAPX20180804_102129_V06,-6.499,0.061,381.439,329.655,12.125,-84.205,44.773,6062.580,43335.173,20180804_062129,479173,21536,23749,14840
10,KAPX20180805_100230_V06,-26.635,0.087,468.705,140.931,32.003,-83.638,45.618,16001.259,115935.718,20180805_060230,479187,25363,58610,8049
10,KAPX20180805_100715_V06,-21.885,0.072,470.626,139.614,38.647,-83.626,45.624,19323.552,117086.370,20180805_060715,479189,20314,55217,6188
10,KAPX20180805_101200_V06,-17.135,0.096,487.154,122.704,35.440,-83.518,45.699,17719.780,128899.623,20180805_061200,479182,17533,51624,5606
3,KAPX20180805_093915_V06,-49.885,0.069,250.188,360.111,18.509,-85.034,44.636,9254.478,39033.670,20180805_053915,479184,37904,73170,11034
13,KAPX20180805_102102_V06,-8.102,0.244,367.680,321.034,18.010,-84.292,44.812,9005.074,35436.759,20180805_062102,479170,13973,48155,4734
3,KAPX20180806_104100_V06,10.707,0.075,355.654,197.378,43.897,-84.365,45.368,21948.406,58371.040,20180806_064100,479172,31933,40835,6979
5,KAPX20180806_111539_V06,45.357,0.466,272.810,409.386,19.914,-84.890,44.415,9957.247,56357.084,20180806_071539,479171,32288,39152,9256
7,KAPX20180806_112413_V06,53.924,0.055,239.095,173.768,32.991,-85.109,45.474,16495.420,70078.511,20180806_072413,479168,36413,42716,9397
8,KAPX20180806_112413_V06,53.924,0.053,55.477,428.094,39.207,-86.252,44.321,19603.294,138021.373,20180806_072413,479168,36413,42716,9397
10,KAPX20180806_113247_V06,62.490,0.096,36.131,217.757,30.840,-86.401,45.265,15419.785,138194.278,20180806_073247,479173,38994,47611,9397
14,KAPX20180806_114352_V06,73.574,0.183,296.568,175.736,34.347,-84.742,45.466,17173.706,62155.835,20180806_074352,479177,41350,53769,8668
1,KAPX20180807_103411_V06,2.727,0.103,500.214,567.066,28.147,-83.478,43.699,14073.403,166890.470,20180807_063411,479175,32323,22212,28606
2,KAPX20180807_110905_V06,37.627,0.115,29.799,402.976,50.934,-86.417,44.431,25467.119,144579.229,20180807_070905,479170,34348,24803,28927
6,KAPX20180808_114113_V06,68.593,0.153,367.289,159.733,1.931,-84.289,45.537,965.424,77786.178,20180808_074113,479174,69295,59341,38882
6,KAPX20180808_114653_V06,74.260,0.094,367.353,159.754,8.550,-84.289,45.537,4274.828,77790.257,20180808_074653,479170,71178,59636,40315
5,KAPX20180808_112955_V06,57.293,0.063,409.899,273.831,69.402,-84.023,45.023,34700.874,56485.860,20180808_072955,479176,73291,60640,41936
7,KAPX20180808_114653_V06,74.260,0.052,41.630,277.149,30.651,-86.358,44.998,15325.645,129689.293,20180808_074653,479170,71178,59636,40315
9,KAPX20180809_101320_V06,-20.462,0.056,176.130,352.755,18.881,-85.501,44.667,9440.281,67318.010,20180809_061320,479191,47598,72468,12500
14,KAPX20180809_104121_V06,7.555,0.081,523.132,556.231,29.631,-83.335,43.746,14815.363,169883.791,20180809_064121,479180,20628,42206,5753
1,KAPX20180810_101422_V06,-20.603,0.412,483.889,564.011,16.578,-83.579,43.713,8288.914,160870.216,20180810_061422,479174,46801,36535,34634
1,KAPX20180810_102310_V06,-11.803,0.499,481.477,564.612,27.105,-83.594,43.711,13552.301,160431.764,20180810_062310,479173,40268,34567,28881
1,KAPX20180810_103158_V06,-3.003,0.501,475.886,565.930,29.357,-83.629,43.705,14678.490,159416.492,20180810_063158,479176,39799,33740,28698
1,KAPX20180810_104046_V06,5.797,0.657,470.103,563.605,37.460,-83.664,43.716,18730.240,156861.728,20180810_064046,479174,40699,30612,30124
1,KAPX20180810_104936_V06,14.630,0.757,469.559,562.316,42.726,-83.668,43.722,21363.067,156173.139,20180810_064936,479171,39435,27133,29941
5,KAPX20180810_113339_V06,58.680,0.107,412.249,335.261,33.884,-84.011,44.746,16942.019,58828.606,20180810_073339,479172,25036,24394,18382
5,KAPX20180810_114228_V06,67.497,0.087,408.831,335.924,40.998,-84.033,44.744,20499.167,57303.431,20180810_074228,479173,25525,23519,20045
3,KAPX20180810_104046_V06,5.797,0.067,336.655,463.331,14.045,-84.491,44.172,7022.488,83696.729,20180810_064046,479174,40699,30612,30124
4,KAPX20180810_104046_V06,5.797,0.064,432.362,514.329,27.650,-83.895,43.940,13825.087,125952.907,20180810_064046,479174,40699,30612,30124
12,KAPX20180811_105203_V06,15.902,0.119,291.719,426.295,22.396,-84.772,44.339,11198.074,63283.108,20180811_065203,479168,35194,38503,14377
12,KAPX20180811_110322_V06,27.219,0.059,299.722,426.707,29.086,-84.721,44.337,14543.090,63353.541,20180811_070322,479174,32413,37761,11916
1,KAPX20180811_094006_V06,-56.048,0.179,346.176,386.729,12.242,-84.429,44.517,6120.899,49127.644,20180811_054006,479178,112286,33140,93345
8,KAPX20180811_103523_V06,-0.764,0.296,289.446,144.571,39.131,-84.787,45.606,19565.363,77893.403,20180811_063523,479178,35202,39785,14175
9,KAPX20180811_104054_V06,4.752,0.258,284.466,422.047,19.960,-84.817,44.358,9979.990,61515.588,20180811_064054,479180,35924,39423,14691
13,KAPX20180811_105203_V06,15.902,0.064,278.037,508.280,22.349,-84.857,43.970,11174.355,104717.265,20180811_065203,479168,35194,38503,14377
18,KAPX20180811_110900_V06,32.852,0.075,28.322,242.910,34.315,-86.447,45.151,17157.578,138805.929,20180811_070900,479173,31107,37780,10593
2,KAPX20180813_102006_V06,-18.410,0.490,495.101,548.150,16.531,-83.508,43.784,8265.450,157831.284,20180813_062006,479177,28999,32924,21260
2,KAPX20180813_102544_V06,-12.777,0.694,495.553,549.551,24.691,-83.505,43.778,12345.536,158521.659,20180813_062544,479176,23959,29786,17506
2,KAPX20180813_103124_V06,-7.110,0.531,495.571,551.830,30.205,-83.505,43.768,15102.534,159425.830,20180813_063124,479176,25925,28980,19634
2,KAPX20180813_103703_V06,-1.460,0.664,494.633,548.944,33.314,-83.511,43.781,16657.013,157999.110,20180813_063703,479174,26288,27826,20044
2,KAPX20180813_104242_V06,4.190,0.579,494.231,549.657,41.822,-83.513,43.777,20910.862,158156.819,20180813_064242,479170,23589,25073,19009
2,KAPX20180813_110012_V06,21.690,0.183,491.797,539.040,46.244,-83.528,43.825,23122.127,153236.810,20180813_070012,479175,31504,28640,25129
2,KAPX20180813_110900_V06,30.490,0.126,491.209,523.496,49.846,-83.530,43.895,24922.942,147064.135,20180813_070900,479174,29462,29168,23866
4,KAPX20180813_110012_V06,21.690,0.061,302.790,148.903,12.635,-84.702,45.587,6317.669,75561.467,20180813_070012,479175,31504,28640,25129
4,KAPX20180813_110900_V06,30.490,-1.000,302.790,148.903,26.627,-84.702,45.587,13313.669,75561.467,20180813_070900,479174,29462,29168,23866
4,KAPX20180813_111749_V06,39.306,0.153,271.310,147.126,33.779,-84.904,45.595,16889.520,77771.629,20180813_071749,479172,35371,30755,28552
1,KAPX20180813_100847_V06,-29.727,0.073,267.884,145.442,35.915,-84.926,45.602,17957.359,78929.869,20180813_060847,479173,59636,38828,46670
3,KAPX20180813_110012_V06,21.690,0.130,267.617,158.333,22.654,-84.927,45.544,11327.200,72660.419,20180813_070012,479175,31504,28640,25129
5,KAPX20180813_114415_V06,65.740,0.097,251.599,175.569,6.276,-85.029,45.467,3138.140,66756.500,20180813_074415,479172,40972,32505,33707
1,KAPX20180814_100009_V06,-39.544,0.067,494.983,553.461,5.191,-83.509,43.760,2595.623,159891.192,20180814_060009,479173,110557,26047,98684
2,KAPX20180814_100009_V06,-39.544,0.062,373.223,165.765,6.777,-84.251,45.510,3388.706,76453.757,20180814_060009,479173,110557,26047,98684
1,KAPX20180815_102212_V06,-18.680,0.060,313.687,110.993,26.362,-84.632,45.758,13181.194,94751.137,20180815_062212,479173,9230,28129,6385
2,KAPX20180815_111137_V06,30.737,0.065,316.233,394.105,18.313,-84.618,44.484,9156.368,47747.210,20180815_071137,479170,9954,17522,6978
1,KAPX20180816_103645_V06,-5.316,0.081,29.569,405.948,56.537,-86.418,44.418,28268.703,145222.247,20180816_063645,479176,41509,28671,32034
1,KAPX20180816_104533_V06,3.484,0.066,32.364,401.841,65.411,-86.401,44.437,32705.436,143178.849,20180816_064533,479174,46887,28649,37246
2,KAPX20180816_104533_V06,3.484,0.067,481.960,539.311,35.929,-83.589,43.825,17964.329,150315.752,20180816_064533,479174,46887,28649,37246
2,KAPX20180816_110311_V06,21.117,0.072,480.781,542.786,52.137,-83.596,43.809,26068.674,151349.874,20180816_070311,479178,42998,27213,33495
5,KAPX20180816_114714_V06,65.167,0.643,294.092,97.800,7.001,-84.758,45.817,3500.450,101143.333,20180816_074714,479170,31234,24732,24065
5,KAPX20180816_120450_V06,82.767,0.092,291.335,98.744,17.345,-84.775,45.813,8672.281,100721.045,20180816_080450,479172,26542,22291,20269
3,KAPX20180816_110311_V06,21.117,0.074,261.128,152.429,32.045,-84.969,45.571,16022.417,76302.600,20180816_070311,479178,42998,27213,33495
4,KAPX20180816_113825_V06,56.351,0.061,31.629,469.264,49.341,-86.397,44.133,24670.311,158645.185,20180816_073825,479172,33891,25696,25645
6,KAPX20180816_114714_V06,65.167,0.199,42.337,187.833,39.375,-86.365,45.400,19687.469,140509.339,20180816_074714,479170,31234,24732,24065
3,KAPX20180818_103348_V06,-10.640,0.423,494.352,559.405,17.570,-83.514,43.734,8785.192,162067.763,20180818_063348,479174,6461,14824,3959
3,KAPX20180818_104236_V06,-1.840,0.603,491.915,562.035,26.697,-83.529,43.722,13348.692,162399.041,20180818_064236,479172,11800,15154,8769
3,KAPX20180818_110013_V06,15.777,0.770,489.791,560.792,33.632,-83.542,43.728,16816.149,161270.875,20180818_070013,479174,16735,18040,13520
3,KAPX20180818_110902_V06,24.593,0.705,490.403,557.730,41.491,-83.538,43.741,20745.519,160217.288,20180818_070902,479171,16356,18745,13285
1,KAPX20180818_100723_V06,-37.057,0.383,281.669,363.698,14.268,-84.835,44.621,7133.907,33141.369,20180818_060723,479177,48152,23380,40549
2,KAPX20180819_100216_V06,-43.361,0.178,478.904,412.810,29.125,-83.597,44.394,14562.338,105750.530,20180819_060216,479173,33937,20273,27783
6,KAPX20180819_104544_V06,0.106,0.495,488.072,553.294,32.488,-83.552,43.761,16243.759,157740.799,20180819_064544,479172,7300,19015,5650
7,KAPX20180819_104544_V06,0.106,0.053,72.114,377.249,5.363,-86.154,44.551,2681.316,120311.423,20180819_064544,479172,7300,19015,5650
5,KAPX20180821_112259_V06,34.981,0.065,298.050,129.846,10.394,-84.732,45.673,5197.174,85082.677,20180821_072259,479170,149432,161445,15711
2,KAPX20180823_110646_V06,16.390,0.198,177.918,428.442,16.069,-85.485,44.327,8034.584,88601.973,20180823_070646,479167,19118,15654,15768
3,KAPX20180823_113244_V06,42.357,0.108,324.171,516.059,18.849,-84.569,43.935,9424.452,108703.405,20180823_073244,479175,28650,21269,25028
4,KAPX20180823_120436_V06,74.223,0.201,354.355,444.143,15.531,-84.379,44.258,7765.406,77025.273,20180823_080436,479183,28972,25334,24201
4,KAPX20180827_100828_V06,-46.654,0.070,29.530,168.189,38.685,-86.450,45.487,19342.699,150439.688,20180827_060828,479185,285601,267146,30773
12,KAPX20180827_103633_V06,-18.571,0.050,252.306,183.308,30.920,-85.024,45.432,15460.077,63031.195,20180827_063633,479179,334675,313143,28398
18,KAPX20180827_110442_V06,9.579,0.058,409.470,211.657,32.248,-84.022,45.303,16124.027,70334.970,20180827_070442,479176,369520,350275,25498
8,KAPX20180828_110422_V06,8.061,0.065,15.278,339.149,22.771,-86.517,44.717,11385.590,143700.594,20180828_070422,479176,117036,124938,24492
8,KAPX20180828_111046_V06,14.461,0.116,18.688,340.778,32.793,-86.495,44.710,16396.658,142125.879,20180828_071046,479180,109956,116528,24166
8,KAPX20180828_111711_V06,20.878,-1.000,21.671,342.203,42.861,-86.476,44.704,21430.632,140755.147,20180828_071711,479173,104119,109373,23123
8,KAPX20180828_112321_V06,27.044,0.321,20.336,355.339,22.126,-86.482,44.645,11062.822,142543.455,20180828_072321,479177,100670,104523,23518
8,KAPX20180828_112917_V06,32.978,0.062,22.073,357.970,29.802,-86.471,44.633,14900.772,141954.080,20180828_072917,479177,97835,100570,23097
8,KAPX20180828_113456_V06,38.628,-1.000,23.487,360.110,37.355,-86.462,44.623,18677.340,141485.719,20180828_073456,479175,93087,95108,22458
8,KAPX20180828_114035_V06,44.278,0.070,46.942,347.126,40.953,-86.316,44.684,20476.433,128704.107,20180828_074035,479178,89458,91286,21621
8,KAPX20180828_114558_V06,49.661,0.054,51.774,346.760,46.852,-86.285,44.686,23425.830,126295.965,20180828_074558,479179,86731,89092,21705
11,KAPX20180828_114035_V06,44.278,0.135,39.029,450.580,42.532,-86.353,44.218,21266.037,150648.714,20180828_074035,479178,89458,91286,21621
11,KAPX20180828_114558_V06,49.661,0.076,40.891,448.225,51.010,-86.341,44.229,25504.944,149254.870,20180828_074558,479179,86731,89092,21705
2,KAPX20180828_100710_V06,-49.139,0.102,187.936,355.223,26.749,-85.426,44.657,13374.722,62465.944,20180828_060710,479176,174115,182378,16445
5,KAPX20180828_101959_V06,-36.322,0.057,36.910,319.011,73.567,-86.383,44.810,36783.314,131887.931,20180828_061959,479176,156620,159446,18063
7,KAPX20180828_105203_V06,-4.256,0.300,445.687,196.820,25.948,-83.790,45.368,12974.049,89261.894,20180828_065203,479184,114986,133538,10464
9,KAPX20180828_111711_V06,20.878,0.130,22.086,345.188,28.243,-86.473,44.690,14121.638,140781.855,20180828_071711,479173,104119,109373,23123
8,KAPX20180829_112447_V06,27.293,0.068,13.847,359.691,18.429,-86.523,44.624,9214.684,146156.358,20180829_072447,479177,61427,89476,8265
8,KAPX20180829_112858_V06,31.476,0.085,14.043,358.901,23.944,-86.522,44.628,11972.207,145980.065,20180829_072858,479184,62264,90373,7675
8,KAPX20180829_113309_V06,35.660,0.133,16.919,350.233,28.209,-86.505,44.667,14104.737,143751.573,20180829_073309,479185,62579,91614,6959
3,KAPX20180829_101803_V06,-39.440,0.070,437.532,575.440,30.804,-83.867,43.665,15401.968,153933.350,20180829_061803,479188,51062,66284,12773
5,KAPX20180829_102213_V06,-35.274,0.074,428.689,118.006,24.319,-83.893,45.723,12159.454,111448.317,20180829_062213,479184,52376,68944,11483
1,KAPX20180831_110403_V06,4.191,0.060,140.056,335.234,14.910,-85.730,44.744,7454.973,81889.568,20180831_070403,479173,5806,13031,3817
2,KAPX20180902_113620_V06,34.106,0.073,27.918,481.774,46.835,-86.418,44.077,23417.606,163608.145,20180902_073620,479175,95429,105509,20761
4,KAPX20180902_115402_V06,51.806,0.055,257.130,292.123,27.347,-84.991,44.942,13673.428,21793.825,20180902_075402,479173,95852,111202,17838
1,KAPX20180906_120220_V06,55.368,0.091,457.067,543.961,16.242,-83.744,43.805,8120.993,145075.059,20180906_080220,479174,98348,38214,81947
1,KAPX20180910_113501_V06,23.310,0.051,281.626,311.075,11.386,-84.836,44.857,5693.233,10726.809,20180910_073501,479179,5870,12204,3071
1,KAPX20180911_114102_V06,28.141,0.077,297.766,299.496,12.724,-84.734,44.909,6362.034,1145.266,20180911_074102,479170,7906,11525,5287
2,KAPX20180911_114102_V06,28.141,0.070,361.464,53.501,13.405,-84.323,46.015,6702.663,127023.461,20180911_074102,479170,7906,11525,5287
1,KAPX20180913_110232_V06,-12.733,0.063,146.604,421.293,5.281,-85.682,44.357,2640.514,97778.203,20180913_070232,479172,45737,32860,35008
1,KAPX20180914_122154_V06,65.446,0.054,367.175,520.049,29.417,-84.302,43.916,14708.421,115036.981,20180914_082154,479168,26768,30491,21816
2,KAPX20180918_114907_V06,27.905,0.385,43.790,456.975,61.217,-86.322,44.190,30608.646,150237.377,20180918_074907,479172,41295,41057,32418
4,KAPX20180918_121742_V06,56.489,0.248,466.188,291.374,22.282,-83.667,44.941,11141.224,83205.884,20180918_081742,479171,35819,43841,27164
3,KAPX20180920_102429_V06,-59.114,0.060,26.673,439.318,39.129,-86.431,44.267,19564.709,153392.812,20180920_062429,479168,36383,62565,5801
3,KAPX20180920_102850_V06,-54.764,0.051,27.282,439.044,44.908,-86.428,44.269,22454.044,153059.381,20180920_062850,479172,37539,63350,5955
7,KAPX20180920_103311_V06,-50.414,0.350,362.299,373.795,16.206,-84.328,44.575,8102.806,48288.172,20180920_063311,479179,38600,64149,6271
11,KAPX20180920_104153_V06,-41.714,0.101,38.670,432.539,50.397,-86.357,44.299,25198.259,146509.623,20180920_064153,479172,42153,65965,8237
13,KAPX20180920_104614_V06,-37.364,0.165,379.824,367.761,14.658,-84.217,44.601,7328.876,52353.220,20180920_064614,479179,44523,65762,10128
17,KAPX20180920_111220_V06,-11.264,0.089,401.516,394.970,11.244,-84.082,44.478,5621.897,69507.029,20180920_071220,479175,57565,71363,10460
22,KAPX20180920_113826_V06,14.836,0.090,52.294,300.764,60.337,-86.288,44.893,30168.673,123853.509,20180920_073826,479175,68162,85378,8364
13,KAPX20180921_121240_V06,47.874,0.164,163.701,86.617,26.765,-85.597,45.864,13382.433,126599.281,20180921_081240,479184,20201,42004,7585
13,KAPX20180921_121617_V06,51.491,0.071,165.770,85.739,31.401,-85.584,45.868,15700.387,126417.476,20180921_081617,479175,20094,42840,7246
15,KAPX20180921_121955_V06,55.124,0.432,191.666,67.976,25.511,-85.418,45.949,12755.571,128034.710,20180921_081955,479185,19144,44130,6546
15,KAPX20180921_122333_V06,58.758,0.248,207.376,58.217,24.979,-85.317,45.993,12489.376,129458.819,20180921_082333,479190,17985,45321,5991
15,KAPX20180921_122710_V06,62.374,0.116,227.283,44.604,21.010,-85.190,46.055,10504.766,132773.172,20180921_082710,479182,16477,46542,5315
18,KAPX20180921_121955_V06,55.124,0.074,514.003,110.857,50.818,-83.345,45.750,25408.806,142804.100,20180921_081955,479185,19144,44130,6546
1,KAPX20180924_114812_V06,19.810,0.126,283.519,353.129,6.657,-84.824,44.668,3328.335,27813.210,20180924_074812,479172,4251,18614,3142
3,KAPX20180924_114812_V06,19.810,0.054,288.527,392.506,32.386,-84.792,44.491,16192.863,46607.441,20180924_074812,479172,4251,18614,3142
1,KAPX20180925_103213_V06,-57.378,0.437,318.794,133.442,10.071,-84.599,45.656,5035.717,83807.651,20180925_063213,479176,12537,29476,3055
7,KAPX20180926_111851_V06,-11.952,0.083,348.908,356.999,14.087,-84.411,44.650,7043.549,37552.979,20180926_071851,479174,60888,80565,15854
7,KAPX20180926_112726_V06,-3.368,0.075,356.143,357.905,22.690,-84.366,44.646,11344.906,40326.578,20180926_072726,479173,59719,80624,15639
7,KAPX20180926_113559_V06,5.182,-1.000,362.806,358.739,31.638,-84.324,44.642,15818.775,42996.668,20180926_073559,479173,58635,82172,14435
7,KAPX20180926_114433_V06,13.748,0.066,369.712,346.333,16.943,-84.280,44.698,8471.670,41852.682,20180926_074433,479179,58542,86957,13531
14,KAPX20180926_123643_V06,65.915,0.106,154.754,372.150,20.088,-85.634,44.579,10044.161,81089.431,20180926_083643,479174,63214,92073,16719
14,KAPX20180926_124531_V06,74.715,0.057,160.436,373.873,27.852,-85.598,44.571,13926.063,78954.346,20180926_084531,479174,65308,96191,15914
6,KAPX20180926_111851_V06,-11.952,0.213,332.959,132.130,14.098,-84.508,45.662,7048.813,85537.358,20180926_071851,479174,60888,80565,15854
4,KAPX20180928_111654_V06,-16.325,0.053,59.184,332.404,68.589,-86.240,44.751,34294.395,121493.316,20180928_071654,479174,291533,260478,65276
4,KAPX20180928_112235_V06,-10.642,-1.000,59.184,332.404,77.625,-86.240,44.751,38812.645,121493.316,20180928_072235,479180,288244,263811,63295
4,KAPX20180928_112832_V06,-4.692,0.112,51.120,341.931,80.864,-86.290,44.708,40431.877,126193.941,20180928_072832,479171,286425,267635,60592
4,KAPX20180928_113458_V06,1.741,0.069,57.628,341.512,84.385,-86.249,44.710,42192.721,122950.467,20180928_073458,479173,294326,274250,59251
4,KAPX20180928_114139_V06,8.425,0.096,112.824,296.504,5.581,-85.905,44.917,2790.437,93604.188,20180928_074139,479181,304983,275596,61335
4,KAPX20180928_114820_V06,15.108,0.060,115.608,296.724,13.221,-85.887,44.916,6610.404,92210.350,20180928_074820,479181,318916,273577,66503
9,KAPX20180928_122900_V06,55.775,0.057,34.757,418.892,49.325,-86.383,44.360,24662.743,145335.024,20180928_082900,479175,309614,246752,71230
9,KAPX20180928_123542_V06,62.475,0.053,37.286,410.246,63.437,-86.369,44.399,31718.527,142454.049,20180928_083542,479178,305559,244898,69591
5,KAPX20180928_113458_V06,1.741,0.201,23.570,455.841,28.776,-86.449,44.193,14388.042,158666.165,20180928_073458,479173,294326,274250,59251
10,KAPX20180928_124910_V06,75.941,0.169,412.646,34.553,35.895,-83.991,46.099,17947.376,144179.596,20180928_084910,479176,292237,236666,65548
1,KAPX20180929_105118_V06,-43.143,0.560,352.404,330.356,28.778,-84.389,44.770,14389.172,30280.562,20180929_065118,479179,49340,38284,29987
1,KAPX20180929_110223_V06,-32.059,0.352,359.547,335.183,35.473,-84.344,44.748,17736.536,34582.359,20180929_070223,479183,39569,37588,22641
1,KAPX20180929_110802_V06,-26.409,0.409,370.746,335.505,30.450,-84.273,44.747,15224.895,39577.683,20180929_070802,479178,33397,37088,18294
1,KAPX20180929_111342_V06,-20.743,0.458,374.880,338.496,35.176,-84.247,44.733,17588.121,42097.833,20180929_071342,479181,26703,34821,13561
1,KAPX20180929_111920_V06,-15.109,0.131,382.148,346.396,31.448,-84.202,44.697,15724.125,47171.976,20180929_071920,479177,23380,33093,11047
8,KAPX20180929_120741_V06,33.241,0.376,365.233,277.905,8.713,-84.306,45.006,4356.709,34436.855,20180929_080741,479177,25266,32858,12225
8,KAPX20180929_121629_V06,42.041,0.336,360.023,287.320,24.180,-84.339,44.964,12089.921,30673.983,20180929_081629,479174,24790,31031,12191
12,KAPX20180929_121629_V06,42.041,0.076,320.227,213.954,34.029,-84.591,45.294,17014.370,44195.707,20180929_081629,479174,24790,31031,12191
12,KAPX20180929_122518_V06,50.857,0.083,318.417,216.109,45.802,-84.602,45.285,22900.773,42944.294,20180929_082518,479175,25017,31733,12200
12,KAPX20180929_123407_V06,59.674,-1.000,316.738,218.110,57.735,-84.613,45.276,28867.634,41791.413,20180929_083407,479174,24488,32567,11892
12,KAPX20180929_124255_V06,68.474,0.060,345.766,216.070,12.790,-84.428,45.284,6394.817,47798.488,20180929_084255,479169,22896,34403,10720
14,KAPX20180929_123407_V06,59.674,0.239,383.390,306.659,16.763,-84.192,44.876,8381.611,41827.942,20180929_083407,479174,24488,32567,11892
14,KAPX20180929_124255_V06,68.474,0.291,386.941,306.415,24.476,-84.170,44.877,12238.038,43588.515,20180929_084255,479169,22896,34403,10720
3,KAPX20180929_110223_V06,-32.059,0.061,323.712,229.505,8.062,-84.569,45.224,4031.109,37188.009,20180929_070223,479183,39569,37588,22641
6,KAPX20180929_112500_V06,-9.443,0.122,395.899,303.161,9.682,-84.113,44.891,4841.167,47975.662,20180929_072500,479172,22132,33075,9717
11,KAPX20180930_110655_V06,-28.747,0.070,310.513,158.305,9.210,-84.652,45.545,4604.912,71042.045,20180930_070655,479175,87321,90348,26593
18,KAPX20180930_123837_V06,62.953,0.258,159.371,583.240,22.062,-85.591,43.629,11031.162,158115.193,20180930_083837,479176,34887,62857,6773
1,KAPX20181001_104231_V06,-54.373,0.054,257.003,419.642,28.634,-84.989,44.369,14317.129,63566.628,20181001_064231,479173,87550,70143,38677
2,KAPX20181001_105256_V06,-43.956,0.075,293.776,424.992,30.643,-84.759,44.345,15321.316,62573.577,20181001_065256,479174,83851,61917,41314
3,KAPX20181001_110835_V06,-28.306,0.094,343.616,414.324,26.713,-84.446,44.392,13356.277,61180.649,20181001_070835,479176,59213,59220,25501
11,KAPX20181002_124639_V06,68.531,0.073,493.827,289.454,20.388,-83.492,44.948,10194.145,97056.672,20181002_084639,479179,2730,48709,981
9,KAPX20181005_121626_V06,34.598,0.228,367.624,355.323,25.597,-84.293,44.658,12798.666,43685.191,20181005_081626,479176,63858,62528,18312
9,KAPX20181005_122236_V06,40.765,0.467,372.412,347.146,30.163,-84.263,44.694,15081.460,43203.752,20181005_082236,479178,68109,68000,19200
9,KAPX20181005_122840_V06,46.831,0.360,382.159,338.714,36.072,-84.201,44.732,18036.093,45411.588,20181005_082840,479174,72691,71377,20822
9,KAPX20181005_123436_V06,52.765,0.161,406.054,325.191,36.583,-84.050,44.792,18291.344,54502.133,20181005_083436,479174,75320,75604,20745
4,KAPX20181005_112541_V06,-16.152,0.108,390.864,285.966,20.290,-84.144,44.969,10144.958,45970.725,20181005_072541,479191,33228,46884,9056
4,KAPX20181005_113114_V06,-10.602,0.172,393.758,283.747,28.320,-84.125,44.979,14159.770,47578.254,20181005_073114,479183,31192,43680,7438
2,KAPX20181005_112022_V06,-21.469,0.054,409.780,316.682,24.130,-84.026,44.830,12064.919,55519.935,20181005_072022,479179,38457,51353,12774
8,KAPX20181005_121052_V06,29.031,0.084,261.419,262.806,23.956,-84.965,45.074,11978.186,26795.286,20181005_081052,479177,59715,57658,17731
2,KAPX20181006_111606_V06,-26.984,0.070,20.364,327.947,28.010,-86.486,44.768,14004.975,140514.463,20181006_071606,479180,262537,270234,25109
1,KAPX20181007_112206_V06,-22.237,0.102,430.408,291.985,6.310,-83.894,44.940,3155.010,65327.216,20181007_072206,479177,18519,47085,3785
2,KAPX20181007_124114_V06,56.897,0.067,25.022,450.416,26.740,-86.440,44.217,13369.954,156714.527,20181007_084114,479173,44400,79582,6366
5,KAPX20181012_113445_V06,-15.925,0.104,259.119,391.466,19.766,-84.977,44.495,9882.837,50093.059,20181012_073445,479181,49869,90102,9428
5,KAPX20181012_114333_V06,-7.125,0.231,275.850,399.826,14.790,-84.871,44.458,7394.798,51353.058,20181012_074333,479177,49999,92434,9321
1,KAPX20181014_110024_V06,-52.844,0.101,25.411,419.110,48.102,-86.442,44.358,24051.197,149654.942,20181014_070024,479176,8184,12901,4460
1,KAPX20181014_110714_V06,-46.011,0.463,26.034,418.325,52.875,-86.438,44.362,26437.627,149212.952,20181014_070714,479177,9944,13752,5586
1,KAPX20181014_111404_V06,-39.177,0.302,26.619,423.350,53.539,-86.434,44.339,26769.288,149960.199,20181014_071404,479179,13794,13783,8791
1,KAPX20181014_112054_V06,-32.344,0.096,26.210,424.577,54.135,-86.436,44.334,27067.558,150400.060,20181014_072054,479177,12272,13835,6974
1,KAPX20181014_112742_V06,-25.544,0.115,23.777,376.084,30.845,-86.458,44.552,15422.611,143254.854,20181014_072742,479175,8024,11118,3007
1,KAPX20181014_113432_V06,-18.711,0.064,25.249,376.548,38.753,-86.449,44.550,19376.529,142607.503,20181014_073432,479172,7787,9492,2654
1,KAPX20181014_114122_V06,-11.877,0.062,32.907,387.619,49.633,-86.399,44.501,24816.726,140548.772,20181014_074122,479177,8794,10970,2922
1,KAPX20181014_114812_V06,-5.044,0.062,38.320,383.184,63.813,-86.366,44.521,31906.255,137291.510,20181014_074812,479179,10655,11976,2916
3,KAPX20181014_121529_V06,22.239,0.097,22.397,385.215,29.556,-86.465,44.510,14777.790,145193.696,20181014_081529,479174,21369,23637,4229
3,KAPX20181014_122219_V06,29.073,0.099,24.665,378.272,43.193,-86.452,44.542,21596.652,143122.374,20181014_082219,479173,23219,25889,4194
6,KAPX20181014_125010_V06,56.923,0.260,23.586,479.309,24.147,-86.445,44.087,12073.305,164739.635,20181014_085010,479173,30841,40072,5825
7,KAPX20181014_125010_V06,56.923,0.117,298.546,300.782,16.646,-84.729,44.904,8323.025,825.375,20181014_085010,479173,30841,40072,5825
8,KAPX20181014_125010_V06,56.923,0.116,454.846,293.475,30.910,-83.739,44.932,15454.842,77491.647,20181014_085010,479173,30841,40072,5825
7,KAPX20181016_113839_V06,-17.183,0.332,34.993,292.448,60.088,-86.398,44.929,30044.006,132557.049,20181016_073839,479170,17546,36672,2963
7,KAPX20181016_114536_V06,-10.233,0.165,36.163,293.266,67.988,-86.391,44.925,33993.852,131961.409,20181016_074536,479172,16174,34850,3030
7,KAPX20181016_115234_V06,-3.266,0.563,46.835,291.295,68.874,-86.323,44.935,34436.982,126657.247,20181016_075234,479173,17301,33561,3764
7,KAPX20181016_120613_V06,10.384,0.457,44.212,327.662,79.740,-86.335,44.771,39870.155,128639.838,20181016_080613,479174,19735,34555,3898
7,KAPX20181016_121302_V06,17.201,0.372,45.560,339.106,87.757,-86.326,44.720,43878.642,128714.095,20181016_081302,479174,22825,38014,4362
7,KAPX20181016_121952_V06,24.034,0.094,51.546,360.726,83.978,-86.285,44.623,41988.774,127883.773,20181016_081952,479172,26594,41996,4156
1,KAPX20181016_111054_V06,-44.933,0.144,41.688,229.467,85.259,-86.364,45.213,42629.429,133884.423,20181016_071054,479176,33199,46666,5231
1,KAPX20181016_111753_V06,-37.949,0.204,44.689,231.371,95.134,-86.345,45.204,47566.816,132186.770,20181016_071753,479176,31934,47703,5072
1,KAPX20181016_112452_V06,-30.966,-1.000,47.362,233.068,105.143,-86.327,45.197,52571.510,130676.891,20181016_072452,479172,24768,45779,3432
1,KAPX20181016_113145_V06,-24.083,0.064,104.925,215.383,122.789,-85.963,45.281,61394.730,106318.143,20181016_073145,479177,19796,40811,2884
3,KAPX20181016_113145_V06,-24.083,0.132,36.708,384.331,53.105,-86.376,44.516,26552.620,138233.696,20181016_073145,479177,19796,40811,2884
3,KAPX20181016_113839_V06,-17.183,0.479,41.145,386.311,61.113,-86.347,44.507,30556.432,136432.684,20181016_073839,479170,17546,36672,2963
2,KAPX20181016_111753_V06,-37.949,0.066,114.370,147.555,101.900,-85.909,45.587,50949.837,120101.994,20181016_071753,479176,31934,47703,5072
8,KAPX20181016_130738_V06,71.801,0.157,28.952,462.764,34.724,-86.414,44.162,17361.755,158081.481,20181016_090738,479172,38860,49529,5051
10,KAPX20181017_115336_V06,-3.534,0.357,292.263,412.464,40.536,-84.768,44.401,20267.921,56365.067,20181017_075336,479179,96872,153871,11074
10,KAPX20181017_120259_V06,5.849,0.238,298.815,415.542,49.506,-84.727,44.387,24753.131,57773.928,20181017_080259,479183,111393,154473,15077
10,KAPX20181017_120811_V06,11.049,0.253,313.385,419.115,48.087,-84.636,44.371,24043.371,59932.494,20181017_080811,479176,117822,155173,17412
10,KAPX20181017_121307_V06,15.983,0.055,327.412,422.870,45.874,-84.548,44.354,22937.036,62945.357,20181017_081307,479180,119325,156071,17402
10,KAPX20181017_121805_V06,20.949,0.130,341.142,429.923,42.064,-84.462,44.322,21032.140,68140.660,20181017_081805,479173,121420,156535,17883
10,KAPX20181017_122316_V06,26.133,-1.000,355.223,435.978,38.987,-84.374,44.295,19493.440,73381.856,20181017_082316,479180,124569,156922,18246
10,KAPX20181017_122856_V06,31.799,0.170,357.694,440.536,39.990,-84.358,44.274,19994.951,75958.866,20181017_082856,479179,129255,156343,19503
10,KAPX20181017_123422_V06,37.233,-1.000,366.150,445.878,38.894,-84.306,44.250,19447.098,80087.917,20181017_083422,479183,137459,156106,22045
10,KAPX20181017_123934_V06,42.433,0.096,372.521,452.109,40.452,-84.266,44.222,20226.055,84256.401,20181017_083934,479170,140531,154335,23609
29,KAPX20181017_122856_V06,31.799,0.100,156.549,14.401,16.105,-85.649,46.188,8052.525,159800.429,20181017_082856,479179,129255,156343,19503
29,KAPX20181017_123422_V06,37.233,0.276,158.721,15.918,23.997,-85.635,46.182,11998.262,158636.680,20181017_083422,479183,137459,156106,22045
29,KAPX20181017_123934_V06,42.433,0.233,165.659,21.957,27.335,-85.589,46.155,13667.474,154398.472,20181017_083934,479170,140531,154335,23609
29,KAPX20181017_124431_V06,47.383,-1.000,171.190,26.711,31.405,-85.553,46.134,15702.470,151061.816,20181017_084431,479178,139064,152409,24218
29,KAPX20181017_124928_V06,52.333,0.109,180.574,34.567,27.640,-85.492,46.099,13819.864,145531.090,20181017_084928,479181,134067,150161,23344
29,KAPX20181017_125425_V06,57.283,0.119,183.109,36.971,33.241,-85.475,46.088,16620.622,143916.374,20181017_085425,479182,129962,149601,21341
29,KAPX20181017_130447_V06,67.649,0.268,206.829,49.974,29.615,-85.321,46.030,14807.669,133410.805,20181017_090447,479174,127075,148218,19407
29,KAPX20181017_130958_V06,72.833,0.112,209.990,51.832,35.032,-85.301,46.022,17515.816,131993.372,20181017_090958,479179,125393,147283,18875
2,KAPX20181017_111804_V06,-39.067,0.070,348.539,331.947,61.846,-84.413,44.763,30923.201,29054.216,20181017_071804,479173,94581,131285,21249
2,KAPX20181017_112512_V06,-31.934,0.058,352.977,330.178,71.142,-84.385,44.771,35570.850,30484.935,20181017_072512,479174,92854,135092,19165
11,KAPX20181017_115336_V06,-3.534,0.325,427.891,186.280,22.375,-83.903,45.416,11187.313,85569.191,20181017_075336,479179,96872,153871,11074
11,KAPX20181017_120259_V06,5.849,0.145,432.896,188.415,33.448,-83.871,45.406,16724.226,86764.922,20181017_080259,479183,111393,154473,15077
11,KAPX20181017_120811_V06,11.049,0.348,450.861,196.346,26.003,-83.757,45.370,13001.438,91519.249,20181017_080811,479176,117822,155173,17412
11,KAPX20181017_121307_V06,15.983,0.108,453.136,197.749,32.075,-83.742,45.363,16037.410,92067.834,20181017_081307,479180,119325,156071,17402
3,KAPX20181017_113220_V06,-24.801,0.118,444.103,21.470,21.975,-83.787,46.157,10987.450,156799.840,20181017_073220,479176,90776,144373,15028
3,KAPX20181017_113928_V06,-17.667,0.184,459.867,27.632,18.810,-83.685,46.128,9405.071,157909.599,20181017_073928,479179,87992,143206,11740
12,KAPX20181017_115336_V06,-3.534,0.298,248.835,27.831,20.152,-85.051,46.131,10076.036,138468.478,20181017_075336,479179,96872,153871,11074
16,KAPX20181017_115336_V06,-3.534,0.055,390.155,322.324,17.626,-84.150,44.805,8813.210,46438.932,20181017_075336,479179,96872,153871,11074
17,KAPX20181017_115336_V06,-3.534,0.052,461.545,387.819,46.996,-83.704,44.508,23498.142,91935.933,20181017_075336,479179,96872,153871,11074
30,KAPX20181017_123934_V06,42.433,0.077,321.240,75.502,22.600,-84.583,45.917,11300.091,112750.114,20181017_083934,479170,140531,154335,23609
1,KAPX20181018_124450_V06,46.393,0.250,297.863,302.887,13.353,-84.733,44.894,6676.647,1795.801,20181018_084450,479178,4251,10723,3406
1,KAPX20181019_113706_V06,-22.651,0.123,298.532,301.143,12.387,-84.729,44.902,6193.268,930.158,20181019_073706,479173,8880,14693,1392
1,KAPX20181019_114359_V06,-15.768,0.064,298.239,301.402,19.674,-84.731,44.901,9836.970,1125.784,20181019_074359,479175,9844,15640,1412
2,KAPX20181019_115048_V06,-8.951,0.052,23.044,455.817,37.797,-86.452,44.193,18898.720,158889.375,20181019_075048,479173,11886,16974,1820
5,KAPX20181020_112039_V06,-40.416,0.104,246.240,281.621,18.463,-85.061,44.989,9231.302,28407.150,20181020_072039,479177,47975,56359,15860
5,KAPX20181020_112748_V06,-33.266,0.269,242.010,277.066,33.517,-85.088,45.010,16758.697,31180.134,20181020_072748,479177,43087,59667,10417
5,KAPX20181020_113456_V06,-26.133,-1.000,238.233,272.999,48.151,-85.112,45.028,24075.397,33705.555,20181020_073456,479184,44013,59755,9157
5,KAPX20181020_114206_V06,-18.966,0.147,267.510,293.014,22.387,-84.926,44.938,11193.613,16616.281,20181020_074206,479178,48734,63434,8375
9,KAPX20181020_120332_V06,2.467,0.267,301.273,300.500,27.517,-84.712,44.905,13758.747,683.700,20181020_080332,479174,56107,71464,8371
9,KAPX20181020_121040_V06,9.600,0.165,303.864,302.057,34.303,-84.695,44.898,17151.338,2188.858,20181020_081040,479177,59506,77115,7645
2,KAPX20181020_110621_V06,-54.716,0.059,313.501,350.312,9.007,-84.635,44.681,4503.441,26045.916,20181020_070621,479178,53531,51519,21655
3,KAPX20181020_110621_V06,-54.716,0.055,122.209,338.511,11.684,-85.842,44.728,5842.162,90957.078,20181020_070621,479178,53531,51519,21655
4,KAPX20181020_111330_V06,-47.566,0.075,260.703,347.574,17.663,-84.968,44.693,8831.629,30852.759,20181020_071330,479176,50625,52661,18981
25,KAPX20181020_131434_V06,73.500,0.122,302.822,393.522,30.039,-84.702,44.486,15019.636,46782.413,20181020_091434,479180,107487,126824,8587
25,KAPX20181020_131916_V06,78.200,0.068,309.850,379.838,17.406,-84.658,44.548,8702.785,40221.670,20181020_091916,479174,109578,131308,8354
7,KAPX20181021_132509_V06,82.763,0.098,99.180,31.423,20.227,-86.018,46.108,10113.536,167676.899,20181021_092509,479175,13445,48345,4002
7,KAPX20181021_133217_V06,89.897,0.160,102.844,35.643,30.056,-85.994,46.089,15028.230,164890.260,20181021_093217,479176,13686,49610,3754
8,KAPX20181021_132509_V06,82.763,0.070,198.919,250.324,15.474,-85.362,45.129,7736.866,56313.862,20181021_092509,479175,13445,48345,4002
8,KAPX20181021_133217_V06,89.897,0.050,200.935,251.230,23.124,-85.349,45.125,11562.003,55209.699,20181021_093217,479176,13686,49610,3754
5,KAPX20181023_112232_V06,-42.507,0.389,88.505,428.988,9.637,-86.045,44.319,4818.422,123862.938,20181023_072232,479178,59440,71548,18727
5,KAPX20181023_112653_V06,-38.157,0.095,88.873,429.684,15.728,-86.043,44.316,7864.156,123887.506,20181023_072653,479177,66113,76235,20635
14,KAPX20181023_123129_V06,26.443,0.085,420.377,220.999,20.604,-83.953,45.260,10301.949,71992.574,20181023_083129,479175,61116,65027,23648
14,KAPX20181023_123611_V06,31.143,0.183,421.854,222.823,26.263,-83.944,45.252,13131.571,72119.108,20181023_083611,479173,58503,61984,23109
14,KAPX20181023_124052_V06,35.826,0.137,430.929,235.389,21.441,-83.887,45.195,10720.425,73001.610,20181023_084052,479183,55163,59559,22179
1,KAPX20181023_111350_V06,-51.207,0.145,165.566,347.680,14.415,-85.568,44.690,7207.514,71319.518,20181023_071350,479178,43350,62377,13525
2,KAPX20181023_111350_V06,-51.207,0.068,335.310,240.707,11.168,-84.495,45.174,5584.194,34505.376,20181023_071350,479178,43350,62377,13525
2,KAPX20181023_111811_V06,-46.857,0.385,338.790,224.387,29.172,-84.473,45.247,14586.231,42491.439,20181023_071811,479172,50364,67558,15687
1,KAPX20181024_112336_V06,-42.774,0.470,298.373,428.015,5.195,-84.730,44.331,2597.456,64012.583,20181024_072336,479175,24656,35493,10207
5,KAPX20181024_123847_V06,32.409,0.314,187.335,281.853,25.246,-85.434,44.987,12622.906,57058.501,20181024_083847,479178,17135,27659,5955
1,KAPX20181025_110904_V06,-58.646,0.294,298.217,305.157,16.316,-84.731,44.884,8157.990,2728.147,20181025_070904,479173,4937,14805,1713
3,KAPX20181025_113631_V06,-31.196,0.141,299.986,303.755,12.382,-84.720,44.890,6191.040,1877.485,20181025_073631,479172,10896,16135,2046
5,KAPX20181025_115010_V06,-17.546,0.213,25.941,85.214,29.759,-86.484,45.860,14879.435,174098.936,20181025_075010,479174,13549,17810,2073
7,KAPX20181026_122031_V06,11.461,0.058,24.056,385.258,35.248,-86.455,44.510,17624.062,144407.545,20181026_082031,479181,197198,175802,48335
7,KAPX20181026_122739_V06,18.595,0.090,24.453,384.399,42.369,-86.453,44.514,21184.400,144091.566,20181026_082739,479175,201324,178743,49726
7,KAPX20181026_123447_V06,25.728,0.073,28.815,404.225,54.550,-86.423,44.426,27274.812,145262.186,20181026_083447,479174,204272,182268,50240
7,KAPX20181026_124156_V06,32.878,0.082,25.961,383.402,38.348,-86.443,44.519,19174.044,143224.921,20181026_084156,479175,209745,188961,49430
1,KAPX20181026_111608_V06,-52.922,0.105,295.167,427.043,2.945,-84.750,44.336,1472.660,63567.198,20181026_071608,479175,179083,164272,48520
3,KAPX20181026_111608_V06,-52.922,0.056,27.124,431.142,36.797,-86.430,44.304,18398.745,151376.637,20181026_071608,479175,179083,164272,48520
8,KAPX20181026_122739_V06,18.595,0.061,31.008,511.607,39.825,-86.395,43.943,19912.392,171124.327,20181026_082739,479175,201324,178743,49726
11,KAPX20181026_131739_V06,68.595,0.392,295.402,422.993,3.158,-84.749,44.354,1578.981,61539.635,20181026_091739,479171,227124,203239,50886
15,KAPX20181026_132448_V06,75.745,0.080,298.857,403.208,2.745,-84.727,44.443,1372.316,51607.121,20181026_092448,479175,231411,207432,51588
5,KAPX20181029_114615_V06,-26.858,0.057,336.848,69.772,40.521,-84.482,45.943,20260.609,116579.032,20181029_074615,479177,24110,44902,6298
7,KAPX20181029_124328_V06,30.359,0.209,296.133,322.617,20.643,-84.744,44.805,10321.362,11472.794,20181029_084328,479177,10634,21308,4786
2,KAPX20181031_120153_V06,-13.945,0.345,444.925,302.867,15.974,-83.802,44.891,7986.820,72476.875,20181031_080153,479175,28916,67403,8069
2,KAPX20181031_120852_V06,-6.962,0.511,439.767,299.804,21.436,-83.835,44.905,10717.937,69883.449,20181031_080852,479173,23586,62605,6625
2,KAPX20181031_121555_V06,0.088,0.063,436.880,298.304,23.798,-83.853,44.912,11898.858,68445.196,20181031_081555,479175,20012,55349,6115
1,KAPX20181101_123457_V06,17.756,0.079,267.496,471.166,3.890,-84.923,44.137,1944.963,87112.498,20181101_083457,479172,8327,10443,4641
1,KAPX20181101_124146_V06,24.573,0.070,267.657,476.703,11.201,-84.922,44.112,5600.525,89819.132,20181101_084146,479173,7877,10287,4195
7,KAPX20181104_123716_V06,15.962,0.192,31.305,283.350,38.063,-86.423,44.969,19031.483,134605.144,20181104_073716,479173,20351,26626,5178
7,KAPX20181104_124406_V06,22.796,0.561,33.316,279.637,45.286,-86.411,44.986,22643.066,133729.921,20181104_074406,479171,21562,26334,5384
7,KAPX20181104_125056_V06,29.629,0.208,37.739,269.392,47.552,-86.384,45.033,23775.840,132020.554,20181104_075056,479174,23635,26900,6051
7,KAPX20181104_130437_V06,43.312,-1.000,45.782,251.017,53.742,-86.335,45.116,26870.939,129446.920,20181104_080437,479178,26016,31254,5634
7,KAPX20181104_131147_V06,50.479,0.088,37.099,241.790,49.533,-86.392,45.157,24766.693,134634.149,20181104_081147,479173,27342,34437,5313
7,KAPX20181104_131856_V06,57.629,0.079,35.739,218.868,60.135,-86.403,45.260,30067.695,138217.255,20181104_081856,479172,28726,36520,5189
7,KAPX20181104_132604_V06,64.762,0.133,36.512,190.761,53.020,-86.402,45.386,26510.132,142617.563,20181104_082604,479173,29686,38325,5570
7,KAPX20181104_133313_V06,71.912,0.344,37.937,185.061,58.590,-86.394,45.412,29294.815,143080.531,20181104_083313,479175,32167,40500,5831
7,KAPX20181104_134022_V06,79.062,0.306,41.856,163.058,47.585,-86.372,45.511,23792.494,146109.090,20181104_084022,479170,35081,43087,6187
7,KAPX20181104_134725_V06,86.112,0.090,39.634,161.287,53.029,-86.386,45.519,26514.336,147505.815,20181104_084725,479175,37952,46793,5975
3,KAPX20181104_114929_V06,-31.821,0.106,29.460,460.564,36.040,-86.411,44.172,18020.142,157299.421,20181104_064929,479175,17952,25908,5028
3,KAPX20181104_120308_V06,-18.171,0.087,35.427,447.003,48.596,-86.376,44.234,24297.815,151334.755,20181104_070308,479175,17971,25465,4241
3,KAPX20181104_120958_V06,-11.338,0.178,39.334,427.081,47.516,-86.354,44.324,23758.082,144996.799,20181104_070958,479169,18694,25347,4744
3,KAPX20181104_121647_V06,-4.521,-1.000,42.970,410.650,48.376,-86.333,44.398,24187.978,139917.518,20181104_071647,479171,18806,24820,4841
3,KAPX20181104_122337_V06,2.312,-1.000,46.616,394.179,49.238,-86.312,44.472,24618.926,135160.401,20181104_072337,479176,19378,24424,5288
3,KAPX20181104_123027_V06,9.146,0.131,30.590,396.012,48.450,-86.413,44.463,24224.972,143003.426,20181104_073027,479175,19881,24845,5435
2,KAPX20181104_113548_V06,-45.504,0.089,25.371,510.123,36.953,-86.430,43.949,18476.454,172896.484,20181104_063548,479177,15602,26643,4197
2,KAPX20181104_114239_V06,-38.654,0.291,27.411,500.857,45.873,-86.419,43.991,22936.670,169298.862,20181104_064239,479172,16886,27343,4487
5,KAPX20181104_122337_V06,2.312,0.285,299.269,304.288,11.912,-84.724,44.888,5956.108,2175.121,20181104_072337,479176,19378,24424,5288
5,KAPX20181104_123027_V06,9.146,0.327,299.782,303.540,18.970,-84.721,44.891,9485.199,1773.253,20181104_073027,479175,19881,24845,5435
6,KAPX20181104_122337_V06,2.312,0.099,32.689,307.662,39.954,-86.411,44.860,19977.100,133710.243,20181104_072337,479176,19378,24424,5288
6,KAPX20181104_123027_V06,9.146,0.162,32.027,302.606,45.520,-86.416,44.883,22759.841,133992.797,20181104_073027,479175,19881,24845,5435
10,KAPX20181104_131147_V06,50.479,0.063,301.420,301.975,9.310,-84.711,44.898,4654.911,1216.394,20181104_081147,479173,27342,34437,5313
10,KAPX20181104_131856_V06,57.629,0.391,301.880,301.830,16.051,-84.708,44.899,8025.344,1311.754,20181104_081856,479172,28726,36520,5189
10,KAPX20181104_132604_V06,64.762,0.083,298.342,302.774,11.328,-84.730,44.895,5663.773,1615.626,20181104_082604,479173,29686,38325,5570
4,KAPX20181104_120958_V06,-11.338,0.148,300.525,303.565,12.131,-84.716,44.891,6065.632,1801.910,20181104_070958,479169,18694,25347,4744
8,KAPX20181104_125056_V06,29.629,0.050,29.666,418.775,43.911,-86.415,44.360,21955.547,147638.269,20181104_075056,479174,23635,26900,6051
9,KAPX20181104_130437_V06,43.312,0.057,29.107,246.439,40.282,-86.442,45.135,20140.919,138068.713,20181104_080437,479178,26016,31254,5634
7,KAPX20181107_122552_V06,0.440,0.112,37.712,374.165,38.197,-86.371,44.562,19098.684,136286.017,20181107_072552,479175,182435,222824,21550
7,KAPX20181107_123301_V06,7.590,0.103,56.604,379.415,28.482,-86.251,44.540,14241.004,128012.039,20181107_073301,479176,177129,223021,19463
11,KAPX20181107_123301_V06,7.590,0.056,67.678,127.339,42.964,-86.211,45.674,21482.029,144728.466,20181107_073301,479176,177129,223021,19463
1,KAPX20181115_133825_V06,62.067,0.089,297.764,302.805,9.691,-84.734,44.895,4845.600,1793.790,20181115_083825,479177,1625,6370,1326
1,KAPX20181115_134515_V06,68.901,-1.000,297.764,302.805,20.556,-84.734,44.895,10278.100,1793.790,20181115_084515,479180,1890,7306,1398
1,KAPX20181115_135204_V06,75.717,0.067,298.280,303.108,12.980,-84.731,44.893,6489.933,1776.071,20181115_085204,479178,1495,7748,997
5,KAPX20181116_122648_V06,-10.894,0.234,25.617,228.876,45.693,-86.466,45.214,22846.357,141725.544,20181116_072648,479171,305718,311337,24609
5,KAPX20181116_123357_V06,-3.744,0.611,26.882,230.306,52.425,-86.458,45.208,26212.386,140935.052,20181116_073357,479180,308097,312854,25466
5,KAPX20181116_124107_V06,3.422,0.557,28.555,232.235,52.586,-86.447,45.199,26292.798,139887.748,20181116_074107,479178,310317,314659,25703
5,KAPX20181116_124816_V06,10.572,0.386,33.821,237.366,54.628,-86.413,45.177,27313.887,136724.424,20181116_074816,479176,312404,315959,26628
5,KAPX20181116_130234_V06,24.872,0.605,41.343,252.218,60.201,-86.363,45.110,30100.450,131516.871,20181116_080234,479174,313548,316172,27968
5,KAPX20181116_130942_V06,32.006,0.061,46.147,261.326,65.349,-86.332,45.070,32674.251,128391.221,20181116_080942,479180,314751,314837,29044
2,KAPX20181117_115220_V06,-46.699,0.059,30.823,498.172,34.611,-86.398,44.003,17305.643,167129.228,20181117_065220,479176,117763,145606,14281
1,KAPX20181119_133155_V06,50.232,0.073,30.575,401.755,57.208,-86.412,44.437,28603.909,143999.811,20181119_083155,479178,116989,131762,10608
4,KAPX20181122_134907_V06,63.529,0.178,298.692,303.773,10.866,-84.728,44.890,5432.880,1996.473,20181122_084907,479172,32814,50311,4373
4,KAPX20181122_140326_V06,77.845,0.155,298.609,303.794,17.228,-84.729,44.890,8613.798,2020.713,20181122_090326,479175,36046,57812,4142
1,KAPX20181122_120343_V06,-41.871,0.209,299.000,302.696,10.298,-84.726,44.895,5148.888,1437.623,20181122_070343,479178,8918,14989,2302
2,KAPX20181122_123104_V06,-14.521,0.189,297.686,303.969,13.706,-84.734,44.889,6853.172,2297.132,20181122_073104,479176,20208,29042,3620
3,KAPX20181122_131320_V06,27.745,0.051,298.737,304.694,12.389,-84.728,44.886,6194.271,2430.286,20181122_081320,479179,32747,46266,5276
2,KAPX20181124_115518_V06,-52.832,0.059,276.730,163.509,21.170,-84.869,45.521,10585.009,69230.267,20181124_065518,479179,186829,170038,75200
2,KAPX20181124_120441_V06,-43.448,0.743,271.168,161.805,23.848,-84.904,45.529,11923.954,70585.501,20181124_070441,479177,190151,171406,73529
9,KAPX20181124_131051_V06,22.718,0.056,280.680,135.786,32.592,-84.844,45.646,16295.780,82673.163,20181124_081051,479178,238438,213603,70208
1,KAPX20181129_130252_V06,8.635,0.072,21.021,467.402,25.654,-86.463,44.141,12827.213,162674.937,20181129_080252,479175,21623,30710,3889
2,KAPX20181129_130252_V06,8.635,0.068,298.463,286.723,15.161,-84.729,44.967,7580.452,6682.894,20181129_080252,479175,21623,30710,3889
4,KAPX20181202_122333_V06,-34.126,0.061,24.229,173.537,28.575,-86.483,45.463,14287.573,151692.651,20181202_072333,479178,202463,222126,37041
4,KAPX20181202_122907_V06,-28.559,0.080,28.997,142.917,50.535,-86.457,45.601,25267.553,156618.726,20181202_072907,479174,197969,218756,37299
1,KAPX20181203_131032_V06,11.752,0.148,298.447,302.563,7.666,-84.730,44.896,3832.947,1498.444,20181203_081032,479171,12010,37049,4723
2,KAPX20181203_140627_V06,67.669,0.441,301.886,300.050,19.389,-84.708,44.907,9694.637,943.140,20181203_090627,479175,1831,12474,1338
1,KAPX20181204_120554_V06,-53.963,0.084,241.987,241.411,2.201,-85.089,45.170,1100.664,41225.619,20181204_070554,479171,324,5495,181
2,KAPX20181212_132636_V06,19.045,0.245,32.498,420.693,52.379,-86.397,44.352,26189.663,146734.573,20181212_082636,479175,8338,10678,2192
2,KAPX20181212_133330_V06,25.945,0.263,33.423,419.570,60.683,-86.392,44.357,30341.278,146082.652,20181212_083330,479174,9315,11728,2044
2,KAPX20181212_134019_V06,32.762,0.204,36.933,414.126,63.286,-86.370,44.382,31643.164,143377.888,20181212_084019,479179,10652,13065,2152
2,KAPX20181212_134709_V06,39.595,0.096,53.917,404.200,67.544,-86.265,44.428,33771.963,133617.544,20181212_084709,479172,11898,13673,2366
2,KAPX20181212_140048_V06,53.245,0.100,42.560,361.094,52.386,-86.342,44.621,26192.945,132294.828,20181212_090048,479174,13835,14830,2169
1,KAPX20181212_131256_V06,5.379,0.125,31.513,444.806,53.856,-86.400,44.243,26927.986,152523.943,20181212_081256,479175,5918,8608,1853
1,KAPX20181212_131946_V06,12.212,0.129,30.288,439.151,59.056,-86.409,44.269,29528.107,151746.132,20181212_081946,479175,7184,9625,2103
1,KAPX20181213_140544_V06,57.355,0.069,310.578,303.445,19.018,-84.653,44.892,9508.801,5562.608,20181213_090544,479173,1068,7183,864
1,KAPX20181216_125136_V06,-19.045,0.089,423.439,193.650,3.808,-83.932,45.383,1903.755,81466.998,20181216_075136,479181,24012,25300,17950
4,KAPX20181216_142417_V06,73.639,0.265,162.216,377.237,16.531,-85.587,44.556,8265.570,78977.701,20181216_092417,479176,18314,23387,14014
5,KAPX20181216_142417_V06,73.639,0.104,202.514,512.308,11.122,-85.327,43.950,5561.159,116809.854,20181216_092417,479176,18314,23387,14014
1,KAPX20181219_124444_V06,-27.849,0.085,300.773,303.741,16.359,-84.715,44.890,8179.703,1909.917,20181219_074444,479174,1247,8894,928
2,KAPX20181219_132609_V06,13.568,0.060,303.852,311.998,27.225,-84.695,44.853,13612.663,6300.673,20181219_082609,479177,867,13230,710
3,KAPX20181219_142843_V06,76.134,0.069,298.929,301.657,20.074,-84.726,44.900,10037.205,986.573,20181219_092843,479175,1724,12819,1399
4,KAPX20181220_123025_V06,-42.735,0.056,35.239,105.473,48.089,-86.422,45.770,24044.628,164270.240,20181220_073025,479177,199998,249268,15325
1,KAPX20181222_141156_V06,57.760,0.141,29.491,241.181,56.199,-86.440,45.159,28099.552,138414.998,20181222_091156,479181,2641,7845,1475
1,KAPX20181222_141905_V06,64.910,0.076,29.062,239.493,63.346,-86.443,45.166,31672.751,138806.095,20181222_091905,479178,2578,7574,1609
1,KAPX20181222_142613_V06,72.043,0.066,35.551,249.649,74.070,-86.400,45.121,37034.988,134599.701,20181222_092613,479179,2120,7177,1526
4,KAPX20181224_124019_V06,-34.717,0.073,112.854,252.124,24.962,-85.909,45.116,12481.032,96586.247,20181224_074019,479182,160894,197413,19722
3,KAPX20181227_143549_V06,79.800,0.125,46.803,286.113,48.162,-86.324,44.958,24081.217,126788.564,20181227_093549,479176,130705,140747,8499
11,KAPX20181228_141645_V06,60.490,0.091,16.978,257.449,15.077,-86.517,45.085,7538.741,143101.211,20181228_091645,479173,82292,116332,15048
11,KAPX20181228_142128_V06,65.206,0.089,17.456,256.842,21.501,-86.514,45.087,10750.525,142910.560,20181228_092128,479179,80896,115404,15860
11,KAPX20181228_142611_V06,69.923,-1.000,17.832,256.364,28.153,-86.512,45.090,14076.580,142760.962,20181228_092611,479173,78267,111820,16474
11,KAPX20181228_143052_V06,74.606,0.199,29.140,249.420,19.247,-86.441,45.122,9623.718,137771.336,20181228_093052,479180,78320,107456,17770
12,KAPX20181228_141645_V06,60.490,0.051,428.791,240.139,24.362,-83.901,45.174,12181.168,71011.253,20181228_091645,479173,82292,116332,15048
1,KAPX20181231_122001_V06,-56.721,0.233,302.745,298.364,12.300,-84.702,44.915,6149.857,1597.677,20181231_072001,479174,2635,7017,861
