track_id,filename,from_sunrise,det_score,x,y,r,lon,lat,radius,geo_dist,local_time,n_radar_pixels,n_refAbove40_pixels,n_xcorrAbove0.95_pixels,n_xcorrBelow0.95_refAbove40_pixels
1,KAPX20200601_102631_V06,30.978,0.057,300.820,302.132,20.922,-84.715,44.898,10460.991,1142.046,20200601_062631,479173,2347,10822,1642
1,KAPX20200603_102355_V06,29.352,0.054,323.932,129.299,28.394,-84.566,45.675,14197.235,86185.194,20200603_062355,479172,26318,38990,20072
2,KAPX20200603_105225_V06,57.852,0.611,458.513,269.375,6.461,-83.714,45.041,3230.671,80721.905,20200603_065225,479176,13303,40067,8687
1,KAPX20200604_110136_V06,67.467,0.077,362.552,399.950,36.746,-84.327,44.457,18372.919,58954.846,20200604_070136,479174,12364,41121,8308
1,KAPX20200605_104117_V06,47.543,0.058,27.432,60.423,31.373,-86.478,45.972,15686.457,181446.097,20200605_064117,479178,8620,21133,5082
2,KAPX20200608_095521_V06,2.557,0.110,371.531,413.172,5.609,-84.271,44.397,2804.270,66941.357,20200608_055521,479173,15057,42672,10865
2,KAPX20200608_100445_V06,11.957,0.669,371.998,411.542,15.041,-84.268,44.404,7520.478,66380.150,20200608_060445,479173,14996,43204,10908
2,KAPX20200608_100926_V06,16.641,0.081,369.532,412.343,20.203,-84.283,44.401,10101.366,66060.055,20200608_060926,479174,16544,35932,12535
2,KAPX20200608_101628_V06,23.674,0.058,387.721,413.520,33.202,-84.169,44.395,16601.174,71731.810,20200608_061628,479173,16773,35968,12967
1,KAPX20200609_093105_V06,-21.471,0.056,344.172,424.451,31.684,-84.443,44.347,15841.778,66028.822,20200609_053105,479173,10679,17308,8995
2,KAPX20200609_101352_V06,21.313,0.062,372.865,410.623,32.476,-84.262,44.409,16238.180,66232.071,20200609_061352,479173,39232,28416,33280
1,KAPX20200610_090352_V06,-48.487,0.392,353.695,330.616,18.421,-84.381,44.769,9210.541,30904.845,20200610_050352,479181,74260,101710,12664
8,KAPX20200610_092646_V06,-25.587,0.101,328.656,142.600,48.159,-84.536,45.615,24079.540,79993.459,20200610_052646,479180,37451,67472,7661
10,KAPX20200610_093114_V06,-21.121,0.264,348.725,408.593,29.790,-84.414,44.418,14895.094,59511.613,20200610_053114,479199,31925,64308,6610
4,KAPX20200611_095107_V06,-1.076,0.054,293.676,154.592,38.102,-84.760,45.561,19051.041,72772.690,20200611_055107,479170,17842,57192,1447
1,KAPX20200614_091828_V06,-33.476,0.134,295.906,302.743,14.347,-84.746,44.895,7173.283,2463.994,20200614_051828,479175,4527,17591,2518
1,KAPX20200614_092516_V06,-26.676,0.059,297.815,302.933,12.354,-84.734,44.894,6177.132,1828.671,20200614_052516,479176,5493,16257,3515
8,KAPX20200621_103914_V06,46.539,0.087,39.311,429.671,71.615,-86.354,44.312,35807.713,145579.246,20200621_063914,479195,67422,112906,5143
8,KAPX20200621_104444_V06,52.039,0.076,41.227,426.344,81.155,-86.342,44.327,40577.465,143984.669,20200621_064444,479179,71706,117137,4966
19,KAPX20200624_104856_V06,55.366,0.209,327.103,119.209,16.033,-84.546,45.720,8016.441,91405.481,20200624_064856,479179,58135,80856,9882
19,KAPX20200624_105409_V06,60.583,0.062,328.236,120.340,22.228,-84.538,45.715,11113.780,90932.546,20200624_065409,479180,54477,80896,8611
17,KAPX20200624_104343_V06,50.149,0.057,315.869,129.396,28.288,-84.618,45.675,14143.913,85670.467,20200624_064343,479182,64003,83661,10149
1,KAPX20200625_110634_V06,72.638,0.060,384.254,153.565,31.109,-84.180,45.565,15554.359,84471.701,20200625_070634,479177,14842,29960,11638
1,KAPX20200628_104407_V06,48.905,0.112,342.870,408.520,31.838,-84.451,44.419,15919.106,58340.455,20200628_064407,479174,11745,32942,8272
1,KAPX20200628_105056_V06,55.721,0.065,346.292,408.365,39.413,-84.429,44.419,19706.606,58919.340,20200628_065056,479171,10239,35137,6761
1,KAPX20200629_092940_V06,-26.038,0.057,347.546,516.620,5.830,-84.424,43.932,2915.157,110888.453,20200629_052940,479175,41458,23703,35456
1,KAPX20200629_093648_V06,-18.905,0.061,347.699,516.574,14.609,-84.423,43.932,7304.532,110882.181,20200629_053648,479170,44099,24018,38844
1,KAPX20200630_092623_V06,-29.846,0.085,342.953,411.097,29.376,-84.450,44.407,14688.051,59555.554,20200630_052623,479172,16244,22052,12719
1,KAPX20200701_092927_V06,-27.335,0.232,358.466,141.568,2.770,-84.345,45.619,1385.223,84438.031,20200701_052927,479170,12276,24685,9287
1,KAPX20200703_092211_V06,-35.801,0.092,264.299,464.459,11.155,-84.943,44.167,5577.398,84144.844,20200703_052211,479174,20689,27143,16192
2,KAPX20200703_104106_V06,43.116,0.072,141.509,330.614,10.657,-85.721,44.765,5328.291,80710.303,20200703_064106,479173,27758,38950,20163
3,KAPX20200703_110912_V06,71.216,0.154,310.866,561.840,20.125,-84.652,43.729,10062.350,131032.522,20200703_070912,479173,34718,43825,26619
4,KAPX20200703_112316_V06,85.282,0.151,426.110,405.646,40.640,-83.928,44.429,20319.815,82257.166,20200703_072316,479175,35755,43639,27754
2,KAPX20200704_100600_V06,7.372,0.113,193.112,66.571,7.546,-85.409,45.955,3773.237,128368.692,20200704_060600,479173,77308,26228,68064
5,KAPX20200704_103412_V06,35.572,0.121,463.521,500.625,22.938,-83.700,44.000,11468.789,129411.673,20200704_063412,479171,53507,26901,46533
1,KAPX20200705_100339_V06,4.351,0.270,300.640,419.013,14.451,-84.716,44.372,7225.746,59507.498,20200705_060339,479175,27513,33174,22095
8,KAPX20200707_091528_V06,-45.257,0.054,150.597,329.824,16.820,-85.663,44.769,8410.227,76175.299,20200707_051528,479176,17514,49234,5610
20,KAPX20200707_111827_V06,77.727,0.075,245.396,415.432,19.690,-85.062,44.387,9844.835,63847.941,20200707_071827,479174,13322,33559,9397
2,KAPX20200708_094111_V06,-20.291,0.052,513.664,444.637,17.271,-83.382,44.249,8635.675,129007.952,20200708_054111,479172,25968,35413,20405
3,KAPX20200708_100203_V06,0.575,0.104,285.454,440.509,18.919,-84.811,44.275,9459.427,70629.764,20200708_060203,479172,21126,41943,15715
4,KAPX20200709_110146_V06,59.516,0.052,297.253,404.542,5.525,-84.737,44.437,2762.484,52289.210,20200709_070146,479179,57881,80732,16529
4,KAPX20200709_110610_V06,63.916,0.062,297.069,404.868,11.583,-84.738,44.435,5791.695,52454.449,20200709_070610,479182,57720,79012,16730
3,KAPX20200709_102124_V06,19.149,0.083,355.766,407.940,23.810,-84.370,44.421,11905.249,60747.217,20200709_062124,479177,88339,100898,31857
2,KAPX20200710_093024_V06,-32.652,0.272,436.418,191.919,9.451,-83.849,45.390,4725.430,87022.142,20200710_053024,479177,152093,152072,21753
6,KAPX20200710_093705_V06,-25.968,0.065,282.559,332.240,20.540,-84.830,44.762,10270.014,18327.633,20200710_053705,479176,158153,159390,20343
11,KAPX20200710_101305_V06,10.032,0.225,451.999,297.586,10.648,-83.757,44.914,5323.788,76008.868,20200710_061305,479171,175855,193928,12723
2,KAPX20200715_111904_V06,71.673,0.061,23.828,432.240,27.579,-86.450,44.299,13789.731,153100.192,20200715_071904,479173,37684,56551,4954
2,KAPX20200715_112434_V06,77.173,0.092,24.679,431.079,34.601,-86.445,44.304,17300.742,152465.813,20200715_072434,479178,37328,55841,4622
1,KAPX20200715_095751_V06,-9.543,0.050,319.082,420.682,29.860,-84.600,44.364,14930.023,61090.531,20200715_055751,479178,23198,44356,6360
5,KAPX20200716_094941_V06,-18.640,0.082,439.578,234.588,33.106,-83.832,45.198,16553.226,77072.616,20200716_054941,479182,61284,86952,8744
1,KAPX20200718_092425_V06,-45.822,0.075,441.609,231.740,2.417,-83.818,45.211,1208.332,78600.991,20200718_052425,479174,12194,53227,9354
2,KAPX20200718_101311_V06,2.945,0.071,359.793,512.886,52.777,-84.347,43.949,26388.592,110561.591,20200718_061311,479173,6682,51052,5622
13,KAPX20200719_103040_V06,19.445,0.128,62.465,65.982,57.612,-86.252,45.950,28805.819,166724.040,20200719_063040,479188,295713,284953,16232
16,KAPX20200719_111225_V06,61.195,0.063,176.732,89.748,45.696,-85.513,45.850,22847.977,121861.760,20200719_071225,479182,349082,334481,16085
16,KAPX20200719_111953_V06,68.661,0.096,143.745,105.680,95.961,-85.724,45.777,47980.415,124675.571,20200719_071953,479182,352241,339173,15980
2,KAPX20200721_102151_V06,8.614,0.471,27.689,383.066,49.786,-86.432,44.521,24893.108,142349.091,20200721_062151,479172,10768,20593,7909
5,KAPX20200723_104445_V06,29.443,0.054,336.558,414.443,31.298,-84.490,44.392,15648.834,60070.251,20200723_064445,479175,14553,25266,7971
1,KAPX20200724_101231_V06,-3.845,0.140,278.215,429.285,5.932,-84.856,44.325,2965.940,65553.890,20200724_061231,479175,5657,24830,3929
1,KAPX20200724_101939_V06,3.288,0.458,277.939,427.885,12.877,-84.858,44.332,6438.655,64886.835,20200724_061939,479177,8764,24012,6809
1,KAPX20200724_102646_V06,10.405,0.203,275.842,424.643,14.642,-84.871,44.346,7321.149,63481.278,20200724_062646,479171,8949,23236,7161
3,KAPX20200724_101939_V06,3.288,0.058,446.934,506.212,29.763,-83.804,43.976,14881.566,126602.946,20200724_061939,479177,8764,24012,6809
1,KAPX20200725_104911_V06,31.755,0.114,337.431,408.193,32.397,-84.485,44.420,16198.320,57242.497,20200725_064911,479172,10106,27115,8293
1,KAPX20200727_102310_V06,3.573,0.088,254.540,92.263,27.202,-85.012,45.841,13601.221,106326.363,20200727_062310,479170,13945,39677,6807
2,KAPX20200727_102310_V06,3.573,0.069,534.485,435.751,48.670,-83.251,44.287,24334.812,135473.040,20200727_062310,479170,13945,39677,6807
1,KAPX20200728_101950_V06,-0.858,0.132,469.590,505.410,19.275,-83.663,43.978,9637.425,133186.084,20200728_061950,479169,9142,31871,5437
2,KAPX20200728_110233_V06,41.859,0.354,422.890,182.927,8.683,-83.935,45.431,4341.465,84864.597,20200728_070233,479173,14369,37612,10454
4,KAPX20200728_113106_V06,70.409,0.179,25.042,489.839,37.865,-86.435,44.040,18932.308,167063.689,20200728_073106,479168,16971,43275,12759
1,KAPX20200729_102640_V06,4.869,0.069,460.980,509.992,30.001,-83.717,43.958,15000.341,132298.070,20200729_062640,479172,3972,33009,2417
2,KAPX20200731_101329_V06,-10.551,0.076,447.242,511.562,17.203,-83.803,43.952,8601.542,128878.602,20200731_061329,479175,5784,24900,3482
2,KAPX20200731_102037_V06,-3.418,-1.000,447.242,511.562,28.545,-83.803,43.952,14272.542,128878.602,20200731_062037,479174,8119,24575,5723
2,KAPX20200731_102744_V06,3.699,0.058,441.297,517.756,30.144,-83.840,43.924,15071.768,129790.438,20200731_062744,479171,9183,22855,6747
2,KAPX20200731_103452_V06,10.832,0.139,440.112,516.405,23.904,-83.847,43.930,11951.769,128901.441,20200731_063452,479174,8713,20854,6453
3,KAPX20200731_102744_V06,3.699,0.172,483.903,360.505,10.447,-83.561,44.629,5223.597,96800.272,20200731_062744,479171,9183,22855,6747
3,KAPX20200731_103452_V06,10.832,0.073,483.659,361.872,19.606,-83.563,44.623,9802.955,96900.542,20200731_063452,479174,8713,20854,6453
5,KAPX20200731_103452_V06,10.832,0.096,274.732,442.687,16.978,-84.878,44.265,8489.191,72453.646,20200731_063452,479174,8713,20854,6453
5,KAPX20200801_101418_V06,-10.864,0.499,483.562,558.645,21.512,-83.580,43.738,10755.945,158581.435,20200801_061418,479173,28933,30857,22211
5,KAPX20200801_102126_V06,-3.730,0.639,481.023,558.897,32.120,-83.596,43.737,16060.039,157953.611,20200801_062126,479170,39683,31305,32952
5,KAPX20200801_102835_V06,3.420,0.725,477.682,553.495,38.234,-83.617,43.761,19117.016,154782.356,20200801_062835,479172,43083,31726,35776
5,KAPX20200801_103542_V06,10.536,0.497,479.402,549.282,45.967,-83.605,43.780,22983.355,153563.327,20200801_063542,479170,46419,31790,38270
1,KAPX20200801_093837_V06,-46.547,0.136,275.126,420.559,10.426,-84.876,44.365,5213.230,61549.287,20200801_053837,479170,55159,29802,44764
1,KAPX20200801_094546_V06,-39.397,0.460,277.254,421.015,18.856,-84.862,44.363,9427.921,61566.843,20200801_054546,479173,34589,34679,25228
1,KAPX20200801_095254_V06,-32.264,0.190,270.778,412.207,11.716,-84.903,44.402,5858.171,57974.902,20200801_055254,479170,21714,36085,14240
6,KAPX20200801_102835_V06,3.420,0.095,278.439,437.528,15.504,-84.855,44.288,7752.012,69603.822,20200801_062835,479172,43083,31726,35776
1,KAPX20200802_093531_V06,-50.783,0.096,410.762,133.426,2.503,-84.009,45.654,1251.316,100019.125,20200802_053531,479171,141560,117007,47130
1,KAPX20200802_094121_V06,-44.950,0.052,412.718,133.881,12.470,-83.997,45.652,6235.080,100375.558,20200802_054121,479172,142337,120150,44857
9,KAPX20200804_095448_V06,-33.790,0.169,358.464,281.503,7.084,-84.349,44.990,3541.958,30660.130,20200804_055448,479174,24111,53354,5938
2,KAPX20200806_112944_V06,58.833,0.121,24.488,308.785,28.962,-86.463,44.854,14481.052,137825.782,20200806_072944,479173,41787,38792,35198
1,KAPX20200809_111536_V06,41.200,0.203,23.739,250.752,24.612,-86.475,45.115,12306.211,140308.072,20200809_071536,479176,8817,14402,3236
1,KAPX20200809_112002_V06,45.633,0.291,23.598,251.000,32.015,-86.476,45.114,16007.297,140356.028,20200809_072002,479175,8996,14686,3172
1,KAPX20200809_112426_V06,50.033,-1.000,23.490,251.188,39.279,-86.477,45.113,19639.567,140392.579,20200809_072426,479174,9396,15455,3075
1,KAPX20200809_112846_V06,54.366,0.051,26.797,251.363,32.676,-86.456,45.113,16337.879,138749.108,20200809_072846,479177,10243,16061,3164
2,KAPX20200811_112409_V06,47.399,0.477,436.422,519.842,13.484,-83.871,43.915,6741.846,129364.942,20200811_072409,479187,35425,61264,20043
2,KAPX20200811_112731_V06,50.766,-1.000,436.422,519.842,18.837,-83.871,43.915,9418.346,129364.942,20200811_072731,479201,34664,60626,19511
2,KAPX20200811_113054_V06,54.149,0.457,440.039,524.672,22.927,-83.848,43.893,11463.680,132371.196,20200811_073054,479190,32288,58844,18340
3,KAPX20200813_103630_V06,-2.612,0.210,439.432,511.226,32.133,-83.851,43.953,16066.303,126548.110,20200813_063630,479168,49395,54349,31547
3,KAPX20200813_104055_V06,1.804,-1.000,439.432,511.226,39.155,-83.851,43.953,19577.553,126548.110,20200813_064055,479176,55837,55663,35545
3,KAPX20200813_104524_V06,6.288,0.067,439.169,513.767,39.538,-83.853,43.942,19768.989,127538.636,20200813_064524,479177,59376,56024,38340
1,KAPX20200813_101203_V06,-27.062,0.074,29.172,80.151,40.969,-86.464,45.883,20484.253,174414.188,20200813_061203,479172,53380,46421,38173
5,KAPX20200813_110326_V06,24.321,0.094,29.468,414.417,48.102,-86.417,44.380,24050.901,146866.340,20200813_070326,479172,57898,46960,40401
6,KAPX20200813_111928_V06,40.354,0.183,28.138,106.618,38.906,-86.467,45.764,19452.904,166812.153,20200813_071928,479176,48398,53020,27374
1,KAPX20200814_102135_V06,-18.713,0.486,486.254,556.342,16.158,-83.564,43.748,8079.020,158431.282,20200814_062135,479174,41091,49777,27063
1,KAPX20200814_102604_V06,-14.230,0.633,484.974,556.904,21.478,-83.572,43.745,10738.757,158283.943,20200814_062604,479173,39360,49459,25352
1,KAPX20200814_103046_V06,-9.530,0.551,481.777,556.996,24.667,-83.591,43.745,12333.611,157392.948,20200814_063046,479168,42534,48883,28167
1,KAPX20200814_103526_V06,-4.863,0.656,478.659,559.402,30.379,-83.611,43.735,15189.310,157487.164,20200814_063526,479171,45530,48859,31040
1,KAPX20200814_104007_V06,-0.180,0.777,475.891,555.559,32.443,-83.628,43.752,16221.520,155119.506,20200814_064007,479172,47596,48852,33597
1,KAPX20200814_104448_V06,4.504,0.311,468.180,550.645,35.776,-83.675,43.775,17888.165,150920.040,20200814_064448,479173,46110,47500,33391
2,KAPX20200814_103526_V06,-4.863,0.086,271.804,155.266,30.070,-84.900,45.558,15034.895,73727.437,20200814_063526,479171,45530,48859,31040
2,KAPX20200814_104007_V06,-0.180,0.057,271.337,155.266,35.535,-84.903,45.558,17767.404,73772.584,20200814_064007,479172,47596,48852,33597
4,KAPX20200814_114500_V06,64.704,0.195,221.401,386.257,31.703,-85.214,44.518,15851.313,58348.184,20200814_074500,479172,33952,35846,27164
3,KAPX20200815_102906_V06,-12.382,0.367,488.167,543.326,19.370,-83.551,43.806,9684.765,153797.481,20200815_062906,479180,8053,31369,3689
3,KAPX20200815_103347_V06,-7.699,0.475,488.504,543.653,26.165,-83.548,43.805,13082.446,154029.447,20200815_063347,479170,9524,32186,4644
3,KAPX20200815_103829_V06,-2.999,0.554,486.764,543.350,32.914,-83.559,43.806,16457.217,153378.775,20200815_063829,479179,10855,33129,5743
3,KAPX20200815_104309_V06,1.668,0.610,486.540,544.105,41.143,-83.561,43.803,20571.464,153610.383,20200815_064309,479177,12093,34315,6510
3,KAPX20200815_104750_V06,6.351,0.614,486.061,543.540,47.563,-83.564,43.805,23781.570,153240.245,20200815_064750,479172,12876,34021,7357
3,KAPX20200815_105232_V06,11.051,0.195,483.119,543.284,52.137,-83.582,43.807,26068.418,152249.478,20200815_065232,479177,12642,34034,7176
3,KAPX20200815_110155_V06,20.435,0.061,495.094,534.331,53.554,-83.507,43.846,26777.105,152457.098,20200815_070155,479180,12705,33793,7024
2,KAPX20200816_104649_V06,4.147,0.105,487.388,565.295,17.289,-83.557,43.707,8644.566,162400.590,20200816_064649,479177,55607,59379,30916
2,KAPX20200816_105206_V06,9.431,0.295,488.598,564.289,22.804,-83.550,43.712,11402.143,162340.445,20200816_065206,479174,54425,58117,30494
2,KAPX20200818_110313_V06,18.170,0.053,57.191,419.132,5.282,-86.243,44.361,2641.109,135229.854,20200818_070313,479171,9948,26049,7441
2,KAPX20200819_104331_V06,-2.720,0.314,449.294,511.191,12.244,-83.790,43.953,6122.150,129316.002,20200819_064331,479174,33215,29164,25334
2,KAPX20200819_105039_V06,4.413,0.062,449.633,513.191,21.147,-83.788,43.944,10573.420,130230.955,20200819_065039,479170,30901,25654,24028
11,KAPX20200820_110050_V06,13.406,0.255,529.167,545.120,52.347,-83.296,43.795,26173.260,167780.820,20200820_070050,479171,61626,64794,10642
11,KAPX20200820_110616_V06,18.840,0.103,529.185,543.518,59.862,-83.296,43.802,29930.797,167202.685,20200820_070616,479170,63919,65889,11086
16,KAPX20200822_110209_V06,12.343,0.103,184.224,365.656,23.685,-85.449,44.609,11842.564,66548.558,20200822_070209,479178,61913,79401,10552
11,KAPX20200823_114201_V06,51.020,0.118,390.468,286.778,57.010,-84.146,44.965,28504.955,45714.668,20200823_074201,479171,29032,41758,9787
11,KAPX20200823_114636_V06,55.604,0.145,389.215,285.589,65.199,-84.154,44.971,32599.413,45185.630,20200823_074636,479170,28363,42167,8745
11,KAPX20200823_115057_V06,59.954,0.151,384.684,281.220,71.724,-84.183,44.990,35862.065,43370.670,20200823_075057,479174,27025,41401,7955
11,KAPX20200823_115517_V06,64.287,0.150,387.089,279.911,72.038,-84.167,44.996,36019.143,44688.059,20200823_075517,479168,26710,41601,7314
11,KAPX20200823_120358_V06,72.970,0.053,398.074,283.317,68.634,-84.098,44.981,34316.920,49741.360,20200823_080358,479178,25294,40139,6304
2,KAPX20200823_104731_V06,-3.480,0.360,375.376,101.120,17.179,-84.235,45.801,8589.321,106342.407,20200823_064731,479176,44259,44697,21456
5,KAPX20200823_105150_V06,0.837,0.072,237.453,296.121,6.392,-85.116,44.924,3195.776,31333.398,20200823_065150,479173,45748,46680,21757
6,KAPX20200823_111434_V06,23.570,0.076,373.284,301.716,32.958,-84.256,44.899,16478.920,36652.090,20200823_071434,479176,36596,45059,15468
6,KAPX20200823_111916_V06,28.270,0.183,388.251,324.592,13.879,-84.162,44.795,6939.468,45806.755,20200823_071916,479174,34046,43489,14352
2,KAPX20200824_110017_V06,8.098,0.058,519.862,542.748,39.693,-83.354,43.807,19846.689,163757.306,20200824_070017,479185,22204,30427,14675
2,KAPX20200824_110357_V06,11.765,-1.000,519.862,542.748,45.523,-83.354,43.807,22761.689,163757.306,20200824_070357,479181,22873,29745,15269
2,KAPX20200824_111004_V06,17.881,0.161,520.253,530.984,46.011,-83.350,43.860,23005.558,159581.360,20200824_071004,479188,23927,28725,16445
7,KAPX20200825_105117_V06,-2.090,0.423,451.770,527.575,16.483,-83.776,43.879,8241.276,136770.495,20200825_065117,479170,128222,70058,103172
7,KAPX20200825_110040_V06,7.293,0.785,453.970,531.577,25.376,-83.762,43.861,12688.047,139045.833,20200825_070040,479173,126568,76829,100884
7,KAPX20200825_110522_V06,11.993,0.224,455.647,533.312,27.197,-83.752,43.853,13598.307,140232.163,20200825_070522,479174,126521,77848,100600
7,KAPX20200825_111003_V06,16.676,0.316,458.979,534.565,26.884,-83.731,43.847,13441.880,141681.784,20200825_071003,479171,125071,77273,98790
7,KAPX20200825_111445_V06,21.376,0.151,459.930,537.205,26.598,-83.726,43.835,13298.867,143041.544,20200825_071445,479177,118492,78779,93268
7,KAPX20200825_111928_V06,26.093,0.270,463.906,539.187,24.806,-83.701,43.826,12402.972,144979.142,20200825_071928,479176,117304,78227,91892
7,KAPX20200825_112410_V06,30.793,0.193,464.443,541.656,30.056,-83.698,43.815,15028.074,146149.872,20200825_072410,479173,115883,77434,90010
1,KAPX20200825_101346_V06,-39.607,0.221,462.101,136.472,49.208,-83.680,45.638,24604.099,115128.515,20200825_061346,479175,195980,53365,164412
1,KAPX20200825_101827_V06,-34.924,0.184,477.956,142.760,36.563,-83.579,45.609,18281.750,118735.604,20200825_061827,479175,162109,58299,131654
4,KAPX20200825_102750_V06,-25.540,0.075,226.634,74.547,11.129,-85.193,45.921,5564.295,118544.831,20200825_062750,479177,94876,62782,72119
5,KAPX20200825_103714_V06,-16.140,0.147,449.246,534.673,23.568,-83.792,43.847,11784.015,139055.615,20200825_063714,479176,85980,66024,64261
6,KAPX20200825_104636_V06,-6.774,0.052,375.564,165.612,8.211,-84.236,45.511,4105.606,77087.849,20200825_064636,479175,127687,65801,102902
8,KAPX20200825_111003_V06,16.676,0.052,341.628,106.117,12.273,-84.452,45.779,6136.616,99150.881,20200825_071003,479171,125071,77273,98790
9,KAPX20200825_114238_V06,49.260,0.081,390.027,62.785,19.193,-84.139,45.973,9596.714,126861.783,20200825_074238,479177,85624,72782,64447
6,KAPX20200827_113328_V06,37.719,0.268,27.027,418.073,30.399,-86.432,44.363,15199.476,148707.178,20200827_073328,479172,51072,44493,33640
6,KAPX20200827_113839_V06,42.902,0.524,29.887,418.307,37.116,-86.414,44.362,18557.756,147442.980,20200827_073839,479173,51411,44596,33114
6,KAPX20200827_114351_V06,48.102,0.170,38.238,420.442,39.372,-86.361,44.353,19685.768,144070.844,20200827_074351,479175,49070,45392,30809
10,KAPX20200827_120953_V06,74.136,0.054,108.417,416.354,15.985,-85.922,44.377,7992.665,112073.853,20200827_080953,479179,40507,52642,22381
3,KAPX20200828_102854_V06,-28.033,0.051,256.996,446.919,21.159,-84.989,44.246,10579.586,76541.665,20200828_062854,479173,61632,64065,32311
7,KAPX20200828_113930_V06,42.567,0.308,24.199,122.597,30.312,-86.490,45.692,15156.189,163964.895,20200828_073930,479172,45764,65102,20627
9,KAPX20200828_114825_V06,51.483,0.085,41.911,342.279,39.898,-86.348,44.705,19949.085,130764.554,20200828_074825,479174,43600,64832,19759
10,KAPX20200828_120607_V06,69.183,0.106,27.942,146.015,32.737,-86.463,45.587,16368.721,156306.575,20200828_080607,479183,37581,65865,15461
1,KAPX20200830_110735_V06,8.281,0.119,483.855,570.340,28.999,-83.580,43.685,14499.304,163467.452,20200830_070735,479168,26914,85911,4715
1,KAPX20200830_111444_V06,15.431,0.077,489.539,569.053,39.605,-83.544,43.690,19802.501,164555.725,20200830_071444,479172,27090,83780,5751
1,KAPX20200831_104301_V06,-17.469,0.054,506.118,531.040,13.488,-83.438,43.860,6744.039,154809.471,20200831_064301,479174,2889,18544,1650
1,KAPX20200831_104949_V06,-10.669,0.564,503.901,536.644,29.934,-83.452,43.835,14966.838,156185.680,20200831_064949,479171,3286,15945,2488
1,KAPX20200831_110328_V06,2.981,0.749,509.022,530.447,51.465,-83.420,43.863,25732.319,155560.266,20200831_070328,479170,6090,14953,4906
1,KAPX20200831_111017_V06,9.798,0.750,517.235,527.150,59.906,-83.368,43.877,29953.124,157152.925,20200831_071017,479173,7485,15641,6035
1,KAPX20200831_111706_V06,16.614,0.856,522.121,510.616,59.922,-83.336,43.951,29960.916,153049.639,20200831_071706,479173,7488,16727,5890
1,KAPX20200831_112355_V06,23.431,0.788,532.854,494.209,59.674,-83.268,44.024,29836.916,151606.514,20200831_072355,479173,7215,17702,5458
1,KAPX20200831_113044_V06,30.248,0.481,532.879,485.351,61.847,-83.266,44.064,30923.382,148818.416,20200831_073044,479170,7377,19182,5421
1,KAPX20200831_113753_V06,37.398,0.271,531.641,474.130,62.037,-83.273,44.114,31018.534,144895.198,20200831_073753,479173,6767,20180,5104
1,KAPX20200901_110325_V06,1.748,0.080,26.484,472.140,24.909,-86.428,44.120,12454.301,161588.503,20200901_070325,479171,21870,30291,15899
3,KAPX20200901_112442_V06,23.032,0.051,353.262,113.961,5.553,-84.378,45.744,2776.371,96756.878,20200901_072442,479175,26932,29481,20468
1,KAPX20200903_102327_V06,-40.583,0.469,382.036,85.756,8.255,-84.191,45.870,4127.426,114706.506,20200903_062327,479173,36478,39454,23438
3,KAPX20200903_104814_V06,-15.799,0.059,459.366,523.127,11.456,-83.728,43.899,5727.939,137097.835,20200903_064814,479172,30802,38748,17737
11,KAPX20200905_113958_V06,33.570,0.142,38.082,391.751,59.995,-86.366,44.482,29997.334,138761.845,20200905_073958,479178,81310,84642,14607
11,KAPX20200905_114439_V06,38.254,0.336,40.078,396.657,65.938,-86.353,44.461,32968.771,138655.974,20200905_074439,479177,83629,87066,14763
11,KAPX20200905_114913_V06,42.820,0.096,49.321,398.306,74.184,-86.295,44.454,37091.921,134632.899,20200905_074913,479173,85121,88952,13931
11,KAPX20200905_115354_V06,47.504,0.152,58.352,405.748,71.539,-86.237,44.421,35769.419,131886.483,20200905_075354,479171,86309,90445,13812
6,KAPX20200905_105424_V06,-11.996,0.075,34.528,414.043,48.985,-86.385,44.382,24492.706,144465.767,20200905_065424,479171,67756,70476,16635
9,KAPX20200905_110828_V06,2.070,0.075,16.639,332.326,19.859,-86.509,44.748,9929.379,142599.431,20200905_070828,479175,71256,76120,14633
12,KAPX20200905_113958_V06,33.570,0.090,356.208,329.351,70.496,-84.365,44.775,35248.215,31704.738,20200905_073958,479178,81310,84642,14607
12,KAPX20200905_114439_V06,38.254,0.185,378.286,329.347,69.408,-84.225,44.774,34704.147,41803.129,20200905_074439,479177,83629,87066,14763
3,KAPX20200907_121829_V06,69.723,0.083,24.505,473.217,30.092,-86.441,44.115,15046.066,162712.773,20200907_081829,479174,7875,24598,4582
3,KAPX20200907_122249_V06,74.057,0.319,25.851,473.951,36.509,-86.432,44.112,18254.405,162339.511,20200907_082249,479176,7940,23371,4735
3,KAPX20200907_122710_V06,78.407,0.268,34.555,474.487,40.059,-86.378,44.110,20029.700,158829.399,20200907_082710,479176,7522,23098,4334
1,KAPX20200909_101616_V06,-54.859,0.648,58.787,384.017,62.730,-86.237,44.519,31365.002,127712.927,20200909_061616,479175,85536,122243,14357
1,KAPX20200909_102037_V06,-50.509,0.356,60.097,381.999,69.646,-86.229,44.528,34822.758,126764.991,20200909_062037,479177,82252,119706,14037
1,KAPX20200909_102458_V06,-46.159,0.332,66.129,377.657,73.524,-86.191,44.548,36761.867,123213.536,20200909_062458,479175,80343,115755,14384
1,KAPX20200909_102920_V06,-41.792,0.149,71.882,370.561,78.028,-86.156,44.581,39014.149,119390.827,20200909_062920,479175,73775,112672,12892
1,KAPX20200909_103339_V06,-37.476,0.123,83.048,367.668,75.948,-86.086,44.595,37973.781,113629.890,20200909_063339,479173,68666,109217,12541
5,KAPX20200909_103339_V06,-37.476,0.054,48.443,506.967,53.962,-86.287,43.965,26980.770,162877.463,20200909_063339,479173,68666,109217,12541
1,KAPX20200911_112013_V06,6.722,0.386,484.718,556.593,35.644,-83.573,43.747,17822.113,158082.966,20200911_072013,479169,12875,16834,9390
1,KAPX20200911_112722_V06,13.872,0.227,484.556,551.638,42.947,-83.574,43.769,21473.481,156030.829,20200911_072722,479174,14762,16127,11239
20,KAPX20200913_123303_V06,77.183,0.222,402.189,378.531,15.672,-84.077,44.552,7835.821,64439.431,20200913_083303,479176,77866,128373,11343
1,KAPX20200918_103824_V06,-43.421,0.104,298.156,303.244,14.129,-84.731,44.893,7064.281,1865.682,20200918_063824,479170,25038,34350,17089
2,KAPX20200918_111303_V06,-8.771,0.282,300.469,303.575,12.650,-84.717,44.891,6324.936,1802.819,20200918_071303,479173,3438,15516,2249
1,KAPX20200919_121646_V06,53.750,0.147,347.072,34.771,39.438,-84.415,46.100,19719.139,134686.879,20200919_081646,479171,11208,24234,6309
1,KAPX20200919_122335_V06,60.567,0.077,351.916,35.773,46.715,-84.384,46.095,23357.687,134639.665,20200919_082335,479172,11121,22695,6291
1,KAPX20200920_113239_V06,8.436,0.052,382.705,200.007,9.065,-84.192,45.356,4532.703,64882.175,20200920_073239,479169,21206,24343,16490
1,KAPX20200922_105046_V06,-35.847,0.161,407.061,437.523,26.834,-84.049,44.286,13417.173,87141.370,20200922_065046,479170,81799,38627,67061
16,KAPX20200924_112511_V06,-3.838,0.054,450.746,522.135,17.306,-83.782,43.904,8652.861,134227.591,20200924_072511,479178,69099,81856,11866
16,KAPX20200924_113005_V06,1.062,0.083,449.839,522.229,23.777,-83.787,43.903,11888.526,134012.416,20200924_073005,479178,70604,82195,12452
18,KAPX20200924_120058_V06,31.945,0.148,24.038,422.396,31.722,-86.450,44.343,15860.920,150943.457,20200924_080058,479170,88324,89848,20723
18,KAPX20200924_120607_V06,37.095,0.124,24.920,423.811,38.412,-86.444,44.337,19205.908,150829.212,20200924_080607,479173,86755,89585,20085
1,KAPX20200924_103403_V06,-54.971,0.223,205.837,228.801,24.012,-85.319,45.226,12005.760,59025.518,20200924_063403,479171,117987,85516,52661
5,KAPX20200928_124338_V06,69.767,0.126,31.360,141.416,53.572,-86.442,45.608,26786.037,155977.953,20200928_084338,479167,387676,356894,36976
6,KAPX20200929_104538_V06,-49.452,0.060,381.795,108.246,16.603,-84.194,45.769,8301.510,104235.322,20200929_064538,479172,31808,33727,21569
13,KAPX20200929_123157_V06,56.865,0.172,319.906,99.354,21.325,-84.592,45.810,10662.350,100815.712,20200929_083157,479170,12834,26533,6374
4,KAPX20200930_104123_V06,-54.924,0.051,199.488,290.628,12.588,-85.357,44.948,6293.877,50474.132,20200930_064123,479175,200788,181312,44985
9,KAPX20200930_112310_V06,-13.141,0.099,310.615,157.411,13.773,-84.652,45.549,6886.578,71491.874,20200930_072310,479176,178588,173217,32179
18,KAPX20200930_122646_V06,50.459,0.083,382.715,304.585,20.759,-84.196,44.885,10379.700,41421.000,20200930_082646,479179,155666,158961,21442
4,KAPX20201001_104457_V06,-52.584,0.072,268.593,340.719,11.821,-84.918,44.724,5910.389,25712.054,20201001_064457,479178,75599,59730,42248
8,KAPX20201001_110630_V06,-31.034,0.083,381.260,360.747,18.357,-84.208,44.633,9178.501,50728.276,20201001_070630,479173,61443,66806,24481
3,KAPX20201003_110654_V06,-33.097,0.070,27.057,458.163,30.903,-86.427,44.183,15451.414,157728.639,20201003_070654,479170,54294,36034,37608
2,KAPX20201004_110532_V06,-35.702,0.650,37.829,386.101,41.657,-86.368,44.508,20828.403,137973.955,20201004_070532,479175,356707,284703,78636
2,KAPX20201004_111143_V06,-29.519,0.530,38.657,389.815,46.844,-86.363,44.491,23422.107,138172.698,20201004_071143,479180,353294,281187,79210
2,KAPX20201004_111752_V06,-23.369,0.318,41.678,389.044,45.092,-86.344,44.495,22546.147,136619.174,20201004_071752,479174,348550,280403,76556
2,KAPX20201004_112401_V06,-17.219,0.116,45.262,399.228,39.125,-86.320,44.449,19562.317,136691.104,20201004_072401,479172,345745,278637,75297
1,KAPX20201004_104702_V06,-54.202,0.125,33.696,372.755,46.182,-86.396,44.568,23090.868,138031.753,20201004_064702,479172,367777,290085,83271
1,KAPX20201004_105312_V06,-48.036,0.218,34.427,374.880,51.562,-86.391,44.558,25780.761,137963.861,20201004_065312,479177,364101,288637,81594
3,KAPX20201004_111752_V06,-23.369,0.073,174.974,325.306,26.249,-85.510,44.791,13124.586,63780.461,20201004_071752,479174,348550,280403,76556
3,KAPX20201004_112401_V06,-17.219,0.096,173.834,323.747,35.581,-85.517,44.798,17790.343,64190.834,20201004_072401,479172,345745,278637,75297
3,KAPX20201004_113010_V06,-11.069,0.095,192.841,320.143,24.428,-85.397,44.815,12214.247,54517.766,20201004_073010,479174,341918,275416,76054
1,KAPX20201005_112738_V06,-14.845,0.066,301.650,304.963,14.189,-84.709,44.885,7094.612,2615.037,20201005_072738,479173,9568,20906,5764
2,KAPX20201006_111445_V06,-28.976,0.110,196.800,520.645,32.744,-85.362,43.913,16372.097,121793.269,20201006_071445,479171,50018,39197,34472
2,KAPX20201006_112431_V06,-19.209,0.567,213.223,521.984,36.742,-85.260,43.907,18371.140,119171.481,20201006_072431,479173,52247,37156,35614
4,KAPX20201006_113416_V06,-9.459,0.054,298.629,303.263,12.107,-84.728,44.893,6053.631,1769.520,20201006_073416,479172,57130,37732,37870
4,KAPX20201006_114401_V06,0.291,0.350,299.728,302.809,20.237,-84.721,44.895,10118.537,1410.937,20201006_074401,479174,58649,38025,38799
18,KAPX20201007_123945_V06,54.771,0.360,370.190,333.109,16.628,-84.276,44.757,8314.226,38803.386,20201007_083945,479183,32201,40560,21349
9,KAPX20201008_112824_V06,-17.836,0.051,462.970,424.768,11.749,-83.698,44.341,5874.392,102623.321,20201008_072824,479176,51031,83244,24565
9,KAPX20201008_113810_V06,-8.069,0.056,463.943,421.481,27.792,-83.692,44.356,13896.014,102023.113,20201008_073810,479169,47557,80860,21734
13,KAPX20201008_113810_V06,-8.069,0.092,216.933,245.036,24.135,-85.248,45.153,12067.688,49802.532,20201008_073810,479169,47557,80860,21734
7,KAPX20201009_110629_V06,-41.016,0.077,204.000,295.962,17.806,-85.328,44.924,8903.202,48042.467,20201009_070629,479177,41275,86476,14563
7,KAPX20201009_111153_V06,-35.616,-1.000,204.000,295.962,26.392,-85.328,44.924,13196.202,48042.467,20201009_071153,479181,39072,83965,12074
7,KAPX20201009_111732_V06,-29.966,0.106,227.710,284.827,29.385,-85.178,44.975,14692.713,36932.590,20201009_071732,479168,38034,87729,10519
17,KAPX20201009_114600_V06,-1.499,0.166,246.783,443.641,28.267,-85.053,44.260,14133.263,76591.266,20201009_074600,479167,38400,91717,8152
25,KAPX20201009_122138_V06,34.134,0.060,386.820,410.890,35.018,-84.175,44.407,17508.768,70417.061,20201009_082138,479170,48343,103316,6709
36,KAPX20201009_131014_V06,82.734,0.108,243.629,159.333,34.382,-85.081,45.540,17190.855,75770.981,20201009_091014,479186,45309,102723,5577
1,KAPX20201013_112048_V06,-31.804,0.151,298.118,303.490,17.206,-84.732,44.892,8603.214,1982.359,20201013_072048,479176,28411,53719,20447
1,KAPX20201013_113035_V06,-22.021,0.140,297.251,302.778,23.598,-84.737,44.895,11798.884,1954.201,20201013_073035,479173,26176,51028,18350
4,KAPX20201013_120938_V06,17.029,0.059,294.813,301.982,14.006,-84.753,44.898,7002.777,2776.504,20201013_080938,479178,11537,30782,7460
4,KAPX20201013_121923_V06,26.779,-1.000,294.813,301.982,29.508,-84.753,44.898,14754.027,2776.504,20201013_081923,479174,10093,26468,6790
4,KAPX20201013_122908_V06,36.529,0.241,293.273,304.562,18.968,-84.762,44.887,9484.035,4064.142,20201013_082908,479177,6684,22599,4490
30,KAPX20201015_125548_V06,60.610,0.267,316.331,140.266,19.756,-84.615,45.626,9877.781,80283.130,20201015_085548,479175,49039,111231,11483
30,KAPX20201015_130453_V06,69.693,0.176,319.626,141.224,32.820,-84.594,45.621,16410.143,79992.310,20201015_090453,479183,49652,116298,10886
30,KAPX20201015_130926_V06,74.243,0.221,329.377,137.199,34.806,-84.531,45.639,17402.992,82715.097,20201015_090926,479181,50585,119420,10588
5,KAPX20201015_113240_V06,-22.523,0.508,314.715,177.325,25.553,-84.626,45.459,12776.302,61777.242,20201015_073240,479182,114069,141888,12662
5,KAPX20201015_113842_V06,-16.490,0.092,320.207,177.450,32.082,-84.591,45.459,16040.844,62102.288,20201015_073842,479175,112045,140148,12232
5,KAPX20201015_114430_V06,-10.690,0.063,341.278,179.745,26.784,-84.456,45.448,13391.903,63571.248,20201015_074430,479166,113356,136813,12585
7,KAPX20201015_113842_V06,-16.490,0.177,140.645,414.453,26.148,-85.720,44.388,13074.207,98098.848,20201015_073842,479175,112045,140148,12232
14,KAPX20201015_120834_V06,13.377,0.280,406.742,123.582,9.574,-84.034,45.699,4786.827,103098.651,20201015_080834,479165,99284,126674,11978
17,KAPX20201015_121406_V06,18.910,0.074,345.798,415.211,27.811,-84.432,44.388,13905.510,61990.027,20201015_081406,479166,92096,122896,11576
23,KAPX20201015_123301_V06,37.827,0.057,165.545,369.654,16.602,-85.566,44.591,8301.174,75713.011,20201015_083301,479175,62288,107890,12583
25,KAPX20201015_124641_V06,51.493,0.071,148.776,299.654,16.483,-85.677,44.905,8241.714,75612.258,20201015_084641,479171,49907,108198,11048
28,KAPX20201015_125115_V06,56.060,0.094,203.003,380.521,15.058,-85.330,44.543,7529.022,63032.137,20201015_085115,479174,47705,109855,11138
13,KAPX20201016_121332_V06,17.043,0.363,378.927,520.619,29.241,-84.228,43.913,14620.708,117155.950,20201016_081332,479175,66525,96596,5475
13,KAPX20201016_121826_V06,21.943,0.237,380.911,519.987,35.964,-84.216,43.916,17981.850,117197.211,20201016_081826,479174,64102,95152,4950
13,KAPX20201016_122322_V06,26.876,-1.000,382.510,519.477,42.947,-84.206,43.918,21473.420,117237.162,20201016_082322,479181,63978,95035,4897
13,KAPX20201016_122818_V06,31.809,0.206,390.482,516.137,42.852,-84.156,43.933,21425.882,117155.811,20201016_082818,479163,65195,95801,5053
16,KAPX20201016_121826_V06,21.943,0.147,396.244,273.974,24.315,-84.109,45.023,12157.734,49850.452,20201016_081826,479174,64102,95152,4950
16,KAPX20201016_122322_V06,26.876,0.307,399.956,272.532,29.271,-84.086,45.029,14635.385,51830.983,20201016_082322,479181,63978,95035,4897
16,KAPX20201016_122818_V06,31.809,0.099,410.090,272.230,31.352,-84.021,45.030,15676.230,56769.226,20201016_082818,479163,65195,95801,5053
2,KAPX20201016_111518_V06,-41.191,0.112,433.535,288.564,6.498,-83.874,44.956,3248.985,67011.718,20201016_071518,479182,64576,98960,5154
7,KAPX20201016_112521_V06,-31.141,0.054,246.325,418.487,28.972,-85.056,44.374,14485.998,65038.731,20201016_072521,479168,63599,97141,4678
14,KAPX20201016_121332_V06,17.043,0.119,339.678,390.410,30.258,-84.470,44.500,15128.967,49366.887,20201016_081332,479175,66525,96596,5475
1,KAPX20201017_120546_V06,7.970,0.148,23.413,166.751,36.451,-86.489,45.493,18225.607,153505.581,20201017_080546,479175,14240,61182,2892
1,KAPX20201017_121532_V06,17.736,0.618,26.652,169.766,49.000,-86.468,45.480,24499.906,151393.575,20201017_081532,479174,11115,56607,3530
1,KAPX20201017_122517_V06,27.486,0.297,28.967,165.477,55.385,-86.454,45.499,27692.617,151290.590,20201017_082517,479176,8070,50937,2692
2,KAPX20201017_123503_V06,37.253,0.286,297.533,426.021,5.260,-84.735,44.340,2630.098,63022.752,20201017_083503,479169,8206,47932,3508
4,KAPX20201017_123503_V06,37.253,0.104,21.110,486.423,31.881,-86.460,44.055,15940.439,167729.708,20201017_083503,479169,8206,47932,3508
3,KAPX20201018_122346_V06,24.659,0.091,40.326,106.966,64.616,-86.389,45.764,32308.025,161781.365,20201018_082346,479178,419905,364170,74648
5,KAPX20201018_124919_V06,50.209,0.064,90.723,246.379,126.885,-86.050,45.141,63442.360,108018.431,20201018_084919,479172,432416,372261,79078
6,KAPX20201018_132147_V06,82.675,0.054,107.455,214.588,135.166,-85.947,45.285,67583.092,105319.599,20201018_092147,479173,415691,359765,81294
1,KAPX20201020_122047_V06,19.038,0.058,346.251,83.297,2.701,-84.422,45.882,1350.468,110791.746,20201020_082047,479175,9227,23117,6781
4,KAPX20201021_120850_V06,5.763,0.067,301.681,299.925,15.533,-84.709,44.908,7766.285,841.569,20201021_080850,479171,5218,25721,1856
10,KAPX20201024_131718_V06,70.228,0.166,299.257,427.489,4.567,-84.724,44.334,2283.501,63745.437,20201024_091718,479179,17561,55020,7147
10,KAPX20201024_132703_V06,79.978,0.081,300.212,428.163,13.764,-84.718,44.331,6881.806,64081.604,20201024_092703,479176,16682,55678,6365
10,KAPX20201024_133649_V06,89.744,0.103,308.204,427.235,17.134,-84.668,44.335,8566.920,63749.512,20201024_093649,479176,16358,57889,6321
6,KAPX20201024_122828_V06,21.394,0.100,206.105,106.784,15.514,-85.323,45.775,7756.954,107411.380,20201024_082828,479173,25270,56755,11934
3,KAPX20201026_124655_V06,37.157,0.067,30.198,246.701,50.326,-86.435,45.134,25162.750,137507.936,20201026_084655,479173,104383,149900,5506
6,KAPX20201026_131326_V06,63.673,0.064,296.120,298.581,23.298,-84.744,44.914,11649.227,2065.503,20201026_091326,479176,100767,150998,9568
9,KAPX20201027_131943_V06,68.607,0.063,49.160,293.798,50.240,-86.308,44.924,25120.230,125458.348,20201027_091943,479177,111723,153777,6345
9,KAPX20201027_132930_V06,78.391,0.081,51.614,291.441,61.654,-86.293,44.935,30826.985,124266.902,20201027_092930,479177,115532,159932,6004
9,KAPX20201027_133916_V06,88.157,0.083,52.727,312.075,76.434,-86.284,44.842,38217.020,123783.571,20201027_093916,479171,114563,158080,6553
2,KAPX20201027_113222_V06,-38.743,0.061,28.545,199.325,41.437,-86.452,45.347,20718.536,144760.993,20201027_073222,479179,87957,117576,8986
3,KAPX20201027_120139_V06,-9.459,0.309,416.014,44.541,22.380,-83.970,46.054,11189.957,140284.361,20201027_080139,479172,86130,115856,7087
4,KAPX20201027_121124_V06,0.291,0.174,190.219,302.562,20.800,-85.415,44.894,10400.106,54905.599,20201027_081124,479177,89861,118888,7535
7,KAPX20201027_124040_V06,29.557,0.056,50.993,257.498,63.087,-86.301,45.088,31543.459,126304.049,20201027_084040,479173,101616,135157,5865
7,KAPX20201027_125026_V06,39.324,-1.000,50.993,257.498,78.616,-86.301,45.088,39307.959,126304.049,20201027_085026,479175,103974,143013,5838
7,KAPX20201027_130958_V06,58.857,0.200,48.961,256.139,66.934,-86.314,45.093,33466.846,127420.736,20201027_090958,479175,107350,152411,6709
1,KAPX20201028_113328_V06,-38.996,0.238,73.913,256.401,80.766,-86.156,45.094,40382.896,115126.434,20201028_073328,479176,30400,61244,3673
1,KAPX20201028_114035_V06,-31.879,0.100,78.344,257.821,89.756,-86.128,45.088,44878.014,112816.624,20201028_074035,479170,33130,65299,3775
2,KAPX20201028_114035_V06,-31.879,0.054,60.971,393.360,49.633,-86.222,44.477,24816.624,128307.002,20201028_074035,479170,33130,65299,3775
16,KAPX20201029_124804_V06,34.248,0.226,416.116,139.226,28.169,-83.975,45.628,14084.412,99160.758,20201029_084804,479170,22347,63555,8058
16,KAPX20201029_130218_V06,48.482,0.067,413.339,141.554,36.707,-83.993,45.618,18353.623,97404.808,20201029_090218,479171,24134,71216,6985
5,KAPX20201029_113000_V06,-43.818,0.148,378.784,273.875,31.432,-84.220,45.024,15715.931,41501.138,20201029_073000,479174,47539,48607,29967
6,KAPX20201029_113000_V06,-43.818,0.066,110.405,147.076,37.695,-85.935,45.589,18847.660,121790.940,20201029_073000,479174,47539,48607,29967
11,KAPX20201029_120535_V06,-8.235,0.117,541.400,440.436,21.698,-83.208,44.265,10848.850,139638.919,20201029_080535,479170,13855,59494,4413
23,KAPX20201029_131626_V06,62.615,0.053,281.336,419.839,27.247,-84.837,44.368,13623.407,60642.081,20201029_091626,479177,25604,75989,5993
2,KAPX20201101_122805_V06,10.180,0.051,45.720,406.821,49.494,-86.316,44.415,24747.105,137903.012,20201101_072805,479167,304824,338664,5572
5,KAPX20201101_130335_V06,45.680,0.087,92.585,218.562,28.604,-86.041,45.266,14302.150,111414.762,20201101_080335,479172,321286,353880,7494
1,KAPX20201102_124901_V06,29.747,0.125,301.957,303.455,14.109,-84.707,44.892,7054.329,1985.094,20201102_074901,479170,66954,110158,9214
1,KAPX20201106_112919_V06,-55.434,0.060,277.749,496.895,3.791,-84.858,44.021,1895.604,99073.955,20201106_062919,479176,8794,40688,5422
1,KAPX20201106_113624_V06,-48.350,0.102,277.477,498.046,14.889,-84.860,44.016,7444.597,99661.552,20201106_063624,479177,9343,41233,5846
1,KAPX20201108_113442_V06,-52.793,0.359,384.087,344.509,15.900,-84.189,44.706,7950.220,47570.299,20201108_063442,479177,3829,15976,2191
7,KAPX20201109_115047_V06,-38.080,0.122,29.160,428.952,30.652,-86.417,44.314,15326.210,149985.676,20201109_065047,479167,54017,83739,10201
8,KAPX20201109_115047_V06,-38.080,0.055,423.256,236.900,33.936,-83.936,45.188,16967.926,69234.315,20201109_065047,479167,54017,83739,10201
8,KAPX20201110_124738_V06,17.401,0.113,290.317,419.472,24.627,-84.780,44.370,12313.282,59931.827,20201110_074738,479171,23139,46449,2009
10,KAPX20201110_125211_V06,21.951,0.055,322.500,332.753,30.687,-84.578,44.760,15343.477,19868.476,20201110_075211,479176,20192,45069,1517
1,KAPX20201112_130419_V06,31.353,0.082,300.801,303.614,11.773,-84.715,44.891,5886.311,1850.965,20201112_080419,479176,893,8034,661
1,KAPX20201114_130957_V06,34.271,0.120,300.424,302.272,11.661,-84.717,44.897,5830.318,1155.443,20201114_080957,479177,949,9228,691
1,KAPX20201114_131943_V06,44.037,0.069,301.121,302.364,20.246,-84.713,44.897,10123.226,1308.118,20201114_081943,479173,1085,9258,845
7,KAPX20201115_132248_V06,45.770,0.055,361.730,67.839,21.581,-84.322,45.951,10790.741,120113.835,20201115_082248,479180,149603,248930,15360
9,KAPX20201115_133643_V06,59.687,0.094,295.260,160.235,14.650,-84.750,45.536,7325.115,69922.688,20201115_083643,479169,162649,256781,18856
1,KAPX20201119_114820_V06,-54.026,0.513,298.584,301.752,10.717,-84.729,44.899,5358.349,1126.336,20201119_064820,479172,475,8559,288
1,KAPX20201119_120752_V06,-34.493,0.509,298.439,302.310,14.517,-84.730,44.897,7258.415,1393.674,20201119_070752,479179,693,8772,411
1,KAPX20201119_121737_V06,-24.743,0.171,298.501,302.586,12.912,-84.729,44.896,6455.929,1494.693,20201119_071737,479170,885,8319,536
1,KAPX20201119_122723_V06,-14.976,0.099,299.706,302.847,20.386,-84.722,44.894,10193.045,1430.870,20201119_072723,479179,805,8085,536
1,KAPX20201119_123709_V06,-5.209,-1.000,300.840,303.092,28.337,-84.714,44.893,14168.496,1601.811,20201119_073709,479173,994,7588,800
1,KAPX20201119_124656_V06,4.574,0.181,298.869,302.607,10.263,-84.727,44.895,5131.397,1420.969,20201119_074656,479176,1181,7951,954
1,KAPX20201119_130628_V06,24.107,0.062,299.316,302.469,16.668,-84.724,44.896,8334.180,1280.969,20201119_080628,479173,1027,8520,720
1,KAPX20201119_131614_V06,33.874,0.132,299.010,302.838,10.550,-84.726,44.894,5275.211,1502.892,20201119_081614,479175,1274,8595,786
3,KAPX20201119_123709_V06,-5.209,0.091,300.593,302.576,13.467,-84.716,44.896,6733.704,1321.658,20201119_073709,479173,994,7588,800
3,KAPX20201120_134637_V06,62.948,0.156,42.936,154.374,80.446,-86.366,45.551,40223.194,147723.270,20201120_084637,479174,36538,61078,4807
3,KAPX20201120_140608_V06,82.464,0.098,110.694,170.144,120.741,-85.930,45.485,60370.451,114781.809,20201120_090608,479173,39137,68020,6317
2,KAPX20201120_133651_V06,53.181,0.207,298.703,291.689,34.555,-84.728,44.945,17277.473,4205.912,20201120_083651,479173,33900,53227,4791
4,KAPX20201120_134637_V06,62.948,0.056,445.988,498.636,15.264,-83.810,44.010,7632.189,123256.612,20201120_084637,479174,36538,61078,4807
16,KAPX20201123_130850_V06,21.306,0.071,409.867,238.276,12.333,-84.021,45.183,6166.683,63009.136,20201123_080850,479177,44608,136619,1763
17,KAPX20201123_130850_V06,21.306,0.062,401.985,355.980,25.400,-84.077,44.654,12699.903,58169.180,20201123_080850,479177,44608,136619,1763
22,KAPX20201123_134426_V06,56.906,0.064,209.100,451.561,31.233,-85.289,44.224,15616.412,88365.268,20201123_084426,479174,45633,134998,2126
1,KAPX20201124_130723_V06,18.596,0.088,311.451,429.859,2.955,-84.648,44.323,1477.734,65181.371,20201124_080723,479173,1011,7217,772
4,KAPX20201128_131814_V06,24.566,0.065,191.332,33.956,34.914,-85.422,46.102,17456.934,143690.755,20201128_081814,479178,5007,40952,1696
1,KAPX20201203_124235_V06,-16.755,0.089,25.360,501.951,34.528,-86.431,43.986,17264.235,170448.669,20201203_074235,479174,23254,79318,3280
1,KAPX20201203_124922_V06,-9.971,0.053,26.211,503.037,42.266,-86.426,43.981,21132.930,170428.876,20201203_074922,479175,22134,81596,3049
2,KAPX20201203_140407_V06,64.779,0.107,44.589,362.020,79.134,-86.329,44.617,39567.158,131416.427,20201203_090407,479173,32123,65881,4769
2,KAPX20201203_141055_V06,71.579,0.164,54.688,413.386,58.551,-86.259,44.387,29275.286,135124.287,20201203_091055,479171,35530,62957,5184
5,KAPX20201203_141055_V06,71.579,0.063,29.575,131.099,51.028,-86.455,45.654,25514.242,159418.501,20201203_091055,479171,35530,62957,5184
7,KAPX20201204_130734_V06,7.162,0.224,304.505,400.320,53.595,-84.691,44.456,26797.314,50210.391,20201204_080734,479178,63295,150592,2691
2,KAPX20201211_140658_V06,59.841,0.147,28.280,502.913,31.994,-86.413,43.982,15996.878,169562.464,20201211_090658,479172,4375,14367,1449
2,KAPX20201211_141643_V06,69.591,0.061,25.980,499.309,39.963,-86.428,43.998,19981.604,169418.924,20201211_091643,479175,6510,18380,1313
1,KAPX20201211_133740_V06,30.541,0.087,314.328,288.686,15.224,-84.629,44.958,7612.019,9128.234,20201211_083740,479176,1504,12037,1244
11,KAPX20201214_131406_V06,4.551,0.076,361.019,73.587,59.530,-84.326,45.925,29765.091,117245.435,20201214_081406,479174,129758,217910,2026
5,KAPX20201216_132827_V06,17.458,0.090,302.426,301.861,24.774,-84.704,44.899,12386.860,1528.835,20201216_082827,479179,80372,171197,8028
1,KAPX20201218_122012_V06,-52.089,0.176,288.357,316.207,13.849,-84.793,44.834,6924.652,9977.957,20201218_072012,479174,217,14720,120
1,KAPX20201218_122700_V06,-45.289,0.053,289.378,317.841,23.216,-84.787,44.827,11607.830,10381.582,20201218_072700,479173,410,13415,270
1,KAPX20201221_124105_V06,-32.861,0.186,27.938,376.663,52.577,-86.432,44.549,26288.315,141328.297,20201221_074105,479181,8188,25319,2313
1,KAPX20201221_124812_V06,-25.745,0.056,30.759,378.397,62.947,-86.414,44.542,31473.295,140211.507,20201221_074812,479172,8771,26819,2236
2,KAPX20201221_124812_V06,-25.745,0.057,49.040,167.568,73.600,-86.325,45.492,36800.007,141879.442,20201221_074812,479172,8771,26819,2236
3,KAPX20201221_140447_V06,50.839,0.051,34.387,174.649,59.976,-86.418,45.459,29988.106,146852.705,20201221_090447,479173,37848,67249,4189
2,KAPX20201222_132129_V06,7.067,0.072,405.077,44.176,24.418,-84.041,46.056,12208.805,138281.349,20201222_082129,479176,1102,17017,758
8,KAPX20201223_141056_V06,56.086,0.157,21.507,432.342,36.500,-86.465,44.298,18249.832,154169.334,20201223_091056,479178,2103,65378,878
8,KAPX20201223_141748_V06,62.952,0.142,22.830,425.617,43.377,-86.457,44.329,21688.546,152153.559,20201223_091748,479176,3158,67113,980
1,KAPX20201223_123532_V06,-39.314,0.261,25.316,328.500,31.601,-86.455,44.766,15800.411,138079.342,20201223_073532,479170,4023,75806,1077
6,KAPX20201223_140408_V06,49.286,0.070,26.561,279.195,48.103,-86.453,44.988,24051.517,137114.461,20201223_090408,479175,1469,64444,755
13,KAPX20201226_141454_V06,59.008,0.249,505.769,145.396,65.261,-83.401,45.595,32630.692,128688.829,20201226_091454,479168,102677,230137,4425
1,KAPX20201227_122014_V06,-55.922,0.061,25.590,191.530,54.377,-86.472,45.382,27188.305,147535.206,20201227_072014,479179,14153,27635,2645
1,KAPX20201227_122702_V06,-49.122,-1.000,25.590,191.530,65.189,-86.472,45.382,32594.305,147535.206,20201227_072702,479179,16182,30983,2575
1,KAPX20201227_123350_V06,-42.322,0.138,38.072,195.958,73.769,-86.391,45.363,36884.359,140917.561,20201227_073350,479180,20008,36415,3105
2,KAPX20201227_122702_V06,-49.122,0.168,36.774,225.265,75.336,-86.396,45.231,37668.030,136814.639,20201227_072702,479179,16182,30983,2575
2,KAPX20201227_123350_V06,-42.322,-1.000,36.774,225.265,86.148,-86.396,45.231,43074.030,136814.639,20201227_073350,479180,20008,36415,3105
2,KAPX20201227_124037_V06,-35.539,0.075,42.202,228.980,90.751,-86.361,45.215,45375.695,133700.623,20201227_074037,479173,20197,36145,3441
3,KAPX20201227_124726_V06,-28.722,0.064,30.107,449.067,52.094,-86.409,44.224,26046.923,154161.615,20201227_074726,479172,20294,35246,3922
9,KAPX20201230_135134_V06,34.877,0.074,90.990,263.082,129.556,-86.047,45.066,64778.030,106122.941,20201230_085134,479172,146447,275216,5672
9,KAPX20201230_140550_V06,49.144,0.062,100.621,279.043,137.076,-85.984,44.995,68538.187,100238.711,20201230_090550,479175,133978,275366,4747
3,KAPX20201230_124731_V06,-29.173,0.058,108.720,55.983,57.374,-85.954,45.998,28687.149,155025.918,20201230_074731,479172,317867,360718,7566
4,KAPX20201230_124731_V06,-29.173,0.058,240.346,209.188,15.497,-85.100,45.315,7748.291,54326.320,20201230_074731,479172,317867,360718,7566
1,KAPX20201231_142057_V06,64.169,0.050,528.598,495.501,14.173,-83.294,44.019,7086.719,150397.732,20201231_092057,479177,2093,120664,639
