track_id,filename,from_sunrise,det_score,x,y,r,lon,lat,radius,geo_dist,local_time,n_radar_pixels,n_refAbove40_pixels,n_xcorrAbove0.95_pixels,n_xcorrBelow0.95_refAbove40_pixels
1,KRAX20220601_091233_V06,-46.962,0.107,438.698,208.764,4.517,-77.720,36.074,2258.358,83007.589,20220601_051233,479150,59412,48650,46852
2,KRAX20220601_111401_V06,74.504,0.083,280.789,157.037,4.433,-78.597,36.309,2216.404,72123.744,20220601_071401,479151,88956,53898,73241
1,KRAX20220602_090120_V06,-57.870,0.159,446.348,316.071,17.545,-77.683,35.590,8772.373,73614.091,20220602_050120,479152,90206,40006,75843
2,KRAX20220602_093617_V06,-22.920,0.087,449.136,193.429,3.452,-77.661,36.143,1725.807,91650.023,20220602_053617,479150,149867,41220,130191
1,KRAX20220604_091944_V06,-38.938,0.550,435.569,303.575,7.293,-77.742,35.647,3646.748,67808.228,20220604_051944,479152,34269,45419,24293
1,KRAX20220604_093008_V06,-28.538,0.385,433.608,298.495,19.762,-77.752,35.670,9880.843,66808.307,20220604_053008,479153,44486,48047,33711
1,KRAX20220606_095243_V06,-5.533,0.054,212.964,81.206,6.083,-78.977,36.650,3041.353,117734.950,20220606_055243,479140,45621,46776,31614
1,KRAX20220607_092526_V06,-32.648,0.074,337.517,411.351,25.612,-78.284,35.163,12805.931,58750.572,20220607_052526,479152,7731,24048,6127
5,KRAX20220609_092656_V06,-30.894,0.388,39.060,221.113,58.678,-79.937,36.012,29339.241,136301.997,20220609_052656,479136,13838,37621,7097
5,KRAX20220609_093202_V06,-25.794,0.494,40.377,221.108,64.140,-79.930,36.012,32070.073,135672.600,20220609_053202,479134,18003,37140,10506
5,KRAX20220609_093707_V06,-20.710,0.080,46.901,222.802,62.787,-79.894,36.005,31393.531,132305.333,20220609_053707,479141,17740,36016,10235
4,KRAX20220609_092151_V06,-35.977,0.198,26.659,248.065,36.721,-80.004,35.890,18360.325,139115.393,20220609_052151,479132,11731,35447,5548
12,KRAX20220611_100838_V06,10.951,0.233,374.795,423.858,27.439,-78.080,35.106,13719.320,72344.751,20220611_060838,479153,22751,60581,14413
2,KRAX20220612_103027_V06,32.798,0.128,366.825,33.559,40.634,-78.115,36.865,20317.085,137346.647,20220612_063027,479139,15106,22572,4716
13,KRAX20220614_110342_V06,66.029,0.077,38.416,70.795,50.158,-79.953,36.689,25079.193,173897.162,20220614_070342,479142,68224,85453,37492
13,KRAX20220614_110803_V06,70.379,0.187,39.387,70.806,56.185,-79.948,36.689,28092.438,173528.716,20220614_070803,479132,71685,88787,38460
13,KRAX20220614_111200_V06,74.329,0.209,44.798,72.448,58.328,-79.918,36.682,29164.201,170958.887,20220614_071200,479141,73911,91453,39392
13,KRAX20220614_111557_V06,78.279,0.558,53.143,78.067,56.881,-79.870,36.657,28440.411,165976.462,20220614_071557,479135,77633,93748,41299
13,KRAX20220614_111955_V06,82.246,0.127,55.829,78.486,56.762,-79.855,36.656,28380.825,164839.264,20220614_071955,479149,82666,96848,44626
13,KRAX20220616_102944_V06,31.936,0.094,390.807,193.865,5.391,-77.986,36.142,2695.572,69839.855,20220616_062944,479139,55912,87357,33367
2,KRAX20220617_091809_V06,-39.750,0.113,248.310,509.159,6.212,-78.772,34.722,3105.903,107725.788,20220617_051809,479152,16457,64917,9683
3,KRAX20220617_094328_V06,-14.433,0.050,382.292,315.094,6.261,-78.036,35.596,3130.508,41832.392,20220617_054328,479155,36202,54003,27851
1,KRAX20220620_093858_V06,-19.398,0.319,367.732,206.001,2.730,-78.114,36.088,1365.067,57929.648,20220620_053858,479154,20344,22212,14839
3,KRAX20220620_094743_V06,-10.648,0.173,280.395,158.373,2.940,-78.599,36.303,1469.940,71488.570,20220620_054743,479153,27425,21316,21175
4,KRAX20220620_094743_V06,-10.648,0.090,400.513,168.569,9.002,-77.931,36.256,4500.782,82729.716,20220620_054743,479153,27425,21316,21175
8,KRAX20220621_101354_V06,15.329,0.261,349.001,75.077,24.537,-78.216,36.678,12268.730,115099.460,20220621_061354,479152,38777,27699,30183
8,KRAX20220621_102239_V06,24.079,0.104,351.066,79.052,33.208,-78.204,36.661,16604.005,113386.042,20220621_062239,479153,38945,27596,30467
8,KRAX20220621_103124_V06,32.829,0.367,355.372,90.960,34.251,-78.181,36.607,17125.611,108124.488,20220621_063124,479149,33766,26074,25920
2,KRAX20220621_092900_V06,-29.571,0.146,328.971,19.796,20.632,-78.327,36.928,10315.762,140848.709,20220621_052900,479150,29593,38746,21675
2,KRAX20220621_093744_V06,-20.837,0.529,329.983,23.550,29.822,-78.322,36.911,14910.930,139035.504,20220621_053744,479152,28338,34259,20530
9,KRAX20220621_101354_V06,15.329,0.088,188.295,88.287,31.665,-79.114,36.618,15832.609,119687.441,20220621_061354,479152,38777,27699,30183
10,KRAX20220621_102239_V06,24.079,0.051,129.997,268.282,30.372,-79.430,35.805,15185.841,86468.086,20220621_062239,479153,38945,27596,30467
13,KRAX20220621_104008_V06,41.563,0.054,30.367,155.184,32.137,-79.991,36.309,16068.554,153030.501,20220621_064008,479149,33878,25510,25660
17,KRAX20220621_104853_V06,50.313,0.100,36.784,250.275,38.749,-79.948,35.881,19374.355,133935.994,20220621_064853,479152,35498,26898,26601
1,KRAX20220622_093713_V06,-21.585,0.286,247.617,503.590,8.743,-78.776,34.747,4371.737,105110.651,20220622_053713,479151,60773,59824,46281
1,KRAX20220622_094557_V06,-12.852,0.182,249.096,503.489,19.728,-78.768,34.748,9864.164,104879.749,20220622_054557,479140,48077,58260,31223
4,KRAX20220623_093312_V06,-25.857,0.567,239.221,366.393,18.171,-78.824,35.366,9085.369,45005.920,20220623_053312,479151,43944,69810,17077
1,KRAX20220626_093418_V06,-25.666,0.084,138.706,340.897,5.235,-79.379,35.478,2617.544,83199.118,20220626_053418,479131,26063,42941,17887
2,KRAX20220626_111951_V06,79.884,0.109,41.475,183.213,44.294,-79.927,36.183,22147.236,141839.885,20220626_071951,479152,43590,60957,35476
4,KRAX20220628_090804_V06,-52.618,0.100,400.148,373.314,10.474,-77.939,35.334,5236.895,62057.613,20220628_050804,479127,129698,102054,83750
6,KRAX20220628_094858_V06,-11.718,0.125,364.199,65.555,5.914,-78.131,36.721,2957.100,121538.288,20220628_054858,479127,122262,102477,82688
7,KRAX20220628_095318_V06,-7.385,0.236,432.089,449.982,6.865,-77.767,34.987,3432.487,99927.706,20220628_055318,479139,123794,102538,83100
8,KRAX20220628_095318_V06,-7.385,0.084,220.101,70.700,6.413,-78.937,36.698,3206.703,121410.727,20220628_055318,479139,123794,102538,83100
12,KRAX20220629_103937_V06,38.540,0.060,389.071,177.977,29.950,-77.995,36.214,14974.918,75536.929,20220629_063937,479130,73934,89647,16413
1,KRAX20220701_100857_V06,7.028,0.056,247.618,498.622,36.542,-78.776,34.770,18270.903,102706.555,20220701_060857,479145,35044,64552,22204
2,KRAX20220701_103044_V06,28.811,0.068,254.310,437.672,2.942,-78.740,35.045,1471.054,72527.631,20220701_063044,479120,37924,72976,21871
1,KRAX20220703_092422_V06,-38.479,0.092,224.617,314.960,6.916,-78.906,35.597,3458.227,38426.560,20220703_052422,479151,8137,36881,5170
4,KRAX20220705_104413_V06,40.374,0.103,249.057,505.228,27.687,-78.768,34.740,13843.446,105727.905,20220705_064413,479135,26352,57930,16400
4,KRAX20220705_104834_V06,44.724,0.253,248.631,504.783,33.833,-78.770,34.742,16916.577,105563.840,20220705_064834,479142,23897,56707,14827
4,KRAX20220705_105256_V06,49.091,0.167,250.248,498.295,38.302,-78.762,34.771,19150.893,102220.573,20220705_065256,479134,21633,54821,13738
3,KRAX20220705_102649_V06,22.974,0.150,247.609,504.363,28.195,-78.776,34.744,14097.491,105485.669,20220705_062649,479134,33306,63407,20902
3,KRAX20220705_103110_V06,27.324,0.081,247.344,503.363,35.277,-78.778,34.748,17638.731,105034.612,20220705_063110,479143,32966,62797,20362
1,KRAX20220705_091029_V06,-53.359,0.099,355.652,289.731,5.463,-78.182,35.711,2731.655,28295.965,20220705_051029,479130,8893,35666,6406
2,KRAX20220706_093648_V06,-27.567,0.055,23.273,440.298,29.554,-80.006,35.023,14777.227,155130.239,20220706_053648,479128,17701,48920,9757
2,KRAX20220707_091152_V06,-53.041,0.159,524.678,454.348,28.382,-77.260,34.963,14191.231,136293.415,20220707_051152,479139,12141,30887,9324
2,KRAX20220707_092141_V06,-43.224,0.062,527.614,454.823,34.517,-77.244,34.961,17258.474,137639.316,20220707_052141,479141,10552,32379,8090
11,KRAX20220707_112425_V06,79.509,0.072,399.329,424.635,27.400,-77.945,35.102,13699.791,79687.304,20220707_072425,479148,32501,58169,24487
2,KRAX20220708_095334_V06,-11.897,0.599,277.487,386.645,8.132,-78.614,35.275,4065.765,44761.240,20220708_055334,479137,31006,56067,15305
9,KRAX20220710_094155_V06,-24.705,0.114,155.649,123.625,27.432,-79.295,36.457,13716.064,113957.594,20220710_054155,479143,46562,101680,7230
9,KRAX20220710_094848_V06,-17.821,0.115,156.373,124.889,33.653,-79.291,36.452,16826.468,113239.264,20220710_054848,479148,48681,100998,7809
5,KRAX20220710_093501_V06,-31.605,0.189,374.384,71.736,17.936,-78.074,36.693,8967.945,120039.089,20220710_053501,479136,46290,101549,8522
7,KRAX20220710_093501_V06,-31.605,0.061,161.597,102.353,39.270,-79.263,36.553,19635.124,120643.688,20220710_053501,479136,46290,101549,8522
13,KRAX20220710_100206_V06,-4.521,0.108,452.126,188.803,73.137,-77.645,36.163,36568.748,94216.563,20220710_060206,479149,50577,107552,7302
14,KRAX20220710_100206_V06,-4.521,0.058,24.574,180.771,11.175,-80.021,36.193,5587.325,150062.521,20220710_060206,479149,50577,107552,7302
1,KRAX20220712_101552_V06,8.032,0.132,190.198,496.448,8.587,-79.090,34.778,4293.318,112525.911,20220712_061552,479152,86881,53984,74713
1,KRAX20220712_102437_V06,16.782,0.378,193.502,496.607,19.520,-79.072,34.778,9760.051,111798.874,20220712_062437,479151,113001,51691,98913
1,KRAX20220713_094840_V06,-19.794,0.068,351.649,428.218,29.068,-78.207,35.087,14533.829,69115.059,20220713_054840,479155,15831,41654,13356
8,KRAX20220714_105011_V06,41.084,0.071,339.406,512.828,14.316,-78.275,34.706,7157.939,108222.716,20220714_065011,479131,39120,64657,25040
7,KRAX20220715_101539_V06,5.900,0.218,370.447,236.823,10.196,-78.100,35.949,5097.980,47313.366,20220715_061539,479128,147163,152213,40178
9,KRAX20220715_103140_V06,21.917,0.148,422.440,203.883,17.747,-77.810,36.096,8873.344,77830.146,20220715_063140,479132,158040,161358,45413
13,KRAX20220715_110347_V06,54.033,0.193,316.992,363.308,50.422,-78.396,35.380,25211.124,32774.360,20220715_070347,479137,145296,147068,45343
4,KRAX20220716_095254_V06,-17.512,0.068,240.756,505.745,13.799,-78.813,34.738,6899.473,107052.415,20220716_055254,479138,12936,44333,6549
4,KRAX20220716_100332_V06,-6.879,0.257,245.135,504.904,21.369,-78.790,34.741,10684.526,106061.004,20220716_060332,479146,46711,74708,28451
4,KRAX20220716_100842_V06,-1.712,-1.000,247.156,504.516,25.276,-78.779,34.743,12637.965,105616.292,20220716_060842,479138,71581,85934,46558
4,KRAX20220716_101404_V06,3.655,0.277,258.207,503.120,27.230,-78.718,34.750,13614.773,103687.287,20220716_061404,479149,95422,89700,65466
4,KRAX20220716_101932_V06,9.121,0.292,263.016,503.026,30.428,-78.692,34.750,15213.783,103183.371,20220716_061932,479141,112963,88666,80792
4,KRAX20220716_102501_V06,14.605,0.461,263.349,501.468,37.446,-78.690,34.757,18722.839,102387.277,20220716_062501,479143,123128,85731,90827
4,KRAX20220716_103038_V06,20.221,0.089,263.930,497.844,43.369,-78.687,34.773,21684.448,100552.613,20220716_063038,479147,125408,85435,92907
5,KRAX20220716_100332_V06,-6.879,0.747,279.812,392.023,19.746,-78.601,35.251,9872.931,47105.936,20220716_060332,479146,46711,74708,28451
5,KRAX20220716_100842_V06,-1.712,0.074,278.505,391.999,28.955,-78.608,35.251,14477.451,47238.444,20220716_060842,479138,71581,85934,46558
6,KRAX20220716_100332_V06,-6.879,0.113,162.275,172.512,15.928,-79.256,36.237,7963.947,93836.806,20220716_060332,479146,46711,74708,28451
1,KRAX20220717_101317_V06,2.199,0.893,269.627,497.123,28.033,-78.656,34.777,14016.600,99724.630,20220717_061317,479152,54796,45299,46585
1,KRAX20220717_102340_V06,12.582,0.921,269.333,496.707,42.791,-78.658,34.779,21395.535,99541.657,20220717_062340,479152,67219,52433,58361
1,KRAX20220717_103404_V06,22.982,0.753,282.576,499.160,49.097,-78.585,34.768,24548.482,99960.282,20220717_063404,479158,65613,56217,56038
1,KRAX20220718_103049_V06,19.049,0.063,254.426,474.785,49.737,-78.739,34.877,24868.530,90314.381,20220718_063049,479141,52470,65587,39272
2,KRAX20220722_100601_V06,-8.577,0.131,297.635,403.062,29.568,-78.503,35.201,14784.229,51544.786,20220722_060601,479128,46492,71206,18325
2,KRAX20220722_101106_V06,-3.494,0.107,301.636,402.608,35.651,-78.481,35.203,17825.433,51310.313,20220722_061106,479126,55307,76128,24502
3,KRAX20220722_101106_V06,-3.494,0.069,349.288,398.774,34.074,-78.219,35.220,17036.760,55194.443,20220722_061106,479126,55307,76128,24502
2,KRAX20220723_100812_V06,-7.121,0.203,257.245,507.106,19.802,-78.723,34.732,9900.892,105736.653,20220723_060812,479148,92778,53927,77573
2,KRAX20220723_101657_V06,1.629,0.818,261.300,510.058,27.016,-78.701,34.718,13508.192,106796.378,20220723_061657,479144,119332,61539,99979
2,KRAX20220723_102540_V06,10.345,0.855,258.424,511.129,36.727,-78.717,34.714,18363.255,107591.711,20220723_062540,479146,127874,63489,107863
2,KRAX20220723_103425_V06,19.095,0.874,259.927,514.065,43.909,-78.709,34.700,21954.345,108891.983,20220723_063425,479146,134708,65414,113059
2,KRAX20220723_104310_V06,27.845,0.837,262.685,515.456,52.041,-78.694,34.694,26020.336,109331.949,20220723_064310,479149,132379,66900,110587
2,KRAX20220723_105154_V06,36.579,0.222,261.581,518.745,58.126,-78.700,34.679,29062.839,111046.837,20220723_065154,479127,115134,90520,74813
1,KRAX20220723_095043_V06,-24.605,0.115,524.844,467.501,57.712,-77.260,34.904,28855.862,140188.353,20220723_055043,479147,20017,38986,16587
1,KRAX20220724_101627_V06,0.395,0.835,251.366,504.626,17.213,-78.756,34.743,8606.341,105162.830,20220724_061627,479141,53970,69028,40991
1,KRAX20220724_102451_V06,8.795,0.963,253.290,502.758,27.714,-78.745,34.751,13856.886,104034.522,20220724_062451,479141,70853,70905,56597
1,KRAX20220724_103315_V06,17.195,0.928,256.496,501.152,36.373,-78.728,34.759,18186.720,102901.298,20220724_063315,479147,81626,69479,67022
1,KRAX20220724_104134_V06,25.511,0.864,256.744,497.683,46.353,-78.726,34.774,23176.364,101180.029,20220724_064134,479145,86320,68132,71089
1,KRAX20220724_104952_V06,33.811,0.825,252.574,499.452,53.357,-78.749,34.766,26678.295,102506.557,20220724_064952,479142,89943,68668,73838
1,KRAX20220725_102113_V06,4.421,0.147,269.532,508.273,32.148,-78.656,34.727,16073.889,105245.002,20220725_062113,479147,13510,38196,11953
1,KRAX20220727_102255_V06,4.622,0.113,293.716,502.328,20.207,-78.524,34.753,10103.256,101212.593,20220727_062255,479132,29092,34334,23415
4,KRAX20220729_102055_V06,1.103,0.633,261.366,502.525,38.049,-78.701,34.752,19024.256,103088.714,20220729_062055,479151,47545,47515,41076
4,KRAX20220729_103059_V06,11.170,0.861,276.494,499.105,44.473,-78.618,34.768,22236.301,100244.050,20220729_063059,479154,59437,49857,51437
4,KRAX20220729_104112_V06,21.387,0.612,283.316,499.116,54.722,-78.581,34.768,27360.761,99906.626,20220729_064112,479143,57143,52681,48995
3,KRAX20220729_093952_V06,-39.947,0.057,318.675,148.362,16.877,-78.386,36.349,8438.446,76391.926,20220729_053952,479146,43118,34961,35423
8,KRAX20220730_100614_V06,-14.345,0.094,242.477,504.581,5.411,-78.804,34.743,2705.386,106256.942,20220730_060614,479139,90501,68821,66233
8,KRAX20220730_101119_V06,-9.262,0.324,243.725,504.596,12.935,-78.797,34.743,6467.688,106097.021,20220730_061119,479139,102010,70134,74991
8,KRAX20220730_101624_V06,-4.179,0.649,252.212,504.593,19.638,-78.751,34.743,9818.872,105049.856,20220730_061624,479129,119947,69728,89369
8,KRAX20220730_102129_V06,0.905,0.718,256.932,505.763,23.935,-78.725,34.738,11967.570,105110.998,20220730_062129,479135,137925,69041,103740
8,KRAX20220730_102633_V06,5.971,0.860,260.821,508.133,30.520,-78.704,34.727,15260.060,105894.191,20220730_062633,479131,154385,66826,118659
8,KRAX20220730_103139_V06,11.071,0.814,265.190,508.246,36.584,-78.680,34.727,18292.047,105567.945,20220730_063139,479134,165394,65940,128094
8,KRAX20220730_103643_V06,16.138,0.902,267.644,509.965,44.058,-78.667,34.719,22028.951,106221.945,20220730_063643,479123,179999,65026,140455
8,KRAX20220730_104148_V06,21.221,0.852,267.933,509.977,52.825,-78.665,34.719,26412.340,106205.623,20220730_064148,479134,187178,65184,146221
8,KRAX20220730_104653_V06,26.305,0.685,272.347,512.469,54.799,-78.641,34.708,27399.694,107130.402,20220730_064653,479133,190610,65884,149067
8,KRAX20220730_105158_V06,31.388,0.180,272.863,511.885,62.363,-78.638,34.710,31181.581,106808.045,20220730_065158,479141,195576,65813,152810
9,KRAX20220730_101119_V06,-9.262,0.093,139.559,351.175,7.636,-79.373,35.431,3817.823,84202.223,20220730_061119,479139,102010,70134,74991
9,KRAX20220730_101624_V06,-4.179,0.126,140.445,349.598,16.266,-79.369,35.439,8132.887,83542.880,20220730_061624,479129,119947,69728,89369
9,KRAX20220730_102129_V06,0.905,0.067,141.124,353.131,21.162,-79.365,35.423,10580.953,83762.301,20220730_062129,479135,137925,69041,103740
9,KRAX20220730_102633_V06,5.971,0.083,141.040,357.627,24.460,-79.365,35.402,12229.894,84541.366,20220730_062633,479131,154385,66826,118659
16,KRAX20220731_101510_V06,-6.181,0.654,251.844,504.245,21.297,-78.753,34.745,10648.387,104922.399,20220731_061510,479142,99703,103458,45964
16,KRAX20220731_102055_V06,-0.431,0.859,253.932,502.367,25.635,-78.742,34.753,12817.729,103772.246,20220731_062055,479129,115255,110777,57354
16,KRAX20220731_102639_V06,5.303,0.907,258.212,500.116,30.314,-78.718,34.763,15157.029,102216.231,20220731_062639,479132,135421,114654,72572
16,KRAX20220731_103224_V06,11.053,0.904,259.684,498.016,38.426,-78.710,34.773,19213.010,101039.059,20220731_063224,479128,147774,118231,81281
16,KRAX20220731_103810_V06,16.819,0.917,264.796,496.672,45.957,-78.682,34.779,22978.586,99898.846,20220731_063810,479135,153307,116819,86949
16,KRAX20220731_104409_V06,22.803,0.870,268.205,496.064,53.717,-78.664,34.782,26858.614,99312.795,20220731_064409,479124,154148,116010,87725
16,KRAX20220731_105008_V06,28.786,0.696,271.604,495.346,63.465,-78.645,34.785,31732.404,98699.709,20220731_065008,479148,155736,116524,88908
16,KRAX20220731_110217_V06,40.936,0.307,275.306,490.987,80.997,-78.625,34.804,40498.676,96288.380,20220731_070217,479128,152482,114005,87231
17,KRAX20220731_101510_V06,-6.181,0.228,138.625,347.098,10.867,-79.379,35.450,5433.703,84053.638,20220731_061510,479142,99703,103458,45964
17,KRAX20220731_102055_V06,-0.431,0.425,138.578,347.149,18.982,-79.379,35.450,9490.909,84083.173,20220731_062055,479129,115255,110777,57354
17,KRAX20220731_102639_V06,5.303,0.355,137.773,347.457,28.215,-79.383,35.448,14107.746,84512.919,20220731_062639,479132,135421,114654,72572
17,KRAX20220731_103224_V06,11.053,0.057,136.387,345.545,36.911,-79.391,35.457,18455.369,84916.864,20220731_063224,479128,147774,118231,81281
11,KRAX20220731_094302_V06,-38.314,0.096,94.206,228.767,20.182,-79.631,35.981,10091.193,108886.935,20220731_054302,479147,83364,87645,36386
11,KRAX20220731_094833_V06,-32.797,0.076,96.286,227.437,25.938,-79.620,35.987,12969.137,108125.913,20220731_054833,479139,80210,84965,35627
11,KRAX20220731_095405_V06,-27.264,-1.000,98.028,226.324,32.210,-79.610,35.992,16104.836,107495.060,20220731_055405,479137,69210,82821,28093
11,KRAX20220731_100428_V06,-16.881,0.093,114.683,219.377,23.856,-79.518,36.024,11928.148,101047.799,20220731_060428,479145,72331,84293,30064
11,KRAX20220731_100939_V06,-11.697,0.313,116.568,218.328,30.507,-79.508,36.029,15253.663,100395.989,20220731_060939,479141,87397,94674,37941
10,KRAX20220731_094302_V06,-38.314,0.118,244.425,507.040,8.624,-78.793,34.732,4311.769,107184.744,20220731_054302,479147,83364,87645,36386
10,KRAX20220731_094833_V06,-32.797,-1.000,244.425,507.040,17.395,-78.793,34.732,8697.519,107184.744,20220731_054833,479139,80210,84965,35627
10,KRAX20220731_095405_V06,-27.264,-1.000,244.425,507.040,26.193,-78.793,34.732,13096.519,107184.744,20220731_055405,479137,69210,82821,28093
10,KRAX20220731_100428_V06,-16.881,0.052,246.537,506.650,30.858,-78.782,34.734,15429.217,106726.858,20220731_060428,479145,72331,84293,30064
4,KRAX20220801_102516_V06,3.148,0.175,331.646,332.768,3.623,-78.316,35.517,1811.375,22777.417,20220801_062516,479154,106847,47712,93416
5,KRAX20220801_102516_V06,3.148,0.127,336.020,331.250,2.586,-78.291,35.524,1292.759,23843.329,20220801_062516,479154,106847,47712,93416
2,KRAX20220802_101954_V06,-2.993,0.333,256.683,502.260,24.082,-78.727,34.754,12041.242,103423.101,20220802_061954,479138,77683,56188,63448
2,KRAX20220802_102839_V06,5.757,0.796,260.541,505.294,32.023,-78.705,34.740,16011.354,104525.909,20220802_062839,479142,108191,52137,92926
2,KRAX20220802_103723_V06,14.490,0.747,263.040,506.071,38.714,-78.692,34.736,19357.142,104679.597,20220802_063723,479137,112674,75132,79607
2,KRAX20220802_104129_V06,18.590,0.679,263.033,506.478,44.176,-78.692,34.735,22087.942,104880.329,20220802_064129,479136,117998,75831,82920
2,KRAX20220802_104638_V06,23.740,0.594,264.468,498.936,50.160,-78.684,34.769,25080.247,101041.962,20220802_064638,479129,118731,77623,82953
2,KRAX20220802_105100_V06,28.107,0.163,263.315,498.025,57.161,-78.690,34.773,28580.259,100696.921,20220802_065100,479126,112230,77766,77614
3,KRAX20220802_101954_V06,-2.993,0.199,148.565,351.754,15.143,-79.324,35.429,7571.478,80017.306,20220802_061954,479138,77683,56188,63448
3,KRAX20220802_102839_V06,5.757,0.098,149.161,353.471,26.134,-79.320,35.421,13066.950,80018.233,20220802_062839,479142,108191,52137,92926
1,KRAX20220802_101109_V06,-11.743,0.077,295.522,415.867,32.960,-78.515,35.143,16479.954,57976.960,20220802_061109,479141,48775,55587,36808
1,KRAX20220803_101552_V06,-7.803,0.832,246.430,505.948,20.532,-78.782,34.737,10265.876,106400.598,20220803_061552,479153,183222,37590,165335
1,KRAX20220803_102436_V06,0.930,0.914,249.747,510.003,28.834,-78.764,34.719,14417.214,107966.233,20220803_062436,479144,234153,34574,215074
1,KRAX20220803_103320_V06,9.664,0.843,250.567,513.753,36.756,-78.760,34.702,18378.157,109697.240,20220803_063320,479154,264840,30984,246534
1,KRAX20220803_104203_V06,18.380,0.829,255.367,514.410,43.134,-78.734,34.699,21566.787,109503.129,20220803_064203,479141,248162,56120,205471
1,KRAX20220803_104608_V06,22.464,0.432,256.465,516.092,46.023,-78.728,34.691,23011.540,110217.046,20220803_064608,479129,248264,56651,205122
1,KRAX20220804_100503_V06,-19.397,0.383,244.409,501.007,8.209,-78.794,34.759,4104.700,104276.107,20220804_060503,479150,60316,50115,49985
1,KRAX20220804_101348_V06,-10.647,0.783,247.250,500.065,18.571,-78.778,34.763,9285.413,103451.165,20220804_061348,479154,74168,54416,60458
1,KRAX20220804_102232_V06,-1.914,0.814,250.551,497.696,29.875,-78.760,34.774,14937.722,101893.360,20220804_062232,479153,103492,55514,88239
1,KRAX20220804_103116_V06,6.819,0.776,249.594,498.424,41.232,-78.765,34.771,20616.010,102362.922,20220804_063116,479152,127640,50911,113516
1,KRAX20220804_104001_V06,15.569,0.172,250.407,494.826,50.100,-78.761,34.787,25050.160,100519.532,20220804_064001,479153,138425,49651,123874
1,KRAX20220804_104846_V06,24.319,0.124,247.595,482.535,60.163,-78.776,34.842,30081.258,94954.213,20220804_064846,479151,135376,50665,120397
3,KRAX20220804_101348_V06,-10.647,0.118,428.683,510.749,47.817,-77.788,34.713,23908.400,123465.299,20220804_061348,479154,74168,54416,60458
4,KRAX20220804_102232_V06,-1.914,0.114,224.003,444.949,3.054,-78.906,35.011,1527.140,81831.738,20220804_062232,479153,103492,55514,88239
8,KRAX20220805_103033_V06,5.323,0.149,253.470,498.565,35.864,-78.744,34.770,17931.780,101971.865,20220805_063033,479133,25853,40102,18399
8,KRAX20220805_103455_V06,9.690,0.118,255.535,495.717,41.662,-78.733,34.783,20831.170,100352.196,20220805_063455,479148,32240,48553,25755
8,KRAX20220805_104330_V06,18.273,0.182,264.273,487.667,43.291,-78.685,34.819,21645.578,95518.937,20220805_064330,479154,35066,48550,28599
3,KRAX20220805_100151_V06,-23.377,0.058,163.863,142.949,21.318,-79.248,36.371,10659.138,103920.806,20220805_060151,479137,15348,35680,10701
3,KRAX20220805_100549_V06,-19.410,0.129,165.219,142.898,26.682,-79.241,36.371,13341.034,103497.621,20220805_060549,479139,16666,33307,11479
3,KRAX20220805_100941_V06,-15.543,-1.000,166.176,142.861,32.164,-79.236,36.371,16082.228,103200.625,20220805_060941,479147,19185,33607,13197
3,KRAX20220805_101353_V06,-11.343,0.081,175.410,136.766,17.103,-79.184,36.399,8551.468,102674.157,20220805_061353,479138,17718,34653,11537
7,KRAX20220805_102611_V06,0.957,0.235,236.094,504.170,43.944,-78.839,34.745,21972.122,106968.919,20220805_062611,479144,22372,38451,15568
5,KRAX20220806_102859_V06,2.977,0.145,243.268,490.671,35.817,-78.800,34.806,17908.272,99466.063,20220806_062859,479142,42839,50682,26053
5,KRAX20220806_103320_V06,7.327,-1.000,243.268,490.671,42.733,-78.800,34.806,21366.522,99466.063,20220806_063320,479145,42750,49077,26688
5,KRAX20220806_103741_V06,11.677,0.121,241.838,496.851,43.711,-78.808,34.778,21855.538,102631.566,20220806_063741,479119,42405,47733,27022
5,KRAX20220806_104203_V06,16.043,0.221,242.726,501.764,42.874,-78.803,34.756,21436.907,104867.585,20220806_064203,479139,41266,46030,26692
5,KRAX20220806_104624_V06,20.393,0.214,245.608,503.809,44.065,-78.787,34.746,22032.296,105471.199,20220806_064624,479131,37766,44249,24295
5,KRAX20220806_105046_V06,24.760,0.092,245.113,499.530,48.972,-78.790,34.766,24486.227,103470.805,20220806_065046,479141,35952,42753,22787
5,KRAX20220806_105507_V06,29.110,0.143,244.928,495.646,51.470,-78.791,34.783,25734.841,101624.878,20220806_065507,479148,33955,42191,21271
5,KRAX20220806_110330_V06,37.493,0.079,249.977,497.625,57.555,-78.763,34.774,28777.374,101928.837,20220806_070330,479133,29547,38123,18906
1,KRAX20220807_102946_V06,2.979,0.557,245.343,514.730,29.369,-78.788,34.697,14684.671,110788.481,20220807_062946,479145,70951,62870,51802
1,KRAX20220807_103523_V06,8.596,0.759,245.027,514.691,35.184,-78.790,34.697,17591.911,110808.806,20220807_063523,479145,71579,62105,53787
1,KRAX20220807_104101_V06,14.229,0.720,244.700,515.114,44.518,-78.792,34.695,22258.897,111054.055,20220807_064101,479144,68682,62341,51571
1,KRAX20220807_104638_V06,19.846,0.689,244.577,515.869,47.172,-78.792,34.692,23585.813,111434.861,20220807_064638,479141,66644,62267,49851
1,KRAX20220807_105215_V06,25.463,0.610,243.277,520.629,52.024,-78.799,34.671,26011.759,113902.121,20220807_065215,479146,60566,61633,45162
1,KRAX20220807_110330_V06,36.713,0.409,241.506,520.448,57.771,-78.809,34.671,28885.307,114038.005,20220807_070330,479148,55138,60680,40011
1,KRAX20220808_101622_V06,-11.202,0.092,277.551,381.966,16.482,-78.613,35.296,8241.220,42492.082,20220808_061622,479134,15247,32625,10907
2,KRAX20220808_102044_V06,-6.835,0.104,360.547,409.301,29.232,-78.158,35.172,14615.816,62475.240,20220808_062044,479135,16831,33091,11657
1,KRAX20220810_103108_V06,2.003,0.509,254.038,511.773,38.280,-78.741,34.711,19140.083,108351.430,20220810_063108,479147,41933,58223,31330
1,KRAX20220810_103951_V06,10.719,0.661,265.678,508.140,45.010,-78.677,34.727,22504.770,105475.239,20220810_063951,479142,48033,57867,37381
1,KRAX20220810_104836_V06,19.469,0.068,267.165,510.402,54.580,-78.669,34.717,27289.955,106474.327,20220810_064836,479157,54606,61691,43075
18,KRAX20220811_111739_V06,47.738,0.144,24.917,388.116,30.004,-80.001,35.259,15002.151,144425.535,20220811_071739,479152,48981,70552,26144
18,KRAX20220811_112616_V06,56.355,0.096,28.141,384.559,36.951,-79.984,35.275,18475.527,142353.120,20220811_072616,479149,43091,68309,23407
18,KRAX20220811_113445_V06,64.838,0.220,33.971,375.590,37.200,-79.953,35.316,18600.236,138279.887,20220811_073445,479148,39361,67090,21790
18,KRAX20220811_114315_V06,73.338,0.353,40.401,380.024,42.391,-79.917,35.296,21195.566,135826.603,20220811_074315,479150,36965,66548,20479
4,KRAX20220811_100846_V06,-21.145,0.096,47.646,301.918,75.240,-79.883,35.649,37620.213,126180.448,20220811_060846,479151,59891,63636,33669
4,KRAX20220811_101731_V06,-12.395,0.717,48.122,302.643,80.135,-79.881,35.645,40067.272,125945.762,20220811_061731,479153,62884,68345,33917
4,KRAX20220811_102615_V06,-3.662,0.303,50.923,304.630,75.292,-79.865,35.637,37645.906,124560.104,20220811_062615,479151,57804,76972,27310
12,KRAX20220811_102615_V06,-3.662,0.055,357.496,410.343,21.600,-78.174,35.168,10799.788,62211.926,20220811_062615,479151,57804,76972,27310
14,KRAX20220811_104343_V06,13.805,0.447,257.703,505.830,44.472,-78.721,34.737,22235.979,105065.261,20220811_064343,479154,60494,77333,30023
15,KRAX20220811_104343_V06,13.805,0.079,290.830,420.794,31.646,-78.540,35.121,15822.840,60570.731,20220811_064343,479154,60494,77333,30023
3,KRAX20220812_094741_V06,-43.009,0.206,297.426,382.294,24.890,-78.504,35.294,12444.866,41167.340,20220812_054741,479127,283677,86221,212755
3,KRAX20220812_095309_V06,-37.542,0.125,299.988,382.254,31.108,-78.490,35.295,15553.999,41126.847,20220812_055309,479133,269185,90045,196195
4,KRAX20220812_101912_V06,-11.492,0.082,40.708,358.205,56.381,-79.917,35.395,28190.269,132872.154,20220812_061912,479146,163692,116894,78193
4,KRAX20220812_102440_V06,-6.026,0.151,42.342,356.035,63.947,-79.908,35.404,31973.272,131840.333,20220812_062440,479144,153731,121322,63366
11,KRAX20220812_114010_V06,69.474,0.065,180.283,126.607,63.387,-79.158,36.445,31693.645,105353.289,20220812_074010,479139,219672,173018,68834
4,KRAX20220813_102812_V06,-3.272,0.215,392.325,360.334,4.958,-77.982,35.392,2478.848,55145.613,20220813_062812,479145,216024,33178,193699
4,KRAX20220813_103233_V06,1.078,0.358,392.481,360.525,11.872,-77.981,35.391,5935.819,55263.156,20220813_063233,479127,239426,34496,214149
4,KRAX20220813_103655_V06,5.444,0.260,393.483,360.247,15.508,-77.976,35.393,7753.985,55607.664,20220813_063655,479137,249282,34848,223398
1,KRAX20220813_093139_V06,-59.822,0.143,383.087,370.497,7.519,-78.033,35.347,3759.380,54482.113,20220813_053139,479152,245281,28435,230380
1,KRAX20220813_094023_V06,-51.089,0.236,383.245,370.562,14.923,-78.032,35.346,7461.412,54563.333,20220813_054023,479138,230336,28641,215630
3,KRAX20220813_102407_V06,-7.356,0.251,242.741,509.509,16.575,-78.803,34.721,8287.654,108596.347,20220813_062407,479138,194625,32411,173870
3,KRAX20220813_102812_V06,-3.272,-1.000,242.741,509.509,23.068,-78.803,34.721,11533.904,108596.347,20220813_062812,479145,216024,33178,193699
3,KRAX20220813_103233_V06,1.078,0.078,237.505,511.387,30.663,-78.831,34.712,15331.585,110215.784,20220813_063233,479127,239426,34496,214149
5,KRAX20220813_102812_V06,-3.272,0.182,401.397,288.999,9.119,-77.930,35.714,4559.380,50996.214,20220813_062812,479145,216024,33178,193699
5,KRAX20220813_103233_V06,1.078,0.317,401.358,289.227,15.556,-77.930,35.713,7778.064,50964.317,20220813_063233,479127,239426,34496,214149
2,KRAX20220813_100637_V06,-24.856,0.065,241.064,508.082,5.131,-78.812,34.727,2565.409,108133.744,20220813_060637,479146,121400,24692,111074
6,KRAX20220814_110143_V06,29.464,0.056,38.616,120.638,61.486,-79.948,36.465,30743.023,158502.520,20220814_070143,479154,174381,32995,157279
6,KRAX20220814_111027_V06,38.198,0.296,38.461,124.549,67.641,-79.949,36.447,33820.263,157468.807,20220814_071027,479155,155313,34060,138037
6,KRAX20220814_111911_V06,46.931,0.503,43.122,128.718,65.940,-79.922,36.429,32970.227,154372.566,20220814_071911,479149,141272,34421,123967
6,KRAX20220814_112755_V06,55.664,0.558,48.796,148.982,61.047,-79.889,36.338,30523.719,146551.886,20220814_072755,479152,127770,34247,110413
6,KRAX20220814_113640_V06,64.414,0.515,55.102,158.842,64.830,-79.853,36.294,32414.804,141333.566,20220814_073640,479154,119474,34082,102377
6,KRAX20220814_114524_V06,73.148,0.608,64.517,163.911,65.729,-79.800,36.271,32864.611,135989.218,20220814_074524,479149,112373,32118,96768
4,KRAX20220814_102653_V06,-5.369,0.735,234.983,510.769,18.804,-78.845,34.715,9402.036,110284.422,20220814_062653,479127,166693,49219,136272
4,KRAX20220814_103114_V06,-1.019,0.795,235.812,511.185,23.915,-78.840,34.713,11957.268,110362.347,20220814_063114,479133,180631,48952,149710
4,KRAX20220814_103537_V06,3.364,0.841,234.959,512.367,29.919,-78.845,34.708,14959.459,111051.771,20220814_063537,479154,211558,33387,193722
4,KRAX20220814_104413_V06,11.964,0.525,231.492,517.233,42.388,-78.864,34.686,21193.917,113889.813,20220814_064413,479152,214045,33140,196237
4,KRAX20220814_110143_V06,29.464,0.078,233.771,521.130,57.537,-78.851,34.668,28768.484,115417.314,20220814_070143,479154,174381,32995,157279
2,KRAX20220814_101812_V06,-14.052,0.139,333.898,410.725,13.837,-78.304,35.166,6918.331,57898.712,20220814_061812,479133,86485,42182,65784
3,KRAX20220814_101812_V06,-14.052,0.129,134.507,344.548,6.293,-79.402,35.461,3146.736,85692.155,20220814_061812,479133,86485,42182,65784
5,KRAX20220814_110143_V06,29.464,0.087,246.104,49.335,23.018,-78.792,36.794,11509.203,128197.055,20220814_070143,479154,174381,32995,157279
7,KRAX20220814_111911_V06,46.931,0.142,428.284,517.171,41.403,-77.790,34.684,20701.405,126115.048,20220814_071911,479149,141272,34421,123967
8,KRAX20220814_113640_V06,64.414,0.098,306.123,151.403,14.228,-78.456,36.335,7113.819,74361.762,20220814_073640,479154,119474,34082,102377
14,KRAX20220815_110653_V06,33.852,0.102,94.506,497.557,30.728,-79.612,34.770,15364.162,142527.826,20220815_070653,479133,127018,111503,43737
14,KRAX20220815_111208_V06,39.102,-1.000,94.506,497.557,39.076,-79.612,34.770,19537.912,142527.826,20220815_071208,479134,120944,109812,40047
14,KRAX20220815_111710_V06,44.135,0.114,107.674,494.393,31.467,-79.541,34.785,15733.253,136727.819,20220815_071710,479124,117269,104167,40253
20,KRAX20220815_112648_V06,53.769,0.139,74.791,173.655,33.430,-79.743,36.228,16715.143,129114.351,20220815_072648,479139,114831,98724,41640
23,KRAX20220815_113136_V06,58.569,0.081,180.370,312.422,17.883,-79.150,35.607,8941.551,60136.788,20220815_073136,479130,113411,97795,41036
5,KRAX20220816_102226_V06,-11.377,0.050,269.048,157.871,33.655,-78.662,36.306,16827.415,72729.979,20220816_062226,479132,31504,67950,5995
1,KRAX20220817_102715_V06,-7.338,0.505,233.458,514.191,12.183,-78.853,34.699,6091.319,112144.502,20220817_062715,479127,66448,58698,45050
1,KRAX20220817_103137_V06,-2.971,0.837,232.330,515.133,17.686,-78.859,34.695,8842.910,112762.566,20220817_063137,479146,97024,63515,69033
1,KRAX20220817_103559_V06,1.395,0.807,229.715,518.463,23.003,-78.873,34.680,11501.328,114745.430,20220817_063559,479139,117532,65110,85720
1,KRAX20220817_104021_V06,5.762,0.850,226.585,520.645,29.018,-78.890,34.670,14509.090,116269.012,20220817_064021,479127,126034,66307,92412
1,KRAX20220817_104441_V06,10.095,0.779,225.912,522.616,30.128,-78.894,34.661,15064.157,117310.300,20220817_064441,479134,127677,67659,93164
1,KRAX20220817_104903_V06,14.462,0.588,222.154,525.495,36.531,-78.915,34.648,18265.581,119277.105,20220817_064903,479124,129772,67213,95136
1,KRAX20220817_105315_V06,18.662,0.560,222.654,528.831,40.163,-78.912,34.633,20081.333,120774.824,20220817_065315,479134,122532,67425,89543
2,KRAX20220818_103858_V06,3.602,0.559,391.460,359.185,10.362,-77.987,35.398,5181.108,54469.731,20220818_063858,479153,107786,28509,96945
2,KRAX20220818_104743_V06,12.352,0.086,393.369,359.393,21.388,-77.976,35.397,10693.827,55329.367,20220818_064743,479139,104909,36170,86960
3,KRAX20220818_103858_V06,3.602,0.074,233.921,510.472,33.312,-78.851,34.716,16656.126,110300.357,20220818_063858,479153,107786,28509,96945
3,KRAX20220818_104743_V06,12.352,0.073,234.799,510.167,44.758,-78.846,34.718,22378.968,110024.189,20220818_064743,479139,104909,36170,86960
1,KRAX20220818_102129_V06,-13.882,0.154,506.291,322.590,7.025,-77.352,35.558,3512.333,103762.203,20220818_062129,479149,51348,30385,42741
2,KRAX20220819_104113_V06,5.075,0.065,397.561,287.898,14.031,-77.951,35.719,7015.270,49154.518,20220819_064113,479145,78830,44647,56857
3,KRAX20220819_104947_V06,13.642,0.080,393.047,361.218,17.563,-77.978,35.388,8781.679,55689.874,20220819_064947,479139,79752,42190,58427
7,KRAX20220820_110242_V06,25.783,0.300,402.101,205.398,37.206,-77.923,36.090,18602.901,69595.579,20220820_070242,479129,34864,49816,14995
7,KRAX20220820_110736_V06,30.683,0.054,402.323,204.721,43.495,-77.922,36.093,21747.645,69907.288,20220820_070736,479137,34287,49954,14551
5,KRAX20220821_104322_V06,5.676,0.626,258.229,500.082,16.426,-78.718,34.763,8212.797,102197.746,20220821_064322,479136,115806,76527,71087
5,KRAX20220821_104935_V06,11.892,0.782,260.361,498.792,26.000,-78.706,34.769,12999.860,101352.922,20220821_064935,479131,114563,75517,68871
5,KRAX20220821_110129_V06,23.792,0.847,269.443,496.483,37.349,-78.657,34.780,18674.575,99422.598,20220821_070129,479146,110216,80873,59254
5,KRAX20220821_110741_V06,29.992,0.739,276.551,497.287,45.298,-78.618,34.776,22648.886,99337.969,20220821_070741,479136,106996,83793,53748
5,KRAX20220821_111341_V06,35.992,0.368,278.944,499.834,52.577,-78.605,34.765,26288.321,100470.118,20220821_071341,479147,98725,85613,44858
5,KRAX20220821_111942_V06,42.009,0.100,281.365,500.165,59.894,-78.592,34.763,29947.166,100515.126,20220821_071942,479135,98739,87458,41871
3,KRAX20220821_103710_V06,-0.524,0.272,419.931,212.819,6.051,-77.824,36.056,3025.269,74134.940,20220821_063710,479138,107965,74395,66232
3,KRAX20220821_104322_V06,5.676,0.614,420.625,213.947,16.104,-77.821,36.051,8052.107,74086.650,20220821_064322,479136,115806,76527,71087
3,KRAX20220821_104935_V06,11.892,0.532,426.857,216.299,24.211,-77.786,36.040,12105.656,75990.811,20220821_064935,479131,114563,75517,68871
2,KRAX20220821_102512_V06,-12.491,0.087,149.789,87.984,14.230,-79.330,36.618,7115.036,129917.174,20220821_062512,479138,96205,64978,61952
1,KRAX20220822_095032_V06,-47.931,0.348,177.043,201.793,18.666,-79.173,36.106,9332.882,78681.143,20220822_055032,479141,224825,141031,105705
5,KRAX20220822_104050_V06,2.369,0.133,180.519,346.343,4.840,-79.148,35.455,2419.813,64077.023,20220822_064050,479128,96076,93874,32499
8,KRAX20220822_111038_V06,32.169,0.086,382.364,331.305,17.238,-78.036,35.523,8619.217,44056.197,20220822_071038,479130,89753,75087,42890
1,KRAX20220824_105105_V06,11.076,0.499,239.432,512.866,29.077,-78.821,34.705,14538.713,110657.393,20220824_065105,479152,124067,28256,114063
1,KRAX20220824_110834_V06,28.560,0.073,236.918,510.652,44.136,-78.834,34.715,22067.950,109947.084,20220824_070834,479145,111012,34041,99658
2,KRAX20220825_103557_V06,-4.827,0.280,402.237,283.362,5.159,-77.925,35.739,2579.536,51791.079,20220825_063557,479133,120684,67567,85642
2,KRAX20220825_104019_V06,-0.460,0.196,402.356,283.899,11.254,-77.924,35.737,5627.068,51807.428,20220825_064019,479136,140113,69582,101495
2,KRAX20220825_104441_V06,3.907,0.613,401.508,282.761,16.727,-77.929,35.742,8363.396,51480.529,20220825_064441,479144,157241,70518,116143
2,KRAX20220825_104903_V06,8.273,0.826,403.998,280.989,21.455,-77.915,35.750,10727.480,52860.768,20220825_064903,479148,164287,71047,122039
1,KRAX20220825_103136_V06,-9.177,0.277,505.719,322.563,5.974,-77.355,35.558,2986.778,103476.334,20220825_063136,479129,97056,60734,69574
6,KRAX20220825_114956_V06,69.157,0.083,416.808,503.049,8.723,-77.852,34.748,4361.630,117124.652,20220825_074956,479145,190492,47557,165416
2,KRAX20220827_102651_V06,-15.461,0.746,243.812,505.101,7.687,-78.797,34.741,3843.424,106328.884,20220827_062651,479141,133498,36398,119649
2,KRAX20220827_103536_V06,-6.711,0.866,246.820,505.411,18.026,-78.780,34.739,9012.810,106091.518,20220827_063536,479138,151610,36804,136108
2,KRAX20220827_104420_V06,2.022,0.680,251.797,509.399,24.475,-78.753,34.721,12237.653,107437.623,20220827_064420,479127,167054,55336,133655
3,KRAX20220827_103536_V06,-6.711,0.571,401.401,286.250,8.104,-77.930,35.726,4051.903,51164.304,20220827_063536,479138,151610,36804,136108
3,KRAX20220827_104420_V06,2.022,0.183,401.877,285.657,17.741,-77.927,35.729,8870.352,51440.724,20220827_064420,479127,167054,55336,133655
4,KRAX20220827_103536_V06,-6.711,0.461,422.927,217.968,4.908,-77.808,36.033,2453.880,73892.437,20220827_063536,479138,151610,36804,136108
4,KRAX20220827_104420_V06,2.022,0.223,423.995,217.655,14.232,-77.802,36.034,7115.931,74423.750,20220827_064420,479127,167054,55336,133655
5,KRAX20220827_103536_V06,-6.711,0.387,392.044,358.441,4.900,-77.983,35.401,2450.214,54514.856,20220827_063536,479138,151610,36804,136108
5,KRAX20220827_104420_V06,2.022,0.110,392.650,358.543,13.246,-77.980,35.400,6622.753,54798.342,20220827_064420,479127,167054,55336,133655
8,KRAX20220827_104420_V06,2.022,0.163,270.230,386.584,3.227,-78.654,35.275,1613.333,45779.539,20220827_064420,479127,167054,55336,133655
8,KRAX20220827_104825_V06,6.106,0.341,270.182,386.340,9.329,-78.654,35.276,4664.701,45671.933,20220827_064825,479137,180694,56648,144919
1,KRAX20220827_101808_V06,-24.178,0.070,403.093,283.417,4.826,-77.920,35.739,2413.147,52208.897,20220827_061808,479142,140531,37739,126512
10,KRAX20220827_105247_V06,10.472,0.133,253.818,333.966,5.182,-78.745,35.512,2591.000,28663.833,20220827_065247,479141,185266,58031,148503
1,KRAX20220828_103749_V06,-5.259,0.062,243.140,510.979,19.688,-78.800,34.714,9844.197,109253.459,20220828_063749,479144,133062,50470,113307
5,KRAX20220830_110300_V06,18.398,0.139,307.723,159.367,2.995,-78.447,36.299,1497.444,70422.322,20220830_070300,479132,85264,75461,51800
5,KRAX20220830_110721_V06,22.748,0.050,308.079,159.379,8.455,-78.445,36.299,4227.433,70426.396,20220830_070721,479126,86395,74818,52510
1,KRAX20220831_102801_V06,-17.345,0.209,246.594,509.613,8.381,-78.782,34.720,4190.367,108154.793,20220831_062801,479129,157369,73419,121771
1,KRAX20220831_103222_V06,-12.995,0.852,248.496,510.994,14.038,-78.771,34.714,7019.120,108594.497,20220831_063222,479134,125844,74540,91818
1,KRAX20220831_103643_V06,-8.645,0.540,251.412,512.888,18.272,-78.755,34.706,9135.953,109181.143,20220831_063643,479142,138229,74089,101216
1,KRAX20220831_104105_V06,-4.279,0.378,251.855,515.592,22.226,-78.753,34.693,11112.880,110451.098,20220831_064105,479141,184109,75209,139106
1,KRAX20220831_104527_V06,0.088,0.061,250.077,515.976,28.401,-78.762,34.692,14200.390,110835.293,20220831_064527,479137,228681,73960,178706
2,KRAX20220831_104948_V06,4.438,0.160,240.093,52.620,12.124,-78.826,36.780,6061.773,127264.988,20220831_064948,479130,251701,70665,201896
3,KRAX20220831_120333_V06,78.188,0.067,474.359,476.546,32.178,-77.537,34.866,16088.816,124065.996,20220831_080333,479146,282215,69816,232447
1,KRAX20220901_104409_V06,-1.971,0.196,211.585,542.562,6.027,-78.972,34.571,3013.494,129086.910,20220901_064409,479152,297591,23355,283788
1,KRAX20220901_105253_V06,6.762,0.092,212.374,543.217,17.778,-78.967,34.568,8889.231,129260.370,20220901_065253,479137,288591,56046,244555
2,KRAX20220901_104409_V06,-1.971,0.155,268.701,390.614,4.735,-78.662,35.257,2367.289,47933.742,20220901_064409,479152,297591,23355,283788
3,KRAX20220901_104409_V06,-1.971,0.088,394.031,362.768,12.083,-77.973,35.381,6041.649,56528.113,20220901_064409,479152,297591,23355,283788
1,KRAX20220902_102852_V06,-18.012,0.105,472.643,368.532,5.666,-77.540,35.353,2832.987,92873.768,20220902_062852,479156,63923,32662,54521
4,KRAX20220904_113119_V06,42.928,0.071,354.897,69.050,17.705,-78.183,36.706,8852.695,118692.551,20220904_073119,479136,108985,63013,79632
4,KRAX20220907_104114_V06,-9.412,0.177,474.105,368.582,6.344,-77.532,35.352,3171.785,93562.687,20220907_064114,479140,231067,63628,188761
1,KRAX20220908_100417_V06,-47.113,0.078,422.993,398.658,14.271,-77.815,35.219,7135.544,78836.290,20220908_060417,479146,244168,50492,210678
6,KRAX20220908_113032_V06,39.137,0.181,301.553,419.936,23.215,-78.481,35.125,11607.447,59973.046,20220908_073032,479144,209907,57146,179913
10,KRAX20220910_111421_V06,21.454,0.081,359.001,314.123,18.337,-78.164,35.601,9168.411,30333.638,20220910_071421,479140,181477,149933,66440
10,KRAX20220910_111912_V06,26.304,0.260,359.018,315.036,26.034,-78.164,35.597,13016.929,30451.544,20220910_071912,479137,178551,152712,62036
10,KRAX20220910_112350_V06,30.938,0.323,357.472,314.652,29.921,-78.173,35.599,14960.278,29654.941,20220910_072350,479129,177313,155816,58461
10,KRAX20220910_112828_V06,35.571,0.080,356.637,310.638,31.526,-78.177,35.617,15762.986,28813.491,20220910_072828,479139,177755,160111,54969
10,KRAX20220910_113306_V06,40.204,0.055,358.378,306.139,30.222,-78.168,35.637,15111.210,29349.894,20220910_073306,479143,177315,162502,52029
10,KRAX20220910_113731_V06,44.621,-1.000,359.096,302.465,30.352,-78.164,35.654,15176.122,29573.471,20220910_073731,479127,179034,168319,48680
10,KRAX20220910_114208_V06,49.238,0.096,360.482,294.594,29.551,-78.156,35.689,14775.745,30361.316,20220910_074208,479137,177918,170028,46131
4,KRAX20220910_100140_V06,-51.229,0.063,363.659,416.585,15.261,-78.141,35.139,7630.413,66416.545,20220910_060140,479133,194680,121780,99752
9,KRAX20220911_120100_V06,67.355,0.064,152.555,279.296,18.709,-79.305,35.756,9354.303,74445.627,20220911_080100,479136,63583,82995,8573
1,KRAX20220912_111043_V06,16.322,0.055,323.462,290.592,27.131,-78.360,35.708,13565.346,12639.248,20220912_071043,479144,185210,44233,162579
2,KRAX20220913_121611_V06,81.038,0.103,39.088,334.298,63.661,-79.928,35.502,31830.723,131578.106,20220913_081611,479135,254304,77285,199550
1,KRAX20220914_104237_V06,-13.280,0.252,481.718,524.242,31.344,-77.499,34.651,15671.968,144313.810,20220914_064237,479145,218701,32982,202652
1,KRAX20220914_105121_V06,-4.547,0.230,479.479,525.280,41.002,-77.511,34.646,20500.761,144017.375,20220914_065121,479142,323399,27440,306337
1,KRAX20220914_110823_V06,12.487,0.068,475.760,524.285,44.163,-77.531,34.651,22081.252,142473.986,20220914_070823,479143,326847,31707,306443
2,KRAX20220914_104237_V06,-13.280,0.190,28.599,454.677,27.960,-79.976,34.959,13979.780,156191.645,20220914_064237,479145,218701,32982,202652
3,KRAX20220914_110823_V06,12.487,0.060,226.016,241.452,11.899,-78.900,35.928,5949.398,47173.897,20220914_070823,479143,326847,31707,306443
1,KRAX20220917_105016_V06,-7.890,0.064,421.469,218.611,3.448,-77.816,36.030,1723.820,73107.512,20220917_065016,479148,138719,37142,122861
2,KRAX20220917_110744_V06,9.577,0.091,192.597,132.815,6.265,-79.089,36.417,3132.252,99355.530,20220917_070744,479143,182669,39397,162372
2,KRAX20220921_110431_V06,3.323,0.622,223.083,69.596,6.442,-78.920,36.703,3221.163,121452.136,20220921_070431,479147,206368,74522,158735
2,KRAX20220921_110851_V06,7.657,0.527,223.379,69.430,12.050,-78.919,36.703,6024.996,121483.761,20220921_070851,479129,206644,71621,161655
1,KRAX20220921_102507_V06,-36.077,0.063,457.667,489.346,31.892,-77.628,34.809,15946.107,123197.745,20220921_062507,479141,407448,35107,376417
3,KRAX20220921_110431_V06,3.323,0.128,406.907,505.397,31.126,-77.906,34.738,15563.089,115776.934,20220921_070431,479147,206368,74522,158735
1,KRAX20220922_105310_V06,-8.791,0.189,407.561,302.352,12.544,-77.896,35.653,6271.873,53793.527,20220922_065310,479131,123344,83122,87616
1,KRAX20220922_110153_V06,-0.075,0.365,408.844,302.250,21.515,-77.889,35.654,10757.292,54433.597,20220922_070153,479136,141687,86658,104614
2,KRAX20220922_110153_V06,-0.075,0.130,424.552,212.701,9.870,-77.799,36.057,4935.192,76049.709,20220922_070153,479136,141687,86658,104614
2,KRAX20220922_110614_V06,4.275,0.067,425.577,212.726,17.003,-77.793,36.057,8501.460,76462.978,20220922_070614,479140,150918,86833,113301
1,KRAX20220923_110648_V06,4.075,0.614,227.590,239.895,8.052,-78.891,35.935,4025.887,47052.897,20220923_070648,479152,167814,32431,154919
1,KRAX20220923_111523_V06,12.658,0.400,227.086,244.231,17.204,-78.894,35.916,8602.196,45898.392,20220923_071523,479152,161299,39092,145460
1,KRAX20220923_112358_V06,21.242,0.092,225.201,252.899,21.006,-78.904,35.877,10503.003,44196.798,20220923_072358,479152,160631,41368,143629
2,KRAX20220923_110648_V06,4.075,0.437,195.000,141.445,9.307,-79.075,36.378,4653.286,95085.057,20220923_070648,479152,167814,32431,154919
2,KRAX20220923_111523_V06,12.658,0.386,194.918,142.642,15.858,-79.075,36.373,7929.157,94609.158,20220923_071523,479152,161299,39092,145460
1,KRAX20220924_104933_V06,-13.944,0.312,28.679,134.590,37.113,-80.002,36.401,18556.253,158883.264,20220924_064933,479139,10834,18623,7969
2,KRAX20220924_111509_V06,11.656,0.133,9.548,255.555,13.041,-80.098,35.855,6520.732,146916.424,20220924_071509,479151,33909,21405,29829
3,KRAX20220926_111031_V06,5.475,0.095,427.982,377.754,5.315,-77.786,35.313,2657.543,74875.056,20220926_071031,479153,79592,34240,70550
3,KRAX20220926_112054_V06,15.858,0.076,407.433,367.831,17.273,-77.899,35.358,8636.478,63527.277,20220926_072054,479151,83180,36236,73494
1,KRAX20220926_111031_V06,5.475,0.376,405.541,299.947,18.558,-77.907,35.664,9278.809,52770.484,20220926_071031,479153,79592,34240,70550
4,KRAX20220927_110658_V06,1.147,0.347,231.541,233.057,8.726,-78.869,35.966,4362.900,47874.831,20220927_070658,479153,189510,33091,174158
4,KRAX20220927_111534_V06,9.747,0.383,232.198,235.799,18.319,-78.866,35.954,9159.364,46687.694,20220927_071534,479153,205818,34499,189284
4,KRAX20220927_112418_V06,18.480,0.192,233.803,241.408,21.754,-78.857,35.929,10877.061,44201.652,20220927_072418,479151,200801,34746,184659
4,KRAX20220927_113303_V06,27.230,0.141,234.860,248.020,26.893,-78.851,35.899,13446.376,41668.728,20220927_073303,479151,196599,34626,180812
1,KRAX20220927_110237_V06,-3.203,0.304,375.900,405.738,5.611,-78.073,35.188,2805.332,65079.486,20220927_070237,479141,152582,57200,121542
1,KRAX20220927_110658_V06,1.147,-1.000,375.900,405.738,12.527,-78.073,35.188,6263.582,65079.486,20220927_070658,479153,189510,33091,174158
1,KRAX20220927_111534_V06,9.747,0.144,377.995,411.059,22.272,-78.062,35.164,11135.867,67855.112,20220927_071534,479153,205818,34499,189284
5,KRAX20220927_111534_V06,9.747,0.352,221.770,79.619,8.511,-78.927,36.658,4255.505,116927.001,20220927_071534,479153,205818,34499,189284
5,KRAX20220927_112418_V06,18.480,-1.000,221.770,79.619,22.397,-78.927,36.658,11198.505,116927.001,20220927_072418,479151,200801,34746,184659
5,KRAX20220927_113303_V06,27.230,0.500,230.678,84.784,22.276,-78.878,36.634,11138.005,113052.275,20220927_073303,479151,196599,34626,180812
6,KRAX20220927_122529_V06,79.663,0.198,359.635,77.923,18.114,-78.156,36.666,9056.953,114972.180,20220927_082529,479148,202369,40876,185659
1,KRAX20220928_110728_V06,0.866,0.162,224.127,74.104,6.892,-78.914,36.682,3445.900,119148.777,20220928_070728,479152,54602,38926,47356
1,KRAX20220928_111612_V06,9.599,0.549,225.066,77.565,15.173,-78.909,36.667,7586.732,117358.815,20220928_071612,479154,65052,36295,57454
1,KRAX20220928_112457_V06,18.349,0.174,228.173,86.573,21.966,-78.891,36.626,10982.995,112594.586,20220928_072457,479152,60680,38083,53409
1,KRAX20220928_113342_V06,27.099,0.100,229.267,96.126,28.877,-78.885,36.583,14438.555,107897.864,20220928_073342,479149,54597,40354,47305
1,KRAX20220928_114227_V06,35.849,0.261,228.834,98.575,31.050,-78.888,36.572,15525.124,106813.516,20220928_074227,479150,53163,40868,46066
1,KRAX20220928_115111_V06,44.582,0.084,229.650,97.941,33.669,-78.883,36.575,16834.450,106977.466,20220928_075111,479154,52565,41414,44974
1,KRAX20220928_120841_V06,62.082,0.062,227.822,91.748,31.234,-78.893,36.603,15616.781,110202.857,20220928_080841,479155,44616,41587,37363
1,KRAX20220928_121725_V06,70.816,0.109,229.748,91.624,30.799,-78.883,36.604,15399.492,109950.082,20220928_081725,479152,39691,42839,32826
4,KRAX20220928_112457_V06,18.349,0.128,315.108,171.346,18.267,-78.406,36.245,9133.366,64768.888,20220928_072457,479152,60680,38083,53409
4,KRAX20220928_113342_V06,27.099,0.241,314.009,171.711,26.858,-78.412,36.243,13429.148,64525.695,20220928_073342,479149,54597,40354,47305
4,KRAX20220928_114227_V06,35.849,0.247,318.139,165.241,19.173,-78.389,36.272,9586.590,67987.098,20220928_074227,479150,53163,40868,46066
2,KRAX20220928_111612_V06,9.599,0.090,311.588,123.781,2.372,-78.425,36.459,1186.142,88299.879,20220928_071612,479154,65052,36295,57454
5,KRAX20220928_112457_V06,18.349,0.100,131.343,217.822,10.989,-79.426,36.032,5494.618,93806.128,20220928_072457,479152,60680,38083,53409
6,KRAX20220928_112457_V06,18.349,0.069,67.499,221.200,19.037,-79.780,36.013,9518.270,122745.794,20220928_072457,479152,60680,38083,53409
1,KRAX20220929_110610_V06,-1.219,0.474,209.654,90.928,8.376,-78.995,36.606,4187.878,113878.625,20220929_070610,479154,48149,69099,11263
1,KRAX20220929_111455_V06,7.531,0.699,202.644,93.708,17.225,-79.034,36.594,8612.558,114055.518,20220929_071455,479141,57023,64684,20913
1,KRAX20220929_112339_V06,16.265,-1.000,196.156,96.280,26.425,-79.070,36.582,13212.435,114329.856,20220929_072339,479152,61436,65132,24847
1,KRAX20220929_113224_V06,25.015,0.089,197.225,94.495,11.139,-79.064,36.590,5569.405,114885.796,20220929_073224,479153,59408,65461,25385
1,KRAX20220929_114109_V06,33.765,-1.000,197.225,94.495,25.051,-79.064,36.590,12525.655,114885.796,20220929_074109,479153,56598,64874,25473
1,KRAX20220929_114953_V06,42.498,0.064,228.605,105.846,35.382,-78.889,36.540,17691.021,103432.579,20220929_074953,479153,56690,65549,27213
7,KRAX20220929_113224_V06,25.015,0.119,248.426,93.288,36.448,-78.778,36.596,18224.098,106524.234,20220929_073224,479153,59408,65461,25385
7,KRAX20220929_114109_V06,33.765,0.173,242.597,95.558,42.112,-78.811,36.586,21056.087,106173.834,20220929_074109,479153,56598,64874,25473
3,KRAX20220929_111455_V06,7.531,0.072,222.017,236.627,6.365,-78.922,35.950,3182.257,50243.345,20220929_071455,479141,57023,64684,20913
4,KRAX20220929_112339_V06,16.265,0.400,318.529,170.136,28.088,-78.387,36.250,14044.231,65589.699,20220929_072339,479152,61436,65132,24847
5,KRAX20220929_112339_V06,16.265,0.213,117.560,394.924,10.703,-79.492,35.233,5351.563,102828.741,20220929_072339,479152,61436,65132,24847
10,KRAX20220929_114109_V06,33.765,0.535,211.585,241.127,19.331,-78.980,35.930,9665.672,53111.337,20220929_074109,479153,56598,64874,25473
6,KRAX20221002_112136_V06,11.841,0.472,233.712,235.539,12.048,-78.857,35.955,6023.840,46231.456,20221002_072136,479153,40179,23213,33276
6,KRAX20221002_113021_V06,20.591,0.327,232.892,234.675,22.097,-78.862,35.959,11048.681,46826.319,20221002_073021,479147,45955,24618,38549
6,KRAX20221002_113906_V06,29.341,0.223,234.345,241.646,27.933,-78.854,35.928,13966.427,43919.581,20221002_073906,479152,46435,25247,39903
6,KRAX20221002_114751_V06,38.091,0.060,238.622,260.052,40.050,-78.830,35.845,20025.164,36616.838,20221002_074751,479143,49123,25340,43297
2,KRAX20221002_110407_V06,-5.643,0.315,392.470,368.455,5.606,-77.981,35.356,2802.755,57525.578,20221002_070407,479153,15955,27535,10380
2,KRAX20221002_111252_V06,3.107,0.083,392.807,368.570,15.010,-77.979,35.355,7505.169,57695.196,20221002_071252,479154,33801,23946,27020
2,KRAX20221002_112136_V06,11.841,0.680,395.832,369.400,17.531,-77.963,35.351,8765.252,59161.387,20221002_072136,479153,40179,23213,33276
4,KRAX20221002_111252_V06,3.107,0.338,148.788,387.222,8.850,-79.321,35.269,4424.919,87281.960,20221002_071252,479154,33801,23946,27020
4,KRAX20221002_112136_V06,11.841,0.124,148.576,389.046,20.738,-79.322,35.261,10368.849,87832.834,20221002_072136,479153,40179,23213,33276
7,KRAX20221002_113021_V06,20.591,0.059,285.671,293.889,21.547,-78.569,35.693,10773.674,7788.810,20221002_073021,479147,45955,24618,38549
7,KRAX20221002_113906_V06,29.341,0.140,265.952,288.944,16.032,-78.678,35.715,8015.972,17899.236,20221002_073906,479152,46435,25247,39903
4,KRAX20221004_111250_V06,1.473,0.381,224.579,77.478,10.154,-78.912,36.667,5077.005,117478.256,20221004_071250,479152,23589,30203,16557
4,KRAX20221004_112136_V06,10.240,0.094,224.938,77.120,17.941,-78.910,36.669,8970.460,117590.310,20221004_072136,479149,37796,29865,30054
4,KRAX20221004_113020_V06,18.973,-1.000,225.269,76.789,26.142,-78.908,36.670,13071.020,117694.244,20221004_073020,479141,42997,30690,35131
4,KRAX20221004_113905_V06,27.723,0.062,229.473,104.894,33.517,-78.884,36.544,16758.724,103730.886,20221004_073905,479154,43912,32363,36616
4,KRAX20221004_114750_V06,36.473,0.259,223.621,115.151,31.512,-78.916,36.497,15756.158,100003.347,20221004_074750,479151,44193,32826,37145
14,KRAX20221004_112136_V06,10.240,0.338,311.064,161.407,3.024,-78.428,36.290,1512.077,69517.106,20221004_072136,479149,37796,29865,30054
14,KRAX20221004_113020_V06,18.973,0.127,310.243,163.572,11.729,-78.433,36.280,5864.582,68406.114,20221004_073020,479141,42997,30690,35131
14,KRAX20221004_113905_V06,27.723,0.789,301.008,163.240,16.675,-78.484,36.282,8337.680,68381.751,20221004_073905,479154,43912,32363,36616
14,KRAX20221004_114750_V06,36.473,0.501,304.489,162.464,23.805,-78.465,36.285,11902.681,68804.510,20221004_074750,479151,44193,32826,37145
26,KRAX20221004_113020_V06,18.973,0.059,86.554,161.201,19.328,-79.678,36.285,9664.077,127302.992,20221004_073020,479141,42997,30690,35131
26,KRAX20221004_113905_V06,27.723,0.098,87.944,163.234,26.970,-79.670,36.276,13485.041,126167.215,20221004_073905,479154,43912,32363,36616
26,KRAX20221004_114750_V06,36.473,0.102,76.344,171.825,41.240,-79.734,36.236,20620.006,128890.574,20221004_074750,479151,44193,32826,37145
8,KRAX20221004_111250_V06,1.473,0.140,174.927,343.248,6.350,-79.179,35.468,3174.904,66169.677,20221004_071250,479152,23589,30203,16557
8,KRAX20221004_112136_V06,10.240,0.087,173.905,344.699,14.671,-79.185,35.462,7335.359,66891.678,20221004_072136,479149,37796,29865,30054
9,KRAX20221004_111250_V06,1.473,0.119,231.368,225.947,8.953,-78.871,35.998,4476.305,50483.006,20221004_071250,479152,23589,30203,16557
9,KRAX20221004_112136_V06,10.240,0.268,229.081,232.700,19.048,-78.883,35.968,9523.933,48884.539,20221004_072136,479149,37796,29865,30054
18,KRAX20221004_112136_V06,10.240,0.116,30.754,234.747,6.672,-79.982,35.950,3335.759,138520.068,20221004_072136,479149,37796,29865,30054
18,KRAX20221004_113020_V06,18.973,0.067,25.709,232.373,22.737,-80.010,35.960,11368.375,141252.588,20221004_073020,479141,42997,30690,35131
18,KRAX20221004_113905_V06,27.723,0.052,18.455,226.499,19.255,-80.051,35.986,9627.308,145490.402,20221004_073905,479154,43912,32363,36616
27,KRAX20221004_113905_V06,27.723,0.461,150.169,120.905,18.924,-79.326,36.469,9461.988,116752.172,20221004_073905,479154,43912,32363,36616
27,KRAX20221004_114750_V06,36.473,0.204,151.739,123.716,28.070,-79.317,36.457,14034.756,115170.962,20221004_074750,479151,44193,32826,37145
5,KRAX20221004_111250_V06,1.473,0.262,370.566,337.362,8.814,-78.101,35.496,4407.028,39923.536,20221004_071250,479152,23589,30203,16557
6,KRAX20221004_111250_V06,1.473,0.190,223.205,140.589,8.682,-78.918,36.383,4341.106,88472.158,20221004_071250,479152,23589,30203,16557
7,KRAX20221004_111250_V06,1.473,0.180,214.170,140.970,5.122,-78.968,36.381,2560.879,90356.854,20221004_071250,479152,23589,30203,16557
12,KRAX20221004_111250_V06,1.473,0.062,230.470,132.163,2.254,-78.878,36.421,1127.003,90834.457,20221004_071250,479152,23589,30203,16557
15,KRAX20221004_112136_V06,10.240,0.243,69.876,221.506,14.939,-79.766,36.012,7469.650,121571.354,20221004_072136,479149,37796,29865,30054
16,KRAX20221004_112136_V06,10.240,0.183,177.696,168.299,10.127,-79.170,36.257,5063.587,89865.829,20221004_072136,479149,37796,29865,30054
20,KRAX20221004_112136_V06,10.240,0.095,175.339,184.536,11.164,-79.183,36.184,5582.060,84959.234,20221004_072136,479149,37796,29865,30054
23,KRAX20221004_112136_V06,10.240,0.065,111.907,349.185,10.238,-79.526,35.439,5118.977,97208.957,20221004_072136,479149,37796,29865,30054
3,KRAX20221005_113957_V06,27.783,0.178,225.202,90.795,24.295,-78.908,36.607,12147.381,111087.351,20221005_073957,479149,100719,30431,91153
3,KRAX20221005_114842_V06,36.533,0.151,224.594,91.328,35.307,-78.911,36.605,17653.633,110938.979,20221005_074842,479140,100333,30839,90938
3,KRAX20221005_120611_V06,54.017,0.275,222.427,91.540,35.376,-78.923,36.604,17687.765,111213.016,20221005_080611,479144,95110,33459,85348
2,KRAX20221005_112228_V06,10.300,0.128,229.773,87.663,18.856,-78.883,36.621,9428.194,111824.228,20221005_072228,479144,99036,27449,89771
2,KRAX20221005_113112_V06,19.033,0.093,230.729,90.430,30.624,-78.877,36.609,15311.931,110360.802,20221005_073112,479142,101758,29126,92024
4,KRAX20221005_113957_V06,27.783,0.099,148.177,120.154,21.787,-79.337,36.473,10893.555,117680.538,20221005_073957,479149,100719,30431,91153
4,KRAX20221005_114842_V06,36.533,0.061,148.698,121.940,30.508,-79.334,36.465,15253.816,116830.513,20221005_074842,479140,100333,30839,90938
1,KRAX20221005_110457_V06,-7.217,0.109,317.823,152.898,4.583,-78.391,36.328,2291.683,74088.667,20221005_070457,479143,36224,26110,30405
1,KRAX20221006_110417_V06,-8.694,0.122,181.250,346.428,2.510,-79.144,35.454,1254.879,63751.851,20221006_070417,479152,49323,33806,41428
5,KRAX20221007_111020_V06,-3.459,0.476,271.181,384.314,7.009,-78.648,35.285,3504.477,44551.590,20221007_071020,479138,150805,42775,125353
5,KRAX20221007_111455_V06,1.124,0.212,271.494,384.254,13.662,-78.647,35.285,6830.784,44472.956,20221007_071455,479132,166171,42448,139854
5,KRAX20221007_112002_V06,6.241,0.259,272.833,383.507,18.207,-78.639,35.289,9103.301,43907.647,20221007_072002,479133,178582,42735,150879
4,KRAX20221007_110628_V06,-7.326,0.546,402.720,298.431,17.223,-77.923,35.671,8611.317,51366.158,20221007_070628,479138,138807,45294,112645
4,KRAX20221007_111020_V06,-3.459,-1.000,402.720,298.431,23.371,-77.923,35.671,11685.317,51366.158,20221007_071020,479138,150805,42775,125353
4,KRAX20221007_111455_V06,1.124,0.127,411.494,299.079,30.233,-77.874,35.668,15116.443,55748.807,20221007_071455,479132,166171,42448,139854
6,KRAX20221007_111020_V06,-3.459,0.192,381.948,406.815,11.847,-78.040,35.183,5923.731,67314.383,20221007_071020,479138,150805,42775,125353
6,KRAX20221007_111455_V06,1.124,0.288,382.784,406.651,19.397,-78.036,35.184,9698.592,67504.673,20221007_071455,479132,166171,42448,139854
1,KRAX20221007_101947_V06,-54.009,0.206,384.543,369.670,8.398,-78.025,35.350,4199.081,54775.562,20221007_061947,479138,218383,50725,183106
3,KRAX20221007_110153_V06,-11.909,0.064,415.040,515.639,22.007,-77.862,34.692,11003.343,122203.203,20221007_070153,479140,133643,48184,103474
1,KRAX20221008_110241_V06,-11.929,0.254,312.384,167.409,8.305,-78.421,36.263,4152.416,66583.946,20221008_070241,479152,140037,20586,132979
3,KRAX20221008_111126_V06,-3.179,0.073,222.120,237.093,12.605,-78.922,35.948,6302.738,50056.461,20221008_071126,479155,169668,17054,162992
1,KRAX20221009_112221_V06,6.913,0.150,231.623,234.452,17.276,-78.869,35.960,8637.825,47360.254,20221009_072221,479150,57788,25182,51515
1,KRAX20221011_111438_V06,-2.470,0.117,226.451,226.918,8.374,-78.898,35.994,4186.794,51842.073,20221011_071438,479142,70858,30591,61040
1,KRAX20221011_112323_V06,6.280,0.525,226.175,228.022,17.522,-78.899,35.989,8761.057,51553.304,20221011_072323,479155,92028,30061,81582
1,KRAX20221012_110904_V06,-8.877,0.151,253.359,323.714,13.314,-78.747,35.558,6656.982,26161.688,20221012_070904,479152,56611,68551,33163
2,KRAX20221012_124113_V06,83.273,0.087,185.385,68.884,7.594,-79.131,36.705,3797.205,128987.563,20221012_084113,479128,56047,55248,35683
2,KRAX20221014_122201_V06,62.373,0.191,391.481,268.743,45.994,-77.984,35.805,22996.956,48336.578,20221014_082201,479148,98793,45884,85635
2,KRAX20221014_123046_V06,71.123,0.138,392.372,270.848,54.918,-77.979,35.796,27458.756,48431.571,20221014_083046,479145,96354,45854,83323
2,KRAX20221014_124038_V06,80.989,0.074,390.031,270.261,56.377,-77.992,35.798,28188.486,47407.884,20221014_084038,479153,92523,47357,80100
1,KRAX20221014_113459_V06,15.339,0.107,224.108,97.978,22.031,-78.914,36.575,11015.299,107903.357,20221014_073459,479144,124748,38794,110287
1,KRAX20221016_112243_V06,1.348,0.056,488.695,503.040,3.325,-77.460,34.746,1662.683,138592.343,20221016_072243,479140,33413,25805,28692
11,KRAX20221017_111955_V06,-2.323,0.107,315.497,271.065,50.002,-78.404,35.796,25001.080,16411.766,20221017_071955,479137,118727,122275,28920
11,KRAX20221017_112456_V06,2.694,0.081,316.353,269.552,58.198,-78.400,35.802,29098.845,17280.864,20221017_072456,479135,116448,117443,29678
10,KRAX20221017_111503_V06,-7.190,0.078,28.482,435.901,32.224,-79.978,35.044,16112.165,151815.129,20221017_071503,479137,120478,126486,28066
17,KRAX20221017_113831_V06,16.277,0.053,37.053,423.927,40.697,-79.932,35.098,20348.526,145343.784,20221017_073831,479128,117682,106473,38537
28,KRAX20221017_124313_V06,80.977,0.127,338.026,366.434,36.546,-78.281,35.366,18272.779,38273.602,20221017_084313,479142,71251,70963,26160
1,KRAX20221018_103407_V06,-49.001,0.052,283.383,175.538,2.377,-78.582,36.226,1188.278,62783.364,20221018_063407,479147,255687,14915,249481
2,KRAX20221018_111751_V06,-5.268,0.653,369.704,328.037,7.887,-78.106,35.538,3943.737,37565.667,20221018_071751,479153,68445,34245,60986
1,KRAX20221019_112041_V06,-3.318,0.284,383.126,408.765,10.318,-78.034,35.174,5158.913,68446.835,20221019_072041,479145,76122,36141,66069
1,KRAX20221020_111733_V06,-7.342,0.151,268.887,385.229,4.963,-78.661,35.281,2481.361,45365.314,20221020_071733,479145,18640,16259,14749
1,KRAX20221021_111055_V06,-14.872,0.371,365.780,316.493,4.590,-78.127,35.590,2295.120,33908.217,20221021_071055,357891,13410,12471,9431
1,KRAX20221021_111949_V06,-5.972,0.848,368.320,318.990,20.169,-78.113,35.579,10084.340,35455.135,20221021_071949,479153,36988,18364,30683
1,KRAX20221022_112443_V06,-1.976,0.901,410.537,220.778,11.595,-77.877,36.021,5797.287,67997.094,20221022_072443,479148,108571,35609,95408
1,KRAX20221022_113547_V06,9.091,0.226,410.359,219.825,21.650,-77.878,36.025,10825.142,68203.976,20221022_073547,479153,189337,32945,174240
2,KRAX20221022_113547_V06,9.091,0.222,302.970,415.878,11.884,-78.474,35.143,5941.784,57957.871,20221022_073547,479153,189337,32945,174240
1,KRAX20221102_113139_V06,-5.353,0.252,26.881,170.197,52.656,-80.009,36.241,26327.805,151197.692,20221102_073139,479143,107217,35158,98476
1,KRAX20221102_114024_V06,3.397,0.088,26.962,164.931,61.182,-80.009,36.264,30590.920,152310.134,20221102_074024,479144,172699,22304,166179
1,KRAX20221102_114900_V06,11.997,0.232,27.877,114.642,48.126,-80.009,36.491,24063.246,164627.473,20221102_074900,479148,184722,19436,178404
1,KRAX20221102_120629_V06,29.480,-1.000,27.877,114.642,75.925,-80.009,36.491,37962.496,164627.473,20221102_080629,479147,156546,21115,149738
1,KRAX20221102_121514_V06,38.230,0.056,27.826,96.339,44.944,-80.010,36.573,22472.076,169967.842,20221102_081514,479143,145426,21880,138697
2,KRAX20221106_112618_V06,-14.591,0.147,361.411,315.306,6.908,-78.151,35.596,3454.048,31645.031,20221106_062618,479120,15570,29699,6388
1,KRAX20221107_114131_V06,-0.355,0.383,302.967,414.370,16.257,-78.474,35.150,8128.410,57204.387,20221107_064131,479142,54046,26974,49124
1,KRAX20221108_112449_V06,-18.038,0.094,372.020,311.625,10.637,-78.093,35.612,5318.642,36475.821,20221108_062449,479142,62241,37121,55170
4,KRAX20221110_111751_V06,-26.979,0.068,456.779,299.909,34.809,-77.624,35.663,17404.343,78389.692,20221110_061751,479146,8967,24442,5065
8,KRAX20221110_114348_V06,-1.029,0.085,322.827,275.284,8.946,-78.364,35.777,4473.083,16822.175,20221110_064348,479142,55942,13359,51966
4,KRAX20221111_113825_V06,-7.403,0.082,254.698,347.947,20.254,-78.739,35.449,10126.772,32981.745,20221111_063825,479137,134199,168095,12424
1,KRAX20221112_114057_V06,-5.861,0.342,349.891,377.528,19.424,-78.216,35.316,9711.859,46096.802,20221112_064057,479143,54402,16861,52374
3,KRAX20221112_114934_V06,2.755,0.093,200.111,402.811,16.402,-79.038,35.201,8201.067,71672.950,20221112_064934,479145,75826,13885,73033
2,KRAX20221113_114005_V06,-7.721,0.104,341.556,359.362,6.602,-78.261,35.398,3301.167,36231.134,20221113_064005,479128,45929,36113,31254
2,KRAX20221113_114417_V06,-3.521,0.557,342.501,361.373,11.247,-78.256,35.388,5623.749,37326.378,20221113_064417,479131,69541,33892,53345
2,KRAX20221113_114829_V06,0.679,0.339,344.722,366.350,14.662,-78.244,35.366,7331.151,40007.670,20221113_064829,479120,88866,32652,71406
2,KRAX20221113_115241_V06,4.879,0.376,348.274,364.869,23.167,-78.224,35.373,11583.609,40430.279,20221113_065241,479127,92428,33918,73919
2,KRAX20221113_120104_V06,13.262,0.352,351.228,383.035,27.024,-78.208,35.291,13511.971,48782.679,20221113_070104,479139,84534,37404,64975
2,KRAX20221113_120516_V06,17.462,0.814,357.106,388.726,27.891,-78.176,35.265,13945.312,52757.559,20221113_070516,479141,77701,38025,58781
2,KRAX20221113_120928_V06,21.662,0.415,357.160,392.857,35.314,-78.176,35.246,17657.238,54520.118,20221113_070928,479119,72038,39356,52865
2,KRAX20221113_121340_V06,25.862,0.054,357.031,400.361,36.621,-78.177,35.213,18310.299,57716.561,20221113_071340,479119,64136,38665,46316
3,KRAX20221113_114005_V06,-7.721,0.063,275.273,301.718,8.540,-78.627,35.657,4269.943,12393.335,20221113_064005,479128,45929,36113,31254
3,KRAX20221113_114417_V06,-3.521,0.067,275.655,301.408,15.235,-78.624,35.659,7617.740,12192.903,20221113_064417,479131,69541,33892,53345
1,KRAX20221113_114005_V06,-7.721,0.110,330.196,275.038,6.965,-78.323,35.778,3482.540,19588.963,20221113_064005,479128,45929,36113,31254
4,KRAX20221113_114417_V06,-3.521,0.080,162.115,434.662,4.789,-79.246,35.056,2394.554,96366.760,20221113_064417,479131,69541,33892,53345
6,KRAX20221114_115255_V06,4.118,0.586,535.159,329.921,21.446,-77.194,35.523,10722.923,118527.311,20221114_065255,479132,127486,39125,108739
6,KRAX20221114_120123_V06,12.585,0.658,530.884,337.509,31.572,-77.218,35.490,15786.021,116955.416,20221114_070123,479124,97712,40931,80039
6,KRAX20221114_120546_V06,16.968,0.413,523.778,347.870,32.992,-77.258,35.443,16495.822,114420.458,20221114_070546,479126,84595,41008,67968
6,KRAX20221114_121009_V06,21.351,0.520,525.701,354.113,43.000,-77.247,35.415,21499.954,116048.681,20221114_071009,479128,88503,25020,81390
1,KRAX20221114_113525_V06,-13.382,0.299,340.844,363.013,7.853,-78.265,35.381,3926.746,37546.068,20221114_063525,479157,28915,32701,24817
1,KRAX20221114_114410_V06,-4.632,0.341,340.610,366.592,17.815,-78.267,35.365,8907.390,38998.901,20221114_064410,479152,124984,21250,118789
1,KRAX20221114_115255_V06,4.118,0.237,341.778,371.967,29.051,-78.260,35.341,14525.368,41607.110,20221114_065255,479132,127486,39125,108739
3,KRAX20221114_113525_V06,-13.382,0.061,253.604,341.589,5.537,-78.746,35.478,2768.694,31153.482,20221114_063525,479157,28915,32701,24817
4,KRAX20221114_114410_V06,-4.632,0.082,299.021,298.891,36.668,-78.495,35.670,18334.240,739.755,20221114_064410,479152,124984,21250,118789
4,KRAX20221114_115255_V06,4.118,0.096,329.897,279.872,25.826,-78.325,35.756,12913.250,18020.688,20221114_065255,479132,127486,39125,108739
5,KRAX20221114_114410_V06,-4.632,0.058,363.404,308.995,34.500,-78.140,35.624,17250.061,32019.341,20221114_064410,479152,124984,21250,118789
1,KRAX20221115_111311_V06,-36.609,0.441,204.733,329.353,16.478,-79.015,35.532,8238.791,49843.182,20221115_061311,479141,44365,52966,22357
3,KRAX20221115_113842_V06,-11.093,0.220,338.973,359.685,5.670,-78.275,35.396,2835.176,35641.230,20221115_063842,479144,27694,52187,4803
2,KRAX20221116_114538_V06,-5.153,0.119,254.197,338.075,7.854,-78.742,35.493,3926.764,29780.813,20221116_064538,479144,16556,8639,15856
2,KRAX20221116_120237_V06,11.830,0.226,253.772,338.300,18.831,-78.745,35.492,9415.735,30016.087,20221116_070237,479144,42261,8656,40102
1,KRAX20221116_114538_V06,-5.153,0.131,348.116,367.382,13.628,-78.225,35.361,6814.184,41398.801,20221116_064538,479144,16556,8639,15856
4,KRAX20221116_120237_V06,11.830,0.052,328.366,271.130,17.997,-78.333,35.795,8998.463,20236.798,20221116_070237,479144,42261,8656,40102
6,KRAX20221117_114910_V06,-2.613,0.151,345.082,366.668,9.612,-78.242,35.365,4805.893,40239.945,20221117_064910,479147,101189,17188,96645
6,KRAX20221117_120200_V06,10.220,0.056,347.396,373.814,26.787,-78.229,35.332,13393.387,43860.077,20221117_070200,479130,107583,28380,95120
6,KRAX20221117_120622_V06,14.587,0.194,351.199,376.948,32.939,-78.208,35.318,16469.514,46212.193,20221117_070622,479137,89642,30631,77116
6,KRAX20221117_121044_V06,18.953,0.055,350.536,386.838,33.972,-78.212,35.274,16986.139,50236.090,20221117_071044,479153,79039,32716,66210
6,KRAX20221117_121507_V06,23.337,0.156,349.528,395.765,32.113,-78.218,35.233,16056.292,53907.212,20221117_071507,479141,77766,23857,71355
8,KRAX20221117_120200_V06,10.220,0.053,270.776,495.607,30.940,-78.650,34.784,15470.115,98888.882,20221117_070200,479130,107583,28380,95120
8,KRAX20221117_120622_V06,14.587,0.165,270.373,498.718,36.014,-78.652,34.770,18006.998,100457.363,20221117_070622,479137,89642,30631,77116
8,KRAX20221117_121044_V06,18.953,0.230,270.804,509.924,36.179,-78.649,34.719,18089.254,105972.389,20221117_071044,479153,79039,32716,66210
8,KRAX20221117_121507_V06,23.337,0.366,270.348,525.288,35.388,-78.652,34.650,17694.000,113615.521,20221117_071507,479141,77766,23857,71355
2,KRAX20221117_114033_V06,-11.230,0.493,331.606,271.655,6.757,-78.315,35.793,3378.330,21227.509,20221117_064033,479143,23163,20086,20328
2,KRAX20221117_114910_V06,-2.613,0.163,332.492,271.511,17.174,-78.310,35.794,8586.905,21606.605,20221117_064910,479147,101189,17188,96645
2,KRAX20221117_120200_V06,10.220,0.116,336.550,273.281,23.420,-78.288,35.786,11709.785,22637.545,20221117_070200,479130,107583,28380,95120
5,KRAX20221117_114910_V06,-2.613,0.660,181.962,385.666,8.323,-79.139,35.277,4161.497,72924.019,20221117_064910,479147,101189,17188,96645
5,KRAX20221117_120200_V06,10.220,0.091,172.061,406.763,26.154,-79.192,35.182,13077.168,83316.600,20221117_070200,479130,107583,28380,95120
9,KRAX20221117_120622_V06,14.587,0.061,269.991,447.671,29.304,-78.654,35.000,14651.943,75344.643,20221117_070622,479137,89642,30631,77116
9,KRAX20221117_121044_V06,18.953,0.118,270.975,450.466,34.522,-78.649,34.987,17261.022,76619.867,20221117_071044,479153,79039,32716,66210
9,KRAX20221117_121507_V06,23.337,0.082,274.671,475.586,30.575,-78.629,34.874,15287.263,88701.717,20221117_071507,479141,77766,23857,71355
3,KRAX20221117_114033_V06,-11.230,0.065,255.292,337.911,4.789,-78.736,35.494,2394.382,29308.598,20221117_064033,479143,23163,20086,20328
7,KRAX20221117_120200_V06,10.220,0.129,264.070,442.892,14.788,-78.687,35.021,7394.249,73669.946,20221117_070200,479130,107583,28380,95120
1,KRAX20221118_113804_V06,-14.705,0.175,329.048,272.614,4.662,-78.329,35.789,2331.207,19960.963,20221118_063804,479144,21595,19691,16767
1,KRAX20221118_114650_V06,-5.938,0.179,331.026,273.217,14.824,-78.318,35.786,7412.108,20493.334,20221118_064650,479141,95867,20043,89559
2,KRAX20221118_114650_V06,-5.938,0.082,342.021,363.025,8.539,-78.259,35.381,4269.270,37874.425,20221118_064650,479141,95867,20043,89559
1,KRAX20221119_114729_V06,-6.278,0.590,331.923,270.122,8.900,-78.313,35.800,4450.054,21862.040,20221119_064729,479141,101681,28243,92919
1,KRAX20221120_115026_V06,-4.315,0.081,329.611,273.181,8.966,-78.326,35.786,4482.861,19975.648,20221120_065026,479147,19308,12974,18097
2,KRAX20221120_120908_V06,14.385,0.091,263.410,343.755,15.388,-78.692,35.468,7693.899,28519.175,20221120_070908,479141,61192,10785,57738
3,KRAX20221121_114710_V06,-8.566,0.071,174.827,385.525,3.937,-79.178,35.278,1968.283,75800.450,20221121_064710,479149,125793,36444,114401
3,KRAX20221121_120119_V06,5.584,0.089,174.565,387.387,14.791,-79.179,35.269,7395.434,76437.134,20221121_070119,479138,241135,31320,225116
3,KRAX20221121_120809_V06,12.418,0.157,165.358,406.710,24.311,-79.229,35.182,12155.374,85900.321,20221121_070809,479145,221713,34764,204069
7,KRAX20221121_120809_V06,12.418,0.522,259.966,482.375,21.200,-78.709,34.843,10599.782,93358.882,20221121_070809,479145,221713,34764,204069
7,KRAX20221121_121347_V06,18.051,0.634,259.369,479.658,30.464,-78.712,34.855,15232.170,92097.501,20221121_071347,479139,198783,37462,180756
7,KRAX20221121_121925_V06,23.684,0.391,260.098,478.842,35.850,-78.708,34.859,17925.155,91619.513,20221121_071925,479133,185774,39124,167322
4,KRAX20221121_114710_V06,-8.566,0.061,156.735,406.011,5.218,-79.276,35.185,2609.028,89111.192,20221121_064710,479149,125793,36444,114401
4,KRAX20221121_120119_V06,5.584,0.065,155.014,407.668,17.712,-79.286,35.177,8856.205,90295.626,20221121_070119,479138,241135,31320,225116
1,KRAX20221121_113824_V06,-17.332,0.113,262.001,274.473,4.841,-78.700,35.780,2420.544,22888.694,20221121_063824,479147,34275,40213,26107
2,KRAX20221121_114710_V06,-8.566,0.150,327.739,272.687,6.781,-78.337,35.788,3390.709,19464.113,20221121_064710,479149,125793,36444,114401
5,KRAX20221121_120119_V06,5.584,0.116,258.712,439.229,13.764,-78.716,35.038,6881.939,72611.171,20221121_070119,479138,241135,31320,225116
6,KRAX20221121_120119_V06,5.584,0.080,297.689,374.036,9.710,-78.503,35.332,4855.207,37035.816,20221121_070119,479138,241135,31320,225116
1,KRAX20221122_114912_V06,-7.512,0.505,330.434,272.885,8.119,-78.322,35.787,4059.608,20380.306,20221122_064912,479150,32559,17024,29925
2,KRAX20221123_120147_V06,4.096,0.242,297.684,377.372,13.084,-78.503,35.317,6542.023,38703.423,20221123_070147,479145,226361,29455,208630
2,KRAX20221123_121212_V06,14.513,0.056,298.811,397.107,28.073,-78.497,35.228,14036.547,48557.223,20221123_071212,479143,214925,32734,195486
3,KRAX20221123_120147_V06,4.096,0.108,397.239,324.015,14.107,-77.954,35.556,7053.329,50080.187,20221123_070147,479145,226361,29455,208630
1,KRAX20221124_115030_V06,-8.157,0.089,299.100,409.486,8.421,-78.495,35.172,4210.443,54744.678,20221124_065030,479143,185239,41261,169237
2,KRAX20221124_115030_V06,-8.157,0.054,324.302,272.489,8.622,-78.356,35.789,4311.142,18353.910,20221124_065030,479143,185239,41261,169237
1,KRAX20221126_114952_V06,-10.709,0.299,330.281,274.950,8.516,-78.323,35.778,4257.954,19649.873,20221126_064952,479153,66024,37742,58027
1,KRAX20221126_120722_V06,6.791,0.196,330.180,275.982,20.018,-78.323,35.773,10009.125,19285.360,20221126_070722,479143,148571,26738,139474
2,KRAX20221126_114952_V06,-10.709,0.126,342.099,396.193,7.328,-78.259,35.232,3663.786,52501.101,20221126_064952,479153,66024,37742,58027
2,KRAX20221126_120722_V06,6.791,0.063,311.145,408.068,18.596,-78.429,35.178,9297.965,54320.745,20221126_070722,479143,148571,26738,139474
1,KRAX20221128_114912_V06,-13.262,0.134,325.614,394.120,24.333,-78.349,35.241,12166.439,48771.430,20221128_064912,479155,22785,14047,21562
2,KRAX20221128_120855_V06,6.455,0.109,440.798,413.284,4.996,-77.717,35.152,2498.196,90356.759,20221128_070855,479154,68404,12523,65016
7,KRAX20221129_121011_V06,6.793,0.341,436.287,140.664,20.330,-77.731,36.381,10165.199,104835.739,20221129_071011,479142,142498,27908,131307
7,KRAX20221129_121549_V06,12.426,0.549,437.577,134.136,32.105,-77.723,36.410,16052.395,107747.720,20221129_071549,479138,116702,28134,105978
7,KRAX20221129_122127_V06,18.059,0.399,439.277,126.894,42.060,-77.713,36.443,21030.119,111089.766,20221129_072127,479141,103027,28346,92287
1,KRAX20221129_111522_V06,-48.024,0.053,447.071,124.716,40.908,-77.670,36.452,20453.999,114405.457,20221129_061522,479152,193119,30924,179484
1,KRAX20221129_112408_V06,-39.257,0.078,449.365,128.059,52.826,-77.657,36.437,26412.766,113878.971,20221129_062408,479153,174815,35241,159818
2,KRAX20221129_113254_V06,-30.491,0.057,264.668,513.575,17.828,-78.683,34.703,8914.173,108238.708,20221129_063254,479152,98353,42235,88022
3,KRAX20221129_115025_V06,-12.974,0.254,324.649,272.298,9.123,-78.354,35.790,4561.302,18540.096,20221129_065025,479155,131833,35191,119928
4,KRAX20221129_115025_V06,-12.974,0.201,290.441,376.249,14.093,-78.543,35.322,7046.438,38422.729,20221129_065025,479155,131833,35191,119928
5,KRAX20221129_115025_V06,-12.974,0.101,298.328,409.070,9.006,-78.499,35.174,4503.086,54541.291,20221129_065025,479155,131833,35191,119928
6,KRAX20221129_115025_V06,-12.974,0.098,414.586,416.113,34.338,-77.861,35.140,17169.203,81566.172,20221129_065025,479155,131833,35191,119928
1,KRAX20221201_120057_V06,-4.266,0.528,294.191,387.232,16.584,-78.522,35.272,8291.878,43712.740,20221201_070057,479154,88740,11663,85527
2,KRAX20221201_120057_V06,-4.266,0.137,310.681,414.354,11.723,-78.431,35.150,5861.374,57426.040,20221201_070057,479154,88740,11663,85527
2,KRAX20221202_114432_V06,-21.577,0.120,297.253,375.419,5.277,-78.505,35.325,2638.264,37734.692,20221202_064432,479154,23501,27662,16766
2,KRAX20221202_120203_V06,-4.060,0.352,295.699,374.905,20.070,-78.514,35.328,10035.235,37514.298,20221202_070203,479152,147498,24044,137487
2,KRAX20221202_120726_V06,1.323,0.085,292.979,376.339,23.322,-78.529,35.321,11660.785,38330.503,20221202_070726,479150,144982,24089,134690
5,KRAX20221202_120203_V06,-4.060,0.066,396.580,330.793,10.406,-77.958,35.525,5202.999,50685.085,20221202_070203,479152,147498,24044,137487
5,KRAX20221202_120726_V06,1.323,0.101,395.528,328.462,19.142,-77.963,35.536,9570.858,49839.224,20221202_070726,479150,144982,24089,134690
6,KRAX20221202_121304_V06,6.957,0.341,301.912,413.322,18.614,-78.480,35.155,9306.803,56669.241,20221202_071304,479146,123701,26642,112387
6,KRAX20221202_121843_V06,12.607,0.417,303.125,413.599,25.614,-78.473,35.153,12806.888,56820.963,20221202_071843,479140,105879,27880,94627
1,KRAX20221202_114432_V06,-21.577,0.147,433.580,227.838,2.785,-77.749,35.988,1392.532,75912.804,20221202_064432,479154,23501,27662,16766
4,KRAX20221202_120203_V06,-4.060,0.154,326.284,270.622,10.928,-78.345,35.798,5464.111,19709.616,20221202_070203,479152,147498,24044,137487
2,KRAX20221203_110950_V06,-57.158,0.087,386.481,350.757,7.301,-78.014,35.436,3650.427,50137.836,20221203_060950,479139,70138,90955,14006
12,KRAX20221203_113806_V06,-28.892,0.068,318.141,403.614,30.133,-78.390,35.198,15066.372,52595.265,20221203_063806,479135,60417,78561,12927
15,KRAX20221203_121028_V06,3.475,0.144,250.094,262.723,30.210,-78.766,35.833,15104.898,31145.506,20221203_071028,479145,80322,64067,37570
16,KRAX20221203_121028_V06,3.475,0.059,337.575,266.541,15.462,-78.282,35.816,7730.988,25156.512,20221203_071028,479145,80322,64067,37570
17,KRAX20221203_121612_V06,9.208,0.213,293.743,366.156,13.866,-78.524,35.367,6932.783,33225.503,20221203_071612,479144,86043,61944,44806
1,KRAX20221204_120138_V06,-6.226,0.152,325.438,276.376,9.591,-78.349,35.772,4795.525,17358.102,20221204_070138,479152,89288,28155,82019
6,KRAX20221205_120709_V06,-1.563,0.061,268.061,479.975,8.622,-78.665,34.854,4310.773,91393.584,20221205_070709,479148,184240,33600,168804
6,KRAX20221205_121232_V06,3.820,0.536,267.517,480.360,16.531,-78.668,34.852,8265.539,91630.937,20221205_071232,479150,184563,33421,168707
6,KRAX20221205_121810_V06,9.454,0.831,265.389,481.131,22.094,-78.679,34.849,11047.199,92203.899,20221205_071810,479151,154067,36227,137511
6,KRAX20221205_122348_V06,15.087,0.522,267.292,480.359,32.308,-78.669,34.852,16153.761,91650.414,20221205_072348,479149,126759,36910,111283
6,KRAX20221205_122926_V06,20.720,0.087,272.751,481.527,42.319,-78.639,34.847,21159.535,91780.414,20221205_072926,479149,115572,37698,99724
2,KRAX20221205_120709_V06,-1.563,0.432,292.074,373.396,15.256,-78.534,35.335,7627.913,36911.503,20221205_070709,479148,184240,33600,168804
2,KRAX20221205_121232_V06,3.820,0.347,291.499,373.260,22.502,-78.537,35.335,11251.046,36875.837,20221205_071232,479150,184563,33421,168707
5,KRAX20221205_120709_V06,-1.563,0.085,135.223,212.975,6.073,-79.404,36.054,3036.304,93172.855,20221205_070709,479148,184240,33600,168804
5,KRAX20221205_121232_V06,3.820,0.336,135.564,211.980,12.417,-79.403,36.058,6208.707,93256.211,20221205_071232,479150,184563,33421,168707
7,KRAX20221205_121232_V06,3.820,0.502,457.211,352.528,15.239,-77.624,35.425,7619.410,82877.347,20221205_071232,479150,184563,33421,168707
7,KRAX20221205_121810_V06,9.454,0.077,458.863,354.815,25.582,-77.615,35.415,12791.200,84026.736,20221205_071810,479151,154067,36227,137511
1,KRAX20221205_112322_V06,-45.346,0.083,405.900,316.396,6.246,-77.906,35.590,3122.776,53581.091,20221205_062322,479146,77778,47592,60839
3,KRAX20221205_120709_V06,-1.563,0.154,323.826,271.677,13.861,-78.358,35.793,6930.553,18505.989,20221205_070709,479148,184240,33600,168804
4,KRAX20221205_120709_V06,-1.563,0.121,149.032,255.521,5.463,-79.326,35.863,2731.544,78691.999,20221205_070709,479148,184240,33600,168804
8,KRAX20221205_121232_V06,3.820,0.184,108.149,302.420,8.399,-79.549,35.650,4199.505,95933.221,20221205_071232,479150,184563,33421,168707
9,KRAX20221205_132035_V06,71.870,0.097,27.240,480.852,37.301,-79.981,34.841,18650.326,163635.038,20221205_082035,479151,89713,30934,78940
5,KRAX20221206_121209_V06,2.599,0.450,328.099,270.054,12.115,-78.335,35.800,6057.564,20532.490,20221206_071209,479149,75977,76359,46132
5,KRAX20221206_121738_V06,8.082,0.323,328.508,270.156,20.034,-78.332,35.800,10017.129,20635.955,20221206_071738,479143,88562,69958,59399
2,KRAX20221206_113324_V06,-36.151,0.064,456.130,517.791,15.199,-77.638,34.681,7599.658,133986.482,20221206_063324,479143,57296,83241,21644
4,KRAX20221206_120647_V06,-2.768,0.214,400.108,370.665,7.258,-77.939,35.346,3628.765,61268.080,20221206_070647,479151,55854,86110,24463
8,KRAX20221206_130700_V06,57.449,0.059,23.432,121.001,26.561,-80.033,36.462,13280.416,164719.605,20221206_080700,479154,44157,62344,19357
9,KRAX20221206_132855_V06,79.365,0.123,391.932,509.698,15.248,-77.988,34.719,7624.022,114482.151,20221206_082855,479150,40950,64382,16621
1,KRAX20221207_120426_V06,-5.940,0.326,332.019,268.838,8.549,-78.313,35.806,4274.456,22340.031,20221207_070426,479145,20034,16334,15019
1,KRAX20221207_120955_V06,-0.457,0.061,330.892,270.343,17.162,-78.319,35.799,8581.198,21411.792,20221207_070955,479150,32845,15465,26929
1,KRAX20221207_121524_V06,5.026,0.228,332.718,270.737,22.747,-78.309,35.797,11373.461,21947.402,20221207_071524,479146,40686,15715,33592
1,KRAX20221208_124711_V06,36.004,0.074,439.789,286.505,48.813,-77.717,35.724,24406.326,70219.253,20221208_074711,479147,39223,19875,35857
3,KRAX20221209_112737_V06,-44.351,0.063,412.092,214.440,20.379,-77.868,36.049,10189.713,70507.076,20221209_062737,479138,99050,134438,28981
3,KRAX20221209_113413_V06,-37.751,0.188,413.980,210.124,31.519,-77.857,36.069,15759.279,72575.788,20221209_063413,479141,95370,123802,31876
8,KRAX20221209_120040_V06,-11.301,0.064,328.614,273.548,10.228,-78.332,35.784,5114.170,19483.768,20221209_070040,479139,55278,100969,11478
8,KRAX20221209_120716_V06,-4.701,0.228,327.717,274.552,17.693,-78.337,35.780,8846.670,18813.618,20221209_070716,479139,82677,81098,42713
8,KRAX20221209_121352_V06,1.899,0.069,326.815,275.866,15.831,-78.342,35.774,7915.543,18038.337,20221209_071352,479140,105757,66914,69461
1,KRAX20221210_120255_V06,-9.821,0.593,326.749,273.548,11.924,-78.342,35.784,5962.158,18809.575,20221210_070255,479151,49962,22452,41215
1,KRAX20221210_121320_V06,0.596,0.058,324.806,274.975,21.522,-78.353,35.778,10760.814,17618.318,20221210_071320,479149,95240,23780,83460
3,KRAX20221210_121320_V06,0.596,0.732,292.765,378.237,15.278,-78.530,35.313,7638.756,39285.496,20221210_071320,479149,95240,23780,83460
3,KRAX20221210_121938_V06,6.896,0.587,294.585,380.230,24.893,-78.520,35.304,12446.253,40206.241,20221210_071938,479144,81001,25442,68494
4,KRAX20221210_121320_V06,0.596,0.322,389.640,25.040,14.901,-77.987,36.903,7450.436,144601.512,20221210_071320,479149,95240,23780,83460
4,KRAX20221210_121938_V06,6.896,0.331,390.663,26.120,21.752,-77.981,36.898,10876.001,144248.041,20221210_071938,479144,81001,25442,68494
4,KRAX20221210_122614_V06,13.496,0.285,398.846,33.028,13.544,-77.936,36.867,6771.767,142341.866,20221210_072614,479147,59388,26745,47451
4,KRAX20221210_123251_V06,20.112,0.113,400.212,34.046,20.865,-77.928,36.862,10432.259,142103.572,20221210_073251,479153,47535,26559,36208
4,KRAX20221210_123928_V06,26.729,0.448,406.963,37.712,17.574,-77.890,36.846,8787.048,141629.734,20221210_073928,479135,40548,25904,30048
2,KRAX20221210_120255_V06,-9.821,0.418,380.770,22.732,16.715,-78.037,36.914,8357.445,144396.488,20221210_070255,479151,49962,22452,41215
4,KRAX20221211_121117_V06,-2.206,0.506,328.528,270.102,12.096,-78.332,35.800,6047.989,20662.732,20221211_071117,479151,42647,24287,33611
4,KRAX20221211_122130_V06,8.011,0.050,327.748,271.429,22.711,-78.337,35.794,11355.388,19914.085,20221211_072130,479147,83511,25910,73349
4,KRAX20221211_122748_V06,14.311,0.112,327.737,274.902,29.522,-78.337,35.778,14760.764,18703.052,20221211_072748,479143,70276,27767,59336
5,KRAX20221211_121117_V06,-2.206,0.219,296.798,372.900,8.860,-78.508,35.337,4430.182,36485.040,20221211_071117,479151,42647,24287,33611
5,KRAX20221211_122130_V06,8.011,0.650,295.935,375.105,18.335,-78.512,35.327,9167.730,37607.359,20221211_072130,479147,83511,25910,73349
5,KRAX20221211_122748_V06,14.311,0.522,296.037,375.304,21.525,-78.512,35.326,10762.360,37704.240,20221211_072748,479143,70276,27767,59336
6,KRAX20221211_122130_V06,8.011,0.121,19.529,186.210,20.272,-80.049,36.168,10136.147,151337.540,20221211_072130,479147,83511,25910,73349
6,KRAX20221211_122748_V06,14.311,0.140,21.319,187.182,28.577,-80.039,36.164,14288.290,150325.412,20221211_072748,479143,70276,27767,59336
6,KRAX20221211_123425_V06,20.928,0.059,27.516,188.700,32.907,-80.004,36.157,16453.484,147169.208,20221211_073425,479140,48830,29667,37930
1,KRAX20221212_120646_V06,-7.454,0.357,295.138,378.928,11.637,-78.517,35.310,5818.645,39538.579,20221212_070646,479151,69826,16934,66208
1,KRAX20221212_121700_V06,2.779,0.422,296.271,378.686,21.315,-78.511,35.311,10657.269,39386.987,20221212_071700,479148,80099,17164,74396
2,KRAX20221212_120646_V06,-7.454,0.105,325.712,274.006,12.016,-78.348,35.782,6007.896,18281.037,20221212_070646,479151,69826,16934,66208
1,KRAX20221213_120803_V06,-6.882,0.302,294.014,294.414,36.581,-78.523,35.690,18290.291,4093.700,20221213_070803,479141,74571,11107,72081
1,KRAX20221213_121628_V06,1.535,0.129,294.347,306.100,30.219,-78.521,35.638,15109.482,4158.337,20221213_071628,479148,72640,15031,67767
2,KRAX20221214_120609_V06,-9.472,0.116,298.326,371.403,8.254,-78.499,35.343,4127.066,35711.520,20221214_070609,479145,84538,19905,78765
2,KRAX20221214_121453_V06,-0.739,0.147,298.473,370.908,17.390,-78.498,35.346,8694.959,35462.295,20221214_071453,479146,150182,23680,140642
2,KRAX20221214_122016_V06,4.644,0.074,298.405,372.174,20.390,-78.499,35.340,10195.124,36095.809,20221214_072016,479145,154112,24461,143473
4,KRAX20221214_121453_V06,-0.739,0.129,111.480,304.016,7.794,-79.531,35.643,3896.960,94281.311,20221214_071453,479146,150182,23680,140642
4,KRAX20221214_122016_V06,4.644,0.059,111.831,303.949,14.231,-79.529,35.643,7115.435,94105.067,20221214_072016,479145,154112,24461,143473
1,KRAX20221214_120609_V06,-9.472,0.471,330.821,269.304,9.945,-78.320,35.803,4972.660,21749.826,20221214_070609,479145,84538,19905,78765
5,KRAX20221214_122016_V06,4.644,0.220,303.445,410.959,17.224,-78.471,35.165,8611.843,55506.420,20221214_072016,479145,154112,24461,143473
6,KRAX20221214_123710_V06,21.544,0.051,264.839,486.906,39.653,-78.682,34.823,19826.492,95092.530,20221214_073710,479148,94708,30155,83141
1,KRAX20221216_120916_V06,-7.670,0.138,331.125,276.879,20.118,-78.318,35.769,10059.166,19386.452,20221216_070916,479144,24060,10715,23241
1,KRAX20221217_120750_V06,-9.726,0.082,333.056,268.750,12.122,-78.307,35.806,6061.184,22744.432,20221217_070750,479143,55022,15816,52460
2,KRAX20221217_121635_V06,-0.976,0.314,229.759,329.356,7.253,-78.877,35.532,3626.358,38064.170,20221217_071635,479141,87748,16388,82721
3,KRAX20221217_121635_V06,-0.976,0.192,349.993,393.586,23.094,-78.215,35.243,11547.150,53050.989,20221217_071635,479141,87748,16388,82721
4,KRAX20221218_122439_V06,6.492,0.423,270.970,479.183,18.582,-78.649,34.858,9290.921,90759.733,20221218_072439,479135,148188,23987,138422
4,KRAX20221218_123018_V06,12.142,0.951,272.539,477.141,28.640,-78.640,34.867,14319.763,89628.340,20221218_073018,479137,124269,26195,114255
4,KRAX20221218_123557_V06,17.792,0.876,274.519,479.206,36.235,-78.629,34.858,18117.252,90504.098,20221218_073557,479141,110450,27783,100377
4,KRAX20221218_124135_V06,23.426,0.788,276.881,480.186,45.394,-78.616,34.853,22696.793,90831.724,20221218_074135,479132,101375,28602,91429
4,KRAX20221218_124712_V06,29.042,0.119,278.290,479.231,55.345,-78.609,34.857,27672.396,90270.292,20221218_074712,479132,97620,28889,87397
1,KRAX20221218_120145_V06,-16.408,0.554,332.706,272.436,8.314,-78.309,35.789,4157.249,21386.178,20221218_070145,479130,44121,24321,40475
1,KRAX20221218_121031_V06,-7.641,0.445,331.755,271.937,17.872,-78.314,35.792,8935.919,21189.115,20221218_071031,479137,145477,18498,140104
1,KRAX20221218_121917_V06,1.126,0.225,334.217,272.944,21.219,-78.301,35.787,10609.290,21810.683,20221218_071917,479135,165672,20875,157021
2,KRAX20221218_121031_V06,-7.641,0.076,309.140,318.228,17.832,-78.440,35.583,8915.798,10195.475,20221218_071031,479137,145477,18498,140104
3,KRAX20221218_121917_V06,1.126,0.068,396.989,326.126,18.992,-77.955,35.546,9495.935,50223.236,20221218_071917,479135,165672,20875,157021
1,KRAX20221219_120652_V06,-11.865,0.589,301.164,385.370,15.941,-78.484,35.281,7970.480,42689.029,20221219_070652,479143,42103,12341,40105
1,KRAX20221219_121523_V06,-3.348,0.222,300.970,380.588,22.935,-78.485,35.302,11467.313,40296.932,20221219_071523,479147,77484,9365,75000
2,KRAX20221219_120652_V06,-11.865,0.168,333.411,275.309,12.102,-78.305,35.776,6051.174,20772.091,20221219_070652,479143,42103,12341,40105
5,KRAX20221219_121523_V06,-3.348,0.253,299.675,304.020,17.201,-78.492,35.647,8600.502,2016.638,20221219_071523,479147,77484,9365,75000
1,KRAX20221220_120147_V06,-17.497,0.070,390.997,340.951,8.111,-77.989,35.480,4055.714,49893.527,20221220_070147,479146,5084,8830,4716
2,KRAX20221220_121006_V06,-9.180,0.366,327.921,272.616,13.321,-78.336,35.789,6660.435,19553.974,20221220_071006,479140,48566,9600,46744
3,KRAX20221220_121831_V06,-0.764,0.491,297.742,380.209,18.529,-78.502,35.304,9264.683,40120.408,20221220_071831,479145,73107,8119,70620
1,KRAX20221221_120311_V06,-16.619,0.089,327.673,272.044,4.792,-78.337,35.791,2395.821,19667.805,20221221_070311,479140,62926,66816,15887
1,KRAX20221221_120947_V06,-10.019,0.368,327.518,272.169,14.175,-78.338,35.791,7087.658,19569.343,20221221_070947,479137,96911,70030,46881
1,KRAX20221221_121623_V06,-3.419,0.363,326.873,272.775,16.816,-78.341,35.788,8407.967,19126.909,20221221_071623,479147,133236,65131,83902
1,KRAX20221221_122248_V06,2.997,0.057,327.565,275.829,23.184,-78.338,35.774,11592.165,18330.767,20221221_072248,479131,121633,64657,73098
2,KRAX20221221_121623_V06,-3.419,0.050,299.032,394.698,25.980,-78.495,35.239,12990.238,47351.321,20221221_071623,479147,133236,65131,83902
7,KRAX20221222_122502_V06,4.735,0.052,354.015,197.834,32.586,-78.190,36.125,16293.133,57782.759,20221222_072502,479133,136120,112318,51962
7,KRAX20221222_123126_V06,11.135,0.075,356.172,194.321,41.035,-78.178,36.141,20517.589,59839.933,20221222_073126,479136,141012,121131,49454
2,KRAX20221222_113124_V06,-48.899,0.123,444.737,419.077,21.747,-77.696,35.126,10873.655,93712.749,20221222_063124,479139,92087,125900,12157
13,KRAX20221223_124508_V06,24.366,0.075,44.179,219.638,59.342,-79.909,36.019,29671.120,134073.255,20221223_074508,479147,94996,91688,28102
13,KRAX20221223_125001_V06,29.250,0.053,45.525,218.231,67.367,-79.902,36.025,33683.668,133644.693,20221223_075001,479132,94783,89745,29199
13,KRAX20221223_125506_V06,34.333,0.093,60.306,211.707,78.678,-79.820,36.056,39339.201,127719.166,20221223_075506,479125,93320,90663,28058
5,KRAX20221223_120111_V06,-19.584,0.123,371.739,150.436,15.585,-78.090,36.339,7792.549,82939.496,20221223_070111,479141,110317,140499,12681
6,KRAX20221223_120111_V06,-19.584,0.059,84.865,140.988,92.401,-79.689,36.376,46200.478,133760.703,20221223_070111,479141,110317,140499,12681
1,KRAX20221224_120450_V06,-16.374,0.171,332.057,271.479,9.090,-78.313,35.794,4544.891,21453.756,20221224_070450,479147,12136,6502,11546
3,KRAX20221224_121309_V06,-8.058,0.127,229.209,332.996,6.403,-78.880,35.516,3201.250,39051.809,20221224_071309,479143,32958,8799,31377
1,KRAX20221225_120117_V06,-20.336,0.380,332.352,271.737,8.332,-78.311,35.793,4165.836,21479.063,20221225_070117,479142,7669,9699,7266
1,KRAX20221225_120942_V06,-11.919,-1.000,332.352,271.737,21.714,-78.311,35.793,10857.086,21479.063,20221225_070942,479140,41985,10803,40187
1,KRAX20221225_121818_V06,-3.319,0.053,331.091,272.890,23.562,-78.318,35.787,11780.823,20625.336,20221225_071818,479139,46930,11149,44674
1,KRAX20221226_121544_V06,-6.269,0.685,303.515,301.488,25.381,-78.471,35.659,12690.437,1908.521,20221226_071544,479141,68715,13410,65659
1,KRAX20221227_120743_V06,-14.638,0.219,299.063,371.623,7.459,-78.495,35.343,3729.372,35814.758,20221227_070743,479147,60515,18454,56060
2,KRAX20221227_120743_V06,-14.638,0.173,330.227,273.819,12.062,-78.323,35.783,6030.785,19994.428,20221227_070743,479147,60515,18454,56060
2,KRAX20221228_113938_V06,-43.044,0.478,331.133,271.364,4.973,-78.318,35.794,2486.397,21150.014,20221228_063938,479141,22089,28482,16511
2,KRAX20221228_114823_V06,-34.294,0.089,331.401,271.286,13.205,-78.316,35.795,6602.508,21275.072,20221228_064823,479142,23906,26994,18405
2,KRAX20221228_120702_V06,-15.644,0.369,328.518,272.077,14.101,-78.332,35.791,7050.602,19956.072,20221228_070702,479141,82147,22070,76051
5,KRAX20221229_122306_V06,0.131,0.442,271.708,478.925,12.064,-78.645,34.859,6032.001,90573.987,20221229_072306,479141,104246,26350,94536
5,KRAX20221229_122844_V06,5.765,0.697,271.756,478.901,20.910,-78.644,34.859,10454.836,90558.564,20221229_072844,479142,95405,27755,84976
5,KRAX20221229_123437_V06,11.648,0.750,271.762,478.642,25.391,-78.644,34.860,12695.581,90430.193,20221229_073437,479144,88082,29338,76925
5,KRAX20221229_124015_V06,17.281,0.068,272.230,479.095,35.646,-78.642,34.858,17822.978,90617.711,20221229_074015,479143,82645,24398,74421
1,KRAX20221229_112352_V06,-59.102,0.569,300.852,303.353,13.871,-78.485,35.650,6935.520,1729.703,20221229_062352,479146,17792,28183,11355
1,KRAX20221229_113238_V06,-50.335,0.155,301.144,302.753,21.112,-78.484,35.653,10556.208,1490.388,20221229_063238,479145,22903,30430,15192
1,KRAX20221229_114124_V06,-41.569,-1.000,301.414,302.196,28.839,-78.482,35.655,14419.404,1305.970,20221229_064124,479138,28565,28537,21725
1,KRAX20221229_115010_V06,-32.802,0.055,298.953,304.720,13.594,-78.496,35.644,6797.001,2417.322,20221229_065010,479143,21298,24595,15708
1,KRAX20221229_120859_V06,-13.985,-1.000,298.953,304.720,43.513,-78.496,35.644,21756.251,2417.322,20221229_070859,479141,97723,20568,90957
1,KRAX20221229_121744_V06,-5.235,0.275,306.036,296.654,23.159,-78.457,35.680,11579.636,3450.574,20221229_071744,479140,110081,24837,100667
3,KRAX20221229_120859_V06,-13.985,0.150,201.110,300.276,7.151,-79.036,35.663,3575.495,49445.246,20221229_070859,479141,97723,20568,90957
22,KRAX20221231_131924_V06,55.942,0.109,14.882,101.208,22.397,-80.082,36.551,11198.741,173789.203,20221231_081924,479141,84959,121598,12372
22,KRAX20221231_132600_V06,62.542,0.552,19.585,100.909,32.984,-80.056,36.552,16491.870,171951.881,20221231_082600,479148,81407,116505,12961
22,KRAX20221231_133207_V06,68.658,0.053,27.295,95.727,39.034,-80.013,36.576,19516.946,170364.147,20221231_083207,479142,77583,109352,12128
3,KRAX20221231_113348_V06,-49.658,0.055,446.552,123.193,21.320,-77.673,36.459,10660.141,114823.999,20221231_063348,479149,38322,63244,3694
7,KRAX20221231_121018_V06,-13.158,0.062,525.196,490.982,31.252,-77.260,34.798,15625.853,147637.720,20221231_071018,479144,48178,72231,4473
8,KRAX20221231_121639_V06,-6.808,0.067,329.911,269.480,8.539,-78.325,35.803,4269.512,21366.736,20221231_071639,479148,57230,79769,9088
19,KRAX20221231_130635_V06,43.125,0.051,406.253,367.973,27.823,-77.905,35.358,13911.606,63067.585,20221231_080635,479143,87635,127870,12258
19,KRAX20221231_131249_V06,49.358,-1.000,406.253,367.973,37.734,-77.905,35.358,18867.106,63067.585,20221231_081249,479144,85663,121342,11527
19,KRAX20221231_131924_V06,55.942,0.164,409.452,346.924,31.813,-77.887,35.452,15906.517,59543.362,20221231_081924,479141,84959,121598,12372
