track_id,filename,from_sunrise,det_score,x,y,r,lon,lat,radius,geo_dist,local_time,n_radar_pixels,n_refAbove40_pixels,n_xcorrAbove0.95_pixels,n_xcorrBelow0.95_refAbove40_pixels
1,KBYX20170601_100516_V06,-32.535,0.313,298.135,129.499,25.095,-81.713,25.367,12547.424,85255.435,20170601_060516,479175,43989,59982,22874
2,KBYX20170601_102127_V06,-16.352,0.078,303.024,116.970,20.381,-81.688,25.423,10190.327,91527.455,20170601_062127,479172,42981,59524,22121
6,KBYX20170603_095306_V06,-44.464,0.065,22.391,412.747,34.426,-83.068,24.082,17213.182,149815.332,20170603_055306,479171,13364,45639,3920
6,KBYX20170603_100138_V06,-35.931,0.127,23.280,412.377,42.973,-83.064,24.084,21486.459,149333.903,20170603_060138,479163,13354,44965,3862
6,KBYX20170603_100555_V06,-31.647,0.060,24.781,399.155,36.258,-83.057,24.143,18129.158,146268.089,20170603_060555,479156,13120,44156,3860
4,KBYX20170603_094016_V06,-57.297,0.066,174.076,353.723,12.124,-82.324,24.353,6061.909,68452.292,20170603_054016,479165,12161,45878,3534
5,KBYX20170603_094849_V06,-48.747,0.052,23.132,419.396,38.338,-83.064,24.052,19169.020,150757.463,20170603_054849,479173,13017,45661,3569
2,KBYX20170604_093743_V06,-59.758,0.182,182.392,206.342,7.280,-82.286,25.019,3639.788,75172.287,20170604_053743,479171,52750,80656,5772
15,KBYX20170604_110732_V06,30.059,0.113,391.837,159.260,18.895,-81.248,25.232,9447.277,84026.235,20170604_070732,479174,47385,80102,6473
12,KBYX20170605_114936_V06,72.196,0.065,262.490,136.706,36.837,-81.890,25.334,18418.512,83773.339,20170605_074936,479168,47269,77416,5391
8,KBYX20170610_104056_V06,3.592,0.089,17.822,336.446,20.986,-83.095,24.426,10493.053,142260.984,20170610_064056,479179,70528,92917,7411
11,KBYX20170610_113504_V06,57.725,0.059,338.036,170.826,16.955,-81.515,25.180,8477.676,67328.866,20170610_073504,479178,61190,77197,8277
4,KBYX20170613_105129_V06,13.955,0.115,318.799,340.644,13.474,-81.611,24.413,6737.173,22390.458,20170613_065129,479175,27244,55500,4840
2,KBYX20170615_093829_V06,-59.259,0.277,336.730,370.764,7.417,-81.522,24.277,3708.355,39864.428,20170615_053829,479155,13165,44680,2595
3,KBYX20170618_112631_V06,48.323,0.053,304.021,373.294,31.341,-81.684,24.266,15670.740,36702.107,20170618_072631,479183,16523,31084,11586
4,KBYX20170618_120235_V06,84.389,0.076,316.596,325.445,14.038,-81.621,24.482,7019.196,15189.624,20170618_080235,479169,21064,30731,16524
8,KBYX20170620_110043_V06,22.139,0.059,85.793,263.562,26.634,-82.762,24.758,13316.763,108641.782,20170620_070043,479188,44879,59853,15821
2,KBYX20170625_094316_V06,-56.534,0.137,207.729,406.165,12.358,-82.157,24.117,6178.791,70329.411,20170625_054316,479170,11175,42826,3610
8,KBYX20170709_102815_V06,-16.523,0.061,339.551,137.588,18.194,-81.507,25.330,9096.779,83579.086,20170709_062815,479180,67194,89315,8624
8,KBYX20170709_103300_V06,-11.773,0.145,338.998,137.159,23.866,-81.510,25.332,11932.980,83722.726,20170709_063300,479192,64951,77341,8917
20,KBYX20170709_120751_V06,83.077,0.134,310.030,185.432,20.274,-81.654,25.114,10137.001,57502.854,20170709_080751,479183,38390,66175,6450
13,KBYX20170710_110116_V06,16.075,0.140,317.575,423.339,15.152,-81.617,24.040,7576.096,62292.598,20170710_070116,479179,59969,90189,5940
10,KBYX20170711_110529_V06,19.867,0.062,279.906,114.270,33.344,-81.803,25.435,16671.921,93406.759,20170711_070529,479166,11255,51857,4964
10,KBYX20170711_110904_V06,23.450,0.056,279.467,113.802,37.933,-81.805,25.437,18966.746,93663.154,20170711_070904,479168,11167,52115,4884
6,KBYX20170719_100205_V06,-47.110,0.058,297.295,150.207,14.090,-81.717,25.273,7044.941,74908.468,20170719_060205,479184,12733,46782,5529
4,KBYX20170723_095331_V06,-57.540,0.102,174.049,241.353,9.624,-82.326,24.860,4812.046,69468.037,20170723_055331,479197,12144,45745,5051
5,KBYX20170723_095331_V06,-57.540,0.098,118.534,392.875,8.465,-82.596,24.175,4232.355,101925.800,20170723_055331,479197,12144,45745,5051
4,KBYX20170725_100327_V06,-48.544,0.124,232.386,368.799,7.124,-82.036,24.286,3562.017,48231.023,20170725_060327,479176,21974,53591,5897
8,KBYX20170729_110357_V06,10.085,0.533,371.972,237.604,13.829,-81.347,24.878,6914.585,47626.457,20170729_070357,479164,20660,55934,6083
10,KBYX20170729_110748_V06,13.935,0.313,306.183,144.214,13.693,-81.673,25.300,6846.558,77954.239,20170729_070748,479180,20657,54866,6129
7,KBYX20170731_103203_V06,-22.743,0.056,381.961,173.442,11.879,-81.297,25.168,5939.442,75389.893,20170731_063203,479184,44512,83026,10205
7,KBYX20170731_103553_V06,-18.910,0.051,380.866,174.192,18.604,-81.302,25.164,9302.225,74777.834,20170731_063553,479171,46178,83456,10544
23,KBYX20170731_114053_V06,46.090,0.195,393.040,117.653,5.294,-81.241,25.419,2646.782,102355.716,20170731_074053,479174,71429,107386,11905
1,KBYX20170802_104018_V06,-15.414,0.360,204.658,310.120,11.472,-82.174,24.551,5735.973,47938.796,20170802_064018,479171,14130,46413,11416
10,KBYX20170803_120051_V06,64.679,0.068,265.079,129.042,22.883,-81.877,25.369,11441.538,87244.076,20170803_080051,479175,22360,70696,12051
10,KBYX20170803_121039_V06,74.479,0.364,262.620,125.786,29.308,-81.889,25.383,14654.038,89089.689,20170803_081039,479174,21617,70885,11828
2,KBYX20170803_100315_V06,-52.921,0.057,137.437,287.229,21.466,-82.506,24.652,10732.817,81532.144,20170803_060315,479175,11591,63368,7058
3,KBYX20170803_103238_V06,-23.537,0.125,182.188,96.654,16.202,-82.289,25.514,8101.198,117504.432,20170803_063238,479179,12502,62207,7832
5,KBYX20170803_103238_V06,-23.537,0.060,146.806,130.083,24.474,-82.464,25.362,12236.848,114389.930,20170803_063238,479179,12502,62207,7832
8,KBYX20170803_114114_V06,45.063,0.068,315.147,543.600,37.744,-81.629,23.497,18872.131,122035.301,20170803_074114,479173,19165,67486,11121
6,KBYX20170806_104208_V06,-15.392,0.124,384.161,360.622,22.168,-81.289,24.323,11083.870,51860.725,20170806_064208,479196,26674,50061,15126
6,KBYX20170806_104543_V06,-11.809,0.339,383.206,360.183,27.203,-81.293,24.325,13601.575,51345.149,20170806_064543,479192,26128,50201,14755
5,KBYX20170810_100208_V06,-57.159,0.063,376.672,222.411,2.382,-81.324,24.947,1191.242,54540.308,20170810_060208,479172,35001,62281,11098
5,KBYX20170810_100547_V06,-53.509,0.099,376.404,222.485,7.152,-81.325,24.946,3576.110,54419.842,20170810_060547,479202,34809,61889,10598
2,KBYX20170810_100208_V06,-57.159,0.091,48.999,236.849,6.199,-82.945,24.877,3099.591,129411.896,20170810_060208,479172,35001,62281,11098
16,KBYX20170810_110510_V06,5.874,0.066,412.274,280.079,35.027,-81.149,24.686,17513.485,57013.866,20170810_070510,479185,45288,63921,15190
2,KBYX20170814_100414_V06,-56.777,0.116,356.699,129.432,6.923,-81.422,25.367,3461.365,89872.270,20170814_060414,479176,23418,63033,9593
1,KBYX20170816_100323_V06,-58.467,0.293,384.599,270.124,7.621,-81.285,24.731,3810.627,44859.813,20170816_060323,479179,37629,64197,15053
10,KBYX20170816_100704_V06,-54.784,0.073,377.370,348.480,7.046,-81.322,24.378,3522.881,45651.963,20170816_060704,479183,37460,63986,15126
7,KBYX20170817_120443_V06,62.451,0.132,460.554,168.315,70.264,-80.907,25.189,35132.221,103824.922,20170817_080443,479181,39605,61342,18222
3,KBYX20170820_100537_V06,-57.876,0.162,92.516,146.154,8.095,-82.733,25.288,4047.259,129149.352,20170820_060537,479180,39453,63013,10692
6,KBYX20170822_111853_V06,14.590,0.190,209.909,341.593,16.546,-82.147,24.409,8273.024,49614.258,20170822_071853,479176,39129,65814,8831
2,KBYX20170826_100923_V06,-56.470,0.129,378.655,72.569,20.917,-81.312,25.623,10458.694,120324.027,20170826_060923,479176,84816,124991,7946
2,KBYX20170826_101454_V06,-50.953,0.159,376.949,72.815,26.437,-81.320,25.622,13218.592,119931.455,20170826_061454,479179,87723,128278,7922
1,KBYX20170830_112853_V06,21.524,0.503,299.483,47.750,9.366,-81.706,25.736,4683.075,126125.357,20170830_072853,479171,99921,64400,83483
1,KBYX20170830_113841_V06,31.324,0.252,297.912,50.124,16.496,-81.714,25.725,8247.920,124942.160,20170830_073841,479170,91611,66034,75460
5,KBYX20170831_110233_V06,-5.179,0.064,367.508,386.589,28.984,-81.371,24.206,14491.867,54897.472,20170831_070233,479184,101425,82203,57589
6,KBYX20170831_110804_V06,0.338,0.077,290.600,184.022,19.266,-81.750,25.120,9633.102,58179.001,20170831_070804,479176,103983,81739,59976
9,KBYX20170831_114113_V06,33.488,0.083,167.684,369.874,30.435,-82.355,24.280,15217.400,74816.514,20170831_074113,479168,85487,85673,40723
7,KBYX20170901_104402_V06,-24.062,0.050,367.255,289.570,18.863,-81.371,24.644,9431.473,34029.583,20170901_064402,479182,54006,77406,13743
8,KBYX20170901_111613_V06,8.122,0.286,373.398,284.022,20.442,-81.341,24.669,10221.107,37558.582,20170901_071613,479172,47666,72644,14845
12,KBYX20170902_103233_V06,-35.909,0.064,38.028,83.938,42.421,-83.007,25.567,21210.598,169788.067,20170902_063233,479160,92509,118809,11887
12,KBYX20170902_103751_V06,-30.609,-1.000,38.028,83.938,50.848,-83.007,25.567,25424.098,169788.067,20170902_063751,479181,92087,117606,12611
12,KBYX20170902_104315_V06,-25.209,0.062,45.473,87.183,56.458,-82.970,25.552,28228.802,165887.996,20170902_064315,479174,94011,119292,12904
12,KBYX20170902_104838_V06,-19.825,0.093,58.570,50.495,23.879,-82.906,25.718,11939.709,173595.233,20170902_064838,479176,94337,119481,13029
8,KBYX20170902_102159_V06,-46.475,0.060,29.727,95.330,41.536,-83.048,25.515,20767.998,169511.881,20170902_062159,479179,98194,122213,12887
4,KBYX20170904_112214_V06,13.054,0.052,444.816,171.236,38.864,-80.985,25.176,19432.110,96891.387,20170904_072214,479187,103845,90857,54644
9,KBYX20170904_121709_V06,67.971,0.183,416.134,268.894,19.669,-81.129,24.736,9834.595,60113.777,20170904_081709,479178,82921,91304,36161
2,KBYX20170906_101322_V06,-56.525,0.091,262.922,460.781,10.743,-81.885,23.871,5371.273,82500.611,20170906_061322,479179,31737,57730,8407
4,KBYX20170907_110940_V06,-0.579,0.654,390.396,224.437,19.540,-81.256,24.937,9770.210,58909.210,20170907_070940,479169,87056,76697,51351
7,KBYX20170908_111546_V06,5.168,0.436,444.577,171.802,28.651,-80.986,25.174,14325.314,96614.364,20170908_071546,479184,92661,71780,57334
7,KBYX20170908_112117_V06,10.684,0.308,445.468,169.683,38.041,-80.982,25.183,19020.415,97651.762,20170908_072117,479174,88257,72164,52987
7,KBYX20170908_112648_V06,16.201,0.063,444.265,174.770,39.326,-80.988,25.161,19663.025,95518.480,20170908_072648,479173,82898,73774,48157
7,KBYX20170908_113219_V06,21.718,0.067,441.047,179.663,39.394,-81.004,25.138,19696.852,92702.579,20170908_073219,479179,79205,74001,45097
15,KBYX20170908_121100_V06,60.401,0.560,388.333,343.567,16.745,-81.268,24.400,8372.677,49246.545,20170908_081100,479174,62163,69499,31102
15,KBYX20170908_121630_V06,65.901,0.352,387.905,345.026,23.342,-81.270,24.393,11670.756,49382.552,20170908_081630,479176,58826,69325,28574
15,KBYX20170908_122201_V06,71.418,0.150,383.767,351.699,19.326,-81.291,24.363,9663.187,49217.862,20170908_082201,479181,56800,68105,27857
15,KBYX20170908_122733_V06,76.951,0.187,384.017,353.041,26.488,-81.289,24.357,13244.125,49679.523,20170908_082733,479190,54775,66966,27470
15,KBYX20170908_123303_V06,82.451,0.294,374.299,358.338,20.126,-81.337,24.333,10062.960,47232.452,20170908_083303,479174,53292,65633,26484
9,KBYX20170908_114322_V06,32.768,0.093,418.036,253.333,16.688,-81.120,24.806,8343.910,63463.268,20170908_074322,479170,72107,72994,39489
10,KBYX20170908_114854_V06,38.301,0.097,315.132,393.070,7.552,-81.629,24.177,3775.841,47146.276,20170908_074854,479173,70401,73724,37404
7,KBYX20170909_112753_V06,16.932,0.135,321.233,360.947,31.750,-81.599,24.322,15875.080,32269.595,20170909_072753,479183,247928,225408,43067
7,KBYX20170909_113349_V06,22.866,0.108,319.182,364.066,37.737,-81.609,24.308,18868.511,33437.761,20170909_073349,479174,250398,223336,45536
5,KBYX20170909_104432_V06,-26.418,0.056,294.475,286.042,29.365,-81.731,24.660,14682.541,7505.624,20170909_064432,479176,237667,203267,52911
8,KBYX20170910_122424_V06,73.098,0.109,340.103,315.167,44.781,-81.505,24.528,22390.533,21437.769,20170910_082424,479175,428320,372079,64018
5,KBYX20170914_122901_V06,76.310,0.054,262.114,195.930,1.884,-81.891,25.067,942.051,55375.669,20170914_082901,479177,16254,41734,7799
2,KBYX20170922_105220_V06,-23.222,0.876,422.202,177.234,8.509,-81.097,25.150,4254.498,86609.708,20170922_065220,479180,91310,69344,61561
2,KBYX20170922_105601_V06,-19.539,0.797,420.993,177.432,14.425,-81.103,25.149,7212.339,86113.704,20170922_065601,479183,88129,69435,59409
2,KBYX20170922_110322_V06,-12.189,0.179,415.746,179.525,22.105,-81.129,25.140,11052.580,83533.503,20170922_070322,479180,87072,70677,58947
1,KBYX20170923_101917_V06,-56.635,0.310,233.526,388.012,6.946,-82.030,24.199,3472.948,55147.327,20170923_061917,479175,76623,71634,42555
1,KBYX20170923_102258_V06,-52.952,0.566,234.287,387.979,12.434,-82.027,24.199,6216.890,54905.618,20170923_062258,479184,75245,71443,41943
4,KBYX20170923_105239_V06,-23.269,0.701,421.999,175.303,6.702,-81.098,25.159,3350.986,87225.535,20170923_065239,479165,66900,63266,42126
4,KBYX20170923_105620_V06,-19.585,0.613,422.928,175.026,11.311,-81.094,25.160,5655.354,87649.799,20170923_065620,479187,66244,64019,41330
6,KBYX20170923_110722_V06,-8.552,0.285,435.831,386.307,15.299,-81.035,24.206,7649.492,80465.814,20170923_070722,479186,66317,66827,40236
6,KBYX20170923_111102_V06,-4.885,0.081,435.268,386.193,20.042,-81.038,24.206,10020.760,80197.589,20170923_071102,479171,67397,66907,40454
7,KBYX20170923_112205_V06,6.165,0.108,429.426,386.249,13.469,-81.066,24.206,6734.701,77765.734,20170923_072205,479170,63024,68586,35032
4,KBYX20170924_103101_V06,-45.267,0.251,375.703,385.925,8.147,-81.331,24.209,4073.267,57258.055,20170924_063101,479171,111900,68755,68728
6,KBYX20170924_110017_V06,-16.000,0.483,423.418,177.867,14.330,-81.091,25.147,7165.119,86816.563,20170924_070017,479192,89344,66880,55455
8,KBYX20170924_115451_V06,38.566,0.169,403.319,446.879,10.203,-81.196,23.933,5101.646,89789.027,20170924_075451,479181,60738,66567,32673
10,KBYX20170925_112615_V06,9.599,0.091,287.359,404.082,8.192,-81.766,24.127,4095.840,52423.620,20170925_072615,479175,86971,74543,48689
7,KBYX20170926_104745_V06,-29.272,0.677,298.245,166.929,20.541,-81.712,25.198,10270.737,66541.214,20170926_064745,479184,240525,110883,142107
7,KBYX20170926_105139_V06,-25.372,0.834,298.236,166.469,23.833,-81.712,25.200,11916.440,66771.123,20170926_065139,479180,239228,110325,141712
7,KBYX20170926_105536_V06,-21.422,0.783,300.237,166.320,25.393,-81.702,25.200,12696.402,66839.976,20170926_065536,479168,238252,110469,141519
7,KBYX20170926_110351_V06,-13.172,0.622,307.587,166.801,35.674,-81.666,25.198,17837.025,66707.584,20170926_070351,479171,241532,113053,143399
7,KBYX20170926_110759_V06,-9.038,0.749,302.916,170.938,36.657,-81.689,25.180,18328.309,64547.482,20170926_070759,479189,240631,116673,140967
7,KBYX20170926_111220_V06,-4.688,0.664,301.757,172.357,39.628,-81.695,25.173,19813.820,63827.481,20170926_071220,479171,240622,120879,138642
7,KBYX20170926_111627_V06,-0.572,0.546,302.089,171.037,41.574,-81.693,25.179,20787.024,64489.759,20170926_071627,479172,240423,125559,135205
7,KBYX20170926_112036_V06,3.578,0.806,299.724,175.338,41.622,-81.705,25.160,20810.946,62330.920,20170926_072036,479182,241345,130311,132532
7,KBYX20170926_112444_V06,7.712,0.474,298.518,180.538,42.506,-81.711,25.136,21253.074,59735.720,20170926_072444,479173,240333,134502,129373
7,KBYX20170926_112852_V06,11.845,-1.000,297.212,185.202,43.353,-81.717,25.115,21676.400,57416.049,20170926_072852,479180,243112,138650,128243
7,KBYX20170926_113300_V06,15.978,-1.000,295.906,189.866,44.199,-81.724,25.094,22099.727,55105.159,20170926_073300,479181,242670,141740,125558
7,KBYX20170926_113708_V06,20.112,-1.000,294.600,194.530,45.046,-81.730,25.073,22523.054,52804.202,20170926_073708,479167,241727,145669,122120
7,KBYX20170926_114117_V06,24.262,0.682,295.916,179.919,49.632,-81.724,25.139,24815.939,60075.074,20170926_074117,479177,239696,148424,118525
7,KBYX20170926_114538_V06,28.612,0.636,292.049,178.313,48.791,-81.743,25.146,24395.602,60973.355,20170926_074538,479174,237801,150285,115611
7,KBYX20170926_115000_V06,32.978,0.824,290.634,179.312,46.474,-81.750,25.142,23237.222,60525.571,20170926_075000,479177,237581,151543,114891
7,KBYX20170926_115435_V06,37.562,0.818,290.129,182.024,49.417,-81.752,25.129,24708.740,59194.096,20170926_075435,479183,235631,151219,113818
7,KBYX20170926_120318_V06,46.278,0.689,282.570,185.866,49.877,-81.790,25.112,24938.747,57728.363,20170926_080318,479178,231480,152360,109848
7,KBYX20170926_120739_V06,50.628,0.849,274.506,193.220,46.517,-81.830,25.079,23258.314,54890.470,20170926_080739,479175,228620,151675,108427
7,KBYX20170926_121213_V06,55.195,0.103,264.341,193.663,49.563,-81.880,25.077,24781.357,56078.232,20170926_081213,479174,225377,150115,107524
7,KBYX20170926_121620_V06,59.312,0.076,262.123,196.650,47.114,-81.891,25.063,23557.207,55036.037,20170926_081620,479182,225706,149568,107783
7,KBYX20170926_122043_V06,63.695,-1.000,257.106,199.126,46.295,-81.916,25.052,23147.398,54807.392,20170926_082043,479191,226742,148406,109055
7,KBYX20170926_122436_V06,67.578,0.182,300.048,220.054,8.972,-81.703,24.958,4486.179,39973.060,20170926_082436,479175,224191,147843,107936
11,KBYX20170926_112036_V06,3.578,0.075,414.148,399.580,30.211,-81.142,24.146,15105.669,75739.881,20170926_072036,479182,241345,130311,132532
11,KBYX20170926_112444_V06,7.712,-1.000,414.148,399.580,36.783,-81.142,24.146,18391.669,75739.881,20170926_072444,479173,240333,134502,129373
11,KBYX20170926_112852_V06,11.845,0.057,424.503,390.501,31.324,-81.091,24.187,15661.840,76960.006,20170926_072852,479180,243112,138650,128243
11,KBYX20170926_113300_V06,15.978,-1.000,424.503,390.501,37.896,-81.091,24.187,18947.840,76960.006,20170926_073300,479181,242670,141740,125558
11,KBYX20170926_113708_V06,20.112,0.078,435.904,384.773,31.067,-81.034,24.213,15533.253,80087.733,20170926_073708,479167,241727,145669,122120
19,KBYX20170926_114538_V06,28.612,0.054,418.558,423.537,27.151,-81.121,24.038,13575.258,85611.675,20170926_074538,479174,237801,150285,115611
19,KBYX20170926_115000_V06,32.978,-1.000,418.558,423.537,34.094,-81.121,24.038,17046.758,85611.675,20170926_075000,479177,237581,151543,114891
19,KBYX20170926_115435_V06,37.562,0.068,426.412,411.311,27.568,-81.082,24.093,13784.189,84217.378,20170926_075435,479183,235631,151219,113818
23,KBYX20170927_120323_V06,45.989,0.052,34.496,520.275,34.185,-83.004,23.597,17092.382,172491.640,20170927_080323,479176,202478,138758,105388
23,KBYX20170927_120745_V06,50.356,0.061,35.817,519.750,40.756,-82.997,23.599,20377.914,171816.106,20170927_080745,479188,199486,137922,103814
28,KBYX20170927_123816_V06,80.872,0.189,337.556,166.140,29.315,-81.517,25.201,14657.536,69514.505,20170927_083816,479195,190557,142408,92152
28,KBYX20170927_124238_V06,85.239,0.240,338.295,166.246,34.319,-81.513,25.201,17159.524,69563.902,20170927_084238,479162,193411,143346,93387
11,KBYX20170927_111648_V06,-0.594,0.085,108.637,418.499,21.619,-82.644,24.059,10809.554,112540.847,20170927_071648,479177,243400,114873,150407
15,KBYX20170927_113808_V06,20.739,0.137,391.364,308.923,27.630,-81.252,24.556,13815.228,45899.177,20170927_073808,479178,222913,131327,126818
21,KBYX20170927_115453_V06,37.489,0.063,365.484,108.008,32.315,-81.378,25.463,16157.494,101426.217,20170927_075453,479180,206393,136969,109832
25,KBYX20170927_122051_V06,63.456,0.068,131.347,417.544,18.853,-82.532,24.064,9426.349,102787.010,20170927_082051,479157,191333,135945,97098
10,KBYX20170928_110626_V06,-11.337,0.065,433.601,176.454,27.422,-81.041,25.153,13710.857,90984.757,20170928_070626,479168,191141,70098,145937
5,KBYX20170929_110206_V06,-16.049,0.101,280.574,224.071,16.784,-81.799,24.940,8391.853,39187.436,20170929_070206,479185,317183,168320,161469
5,KBYX20170929_110655_V06,-11.233,0.073,280.824,224.455,23.737,-81.798,24.938,11868.542,38970.295,20170929_070655,479162,310483,176141,149487
5,KBYX20170929_111144_V06,-6.416,0.101,280.622,224.253,25.864,-81.799,24.939,12931.883,39093.107,20170929_071144,479178,307327,181843,141995
5,KBYX20170929_111633_V06,-1.599,0.131,279.503,217.870,21.181,-81.805,24.968,10590.446,42324.402,20170929_071633,479185,299957,186897,131816
5,KBYX20170929_112121_V06,3.201,0.179,279.137,217.741,27.672,-81.807,24.968,13836.151,42431.727,20170929_072121,479194,295664,189128,125976
5,KBYX20170929_112609_V06,8.001,0.050,278.529,216.793,29.842,-81.810,24.972,14921.013,42966.161,20170929_072609,479162,292643,192881,119489
5,KBYX20170929_113059_V06,12.834,-1.000,277.988,216.030,33.057,-81.812,24.976,16528.560,43403.515,20170929_073059,479184,289408,196025,113317
5,KBYX20170929_113547_V06,17.634,0.098,279.429,209.026,28.913,-81.805,25.008,14456.583,46635.445,20170929_073547,479173,287386,198815,108197
5,KBYX20170929_114037_V06,22.467,0.099,279.008,208.922,35.223,-81.807,25.008,17611.615,46732.895,20170929_074037,479171,285482,200725,103934
5,KBYX20170929_114526_V06,27.284,0.092,273.698,203.102,26.752,-81.834,25.034,13375.866,50202.201,20170929_074526,479178,282278,203024,98829
18,KBYX20170929_121909_V06,61.001,0.106,358.914,363.618,13.525,-81.413,24.309,6762.405,43353.394,20170929_081909,479194,252730,199188,77797
18,KBYX20170929_122358_V06,65.817,0.067,359.855,362.661,19.193,-81.408,24.314,9596.512,43327.013,20170929_082358,479187,252073,196764,78536
18,KBYX20170929_122847_V06,70.634,0.079,364.011,357.365,12.679,-81.388,24.338,6339.701,42977.040,20170929_082847,479180,247801,193416,78373
6,KBYX20170929_111633_V06,-1.599,0.259,467.313,505.258,22.605,-80.883,23.668,11302.450,132405.361,20170929_071633,479185,299957,186897,131816
6,KBYX20170929_112121_V06,3.201,0.093,458.661,501.702,18.106,-80.926,23.684,9052.979,128313.175,20170929_072121,479194,295664,189128,125976
8,KBYX20170930_113711_V06,18.651,0.136,453.318,521.911,16.924,-80.952,23.593,8462.000,134861.965,20170930_073711,479186,117783,108598,41657
15,KBYX20171002_105458_V06,-24.342,0.320,413.412,173.939,14.834,-81.141,25.165,7417.004,84784.664,20171002_065458,479180,30692,50201,13597
1,KBYX20171003_102224_V06,-57.303,0.073,279.529,359.787,8.548,-81.804,24.327,4273.888,31597.320,20171003_062224,479172,80317,53924,45918
3,KBYX20171004_103314_V06,-46.869,0.228,359.926,195.456,23.024,-81.406,25.069,11511.806,60250.665,20171004_063314,479176,68663,90612,9451
10,KBYX20171005_121048_V06,50.294,0.065,283.261,107.044,31.925,-81.787,25.468,15962.732,96840.544,20171005_081048,479190,170287,171582,25630
1,KBYX20171006_102210_V06,-58.748,0.291,156.586,378.954,14.075,-82.409,24.239,7037.556,81855.705,20171006_062210,479170,14210,29719,6936
1,KBYX20171006_102537_V06,-55.298,-1.000,156.586,378.954,19.561,-82.409,24.239,9780.306,81855.705,20171006_062537,479163,14430,29431,7328
1,KBYX20171006_102904_V06,-51.848,-1.000,156.586,378.954,25.046,-82.409,24.239,12523.056,81855.705,20171006_062904,479172,14121,29288,7206
1,KBYX20171006_103230_V06,-48.415,0.129,161.315,377.999,27.831,-82.386,24.243,13915.461,79557.241,20171006_063230,479182,13840,29150,6741
23,KBYX20171006_122913_V06,68.302,0.335,219.380,343.620,14.561,-82.101,24.400,7280.355,45832.228,20171006_082913,479168,44715,49787,15746
3,KBYX20171010_102438_V06,-57.973,0.061,365.283,521.810,11.112,-81.384,23.595,5556.173,115608.866,20171010_062438,479178,49421,38638,32607
8,KBYX20171011_114046_V06,17.721,0.238,367.976,288.934,17.042,-81.368,24.647,8520.828,34435.632,20171011_074046,479177,70154,71916,39317
8,KBYX20171011_114448_V06,21.755,0.051,366.970,289.505,22.305,-81.373,24.644,11152.483,33893.774,20171011_074448,479172,65431,69440,35897
8,KBYX20171011_114829_V06,25.438,0.087,371.782,287.398,29.834,-81.349,24.653,14917.033,36440.020,20171011_074829,479170,61507,69655,32590
3,KBYX20171011_102402_V06,-59.012,0.062,271.360,379.829,5.534,-81.844,24.237,2767.006,42405.548,20171011_062402,479169,100550,60290,65094
4,KBYX20171011_110435_V06,-18.462,0.082,193.676,424.044,16.763,-82.226,24.036,8381.279,81688.273,20171011_070435,479171,90735,59790,60756
6,KBYX20171011_113256_V06,9.888,0.271,387.132,288.815,29.674,-81.273,24.647,14836.945,43923.577,20171011_073256,479188,77270,72502,44461
1,KBYX20171012_112024_V06,-3.091,0.135,397.385,472.877,14.014,-81.225,23.816,7007.244,99210.031,20171012_072024,479176,192388,91146,126471
2,KBYX20171012_113111_V06,7.693,0.072,444.165,382.420,39.837,-80.994,24.223,19918.652,83030.758,20171012_073111,479177,172017,98884,106620
2,KBYX20171013_111058_V06,-12.976,0.131,203.289,220.397,13.361,-82.182,24.955,6680.523,62629.376,20171013_071058,479171,219944,93570,147703
2,KBYX20171013_111532_V06,-8.410,-1.000,203.289,220.397,20.622,-82.182,24.955,10311.023,62629.376,20171013_071532,479184,203231,93538,132825
2,KBYX20171013_111954_V06,-4.043,0.304,195.505,223.738,14.619,-82.221,24.940,7309.746,64681.951,20171013_071954,479184,202802,97082,131300
5,KBYX20171013_112905_V06,5.140,0.059,259.377,338.434,18.063,-81.904,24.423,9031.689,27961.705,20171013_072905,479188,174920,99034,105685
2,KBYX20171014_104802_V06,-36.369,0.057,408.175,488.602,14.255,-81.173,23.745,7127.310,108710.966,20171014_064802,479184,94648,65879,56510
3,KBYX20171014_112342_V06,-0.702,0.158,415.619,405.248,19.877,-81.135,24.121,9938.730,78174.095,20171014_072342,479171,98343,77966,55838
4,KBYX20171015_121312_V06,48.332,0.081,347.781,368.379,20.245,-81.468,24.288,10122.690,41709.298,20171015_081312,479183,127696,96933,68101
8,KBYX20171017_121721_V06,51.527,0.052,144.812,155.220,11.741,-82.474,25.248,5870.478,106118.453,20171017_081721,479165,107729,84666,63807
8,KBYX20171017_122101_V06,55.194,0.057,145.775,156.219,17.258,-82.469,25.244,8629.046,105425.858,20171017_082101,479188,106112,83894,62762
3,KBYX20171017_115118_V06,25.477,0.382,413.962,335.263,12.442,-81.141,24.437,6220.926,59646.358,20171017_075118,479179,125687,89023,78122
1,KBYX20171018_103146_V06,-54.544,0.291,277.487,410.582,13.164,-81.814,24.098,6581.839,56425.323,20171018_063146,479180,270325,115239,162676
1,KBYX20171018_103621_V06,-49.961,0.064,277.144,411.205,18.598,-81.816,24.095,9298.989,56764.569,20171018_063621,479192,272349,116280,163589
3,KBYX20171018_110351_V06,-22.461,0.129,296.439,444.190,21.233,-81.721,23.946,10616.348,72117.200,20171018_070351,479180,283863,129784,164902
3,KBYX20171018_110826_V06,-17.878,0.068,296.133,444.534,27.335,-81.722,23.944,13667.377,72292.767,20171018_070826,479165,285837,130128,167972
6,KBYX20171022_112321_V06,-4.988,0.170,294.479,378.367,16.948,-81.731,24.243,8474.047,39280.780,20171022_072321,479175,53970,61517,17619
6,KBYX20171022_112809_V06,-0.188,-1.000,294.479,378.367,24.580,-81.731,24.243,12290.047,39280.780,20171022_072809,479189,53972,60851,17299
6,KBYX20171022_113253_V06,4.545,0.127,286.212,375.304,20.756,-81.771,24.257,10378.010,38277.661,20171022_073253,479159,54385,60217,17821
11,KBYX20171025_113121_V06,1.412,0.101,322.845,366.549,8.533,-81.591,24.296,4266.340,35180.643,20171025_073121,479179,319372,79242,248927
11,KBYX20171025_113515_V06,5.312,0.066,323.148,366.506,13.628,-81.589,24.297,6813.982,35209.697,20171025_073515,479180,316728,80525,245906
4,KBYX20171025_105005_V06,-39.854,0.140,374.992,300.923,11.211,-81.333,24.592,5605.331,37499.056,20171025_065005,479191,304741,82174,227987
4,KBYX20171025_105345_V06,-36.188,-1.000,374.992,300.923,17.041,-81.333,24.592,8520.331,37499.056,20171025_065345,479184,307876,80797,232252
4,KBYX20171025_110105_V06,-28.854,0.123,376.418,300.531,11.309,-81.326,24.594,5654.495,38210.076,20171025_070105,479175,306223,78217,233530
4,KBYX20171025_110444_V06,-25.204,-1.000,376.418,300.531,17.112,-81.326,24.594,8556.245,38210.076,20171025_070444,479177,310228,77117,238471
4,KBYX20171025_110823_V06,-21.554,0.244,380.595,302.259,12.931,-81.305,24.586,6465.374,40313.221,20171025_070823,479193,312314,75668,242067
3,KBYX20171027_114900_V06,17.959,0.078,348.915,404.538,33.167,-81.463,24.125,16583.693,57708.140,20171027_074900,479181,13117,33146,10643
3,KBYX20171027_120835_V06,37.542,0.248,339.544,412.198,44.309,-81.509,24.090,22154.354,59481.401,20171027_080835,479183,11032,33687,8726
3,KBYX20171027_121823_V06,47.342,0.072,324.335,413.699,43.122,-81.584,24.084,21560.815,58137.277,20171027_081823,479181,10213,33926,8164
1,KBYX20171027_112927_V06,-1.591,0.067,299.130,525.502,34.711,-81.708,23.579,17355.419,112751.968,20171027_072927,479179,14992,32692,12406
2,KBYX20171027_113913_V06,8.175,0.085,119.168,407.053,44.360,-82.593,24.111,22180.069,105072.085,20171027_073913,479172,14194,32953,11654
9,KBYX20171028_114005_V06,8.479,0.097,290.642,87.651,17.538,-81.750,25.555,8768.856,106277.796,20171028_074005,479182,134442,146806,18733
9,KBYX20171028_114358_V06,12.362,0.122,290.757,86.547,22.518,-81.749,25.560,11258.792,106826.581,20171028_074358,479189,135575,147530,19026
8,KBYX20171029_115130_V06,19.325,0.063,13.045,167.404,16.793,-83.127,25.189,8396.341,158054.661,20171029_075130,479183,47791,52521,28524
8,KBYX20171029_120140_V06,29.492,0.191,18.527,165.708,30.873,-83.100,25.197,15436.666,155933.810,20171029_080140,479187,46271,52620,26634
8,KBYX20171029_120645_V06,34.575,0.269,25.416,169.626,34.698,-83.065,25.179,17349.240,151981.697,20171029_080645,479188,46468,51633,26709
8,KBYX20171029_121149_V06,39.642,0.140,28.307,177.445,34.709,-83.051,25.144,17354.369,149027.642,20171029_081149,479208,46382,51648,26196
8,KBYX20171029_121654_V06,44.725,0.545,32.240,182.362,34.581,-83.031,25.122,17290.284,146231.230,20171029_081654,479194,46683,51659,25682
8,KBYX20171029_122158_V06,49.792,0.172,37.192,183.256,37.803,-83.006,25.118,18901.437,143785.521,20171029_082158,479190,46286,50887,25584
7,KBYX20171029_115130_V06,19.325,0.154,79.852,416.307,30.312,-82.786,24.068,15155.872,124491.561,20171029_075130,479183,47791,52521,28524
7,KBYX20171029_120140_V06,29.492,0.320,87.411,418.064,38.342,-82.748,24.060,19170.769,121586.512,20171029_080140,479187,46271,52620,26634
6,KBYX20171029_114120_V06,9.158,0.071,19.365,339.499,29.736,-83.087,24.412,14868.105,141700.517,20171029_074120,479182,48194,52356,29158
17,KBYX20171029_123209_V06,59.975,0.058,3.905,296.426,5.154,-83.165,24.606,2577.056,148058.107,20171029_083209,479189,47452,51120,25474
3,KBYX20171108_113353_V06,-4.402,0.257,428.848,195.863,13.499,-81.065,25.066,6749.649,82834.620,20171108_063353,479173,11023,46230,5920
3,KBYX20171108_113723_V06,-0.902,0.280,429.539,197.062,18.035,-81.061,25.060,9017.726,82729.230,20171108_063723,479186,10438,46061,5538
3,KBYX20171108_114058_V06,2.682,0.558,428.293,200.799,19.036,-81.068,25.043,9517.990,81086.245,20171108_064058,479168,11331,47369,5985
3,KBYX20171108_114434_V06,6.282,0.486,427.910,207.034,20.825,-81.070,25.015,10412.404,79062.879,20171108_064434,479141,10336,47611,5261
3,KBYX20171108_114809_V06,9.865,0.355,427.903,214.692,23.064,-81.070,24.981,11531.968,76870.900,20171108_064809,479180,10084,46688,5047
3,KBYX20171108_115144_V06,13.448,-1.000,427.706,221.415,25.166,-81.071,24.950,12582.895,74973.997,20171108_065144,479169,10022,46026,4990
3,KBYX20171108_115519_V06,17.032,-1.000,427.508,228.137,27.268,-81.072,24.920,13633.821,73182.499,20171108_065519,479200,10248,45830,5133
3,KBYX20171108_120221_V06,24.065,0.055,426.580,221.058,35.430,-81.077,24.952,17715.166,74589.488,20171108_070221,479158,9498,47690,4581
17,KBYX20171109_130355_V06,84.981,0.064,310.079,385.883,18.931,-81.654,24.209,9465.338,43236.159,20171109_080355,479163,9954,28191,3178
6,KBYX20171111_122942_V06,49.444,0.131,287.379,406.029,17.459,-81.765,24.118,8729.500,53389.018,20171111_072942,479179,13044,32897,5394
6,KBYX20171111_123319_V06,53.061,0.086,286.702,405.460,22.128,-81.769,24.121,11064.103,53147.564,20171111_073319,479170,13949,32818,6007
4,KBYX20171122_115633_V06,8.672,0.244,360.271,116.135,9.326,-81.404,25.427,4662.823,96745.793,20171122_065633,479173,22007,40799,12757
1,KBYX20171126_113400_V06,-16.723,0.072,429.476,171.018,6.038,-81.061,25.178,3019.222,91378.581,20171126_063400,479179,17922,68911,6461
1,KBYX20171126_113727_V06,-13.273,-1.000,429.476,171.018,11.524,-81.061,25.178,5761.972,91378.581,20171126_063727,479174,19881,68316,7672
1,KBYX20171126_114108_V06,-9.590,-1.000,429.476,171.018,17.380,-81.061,25.178,8690.222,91378.581,20171126_064108,479176,19091,66108,8024
1,KBYX20171126_114434_V06,-6.157,-1.000,429.476,171.018,22.839,-81.061,25.178,11419.722,91378.581,20171126_064434,479177,20243,66144,8857
1,KBYX20171126_114800_V06,-2.723,-1.000,429.476,171.018,28.298,-81.061,25.178,14149.222,91378.581,20171126_064800,479181,21445,65525,9244
1,KBYX20171126_115128_V06,0.743,0.166,428.802,177.463,26.929,-81.065,25.149,13464.253,88889.274,20171126_065128,479194,21323,66303,8970
1,KBYX20171126_115454_V06,4.177,0.088,424.356,184.195,26.526,-81.087,25.118,13263.024,84963.634,20171126_065454,479180,21109,66279,8706
1,KBYX20171126_120151_V06,11.127,0.123,421.525,193.211,26.832,-81.101,25.078,13416.190,80888.823,20171126_070151,479178,22340,65891,9588
1,KBYX20171206_121018_V06,12.607,0.052,436.671,116.627,13.890,-81.024,25.423,6945.076,114350.870,20171206_071018,479193,10473,23289,3690
21,KBYX20171209_130605_V06,66.400,0.133,445.657,446.458,21.879,-80.988,23.934,10939.310,103278.461,20171209_080605,479178,249642,245432,18477
2,KBYX20171213_124304_V06,40.851,0.057,238.087,217.236,37.758,-82.010,24.970,18879.166,51679.541,20171213_074304,479174,8082,14830,7183
2,KBYX20171216_114655_V06,-17.085,0.132,454.286,192.138,13.136,-80.939,25.082,6567.883,94125.327,20171216_064655,479182,28359,68249,17932
6,KBYX20171216_120428_V06,0.465,0.065,397.076,285.425,33.838,-81.224,24.662,16918.850,49081.996,20171216_070428,479169,38395,73000,23633
1,KBYX20171220_120116_V06,-4.927,0.250,421.502,177.565,23.035,-81.101,25.148,11517.452,86245.519,20171220_070116,479180,17474,21215,13559
2,KBYX20171221_114818_V06,-18.403,0.332,130.799,289.350,8.607,-82.539,24.643,4303.452,84767.904,20171221_064818,479181,7675,14210,6475
2,KBYX20171221_120756_V06,1.230,0.190,131.534,289.047,17.028,-82.535,24.644,8514.160,84410.776,20171221_070756,479165,11547,15995,7965
1,KBYX20171221_111854_V06,-47.803,0.069,104.546,288.024,21.666,-82.669,24.648,10833.231,97910.254,20171221_061854,479172,5641,13877,4568
3,KBYX20171221_120756_V06,1.230,0.077,156.978,283.875,19.882,-82.410,24.668,9940.794,71964.263,20171221_070756,479165,11547,15995,7965
4,KBYX20171222_120137_V06,-5.579,0.109,361.902,21.355,12.409,-81.395,25.854,6204.430,142718.891,20171222_070137,479190,26056,48261,17706
4,KBYX20171222_120519_V06,-1.879,0.051,362.320,21.572,18.347,-81.393,25.853,9173.266,142658.667,20171222_070519,479177,27364,47622,18770
4,KBYX20171222_120900_V06,1.804,0.060,361.510,25.410,20.894,-81.397,25.836,10447.095,140697.289,20171222_070900,479176,28166,48873,19362
4,KBYX20171222_121241_V06,5.487,0.108,360.329,31.381,21.767,-81.403,25.809,10883.279,137655.091,20171222_071241,479187,28475,49735,19320
4,KBYX20171222_121622_V06,9.171,0.088,360.524,34.396,24.431,-81.402,25.795,12215.379,136206.291,20171222_071622,479187,29881,50790,20300
4,KBYX20171222_122003_V06,12.854,0.605,359.932,34.937,28.349,-81.405,25.793,14174.627,135877.029,20171222_072003,479163,30468,51396,20866
4,KBYX20171222_122346_V06,16.571,0.525,356.956,40.065,28.634,-81.419,25.770,14317.034,133050.840,20171222_072346,479195,30711,52689,20872
4,KBYX20171222_122727_V06,20.254,0.674,359.234,42.904,32.088,-81.408,25.757,16044.039,131915.505,20171222_072727,479174,31242,53415,21337
4,KBYX20171222_123108_V06,23.937,0.559,354.206,46.886,34.242,-81.433,25.739,17121.067,129426.588,20171222_073108,479193,30791,53556,20878
4,KBYX20171222_123449_V06,27.621,0.158,351.961,47.730,37.102,-81.444,25.735,18550.778,128782.882,20171222_073449,479178,29821,53799,19932
4,KBYX20171222_123830_V06,31.304,0.098,346.905,52.993,37.995,-81.470,25.712,18997.583,125710.367,20171222_073830,479174,28330,53642,18274
4,KBYX20171222_124211_V06,34.987,0.101,343.133,59.859,38.114,-81.489,25.681,19057.098,121991.866,20171222_074211,479173,28269,53586,18408
1,KBYX20171222_113203_V06,-35.146,0.543,421.357,269.369,11.125,-81.104,24.734,5562.527,62581.413,20171222_063203,479184,8103,40700,4589
1,KBYX20171222_113544_V06,-31.463,0.134,422.275,269.360,15.891,-81.099,24.734,7945.303,63027.685,20171222_063544,479187,7675,40150,4555
3,KBYX20171222_115414_V06,-12.963,0.055,482.121,105.459,37.300,-80.798,25.472,18649.780,133242.760,20171222_065414,479176,19545,45589,12580
5,KBYX20171222_120137_V06,-5.579,0.103,424.278,164.002,8.204,-81.087,25.210,4102.203,92114.632,20171222_070137,479190,26056,48261,17706
6,KBYX20171222_120137_V06,-5.579,0.065,425.729,94.886,13.961,-81.078,25.521,6980.484,120290.931,20171222_070137,479190,26056,48261,17706
7,KBYX20171222_121622_V06,9.171,0.071,454.047,95.741,41.613,-80.937,25.517,20806.385,127918.301,20171222_071622,479187,29881,50790,20300
1,KBYX20171223_120025_V06,-7.255,0.552,428.666,92.332,13.009,-81.063,25.533,6504.345,122148.369,20171223_070025,479174,18442,24545,15668
3,KBYX20171223_120025_V06,-7.255,0.055,525.460,384.025,65.795,-80.594,24.214,32897.331,120304.156,20171223_070025,479174,18442,24545,15668
4,KBYX20171223_130513_V06,57.545,0.107,400.307,86.168,32.402,-81.204,25.561,16201.061,118095.114,20171223_080513,479176,14013,22890,11719
3,KBYX20171224_113216_V06,-35.863,0.056,303.020,31.815,24.777,-81.688,25.807,12388.634,134101.093,20171224_063216,479176,9430,45069,5318
3,KBYX20171224_113557_V06,-32.180,0.397,304.005,31.589,29.730,-81.683,25.808,14864.770,134220.459,20171224_063557,479183,9427,45200,5356
3,KBYX20171224_113938_V06,-28.497,0.434,305.398,33.865,31.752,-81.676,25.798,15876.206,133094.956,20171224_063938,479178,9355,44222,5557
5,KBYX20171224_120146_V06,-6.363,0.057,360.311,17.397,14.068,-81.402,25.872,7033.783,144483.632,20171224_070146,479174,32340,53895,22080
5,KBYX20171224_120528_V06,-2.663,0.067,360.450,17.915,19.192,-81.402,25.870,9596.053,144244.786,20171224_070528,479173,33804,54207,23681
1,KBYX20171224_111009_V06,-57.980,0.286,97.732,288.634,14.196,-82.702,24.645,7098.121,101293.370,20171224_061009,479172,14003,41090,9091
1,KBYX20171224_111351_V06,-54.280,0.125,98.775,287.427,12.181,-82.697,24.650,6090.326,100808.848,20171224_061351,479172,13305,41101,8628
4,KBYX20171224_115422_V06,-13.763,0.058,307.903,55.836,24.013,-81.664,25.699,12006.424,122145.875,20171224_065422,479183,22342,49822,14391
6,KBYX20171224_122352_V06,15.737,0.106,150.726,279.963,26.950,-82.441,24.686,13475.005,75306.615,20171224_072352,479190,31047,59566,20827
6,KBYX20171224_122733_V06,19.420,0.121,146.868,288.892,17.372,-82.460,24.645,8686.165,76767.055,20171224_072733,479188,31508,60491,21330
1,KBYX20171225_120406_V06,-4.470,0.600,422.825,89.144,14.819,-81.092,25.547,7409.695,122010.280,20171225_070406,479179,16325,62474,7561
2,KBYX20171225_120406_V06,-4.470,0.051,379.936,135.966,11.117,-81.306,25.337,5558.266,91237.114,20171225_070406,479179,16325,62474,7561
