track_id,filename,from_sunrise,det_score,x,y,r,lon,lat,radius,geo_dist,local_time,n_radar_pixels,n_refAbove40_pixels,n_xcorrAbove0.95_pixels,n_xcorrBelow0.95_refAbove40_pixels
2,KGYX20130603_080652_V06,-53.668,0.052,281.960,38.687,21.619,-70.371,45.067,10809.650,130967.350,20130603_040652,479183,40522,41006,21188
1,KGYX20130604_080937_V06,-50.502,0.090,250.277,184.904,2.223,-70.569,44.409,1111.549,62688.581,20130604_040937,479184,13404,25753,8298
1,KGYX20130604_081917_V06,-40.836,0.106,250.412,184.646,9.468,-70.568,44.410,4733.902,62780.273,20130604_041917,479180,6714,21835,4088
1,KGYX20130606_083320_V06,-26.065,0.118,18.916,136.553,19.691,-72.028,44.613,9845.644,162575.373,20130606_043320,479178,18718,29543,9106
1,KGYX20130606_083910_V06,-20.232,-1.000,18.916,136.553,28.966,-72.028,44.613,14483.144,162575.373,20130606_043910,479179,16564,27261,7569
1,KGYX20130606_084459_V06,-14.415,0.332,26.412,133.624,38.751,-71.981,44.627,19375.516,160102.699,20130606_044459,479182,16187,26189,6741
2,KGYX20130606_091210_V06,12.768,0.105,24.213,107.377,32.621,-71.998,44.745,16310.633,168197.978,20130606_051210,479185,19178,22014,8896
1,KGYX20130607_083032_V06,-28.560,0.076,39.278,473.287,45.099,-71.858,43.100,22549.671,156528.198,20130607_043032,479179,221737,224555,38919
1,KGYX20130607_083622_V06,-22.727,0.075,38.781,468.515,51.589,-71.862,43.122,25794.665,155428.969,20130607_043622,479179,216658,222861,37312
1,KGYX20130607_084211_V06,-16.910,0.056,40.080,459.238,43.704,-71.855,43.164,21852.123,152409.883,20130607_044211,479185,212075,221445,36868
1,KGYX20130609_085149_V06,-6.779,0.062,250.219,184.959,2.211,-70.569,44.409,1105.717,62675.045,20130609_045149,479176,5027,20387,3404
7,KGYX20130612_083444_V06,-23.394,0.253,22.366,206.840,29.697,-71.997,44.297,14848.476,146423.489,20130612_043444,479181,96019,114620,11651
7,KGYX20130612_084034_V06,-17.561,0.430,23.034,207.084,36.216,-71.992,44.296,18108.209,146067.820,20130612_044034,479181,93603,112733,11495
7,KGYX20130612_084624_V06,-11.727,0.055,25.467,212.608,36.781,-71.976,44.272,18390.405,144053.778,20130612_044624,479173,90441,111487,10737
7,KGYX20130612_085213_V06,-5.911,-1.000,27.544,217.125,38.530,-71.963,44.252,19265.043,142390.503,20130612_045213,479180,87778,110486,10254
7,KGYX20130612_085803_V06,-0.077,-1.000,29.628,221.656,40.284,-71.949,44.231,20142.186,140746.828,20130612_045803,479179,83766,107479,9984
7,KGYX20130612_090352_V06,5.739,-1.000,31.706,226.173,42.034,-71.936,44.211,21016.824,139133.005,20130612_050352,479179,79790,104757,10501
7,KGYX20130612_090942_V06,11.573,-1.000,33.790,230.703,43.788,-71.922,44.191,21893.968,137540.676,20130612_050942,479189,76122,101951,9122
7,KGYX20130612_091531_V06,17.389,-1.000,35.868,235.220,45.537,-71.908,44.171,22768.605,135979.853,20130612_051531,479187,73270,97426,8942
7,KGYX20130612_092120_V06,23.206,-1.000,37.946,239.738,47.286,-71.895,44.151,23643.243,134446.887,20130612_052120,479189,72210,94408,8543
7,KGYX20130612_092710_V06,29.039,0.160,28.322,227.955,44.122,-71.956,44.203,22060.927,140534.356,20130612_052710,479173,70373,92314,8107
7,KGYX20130612_093259_V06,34.856,0.197,26.620,248.824,35.690,-71.964,44.109,17845.222,139064.570,20130612_053259,479181,68084,89410,8344
4,KGYX20130612_081126_V06,-46.694,0.069,353.269,496.447,12.132,-69.930,43.007,6066.179,101770.361,20130612_041126,479183,112172,128501,14301
8,KGYX20130612_085213_V06,-5.911,0.071,31.897,214.927,33.089,-71.936,44.262,16544.340,140638.346,20130612_045213,479180,87778,110486,10254
10,KGYX20130612_101937_V06,81.489,0.060,23.714,442.137,29.845,-71.958,43.239,14922.268,155352.187,20130612_061937,479188,67824,89232,9174
2,KGYX20130614_085952_V06,1.867,0.110,23.849,439.018,44.523,-71.957,43.253,22261.713,154584.637,20130614_045952,479182,144831,117640,35413
4,KGYX20130614_100356_V06,65.934,0.059,28.940,451.248,43.722,-71.925,43.198,21861.115,155201.308,20130614_060356,479180,132796,113066,27889
1,KGYX20130618_080923_V06,-48.797,0.058,250.518,184.737,2.231,-70.568,44.410,1115.475,62717.968,20130618_040923,479180,8223,22495,5636
1,KGYX20130619_080401_V06,-54.298,0.056,249.339,184.950,2.095,-70.575,44.409,1047.304,62854.936,20130619_040401,479185,19138,31899,7166
1,KGYX20130620_080405_V06,-54.401,0.107,249.113,185.288,2.348,-70.576,44.407,1173.956,62746.047,20130620_040405,479181,5238,12519,3648
3,KGYX20130621_082341_V06,-35.005,0.112,250.617,500.820,6.886,-70.560,42.987,3442.822,103401.318,20130621_042341,479179,9658,18182,7604
3,KGYX20130621_083324_V06,-25.289,0.071,252.206,503.294,17.877,-70.550,42.976,8938.695,104418.396,20130621_043324,479182,10768,18056,8566
1,KGYX20130621_080419_V06,-54.372,0.080,250.990,183.465,2.047,-70.565,44.415,1023.735,63210.567,20130621_040419,479178,9782,19590,7292
2,KGYX20130621_081400_V06,-44.689,0.080,335.945,426.432,33.745,-70.035,43.322,16872.602,65721.171,20130621_041400,479178,10974,18493,8581
4,KGYX20130621_084306_V06,-15.589,0.085,474.479,347.614,27.742,-69.175,43.672,13871.214,90429.415,20130621_044306,479181,8826,16949,7048
1,KGYX20130622_081154_V06,-47.028,0.290,392.104,389.820,8.166,-69.688,43.486,4082.752,64325.059,20130622_041154,479186,8866,16500,7093
7,KGYX20130623_091439_V06,15.449,0.129,342.826,290.765,39.493,-69.990,43.933,19746.616,21905.386,20130623_051439,479175,90906,113683,7773
1,KGYX20130624_091627_V06,16.942,0.124,449.392,25.097,31.204,-69.308,45.124,15602.173,156436.530,20130624_051627,479189,14031,29691,4070
2,KGYX20130624_091627_V06,16.942,0.074,250.847,184.763,1.850,-70.565,44.410,925.200,62641.217,20130624_051627,479189,14031,29691,4070
4,KGYX20130624_095708_V06,57.625,0.131,250.694,185.100,1.806,-70.566,44.408,903.162,62516.429,20130624_055708,479178,11862,28048,2697
4,KGYX20130624_100257_V06,63.442,-1.000,250.694,185.100,11.055,-70.566,44.408,5527.412,62516.429,20130624_060257,479180,11623,28003,2835
4,KGYX20130624_100846_V06,69.258,0.081,250.774,184.255,1.628,-70.566,44.412,814.230,62888.891,20130624_060846,479181,10299,26554,2664
1,KGYX20130626_080345_V06,-56.472,0.054,249.803,183.545,2.546,-70.572,44.415,1272.825,63406.290,20130626_040345,479185,30379,43426,5495
2,KGYX20130626_091719_V06,17.094,0.200,250.233,185.092,2.153,-70.569,44.408,1076.475,62611.123,20130626_051719,479187,20109,39607,5258
1,KGYX20130627_080350_V06,-56.795,0.181,250.678,184.118,2.191,-70.567,44.412,1095.665,62970.995,20130627_040350,479184,5012,36526,1963
1,KGYX20130627_080845_V06,-51.878,0.103,250.727,184.055,8.022,-70.566,44.413,4010.787,62990.298,20130627_040845,479182,5300,35502,2124
7,KGYX20130629_083813_V06,-23.320,0.074,299.948,91.702,33.129,-70.257,44.829,16564.602,104148.929,20130629_043813,479190,24500,40286,3266
1,KGYX20130701_091637_V06,14.049,0.067,250.608,184.590,1.718,-70.567,44.410,858.782,62767.414,20130701_051637,479178,6145,20487,2287
1,KGYX20130705_080900_V06,-55.979,0.064,249.667,185.105,1.826,-70.573,44.408,912.781,62718.233,20130705_040900,479179,7997,18590,6414
1,KGYX20130705_081840_V06,-46.313,0.093,249.555,185.196,9.296,-70.574,44.408,4648.240,62699.008,20130705_041840,479177,7030,18493,5702
4,KGYX20130706_082209_V06,-43.500,0.083,253.099,245.531,25.281,-70.550,44.136,12640.457,35939.728,20130706_042209,479181,22026,35361,9772
1,KGYX20130707_081031_V06,-55.830,0.256,391.850,381.125,10.632,-69.689,43.525,5316.244,61273.462,20130707_041031,479182,9132,17902,6784
1,KGYX20130707_082012_V06,-46.147,0.522,387.014,383.196,19.294,-69.719,43.516,9646.797,60193.437,20130707_042012,479180,10830,19362,8206
1,KGYX20130707_082952_V06,-36.480,0.367,385.971,382.387,19.066,-69.725,43.519,9532.793,59537.094,20130707_042952,479181,10361,19370,7850
1,KGYX20130707_083932_V06,-26.814,0.163,387.395,386.251,14.002,-69.717,43.502,7000.917,61394.377,20130707_043932,479184,16497,22221,13595
3,KGYX20130707_081031_V06,-55.830,0.057,133.498,218.008,3.031,-71.299,44.256,1515.280,92797.847,20130707_041031,479182,9132,17902,6784
1,KGYX20130710_082646_V06,-41.815,0.389,285.927,298.627,8.378,-70.345,43.898,4188.953,7069.790,20130710_042646,479181,2719,13246,1911
4,KGYX20130711_092448_V06,15.428,0.223,285.429,299.804,9.008,-70.348,43.892,4503.967,7286.287,20130711_052448,479193,24885,32421,4794
1,KGYX20130712_082724_V06,-42.784,0.150,391.845,384.083,6.226,-69.689,43.512,3113.047,62260.280,20130712_042724,479177,10891,26357,7230
2,KGYX20130713_095929_V06,48.467,0.084,504.288,486.194,26.959,-69.003,43.047,13479.353,138204.434,20130713_055929,479173,21054,26492,16938
2,KGYX20130715_095603_V06,43.311,0.063,323.229,383.125,10.163,-70.113,43.517,5081.367,43154.858,20130715_055603,479182,31563,35505,25897
2,KGYX20130715_100544_V06,52.994,0.133,322.125,382.511,17.246,-70.120,43.520,8622.878,42713.135,20130715_060544,479180,26702,35258,21898
2,KGYX20130715_101524_V06,62.661,0.158,320.264,382.689,12.803,-70.132,43.519,6401.653,42567.906,20130715_061524,479177,23199,35539,18542
2,KGYX20130715_102505_V06,72.344,0.053,320.116,382.481,19.802,-70.133,43.520,9901.017,42449.476,20130715_062505,479186,19765,36487,15342
1,KGYX20130715_082901_V06,-43.723,0.055,391.661,377.347,8.607,-69.690,43.542,4303.684,59967.327,20130715_042901,479182,12210,21165,8824
1,KGYX20130716_081622_V06,-57.262,0.059,391.589,384.865,6.464,-69.691,43.508,3231.812,62431.322,20130716_041622,479182,14051,27303,7989
1,KGYX20130716_082603_V06,-47.578,-1.000,391.589,384.865,21.860,-69.691,43.508,10930.062,62431.322,20130716_042603,479178,13160,27074,7784
1,KGYX20130716_083543_V06,-37.912,0.219,390.981,384.690,7.066,-69.694,43.509,3533.009,62148.965,20130716_043543,479185,9619,26233,5773
1,KGYX20130717_082312_V06,-51.334,0.085,391.678,386.547,4.939,-69.690,43.501,2469.398,63037.907,20130717_042312,479185,27500,32618,20683
1,KGYX20130717_083251_V06,-41.684,0.052,390.654,384.088,15.300,-69.696,43.512,7650.103,61824.206,20130717_043251,479184,20384,33932,14860
3,KGYX20130717_083251_V06,-41.684,0.076,243.408,511.518,15.321,-70.604,42.939,7660.291,109478.938,20130717_043251,479184,20384,33932,14860
3,KGYX20130719_081758_V06,-58.428,0.134,252.577,184.702,2.083,-70.555,44.410,1041.445,62334.841,20130719_041758,479203,12695,26193,5367
6,KGYX20130719_085649_V06,-19.578,0.065,200.873,270.916,8.196,-70.875,44.021,4098.019,51652.631,20130719_045649,479197,9026,22215,6057
1,KGYX20130720_082156_V06,-55.414,0.220,434.574,497.629,31.665,-69.432,42.999,15832.708,119548.494,20130720_042156,479177,6256,21801,4880
3,KGYX20130720_092739_V06,10.302,0.092,385.991,511.638,29.928,-69.730,42.938,14964.142,114220.114,20130720_052739,479179,7671,26905,6224
1,KGYX20130721_083646_V06,-41.548,0.703,391.466,385.638,6.001,-69.691,43.505,3000.298,62649.485,20130721_043646,479183,17498,28498,10559
4,KGYX20130721_091528_V06,-2.848,0.069,237.002,343.249,7.220,-70.648,43.696,3610.203,38207.589,20130721_051528,479177,36863,23295,32860
1,KGYX20130722_102952_V06,70.571,0.266,292.764,317.117,12.759,-70.302,43.814,6379.280,9291.896,20130722_062952,479177,6110,15714,4532
1,KGYX20130728_094108_V06,15.702,0.146,293.446,361.655,12.453,-70.298,43.614,6226.582,31001.330,20130728_054108,479187,27521,39348,9876
1,KGYX20130731_083559_V06,-52.650,0.055,391.777,386.866,7.307,-69.690,43.499,3653.431,63183.856,20130731_043559,479175,21493,32884,14255
1,KGYX20130801_091814_V06,-11.483,0.205,388.378,372.647,13.107,-69.710,43.563,6553.263,57201.875,20130801_051814,479177,10523,26218,7635
7,KGYX20130802_104728_V06,76.660,0.559,30.706,288.048,32.370,-71.934,43.933,16184.811,134779.360,20130802_064728,479183,265983,257135,26173
7,KGYX20130802_105318_V06,82.493,0.275,33.093,285.392,37.594,-71.919,43.945,18796.864,133653.258,20130802_065318,479183,262341,254902,25562
1,KGYX20130804_084202_V06,-50.972,0.096,390.723,381.608,7.716,-69.696,43.523,3858.105,61013.092,20130804_044202,479178,36687,38495,24748
2,KGYX20130807_093923_V06,3.044,0.732,214.436,531.770,10.975,-70.780,42.847,5487.523,123529.933,20130807_053923,479178,10479,9998,8796
2,KGYX20130807_094905_V06,12.744,0.160,213.030,530.776,22.634,-70.789,42.852,11317.217,123309.824,20130807_054905,479181,11301,9495,9373
2,KGYX20130807_095847_V06,22.444,0.084,202.824,532.957,37.609,-70.851,42.841,18804.293,126206.487,20130807_055847,479186,11860,9332,9980
1,KGYX20130807_092000_V06,-16.340,0.076,365.525,275.754,7.212,-69.848,44.000,3605.911,34933.508,20130807_052000,479183,5786,10707,4501
1,KGYX20130810_105954_V06,80.193,0.052,372.452,292.781,2.339,-69.806,43.923,1169.670,36405.434,20130810_065954,479178,11705,37300,9735
1,KGYX20130811_092223_V06,-18.451,0.454,370.773,281.929,5.604,-69.816,43.972,2802.109,36521.735,20130811_052223,479179,9429,16527,7469
1,KGYX20130811_093205_V06,-8.751,0.104,373.377,283.179,18.237,-69.800,43.966,9118.326,37640.313,20130811_053205,479180,15165,17136,12859
1,KGYX20130811_094147_V06,0.949,0.182,385.946,282.462,33.041,-69.721,43.969,16520.493,43858.674,20130811_054147,479173,18977,17012,16500
1,KGYX20130812_092750_V06,-14.130,0.608,366.727,278.259,7.888,-69.841,43.988,3944.008,35089.721,20130812_052750,479178,11617,18473,9028
1,KGYX20130812_093731_V06,-4.447,0.080,369.107,279.432,18.335,-69.826,43.983,9167.293,36051.317,20130812_053731,479184,18700,23365,14917
1,KGYX20130812_094713_V06,5.253,0.615,375.089,279.265,23.644,-69.789,43.984,11822.011,38949.678,20130812_054713,479183,22302,24290,18278
1,KGYX20130813_092520_V06,-17.761,0.055,435.434,113.710,4.401,-69.402,44.726,2200.294,115158.702,20130813_052520,479178,17931,27956,14122
2,KGYX20130813_103111_V06,48.089,0.065,267.675,433.486,35.042,-70.456,43.290,17520.821,68672.166,20130813_063111,479182,56652,32895,43889
2,KGYX20130814_102543_V06,41.490,0.055,368.652,440.466,3.510,-69.834,43.258,1754.852,78172.852,20130814_062543,479184,6490,15885,3338
1,KGYX20130815_092820_V06,-17.026,0.503,371.888,280.023,5.999,-69.809,43.980,2999.493,37306.084,20130815_052820,479172,7790,17712,6553
1,KGYX20130815_093802_V06,-7.326,0.092,373.119,282.587,18.092,-69.801,43.969,9046.240,37581.888,20130815_053802,479194,14440,22684,12046
1,KGYX20130815_094743_V06,2.358,0.063,382.163,286.480,25.243,-69.745,43.951,12621.272,41633.927,20130815_054743,479179,18821,23084,15951
3,KGYX20130815_094743_V06,2.358,0.369,238.129,504.341,8.262,-70.636,42.971,4130.917,106751.187,20130815_054743,479179,18821,23084,15951
6,KGYX20130815_105535_V06,70.224,0.192,388.061,374.930,13.793,-69.712,43.553,6896.646,57812.899,20130815_065535,479185,11778,21387,9543
1,KGYX20130816_094750_V06,1.341,0.215,359.598,279.868,16.715,-69.886,43.981,8357.475,31453.224,20130816_054750,479181,27997,26457,23327
2,KGYX20130816_100713_V06,20.724,0.110,399.299,368.012,5.987,-69.642,43.584,2993.465,60178.718,20130816_060713,479176,35108,27598,29354
3,KGYX20130817_101546_V06,28.141,0.096,212.219,532.197,12.323,-70.794,42.845,6161.474,124117.785,20130817_061546,479177,34571,30287,28708
3,KGYX20130817_102527_V06,37.824,0.348,214.524,529.900,18.549,-70.780,42.856,9274.291,122637.824,20130817_062527,479188,31764,30605,26428
3,KGYX20130817_103508_V06,47.507,0.056,216.433,527.477,19.264,-70.768,42.866,9631.888,121170.591,20130817_063508,479181,29010,29817,23879
1,KGYX20130817_085816_V06,-49.359,0.137,257.125,513.876,16.192,-70.520,42.929,8096.092,109065.519,20130817_045816,479185,101637,21825,91028
2,KGYX20130817_091738_V06,-29.993,0.051,396.734,364.666,13.476,-69.658,43.599,6738.125,58178.775,20130817_051738,479183,35154,30265,26419
2,KGYX20130818_093233_V06,-16.210,0.091,366.774,279.192,2.387,-69.841,43.984,1193.588,34970.263,20130818_053233,479183,15042,17869,12102
2,KGYX20130818_094214_V06,-6.527,-1.000,366.774,279.192,17.784,-69.841,43.984,8891.838,34970.263,20130818_054214,479182,24060,21826,20014
2,KGYX20130818_095155_V06,3.157,0.233,371.784,285.702,17.865,-69.810,43.955,8932.423,36597.058,20130818_055155,479176,29415,23005,24964
3,KGYX20130818_100137_V06,12.857,0.435,221.067,531.445,11.309,-70.740,42.849,5654.421,122267.409,20130818_060137,479184,33276,23292,28350
4,KGYX20130818_100137_V06,12.857,0.229,323.119,106.635,3.020,-70.111,44.761,1509.838,97371.103,20130818_060137,479184,33276,23292,28350
1,KGYX20130819_090329_V06,-46.411,0.059,447.144,325.341,5.263,-69.343,43.774,2631.615,74655.246,20130819_050329,479185,62995,26076,53744
1,KGYX20130821_090356_V06,-48.229,0.078,271.537,124.793,17.122,-70.436,44.680,8561.117,88752.105,20130821_050356,479181,109638,20466,99942
1,KGYX20130824_094700_V06,-8.564,0.169,364.339,281.079,7.597,-69.856,43.976,3798.641,33531.780,20130824_054700,479189,26318,24786,22187
2,KGYX20130824_101604_V06,20.503,0.096,184.424,564.330,34.511,-70.962,42.700,17255.415,144246.195,20130824_061604,479182,45962,27004,38641
2,KGYX20130825_100218_V06,5.602,0.118,213.950,544.278,16.031,-70.783,42.791,8015.708,129495.526,20130825_060218,479175,32460,35790,29892
2,KGYX20130825_101201_V06,15.319,0.654,211.109,547.924,28.818,-70.800,42.774,14408.919,131689.238,20130825_061201,479183,34570,32490,31866
2,KGYX20130825_102144_V06,25.036,0.578,214.061,549.305,30.335,-70.782,42.768,15167.620,131850.617,20130825_062144,479176,35004,31683,32146
2,KGYX20130825_103128_V06,34.769,0.088,216.109,541.579,30.202,-70.770,42.803,15100.846,127865.257,20130825_063128,479182,33836,32136,30962
1,KGYX20130825_095235_V06,-4.114,0.054,368.247,291.238,13.645,-69.832,43.930,6822.262,34403.634,20130825_055235,479183,24106,42210,22016
1,KGYX20130825_100218_V06,5.602,0.056,367.483,291.848,23.355,-69.837,43.927,11677.553,33986.839,20130825_060218,479175,32460,35790,29892
3,KGYX20130825_101201_V06,15.319,0.242,301.128,217.000,8.550,-70.250,44.265,4275.146,41503.587,20130825_061201,479183,34570,32490,31866
1,KGYX20130828_094756_V06,-12.166,0.334,367.698,281.487,5.622,-69.835,43.974,2811.016,35091.978,20130828_054756,479182,20795,32937,13151
1,KGYX20130828_095344_V06,-6.366,0.155,367.011,280.386,13.171,-69.839,43.979,6585.708,34911.013,20130828_055344,479180,32815,37225,23994
1,KGYX20130830_100401_V06,1.651,0.141,366.969,281.773,8.160,-69.840,43.973,4079.868,34702.461,20130830_060401,479176,9915,25665,7882
1,KGYX20130830_101342_V06,11.334,0.485,368.119,282.238,18.755,-69.832,43.971,9377.733,35198.293,20130830_061342,479182,12826,24778,10164
27,KGYX20130831_111652_V06,73.368,0.221,11.148,308.806,17.596,-72.053,43.838,8798.121,144492.869,20130831_071652,479196,49775,56655,16573
27,KGYX20130831_112003_V06,76.551,0.243,11.770,308.737,22.043,-72.049,43.838,11021.614,144181.069,20130831_072003,479191,50231,56819,16929
27,KGYX20130831_112314_V06,79.734,0.099,15.184,302.450,26.917,-72.029,43.867,13458.698,142413.257,20130831_072314,479188,51244,57908,17414
27,KGYX20130831_112625_V06,82.918,0.183,18.943,297.776,30.454,-72.006,43.888,15226.934,140532.765,20130831_072625,479202,51387,57729,17571
27,KGYX20130831_112938_V06,86.134,0.205,22.735,300.478,33.057,-71.982,43.876,16528.283,138632.895,20130831_072938,479194,51785,58071,17682
27,KGYX20130831_113248_V06,89.301,0.190,24.429,309.099,32.644,-71.970,43.838,16321.799,137860.822,20130831_073248,479191,52253,58832,18024
11,KGYX20130831_094107_V06,-22.382,0.678,51.716,409.236,56.469,-71.789,43.389,28234.568,135625.903,20130831_054107,479196,78422,77264,34088
11,KGYX20130831_094431_V06,-18.982,0.082,52.251,409.807,61.830,-71.786,43.387,30914.905,135496.425,20130831_054431,479200,64031,73821,23935
11,KGYX20130831_094756_V06,-15.566,0.153,55.060,412.603,63.932,-71.768,43.375,31966.048,134791.527,20130831_054756,479200,52860,68439,16661
13,KGYX20130831_094107_V06,-22.382,0.115,357.540,315.482,13.237,-69.899,43.821,6618.690,29793.303,20130831_054107,479196,78422,77264,34088
13,KGYX20130831_094431_V06,-18.982,-1.000,357.540,315.482,18.643,-69.899,43.821,9321.690,29793.303,20130831_054431,479200,64031,73821,23935
13,KGYX20130831_094756_V06,-15.566,0.445,364.363,310.207,23.244,-69.857,43.845,11621.917,32583.835,20130831_054756,479200,52860,68439,16661
13,KGYX20130831_095120_V06,-12.166,-1.000,369.150,306.507,28.066,-69.827,43.861,14033.070,34727.671,20130831_055120,479189,46067,63919,12794
13,KGYX20130831_095444_V06,-8.766,-1.000,373.936,302.806,32.888,-69.797,43.878,16444.223,36994.834,20130831_055444,479195,41253,61192,9812
13,KGYX20130831_095809_V06,-5.349,0.051,376.336,306.166,31.428,-69.782,43.863,15713.887,38292.096,20130831_055809,479190,39681,58418,9271
6,KGYX20130831_093027_V06,-33.049,0.055,284.138,426.815,16.119,-70.355,43.321,8059.555,63901.720,20130831_053027,479188,123432,79261,69604
6,KGYX20130831_093404_V06,-29.432,0.093,284.617,426.908,21.086,-70.352,43.320,10543.106,63918.331,20130831_053404,479184,110421,79071,59813
5,KGYX20130831_093027_V06,-33.049,0.061,366.284,204.180,11.228,-69.841,44.322,5614.052,58256.168,20130831_053027,479188,123432,79261,69604
7,KGYX20130831_093404_V06,-29.432,0.086,40.828,410.410,57.423,-71.856,43.383,28711.506,140854.929,20130831_053404,479184,110421,79071,59813
7,KGYX20130831_093743_V06,-25.782,0.627,43.717,428.744,47.378,-71.836,43.301,23689.180,143401.738,20130831_053743,479185,94768,79288,46276
9,KGYX20130831_093743_V06,-25.782,0.356,378.498,204.497,10.181,-69.765,44.320,5090.641,61811.685,20130831_053743,479185,94768,79288,46276
28,KGYX20130831_111652_V06,73.368,0.069,16.537,446.194,19.973,-72.001,43.220,9986.330,159471.211,20130831_071652,479196,49775,56655,16573
1,KGYX20130904_100230_V06,-5.529,0.238,373.488,283.626,8.499,-69.799,43.964,4249.344,37645.088,20130904_060230,479173,46292,30055,39360
1,KGYX20130905_093144_V06,-37.428,0.057,198.259,308.187,62.242,-70.890,43.853,31121.145,51035.060,20130905_053144,479175,242744,170367,80243
1,KGYX20130905_093732_V06,-31.628,0.136,200.699,303.954,69.340,-70.875,43.872,34670.084,49689.719,20130905_053732,479189,238461,168272,79787
1,KGYX20130905_094322_V06,-25.795,-1.000,202.782,300.341,76.802,-70.862,43.888,38401.098,48609.182,20130905_054322,479182,226563,176861,64770
1,KGYX20130905_094911_V06,-19.978,0.100,241.597,263.332,22.360,-70.621,44.056,11179.800,34479.783,20130905_054911,479177,212562,193997,41603
2,KGYX20130905_093732_V06,-31.628,0.095,292.097,43.777,39.552,-70.307,45.044,19775.797,128172.620,20130905_053732,479189,238461,168272,79787
14,KGYX20130905_110452_V06,55.705,0.136,35.833,242.579,59.883,-71.908,44.138,29941.391,135167.928,20130905_070452,479181,125842,138723,28349
1,KGYX20130906_102347_V06,13.490,0.847,205.046,554.735,22.221,-70.837,42.743,11110.439,135928.324,20130906_062347,479172,45356,23321,38671
1,KGYX20130906_103328_V06,23.174,0.461,194.720,558.001,36.843,-70.900,42.728,18421.619,139327.000,20130906_063328,479186,54851,23643,47075
1,KGYX20130907_101304_V06,1.642,0.893,218.560,537.741,15.033,-70.755,42.820,7516.691,125651.490,20130907_061304,479180,14776,18023,11115
1,KGYX20130907_102247_V06,11.359,0.895,224.883,539.055,22.357,-70.716,42.815,11178.302,125289.431,20130907_062247,479180,32725,23449,25957
1,KGYX20130907_103229_V06,21.059,0.865,228.099,541.951,33.070,-70.696,42.802,16535.062,126204.249,20130907_063229,479171,56192,25229,47115
1,KGYX20130907_104211_V06,30.759,0.825,235.711,539.911,42.148,-70.650,42.811,21073.821,124187.799,20130907_064211,479182,63568,25398,54095
1,KGYX20130907_105153_V06,40.459,0.681,240.794,544.000,52.257,-70.619,42.793,26128.724,125540.181,20130907_065153,479183,59782,25505,50575
2,KGYX20130907_110135_V06,50.159,0.177,26.310,175.473,36.022,-71.976,44.439,18010.754,150343.783,20130907_070135,479180,57272,24604,48444
2,KGYX20130908_092201_V06,-50.540,0.094,443.190,232.206,18.014,-69.361,44.193,9007.195,79214.064,20130908_052201,479181,136799,115720,38264
1,KGYX20130909_101807_V06,4.429,0.350,208.214,534.799,9.624,-70.818,42.833,4811.815,126050.971,20130909_061807,479183,26384,19530,21760
1,KGYX20130909_102749_V06,14.129,0.552,210.583,534.277,17.920,-70.804,42.836,8959.756,125380.480,20130909_062749,479187,49514,19798,42927
1,KGYX20130909_103730_V06,23.812,0.498,211.093,534.025,21.863,-70.801,42.837,10931.544,125172.268,20130909_063730,479181,55504,20775,48030
1,KGYX20130909_104713_V06,33.529,0.527,212.203,532.694,27.585,-70.794,42.843,13792.402,124353.125,20130909_064713,479183,56867,20904,49145
1,KGYX20130909_105655_V06,43.229,0.300,211.779,529.388,32.447,-70.797,42.858,16223.680,122884.021,20130909_065655,479189,51933,21062,44485
1,KGYX20130909_110638_V06,52.946,0.134,216.796,523.282,35.024,-70.766,42.885,17512.031,119140.515,20130909_070638,479182,50372,20876,43130
1,KGYX20130910_092125_V06,-53.402,0.083,20.326,218.281,24.175,-72.008,44.246,12087.294,145684.297,20130910_052125,479182,61469,25995,50996
1,KGYX20130910_093107_V06,-43.702,-1.000,20.326,218.281,39.598,-72.008,44.246,19798.794,145684.297,20130910_053107,479183,60071,27181,49189
1,KGYX20130910_094048_V06,-34.019,0.212,36.949,218.473,43.725,-71.904,44.246,21862.532,137697.696,20130910_054048,479178,28950,30408,19315
1,KGYX20130910_095030_V06,-24.319,0.069,49.323,215.285,40.870,-71.827,44.262,20435.049,132302.525,20130910_055030,479182,7873,15511,4056
7,KGYX20130910_105444_V06,39.914,0.183,29.104,114.120,35.390,-71.966,44.715,17694.803,164268.128,20130910_065444,479182,37779,25336,25669
7,KGYX20130910_110034_V06,45.748,0.242,31.968,117.403,41.491,-71.948,44.701,20745.517,162159.608,20130910_070034,479192,38747,26474,25737
8,KGYX20130910_113530_V06,80.681,0.258,26.833,447.182,33.943,-71.938,43.217,16971.659,155147.539,20130910_073530,479182,44672,31960,28330
8,KGYX20130910_114120_V06,86.514,0.459,28.209,450.922,40.385,-71.929,43.200,20192.265,155441.354,20130910_074120,479184,47211,33501,29286
2,KGYX20130910_092125_V06,-53.402,0.078,260.678,107.073,3.088,-70.505,44.759,1544.052,98446.713,20130910_052125,479182,61469,25995,50996
3,KGYX20130910_100211_V06,-12.636,0.296,24.611,171.296,28.874,-71.987,44.458,14437.185,151990.214,20130910_060211,479183,2859,7286,1499
3,KGYX20130913_093738_V06,-40.580,0.087,84.498,258.892,25.447,-71.602,44.068,12723.671,109693.931,20130913_053738,479180,277089,233227,56715
3,KGYX20130914_112258_V06,63.621,0.056,309.318,434.602,16.847,-70.200,43.286,8423.695,67462.166,20130914_072258,479185,142455,80382,77411
4,KGYX20130914_114237_V06,83.271,0.061,333.837,427.486,17.671,-70.048,43.317,8835.274,65950.062,20130914_074237,479188,131863,80697,67358
2,KGYX20130915_102718_V06,6.822,0.743,221.887,543.103,16.778,-70.734,42.796,8388.926,127672.185,20130915_062718,479176,104931,21789,95692
3,KGYX20130916_113508_V06,73.522,0.102,49.914,481.269,63.319,-71.792,43.065,31659.313,154435.440,20130916_073508,479177,217727,161735,67111
3,KGYX20130916_114059_V06,79.372,0.156,52.092,484.288,69.927,-71.778,43.052,34963.438,154450.839,20130916_074059,479176,214839,165303,61874
3,KGYX20130916_114648_V06,85.188,0.070,61.681,486.690,69.995,-71.719,43.042,34997.546,151367.815,20130916_074648,479181,213791,164771,60919
2,KGYX20130916_112328_V06,61.855,0.143,41.545,167.354,60.495,-71.881,44.477,30247.379,145253.095,20130916_072328,479182,215277,159302,68352
2,KGYX20130916_112919_V06,67.705,0.097,41.652,167.868,69.150,-71.881,44.475,34575.066,145088.639,20130916_072919,479194,216928,159650,68866
1,KGYX20130919_102454_V06,-0.119,0.128,349.659,155.585,7.014,-69.945,44.541,3506.813,76357.262,20130919_062454,479180,52740,23745,46263
1,KGYX20130920_102554_V06,-0.258,0.074,288.328,126.919,4.494,-70.331,44.670,2246.998,86736.868,20130920_062554,479185,88299,27792,76933
3,KGYX20130921_102639_V06,-0.649,0.152,326.198,573.079,17.599,-70.097,42.662,8799.267,137166.479,20130921_062639,479178,28445,37595,23100
3,KGYX20130921_103621_V06,9.051,0.156,331.471,560.793,33.953,-70.065,42.718,16976.636,131342.531,20130921_063621,479183,38167,41448,31107
1,KGYX20130921_093556_V06,-51.366,0.098,268.482,156.796,3.124,-70.455,44.536,1562.183,73315.821,20130921_053556,479177,36885,40363,26203
2,KGYX20130921_101656_V06,-10.366,0.075,207.677,531.313,5.074,-70.822,42.849,2537.087,124528.203,20130921_061656,479184,8766,28661,6028
5,KGYX20130921_103621_V06,9.051,0.296,288.632,129.548,12.854,-70.329,44.658,6427.036,85415.524,20130921_063621,479183,38167,41448,31107
6,KGYX20130921_103621_V06,9.051,0.267,279.858,207.127,16.978,-70.383,44.309,8489.197,47516.174,20130921_063621,479183,38167,41448,31107
10,KGYX20130921_104603_V06,18.751,0.096,320.009,101.476,9.082,-70.131,44.785,4540.943,99764.980,20130921_064603,479177,40137,45699,31678
11,KGYX20130921_104603_V06,18.751,0.081,344.850,144.540,2.531,-69.975,44.591,1265.251,80900.224,20130921_064603,479177,40137,45699,31678
1,KGYX20130924_093253_V06,-57.854,0.070,298.314,302.246,8.518,-70.267,43.881,4259.056,1404.416,20130924_053253,479178,45036,27543,36798
1,KGYX20130924_094234_V06,-48.171,0.096,298.387,302.419,16.866,-70.267,43.881,8433.173,1453.618,20130924_054234,479178,43113,25662,35194
1,KGYX20130925_103659_V06,5.094,0.353,219.177,513.605,13.563,-70.752,42.929,6781.473,114192.085,20130925_063659,479177,16380,24340,10785
1,KGYX20130925_104642_V06,14.810,0.172,221.060,512.561,20.544,-70.740,42.934,10272.011,113372.809,20130925_064642,479183,26762,26759,19301
10,KGYX20131005_115128_V06,67.852,0.114,398.956,233.969,35.126,-69.638,44.187,17563.236,59481.902,20131005_075128,479185,76814,41708,53439
10,KGYX20131005_115623_V06,72.769,0.086,400.050,233.686,41.334,-69.631,44.188,20666.811,60015.727,20131005_075623,479183,75735,41476,52253
2,KGYX20131005_100324_V06,-40.215,0.066,251.072,156.207,22.193,-70.565,44.538,11096.430,75944.713,20131005_060324,479179,196074,33515,169193
8,KGYX20131005_113148_V06,48.185,0.071,367.052,224.598,30.146,-69.837,44.230,15072.960,50451.680,20131005_073148,479183,79343,43169,54857
8,KGYX20131005_113642_V06,53.085,-1.000,367.052,224.598,37.937,-69.837,44.230,18968.460,50451.680,20131005_073642,479182,80178,43002,55877
8,KGYX20131005_114137_V06,58.002,0.160,390.501,227.760,31.785,-69.691,44.215,15892.467,57898.492,20131005_074137,479188,78615,41969,54921
1,KGYX20131015_120443_V06,68.942,0.113,251.130,184.611,1.874,-70.564,44.410,937.105,62655.325,20131015_080443,479184,9729,24841,7869
1,KGYX20131016_095704_V06,-59.950,0.059,134.838,217.135,3.446,-71.291,44.260,1723.223,92391.840,20131016_055704,479184,8660,19270,5304
2,KGYX20131020_113427_V06,32.415,0.110,34.104,203.880,51.328,-71.923,44.312,25663.754,141368.155,20131020_073427,479187,15231,22752,4534
2,KGYX20131020_114017_V06,38.248,0.462,38.659,207.776,55.842,-71.894,44.295,27921.178,138568.185,20131020_074017,479175,14642,22702,4505
2,KGYX20131020_114607_V06,44.081,0.166,48.117,211.869,56.154,-71.835,44.277,28077.030,133428.136,20131020_074607,479183,13449,22629,4206
2,KGYX20131020_115156_V06,49.898,-1.000,56.521,215.807,57.368,-71.782,44.260,28684.103,128812.179,20131020_075156,479179,12312,22266,4013
2,KGYX20131020_115746_V06,55.731,-1.000,64.950,219.756,58.586,-71.728,44.243,29292.916,124184.850,20131020_075746,479176,11038,21102,3999
2,KGYX20131020_120335_V06,61.548,-1.000,73.355,223.694,59.800,-71.675,44.226,29899.989,119572.807,20131020_080335,479185,10410,20333,4193
2,KGYX20131020_120924_V06,67.365,-1.000,81.760,227.632,61.014,-71.622,44.209,30507.061,114963.074,20131020_080924,479181,9610,20173,3934
2,KGYX20131020_121514_V06,73.198,0.155,77.008,225.311,60.593,-71.652,44.219,30296.708,117584.043,20131020_081514,479176,9515,20505,4245
2,KGYX20131020_122103_V06,79.015,0.286,78.860,224.738,64.886,-71.641,44.222,32443.170,116798.113,20131020_082103,479189,8652,21196,4167
2,KGYX20131020_122653_V06,84.848,0.136,81.902,223.801,71.312,-71.622,44.226,35656.148,115512.991,20131020_082653,479181,7974,22046,3954
1,KGYX20131022_103452_V06,-29.709,0.108,44.447,121.018,50.682,-71.869,44.685,25340.858,155998.228,20131022_063452,479183,11911,14912,3468
1,KGYX20131022_104433_V06,-20.025,0.231,47.772,107.585,55.969,-71.849,44.746,27984.705,158620.924,20131022_064433,479182,9679,11610,1747
3,KGYX20131022_113507_V06,30.541,0.071,225.062,13.568,20.620,-70.734,45.179,10310.230,148036.489,20131022_073507,479183,19777,20158,5191
2,KGYX20131023_110749_V06,1.963,0.511,28.340,210.571,48.488,-71.959,44.281,24244.144,143000.911,20131023_070749,479180,20475,12870,17041
2,KGYX20131023_111731_V06,11.663,0.548,35.270,207.994,56.637,-71.916,44.293,28318.672,140131.386,20131023_071731,479183,18105,13682,14348
1,KGYX20131025_101352_V06,-54.557,0.064,249.466,185.051,2.188,-70.574,44.408,1094.147,62783.313,20131025_061352,479176,31831,25991,24704
2,KGYX20131025_110225_V06,-6.007,0.157,318.935,220.649,4.744,-70.138,44.248,2372.105,40789.702,20131025_070225,479182,13931,11920,11333
2,KGYX20131026_115314_V06,43.517,0.078,12.131,256.760,15.445,-72.054,44.072,7722.733,145548.966,20131026_075314,479184,13616,16000,7084
2,KGYX20131026_120256_V06,53.217,0.169,14.191,259.582,26.175,-72.041,44.059,13087.254,144326.293,20131026_080256,479188,16157,18704,7104
1,KGYX20131026_114332_V06,33.817,0.083,27.565,85.255,30.520,-71.980,44.845,15260.190,173447.472,20131026_074332,479174,11729,13319,7539
2,KGYX20131027_102224_V06,-48.613,0.246,47.064,408.547,57.413,-71.818,43.392,28706.425,137621.646,20131027_062224,479179,155823,162294,17872
2,KGYX20131027_102813_V06,-42.796,0.580,50.960,400.171,69.935,-71.795,43.430,34967.431,134215.308,20131027_062813,479183,159071,164055,18382
2,KGYX20131027_103403_V06,-36.963,0.411,59.336,389.827,84.282,-71.744,43.477,42140.832,128440.904,20131027_063403,479187,161220,165515,18326
2,KGYX20131027_103953_V06,-31.130,0.484,64.931,390.258,92.250,-71.710,43.476,46125.066,125900.779,20131027_063953,479184,161106,164491,18808
2,KGYX20131027_104543_V06,-25.296,0.277,64.974,406.875,92.130,-71.708,43.401,46064.788,129092.440,20131027_064543,479176,156406,162112,14446
2,KGYX20131027_105133_V06,-19.463,0.223,71.827,460.043,64.048,-71.660,43.162,32023.979,139352.749,20131027_065133,479176,156627,162784,13845
2,KGYX20131027_105723_V06,-13.630,0.134,71.580,457.824,74.845,-71.662,43.172,37422.512,138820.192,20131027_065723,479180,159590,167788,14426
10,KGYX20131027_120128_V06,50.454,0.100,257.507,95.903,22.611,-70.526,44.809,11305.405,104236.717,20131027_080128,479176,172447,189377,24148
10,KGYX20131027_120718_V06,56.287,0.052,258.357,95.324,30.517,-70.520,44.812,15258.468,104434.683,20131027_080718,479180,173024,186966,25359
10,KGYX20131027_121307_V06,62.104,0.096,279.537,89.563,17.199,-70.386,44.838,8599.735,105714.743,20131027_081307,479188,171337,185791,24306
11,KGYX20131027_120128_V06,50.454,0.058,46.470,250.666,42.303,-71.840,44.102,21151.722,129142.762,20131027_080128,479176,172447,189377,24148
11,KGYX20131027_120718_V06,56.287,0.257,47.346,252.003,48.570,-71.835,44.097,24285.242,128586.378,20131027_080718,479180,173024,186966,25359
1,KGYX20131028_113507_V06,22.802,0.077,45.348,226.922,64.678,-71.850,44.209,32339.214,132465.256,20131028_073507,479179,15935,18471,7095
1,KGYX20131028_114449_V06,32.502,0.063,43.248,229.396,75.881,-71.863,44.198,37940.293,133141.176,20131028_074449,479182,12847,16024,5792
1,KGYX20131031_112513_V06,8.975,0.056,305.357,295.192,17.586,-70.224,43.913,8792.950,3599.306,20131031_072513,479183,11291,7827,9937
5,KGYX20131101_105250_V06,-24.724,0.081,69.753,477.429,76.620,-71.671,43.084,38310.143,145339.878,20131101_065250,479185,271975,275832,26665
5,KGYX20131101_105840_V06,-18.891,0.090,73.473,471.891,84.286,-71.648,43.109,42142.795,142180.338,20131101_065840,479173,262731,265944,26255
1,KGYX20131102_105701_V06,-21.859,0.193,450.022,442.133,39.100,-69.333,43.248,19550.047,103329.796,20131102_065701,479180,8627,9881,6901
2,KGYX20131102_122043_V06,61.841,0.078,419.490,530.757,20.171,-69.526,42.851,10085.738,129929.529,20131102_082043,479188,20502,17273,10011
1,KGYX20131103_102500_V06,-55.196,0.218,34.675,460.203,39.666,-71.888,43.159,19833.065,154969.656,20131103_052500,479177,170410,56109,132105
1,KGYX20131103_103051_V06,-49.346,0.496,35.405,461.344,46.458,-71.884,43.154,23228.780,154953.505,20131103_053051,479184,172006,58269,131484
1,KGYX20131103_103640_V06,-43.530,0.594,39.398,460.258,45.931,-71.859,43.159,22965.366,152967.319,20131103_053640,479185,173988,60105,131282
1,KGYX20131103_104230_V06,-37.696,0.407,43.268,457.144,47.462,-71.836,43.173,23731.233,150503.867,20131103_054230,479191,175683,65090,128779
1,KGYX20131103_104820_V06,-31.863,0.052,47.662,459.916,52.743,-71.808,43.161,26371.285,149371.730,20131103_054820,479181,173674,72743,120377
1,KGYX20131103_105409_V06,-26.046,-1.000,51.877,461.274,56.983,-71.782,43.155,28491.675,147964.859,20131103_055409,479185,163261,83902,103273
1,KGYX20131103_110000_V06,-20.196,0.072,53.007,446.543,56.385,-71.777,43.222,28192.313,143596.928,20131103_060000,479183,141127,90669,78020
2,KGYX20131103_105409_V06,-26.046,0.349,28.247,235.809,41.415,-71.956,44.168,20707.598,139615.506,20131103_055409,479185,163261,83902,103273
2,KGYX20131103_110000_V06,-20.196,0.594,29.653,235.289,46.719,-71.947,44.170,23359.746,138991.992,20131103_060000,479183,141127,90669,78020
2,KGYX20131103_110549_V06,-14.380,0.268,34.880,232.982,51.355,-71.915,44.181,25677.375,136729.911,20131103_060549,479175,119781,93249,54643
2,KGYX20131103_111139_V06,-8.546,-1.000,39.426,230.989,56.216,-71.887,44.190,28107.759,134778.944,20131103_061139,479181,102892,94438,37506
2,KGYX20131103_111729_V06,-2.713,-1.000,43.972,228.997,61.076,-71.858,44.200,30538.143,132845.685,20131103_061729,479185,96259,95750,30370
2,KGYX20131103_112319_V06,3.120,-1.000,48.518,227.005,65.937,-71.830,44.209,32968.527,130930.919,20131103_062319,479184,100194,94373,33697
2,KGYX20131103_112909_V06,8.954,-1.000,53.064,225.013,70.798,-71.802,44.218,35398.911,129035.467,20131103_062909,479185,105585,94328,37143
2,KGYX20131103_113458_V06,14.770,0.142,40.083,220.324,73.170,-71.884,44.238,36585.112,135927.668,20131103_063458,479179,107375,95210,37598
4,KGYX20131103_112319_V06,3.120,0.095,29.345,235.398,52.399,-71.949,44.170,26199.295,139129.167,20131103_062319,479184,100194,94373,33697
4,KGYX20131103_112909_V06,8.954,0.307,32.794,232.587,60.131,-71.928,44.183,30065.607,137789.152,20131103_062909,479185,105585,94328,37143
1,KGYX20131104_102705_V06,-54.435,0.067,133.618,218.270,2.813,-71.299,44.254,1406.641,92685.901,20131104_052705,479179,60218,22538,53495
8,KGYX20131107_121634_V06,51.076,0.053,31.761,272.460,42.623,-71.929,44.003,21311.459,134824.707,20131107_071634,479178,99693,97967,13286
9,KGYX20131107_122814_V06,62.743,0.120,31.247,318.149,35.257,-71.927,43.798,17628.693,134682.381,20131107_072814,479177,113209,111255,14772
1,KGYX20131109_110849_V06,-19.320,0.517,304.217,383.776,7.871,-70.231,43.514,3935.677,41940.820,20131109_060849,479178,4147,5684,3396
1,KGYX20131109_111832_V06,-9.604,0.089,302.058,385.467,18.883,-70.244,43.507,9441.290,42745.739,20131109_061832,479171,9062,8222,7642
18,KGYX20131110_121146_V06,42.309,0.071,325.030,266.692,12.784,-70.101,44.041,6392.078,20832.120,20131110_071146,479184,242170,190460,73464
18,KGYX20131110_121736_V06,48.142,0.097,326.500,264.789,20.856,-70.092,44.050,10428.124,22034.318,20131110_071736,479188,229352,188554,64056
4,KGYX20131110_110739_V06,-21.808,0.102,392.728,523.857,29.949,-69.689,42.883,14974.289,121151.501,20131110_060739,479184,287827,236574,72611
4,KGYX20131110_111329_V06,-15.974,-1.000,392.728,523.857,39.224,-69.689,42.883,19611.789,121151.501,20131110_061329,479179,286360,231165,75232
4,KGYX20131110_111919_V06,-10.141,0.061,411.898,519.089,32.349,-69.572,42.903,16174.477,123005.302,20131110_061919,479184,285207,226944,76651
14,KGYX20131110_120007_V06,30.659,0.093,179.031,112.227,19.188,-71.021,44.734,9594.093,111682.883,20131110_070007,479180,254348,196416,80102
16,KGYX20131110_120007_V06,30.659,0.069,38.715,145.096,47.232,-71.902,44.577,23616.249,151875.537,20131110_070007,479180,254348,196416,80102
1,KGYX20131114_103907_V06,-55.594,0.064,249.940,184.532,2.178,-70.571,44.411,1088.913,62926.069,20131114_053907,479176,7665,7991,5910
1,KGYX20131114_104849_V06,-45.894,0.054,250.219,184.606,9.665,-70.569,44.410,4832.478,62837.008,20131114_054849,479180,7599,8796,5647
1,KGYX20131116_110455_V06,-32.395,0.213,26.345,221.322,28.184,-71.970,44.233,14092.072,142370.230,20131116_060455,479180,69133,62097,28801
1,KGYX20131116_111045_V06,-26.561,0.110,26.540,220.073,34.862,-71.969,44.238,17431.149,142450.539,20131116_061045,479181,50114,51670,16316
1,KGYX20131116_111635_V06,-20.728,0.154,27.068,213.836,30.365,-71.966,44.266,15182.583,143104.740,20131116_061635,479185,34798,37676,8753
1,KGYX20131116_112226_V06,-14.878,0.064,28.206,214.978,37.696,-71.959,44.261,18847.906,142390.862,20131116_062226,479178,28568,29835,7044
3,KGYX20131119_110013_V06,-40.946,0.175,29.655,334.176,30.362,-71.935,43.725,15181.002,136248.237,20131119_060013,479188,28438,45085,7593
3,KGYX20131119_110955_V06,-31.246,0.303,37.263,328.750,44.214,-71.888,43.750,22106.973,132152.494,20131119_060955,479181,26529,43252,5552
1,KGYX20131122_104640_V06,-58.271,0.071,250.531,184.905,2.136,-70.567,44.409,1068.079,62637.997,20131122_054640,479183,100545,95987,18475
1,KGYX20131123_113751_V06,-8.325,0.275,300.500,293.709,16.928,-70.254,43.920,8464.008,3155.472,20131123_063751,479176,6753,14841,4652
1,KGYX20131129_105603_V06,-57.265,0.057,250.612,183.908,2.441,-70.567,44.413,1220.686,63080.150,20131129_055603,479187,3944,7186,2590
2,KGYX20131202_105657_V06,-59.708,0.066,428.335,424.830,8.585,-69.466,43.327,4292.274,89515.828,20131202_055657,479183,116973,164867,20757
1,KGYX20131205_115451_V06,-4.959,0.062,384.086,323.499,20.500,-69.735,43.784,10249.832,43654.030,20131205_065451,479184,4485,6435,3648
2,KGYX20131205_124317_V06,43.475,0.148,35.629,94.999,46.538,-71.928,44.802,23269.131,167270.167,20131205_074317,479188,7504,10376,2505
3,KGYX20131206_113809_V06,-22.661,0.054,92.259,236.173,101.205,-71.556,44.171,50602.272,108662.463,20131206_063809,479183,280789,261900,33295
7,KGYX20131206_115541_V06,-5.128,0.050,444.838,385.813,22.576,-69.361,43.502,11288.010,84175.431,20131206_065541,479187,282254,265703,34432
2,KGYX20131207_112201_V06,-39.772,0.272,28.669,487.084,34.091,-71.922,43.037,17045.542,164788.634,20131207_062201,479184,87125,112699,9683
2,KGYX20131207_112752_V06,-33.922,0.228,31.913,485.071,42.294,-71.902,43.047,21147.111,162881.897,20131207_062752,479185,82091,106547,9361
2,KGYX20131207_113342_V06,-28.088,0.117,47.382,473.150,51.563,-71.809,43.102,25781.602,153131.293,20131207_063342,479183,78144,101080,9806
2,KGYX20131207_113932_V06,-22.255,0.127,58.198,465.993,55.818,-71.743,43.135,27908.943,146647.327,20131207_063932,479183,76343,95533,9247
2,KGYX20131207_114522_V06,-16.422,0.088,77.162,461.016,58.862,-71.627,43.158,29431.067,137461.583,20131207_064522,479187,74452,91600,9802
2,KGYX20131207_115113_V06,-10.572,0.134,46.468,454.392,50.551,-71.816,43.186,25275.633,148421.070,20131207_065113,479188,72801,88482,10157
2,KGYX20131207_115703_V06,-4.738,0.139,51.765,454.623,55.568,-71.784,43.185,27783.871,146226.805,20131207_065703,479185,71396,85419,10205
5,KGYX20131207_114522_V06,-16.422,0.139,24.346,286.971,26.644,-71.974,43.937,13321.890,137980.726,20131207_064522,479187,74452,91600,9802
5,KGYX20131207_115113_V06,-10.572,0.140,25.658,285.062,36.158,-71.966,43.946,18078.879,137374.271,20131207_065113,479188,72801,88482,10157
1,KGYX20131207_111611_V06,-45.605,0.065,250.776,184.967,1.785,-70.566,44.409,892.311,62561.238,20131207_061611,479186,91096,118112,8722
1,KGYX20131207_112201_V06,-39.772,-1.000,250.776,184.967,11.060,-70.566,44.409,5529.811,62561.238,20131207_062201,479184,87125,112699,9683
1,KGYX20131207_112752_V06,-33.922,0.132,249.561,185.314,2.376,-70.574,44.407,1188.175,62643.959,20131207_062752,479185,82091,106547,9361
6,KGYX20131207_114522_V06,-16.422,0.064,94.465,361.234,29.097,-71.530,43.609,14548.524,107231.448,20131207_064522,479187,74452,91600,9802
1,KGYX20131208_110658_V06,-55.772,0.122,250.422,184.755,2.302,-70.568,44.410,1151.011,62728.430,20131208_060658,479180,2168,5044,1703
1,KGYX20131209_111938_V06,-44.028,0.051,37.211,471.607,39.491,-71.871,43.108,19745.546,156929.326,20131209_061938,479183,111832,139934,10657
2,KGYX20131210_113037_V06,-33.938,0.052,40.088,213.128,47.688,-71.885,44.271,23844.131,137022.662,20131210_063037,479187,14526,21703,2041
2,KGYX20131210_114019_V06,-24.238,0.404,45.988,209.808,61.468,-71.848,44.286,30733.765,134774.599,20131210_064019,479182,13072,18877,2775
2,KGYX20131210_115001_V06,-14.538,0.275,51.397,209.403,64.158,-71.814,44.288,32079.105,132298.294,20131210_065001,479185,14192,19863,3667
2,KGYX20131210_115944_V06,-4.821,0.096,40.560,216.829,59.691,-71.881,44.254,29845.314,136222.862,20131210_065944,479182,19858,24487,4384
2,KGYX20131210_120926_V06,4.879,0.066,39.746,210.283,71.838,-71.887,44.284,35918.924,137641.908,20131210_070926,479183,33267,35611,5648
1,KGYX20131210_112055_V06,-43.638,0.059,39.085,274.500,68.337,-71.883,43.995,34168.449,131079.212,20131210_062055,479183,11567,18261,1522
3,KGYX20131210_115944_V06,-4.821,0.118,70.341,352.917,85.967,-71.680,43.644,42983.582,117838.192,20131210_065944,479182,19858,24487,4384
1,KGYX20131211_110959_V06,-55.435,0.295,296.992,303.260,11.738,-70.276,43.877,5869.076,2217.710,20131211_060959,479183,2012,6380,1573
1,KGYX20131211_111941_V06,-45.735,0.050,298.157,305.150,19.234,-70.268,43.868,9616.872,2734.786,20131211_061941,479187,2544,7743,2026
1,KGYX20131211_112924_V06,-36.018,-1.000,299.253,306.929,27.218,-70.262,43.860,13609.124,3484.696,20131211_062924,479181,3358,9701,2541
1,KGYX20131211_113907_V06,-26.302,0.125,297.936,309.195,13.755,-70.270,43.850,6877.659,4711.817,20131211_063907,479178,4097,11047,2954
1,KGYX20131211_114849_V06,-16.602,0.195,298.295,308.343,21.298,-70.268,43.854,10649.171,4257.758,20131211_064849,479187,5098,12501,3835
1,KGYX20131211_115832_V06,-6.885,0.491,300.102,305.011,14.283,-70.256,43.869,7141.411,2506.076,20131211_065832,479178,4923,12809,3819
1,KGYX20131211_120815_V06,2.832,0.360,299.782,305.322,20.032,-70.258,43.867,10015.787,2663.238,20131211_070815,479173,5812,12838,4912
1,KGYX20131211_121758_V06,12.548,0.325,300.589,303.704,13.662,-70.253,43.875,6831.242,1875.446,20131211_071758,479188,3850,12806,3107
1,KGYX20131211_122740_V06,22.248,0.082,299.151,304.925,21.203,-70.262,43.869,10601.463,2498.698,20131211_072740,479183,4009,13792,2981
1,KGYX20131211_123721_V06,31.932,-1.000,297.802,306.070,29.202,-70.271,43.864,14601.065,3227.839,20131211_073721,479185,4280,14689,2933
1,KGYX20131211_124703_V06,41.632,0.105,299.567,304.993,17.804,-70.260,43.869,8901.848,2506.000,20131211_074703,479180,3890,16124,2671
2,KGYX20131211_112924_V06,-36.018,0.057,297.878,308.637,15.481,-70.270,43.853,7740.559,4447.114,20131211_062924,479181,3358,9701,2541
1,KGYX20131212_111109_V06,-55.102,0.061,250.667,184.905,2.460,-70.567,44.409,1229.872,62611.119,20131212_061109,479181,2173,3422,1796
1,KGYX20131213_113242_V06,-34.354,0.078,262.621,35.149,36.531,-70.494,45.083,18265.341,133737.948,20131213_063242,479181,8960,19030,3719
1,KGYX20131213_114225_V06,-24.637,0.077,267.061,36.668,46.734,-70.466,45.076,23366.762,132692.257,20131213_064225,479182,11168,21458,4380
2,KGYX20131213_123101_V06,23.963,0.140,299.438,302.900,8.960,-70.260,43.878,4479.832,1476.948,20131213_073101,479184,15063,25735,4239
3,KGYX20131213_130010_V06,53.113,0.158,300.070,303.419,10.793,-70.257,43.876,5396.461,1709.926,20131213_080010,479184,14707,27782,4118
4,KGYX20131216_113848_V06,-30.462,0.074,312.635,257.724,6.410,-70.178,44.082,3204.937,22061.612,20131216_063848,479178,17256,24103,3876
4,KGYX20131216_114438_V06,-24.629,-1.000,312.635,257.724,15.685,-70.178,44.082,7842.437,22061.612,20131216_064438,479181,17289,24890,4286
4,KGYX20131216_115031_V06,-18.746,0.113,317.322,259.298,19.678,-70.149,44.074,9838.903,22117.485,20131216_065031,479184,17113,24973,4677
1,KGYX20131216_110928_V06,-59.796,0.118,250.656,185.040,1.966,-70.567,44.408,983.221,62551.318,20131216_060928,479185,15601,21832,2846
3,KGYX20131216_111520_V06,-53.929,0.053,180.520,336.862,16.378,-70.998,43.723,8188.980,62518.586,20131216_061520,479190,16227,21582,2911
1,KGYX20131220_114948_V06,-21.920,0.055,26.670,87.415,36.445,-71.985,44.835,18222.626,173134.034,20131220_064948,479176,78837,82270,6613
1,KGYX20131221_121657_V06,4.707,0.103,26.975,251.447,32.809,-71.962,44.097,16404.741,138654.140,20131221_071657,479183,3725,4092,3248
2,KGYX20131221_131912_V06,66.957,0.181,25.692,423.672,41.517,-71.948,43.322,20758.495,150449.139,20131221_081912,479182,3316,3691,1523
7,KGYX20131223_124718_V06,34.126,0.053,85.555,142.332,41.543,-71.607,44.593,20771.420,133084.658,20131223_074718,479187,172422,204899,21155
1,KGYX20131225_111954_V06,-54.050,0.254,298.230,302.092,9.908,-70.268,43.882,4954.094,1370.105,20131225_061954,479175,1932,6786,1635
1,KGYX20131225_112937_V06,-44.334,0.484,299.401,301.783,14.611,-70.261,43.883,7305.440,940.512,20131225_062937,479178,2408,7126,2046
1,KGYX20131225_113920_V06,-34.617,-1.000,300.502,301.493,19.956,-70.254,43.885,9977.862,787.578,20131225_063920,479175,2892,7100,2512
1,KGYX20131225_114902_V06,-24.917,0.189,301.096,301.714,9.456,-70.250,43.884,4728.233,1016.981,20131225_064902,479176,4042,7259,3628
7,KGYX20131225_132614_V06,72.283,0.174,300.834,302.206,10.421,-70.252,43.881,5210.411,1179.028,20131225_082614,479180,2341,6318,2000
7,KGYX20131225_133557_V06,82.000,0.459,299.543,302.070,16.090,-70.260,43.882,8044.988,1060.034,20131225_083557,479183,2428,6287,2084
5,KGYX20131225_123739_V06,23.700,0.209,300.386,302.338,12.278,-70.255,43.881,6138.844,1184.735,20131225_073739,479185,2744,6715,2348
5,KGYX20131225_124723_V06,33.433,-1.000,300.386,302.338,27.754,-70.255,43.881,13876.844,1184.735,20131225_074723,479180,2579,6380,2174
5,KGYX20131225_125705_V06,43.133,0.066,300.799,302.848,10.039,-70.252,43.879,5019.718,1478.986,20131225_075705,479183,2518,6551,2167
2,KGYX20131226_131748_V06,63.521,0.069,28.555,491.096,42.120,-71.922,43.019,21059.895,165981.912,20131226_081748,479176,124964,190061,13845
1,KGYX20131227_111849_V06,-55.751,0.058,250.825,184.531,1.932,-70.566,44.411,966.192,62751.953,20131227_061849,479180,3666,18931,1809
2,KGYX20131227_111849_V06,-55.751,0.056,133.809,217.894,2.784,-71.297,44.256,1392.036,92683.391,20131227_061849,479180,3666,18931,1809
7,KGYX20131228_114909_V06,-25.665,0.218,49.331,154.077,55.533,-71.834,44.537,27766.552,145024.518,20131228_064909,479186,33138,38794,4550
7,KGYX20131228_115500_V06,-19.815,0.213,52.585,155.724,62.152,-71.813,44.530,31075.753,143204.349,20131228_065500,479183,31610,38287,4234
15,KGYX20131228_123754_V06,23.085,0.120,102.542,173.315,27.973,-71.497,44.455,13986.561,117301.681,20131228_073754,479184,30482,47182,3909
15,KGYX20131228_124344_V06,28.918,0.423,110.742,176.608,33.892,-71.446,44.440,16946.001,112964.585,20131228_074344,479184,32525,50825,3865
11,KGYX20131228_121432_V06,-0.282,0.351,299.337,301.642,11.280,-70.261,43.884,5640.167,885.531,20131228_071432,479181,31126,38862,5451
13,KGYX20131228_122613_V06,11.401,0.071,168.392,218.148,35.163,-71.081,44.257,17581.402,77492.618,20131228_072613,479188,32171,43843,4522
20,KGYX20131228_132441_V06,69.868,0.247,33.709,274.327,48.648,-71.917,43.995,24324.047,133763.075,20131228_082441,479181,47972,69332,3204
11,KGYX20131230_132911_V06,73.995,0.277,325.834,72.965,52.322,-70.093,44.913,26160.900,114250.142,20131230_082911,479186,22977,44167,4493
11,KGYX20131230_133853_V06,83.695,0.332,330.410,70.581,58.796,-70.064,44.924,29398.204,115713.026,20131230_083853,479187,22595,47564,4538
9,KGYX20131230_132911_V06,73.995,0.476,90.071,269.499,32.798,-71.566,44.021,16399.166,106066.493,20131230_082911,479186,22977,44167,4493
12,KGYX20131230_132911_V06,73.995,0.055,311.887,164.700,33.245,-70.182,44.500,16622.437,67910.496,20131230_082911,479186,22977,44167,4493
