track_id,filename,from_sunrise,det_score,x,y,r,lon,lat,radius,geo_dist,local_time,n_radar_pixels,n_refAbove40_pixels,n_xcorrAbove0.95_pixels,n_xcorrBelow0.95_refAbove40_pixels
2,KMRX20220602_091832_V06,-58.965,0.129,418.405,107.985,8.448,-82.737,37.032,4224.091,112793.605,20220602_051832,479180,23102,33370,16011
4,KMRX20220602_091832_V06,-58.965,0.063,301.801,412.744,5.692,-83.392,35.660,2846.136,56379.231,20220602_051832,479180,23102,33370,16011
1,KMRX20220606_092951_V06,-46.662,0.114,239.186,427.171,8.169,-83.737,35.595,4084.354,70481.884,20220606_052951,479180,9156,32566,7572
1,KMRX20220607_092137_V06,-54.720,0.174,239.209,429.191,10.051,-83.737,35.586,5025.360,71389.605,20220607_052137,479179,106378,130255,10488
1,KMRX20220607_092740_V06,-48.670,0.063,239.603,429.947,16.996,-83.735,35.582,8497.882,71648.591,20220607_052740,479182,113381,136428,10832
7,KMRX20220607_101424_V06,-1.936,0.129,497.805,274.752,37.382,-82.301,36.277,18691.006,99704.696,20220607_061424,479183,181351,197497,15120
9,KMRX20220607_103134_V06,15.230,0.076,267.365,397.477,18.760,-83.582,35.729,9379.927,51397.339,20220607_063134,479176,200705,215876,12392
1,KMRX20220610_091730_V06,-58.478,0.394,294.526,414.856,8.083,-83.432,35.651,4041.735,57493.358,20220610_051730,479177,7673,32099,6375
1,KMRX20220611_092925_V06,-46.498,0.125,244.629,429.234,6.191,-83.707,35.586,3095.665,70298.412,20220611_052925,479177,7845,33056,6528
2,KMRX20220613_100227_V06,-13.421,0.149,301.919,413.668,6.375,-83.391,35.656,3187.630,56842.310,20220613_060227,479178,13609,26123,11985
1,KMRX20220615_102237_V06,6.679,0.499,303.389,413.709,7.421,-83.383,35.656,3710.546,56879.951,20220615_062237,479179,24247,42361,19511
1,KMRX20220615_102938_V06,13.696,0.053,305.655,413.146,17.836,-83.371,35.658,8918.018,56643.473,20220615_062938,479177,25357,43634,20146
1,KMRX20220616_092618_V06,-49.711,0.607,296.823,408.591,10.279,-83.419,35.679,5139.498,54318.771,20220616_052618,479175,11034,27145,9546
8,KMRX20220617_092430_V06,-51.612,0.086,512.479,322.911,7.047,-82.223,36.059,3523.743,106855.333,20220617_052430,479180,14655,43187,8525
1,KMRX20220620_102912_V06,12.626,0.087,31.581,475.306,34.134,-84.879,35.369,17067.104,160297.367,20220620_062912,479171,11333,25210,9534
1,KMRX20220625_100253_V06,-14.972,0.586,335.738,295.656,9.218,-83.203,36.188,4609.039,18000.365,20220625_060253,479178,13595,40021,10518
1,KMRX20220625_100730_V06,-10.355,0.636,335.342,295.148,15.526,-83.205,36.190,7763.243,17836.540,20220625_060730,479178,16690,38908,13481
1,KMRX20220625_101206_V06,-5.755,0.123,336.213,295.234,18.670,-83.201,36.190,9335.067,18262.711,20220625_061206,479181,17646,38786,14106
5,KMRX20220626_093511_V06,-43.000,0.090,334.983,137.935,52.773,-83.206,36.898,26386.520,82898.970,20220626_053511,479179,75164,116379,10237
35,KMRX20220626_110307_V06,44.933,0.338,369.497,11.710,14.326,-83.009,37.467,7163.029,148274.437,20220626_070307,479180,82208,114392,11088
15,KMRX20220627_105313_V06,34.681,0.104,293.907,424.560,21.865,-83.436,35.607,10932.564,62354.440,20220627_065313,479180,55996,77798,10906
15,KMRX20220627_110419_V06,45.781,0.064,306.362,431.755,19.109,-83.367,35.575,9554.571,65954.222,20220627_070419,479179,52478,74219,10663
1,KMRX20220628_113042_V06,71.790,0.091,28.733,415.031,54.654,-84.900,35.641,27327.068,147324.241,20220628_073042,479180,25401,44261,20104
11,KMRX20220629_111920_V06,60.028,0.116,260.365,409.609,21.976,-83.621,35.674,10988.148,58277.645,20220629_071920,479182,15874,42570,8599
11,KMRX20220629_112425_V06,65.111,0.457,260.484,409.301,27.612,-83.620,35.676,13805.862,58112.267,20220629_072425,479174,16068,42565,8477
11,KMRX20220629_112904_V06,69.761,0.059,270.449,406.526,19.345,-83.565,35.688,9672.400,55274.452,20220629_072904,479176,16183,42327,8452
11,KMRX20220629_113343_V06,74.411,0.156,271.437,405.464,25.294,-83.560,35.693,12646.990,54631.904,20220629_073343,479178,16792,43613,8508
7,KMRX20220629_101512_V06,-4.106,0.080,346.694,298.021,13.574,-83.142,36.177,6787.094,23368.067,20220629_061512,479178,18235,40465,12722
3,KMRX20220630_102754_V06,8.177,0.752,30.065,466.792,29.506,-84.888,35.407,14752.862,158654.171,20220630_062754,479172,17696,37174,15020
3,KMRX20220630_103454_V06,15.177,0.800,32.098,466.548,38.492,-84.877,35.409,19246.017,157725.584,20220630_063454,479177,15880,37829,13274
3,KMRX20220630_104154_V06,22.177,0.921,39.227,460.546,44.644,-84.838,35.436,22321.891,153115.638,20220630_064154,479175,14370,37868,11801
3,KMRX20220630_104855_V06,29.194,0.873,42.486,458.359,48.148,-84.820,35.446,24073.870,151154.620,20220630_064855,479178,13792,38827,11187
1,KMRX20220630_100654_V06,-12.823,0.187,344.135,303.123,14.283,-83.157,36.154,7141.716,22122.671,20220630_060654,479175,13969,32809,12104
1,KMRX20220630_101354_V06,-5.823,0.131,343.228,300.830,20.644,-83.162,36.164,10321.871,21618.213,20220630_061354,479176,17960,34265,15612
2,KMRX20220630_101354_V06,-5.823,0.111,360.390,409.192,31.490,-83.068,35.676,15745.214,62389.481,20220630_061354,479176,17960,34265,15612
4,KMRX20220630_102754_V06,8.177,0.059,125.937,412.263,18.289,-84.363,35.659,9144.494,103562.484,20220630_062754,479172,17696,37174,15020
2,KMRX20220701_102332_V06,3.372,0.229,29.123,466.830,30.047,-84.893,35.407,15023.531,159064.943,20220701_062332,479175,17200,31580,14939
2,KMRX20220701_103032_V06,10.372,0.840,33.209,465.183,36.953,-84.871,35.415,18476.382,156894.090,20220701_063032,479176,17132,33431,14815
2,KMRX20220701_103731_V06,17.356,0.886,38.325,464.469,43.968,-84.843,35.418,21983.973,154534.696,20220701_063731,479179,15797,35100,13285
2,KMRX20220701_104431_V06,24.356,0.914,43.820,460.433,48.674,-84.813,35.437,24336.919,151134.915,20220701_064431,479181,15129,37793,12390
2,KMRX20220701_105130_V06,31.339,0.920,42.616,461.784,55.361,-84.819,35.431,27680.492,152003.734,20220701_065130,479174,14517,39578,11646
1,KMRX20220701_101632_V06,-3.628,0.058,372.085,400.473,31.345,-83.004,35.715,15672.615,61828.650,20220701_061632,479176,17009,31070,14801
3,KMRX20220701_111220_V06,52.172,0.457,302.989,412.857,6.187,-83.385,35.660,3093.287,56448.479,20220701_071220,479174,14800,39871,11833
1,KMRX20220702_102833_V06,7.931,0.333,35.042,474.105,31.919,-84.860,35.375,15959.591,158521.015,20220702_062833,479178,17045,30616,14744
1,KMRX20220702_103533_V06,14.931,0.831,38.410,475.418,42.103,-84.841,35.369,21051.718,157480.960,20220702_063533,479173,16084,32225,13541
1,KMRX20220702_104233_V06,21.931,0.901,44.796,477.691,48.383,-84.806,35.359,24191.576,155485.784,20220702_064233,479175,16861,33288,14167
1,KMRX20220702_104932_V06,28.914,0.810,51.043,473.485,54.392,-84.772,35.379,27195.832,151720.683,20220702_064932,479175,16082,34109,13128
1,KMRX20220703_103917_V06,18.187,0.107,39.731,470.011,43.493,-84.834,35.394,21746.626,155437.687,20220703_063917,479178,16401,42518,12445
1,KMRX20220703_104332_V06,22.437,0.534,41.067,472.010,48.773,-84.827,35.385,24386.502,155429.967,20220703_064332,479177,16514,42802,12388
1,KMRX20220703_104747_V06,26.687,0.671,46.786,475.635,50.242,-84.795,35.369,25120.775,154082.071,20220703_064747,479176,16108,42627,11679
1,KMRX20220703_105216_V06,31.170,0.589,49.898,478.919,54.195,-84.778,35.354,27097.582,153755.333,20220703_065216,479183,16403,43035,11784
1,KMRX20220703_110046_V06,39.670,0.380,57.770,475.620,60.195,-84.735,35.369,30097.487,149597.741,20220703_070046,479179,16084,44078,11322
1,KMRX20220704_102650_V06,5.241,0.151,25.571,477.807,24.486,-84.912,35.358,12242.859,163497.888,20220704_062650,479179,16819,44398,13442
1,KMRX20220704_103350_V06,12.241,0.834,27.674,482.003,33.237,-84.900,35.339,16618.506,163773.073,20220704_063350,479180,17415,44455,13854
1,KMRX20220704_104051_V06,19.258,0.861,33.766,480.295,39.605,-84.866,35.347,19802.664,160769.360,20220704_064051,479184,17359,44767,13586
1,KMRX20220704_104752_V06,26.274,0.931,41.116,479.312,49.821,-84.826,35.352,24910.627,157459.177,20220704_064752,479177,16794,44895,12978
1,KMRX20220704_110151_V06,40.258,0.816,40.975,469.968,53.715,-84.828,35.394,26857.320,154905.481,20220704_070151,479177,15364,46848,11331
1,KMRX20220704_110852_V06,47.274,0.106,36.998,461.554,51.657,-84.850,35.432,25828.729,154329.001,20220704_070852,479174,14594,46891,10733
1,KMRX20220705_102913_V06,7.110,0.721,33.310,466.496,33.542,-84.870,35.409,16771.196,157197.784,20220705_062913,479176,24359,35366,20967
1,KMRX20220705_103614_V06,14.127,0.847,37.524,464.698,41.253,-84.847,35.417,20626.709,154935.049,20220705_063614,479178,23862,37336,19977
1,KMRX20220705_104308_V06,21.027,0.902,45.951,459.026,49.693,-84.801,35.444,24846.420,149858.376,20220705_064308,479176,23236,37641,19424
1,KMRX20220705_105007_V06,28.010,0.911,49.248,460.799,56.367,-84.783,35.436,28183.578,148940.139,20220705_065007,479174,22450,38955,18260
1,KMRX20220705_110408_V06,42.027,0.222,52.296,456.375,64.084,-84.766,35.456,32041.896,146467.125,20220705_070408,479177,19668,40784,15662
5,KMRX20220706_103908_V06,16.495,0.098,47.095,468.172,47.190,-84.794,35.402,23595.102,151857.587,20220706_063908,479181,17195,35862,13072
5,KMRX20220706_104338_V06,20.995,-1.000,47.095,468.172,54.345,-84.794,35.402,27172.602,151857.587,20220706_064338,479183,17272,37095,12945
5,KMRX20220706_104808_V06,25.495,0.308,50.318,467.499,55.610,-84.776,35.406,27804.949,150330.278,20220706_064808,479178,17092,37769,12720
5,KMRX20220706_105229_V06,29.845,0.784,50.743,467.132,55.024,-84.774,35.407,27511.897,150051.642,20220706_065229,479177,16180,38424,11917
5,KMRX20220706_110117_V06,38.645,0.825,51.665,471.913,60.951,-84.769,35.386,30475.626,151016.746,20220706_070117,479183,15767,41051,11290
5,KMRX20220706_110536_V06,42.962,0.236,53.540,466.724,61.689,-84.759,35.409,30844.414,148777.924,20220706_070536,479181,15832,40849,11370
3,KMRX20220706_101633_V06,-6.088,0.057,243.789,431.478,11.857,-83.712,35.575,5928.324,71494.852,20220706_061633,479173,14382,30172,11447
14,KMRX20220707_103944_V06,16.546,0.079,38.794,480.126,38.532,-84.839,35.348,19266.159,158645.658,20220707_063944,479172,111311,116724,16732
14,KMRX20220707_104535_V06,22.396,0.703,41.276,479.931,45.833,-84.825,35.349,22916.679,157570.030,20220707_064535,479176,111033,117723,16328
14,KMRX20220707_105125_V06,28.230,0.791,46.337,479.272,49.656,-84.797,35.352,24828.055,155308.828,20220707_065125,479177,108483,115843,16474
14,KMRX20220707_110305_V06,39.896,0.591,50.905,479.855,56.494,-84.772,35.350,28246.800,153619.600,20220707_070305,479176,103397,113935,16052
2,KMRX20220707_092313_V06,-59.970,0.070,214.980,232.247,8.407,-83.876,36.473,4203.663,54357.237,20220707_052313,479182,91421,99773,10231
1,KMRX20220708_103436_V06,10.848,0.427,34.982,483.651,36.972,-84.859,35.332,18485.809,161215.868,20220708_063436,479174,28531,32786,25073
1,KMRX20220708_104138_V06,17.882,0.688,38.819,484.436,45.264,-84.838,35.329,22631.805,159868.679,20220708_064138,479177,28213,34322,24491
1,KMRX20220708_104839_V06,24.898,0.686,44.211,487.443,49.865,-84.808,35.315,24932.406,158558.287,20220708_064839,479177,27795,35920,23849
1,KMRX20220708_110240_V06,38.915,0.449,46.297,481.301,49.495,-84.797,35.343,24747.694,155913.054,20220708_070240,479176,25567,37924,21505
1,KMRX20220708_110941_V06,45.932,0.100,47.160,482.965,52.898,-84.792,35.336,26449.234,156048.229,20220708_070941,479175,24140,39551,20010
1,KMRX20220709_092519_V06,-59.015,0.074,301.047,412.552,4.379,-83.396,35.661,2189.341,56278.480,20220709_052519,479177,73302,97595,11884
1,KMRX20220711_103228_V06,6.929,0.051,309.275,405.146,18.780,-83.351,35.695,9389.923,52777.147,20220711_063228,479172,20279,31507,17870
2,KMRX20220711_110718_V06,41.763,0.058,29.989,467.426,34.925,-84.888,35.405,17462.482,158853.369,20220711_070718,479179,15563,35015,13038
3,KMRX20220711_114219_V06,76.779,0.063,25.885,426.856,36.433,-84.914,35.587,18216.345,151022.503,20220711_074219,479175,13702,39295,10791
1,KMRX20220712_105039_V06,24.489,0.254,43.945,464.290,49.292,-84.812,35.420,24645.889,152114.596,20220712_065039,479175,27686,38458,22953
1,KMRX20220712_110438_V06,38.473,0.719,48.227,471.289,57.260,-84.788,35.388,28630.216,152257.749,20220712_070438,479174,28680,43215,22918
1,KMRX20220712_111138_V06,45.473,0.341,50.582,463.537,57.336,-84.775,35.423,28667.940,149125.668,20220712_071138,479178,27885,45097,22075
1,KMRX20220712_111838_V06,52.473,0.267,32.477,456.316,46.926,-84.875,35.455,23462.866,154921.992,20220712_071838,479174,26650,45507,20638
1,KMRX20220712_112538_V06,59.473,0.058,31.761,451.488,54.153,-84.880,35.477,27076.271,154029.573,20220712_072538,479179,26996,46265,20625
1,KMRX20220712_113238_V06,66.473,0.098,28.646,432.819,40.692,-84.898,35.560,20345.901,151057.973,20220712_073238,479174,25463,46891,19150
7,KMRX20220713_105137_V06,24.819,0.136,42.180,462.006,45.675,-84.822,35.430,22837.280,152247.585,20220713_065137,479177,14308,36453,10434
7,KMRX20220713_110537_V06,38.819,0.172,46.382,458.897,57.877,-84.799,35.444,28938.563,149641.662,20220713_070537,479174,13942,38735,8729
5,KMRX20220713_103735_V06,10.786,0.061,360.129,172.960,30.282,-83.065,36.740,15140.945,70275.584,20220713_063735,479180,13534,35754,9887
8,KMRX20220713_105137_V06,24.819,0.094,184.171,291.390,12.398,-84.046,36.205,6199.167,58074.363,20220713_065137,479177,14308,36453,10434
11,KMRX20220713_111237_V06,45.819,0.331,292.618,387.814,15.443,-83.443,35.773,7721.510,44061.844,20220713_071237,479176,13984,38114,8291
3,KMRX20220714_103913_V06,11.769,0.243,29.803,480.741,36.062,-84.888,35.345,18030.804,162537.776,20220714_063913,479173,47276,35851,41380
3,KMRX20220714_104613_V06,18.769,0.214,32.468,480.710,44.251,-84.873,35.345,22125.658,161422.918,20220714_064613,479179,49562,36734,43351
3,KMRX20220714_105312_V06,25.753,0.773,39.619,481.117,43.875,-84.834,35.344,21937.577,158588.747,20220714_065312,479179,50220,37856,43576
3,KMRX20220714_110714_V06,39.786,0.090,39.509,481.079,44.237,-84.835,35.344,22118.564,158623.240,20220714_070714,479174,41906,40362,35582
1,KMRX20220714_092800_V06,-59.447,0.075,299.194,412.879,5.547,-83.406,35.660,2773.573,56440.939,20220714_052800,479176,17328,32212,14912
2,KMRX20220714_102401_V06,-3.431,0.268,209.769,341.777,7.788,-83.902,35.979,3894.176,49716.508,20220714_062401,479181,34129,34226,29669
2,KMRX20220716_103635_V06,7.801,0.062,35.949,472.176,37.791,-84.855,35.384,18895.657,157613.257,20220716_063635,479175,21381,45120,13449
2,KMRX20220716_104334_V06,14.784,0.061,37.283,472.039,46.009,-84.848,35.384,23004.423,157017.149,20220716_064334,479181,20463,44926,12371
2,KMRX20220716_104758_V06,19.184,0.469,44.192,465.583,49.089,-84.810,35.414,24544.379,152360.770,20220716_064758,479180,22030,44315,13508
2,KMRX20220716_105247_V06,24.001,0.659,46.902,470.053,51.422,-84.795,35.394,25711.167,152460.267,20220716_065247,479178,21704,44893,13179
2,KMRX20220716_110227_V06,33.667,0.814,46.555,468.828,58.435,-84.797,35.399,29217.643,152264.196,20220716_070227,479183,21497,45557,12731
2,KMRX20220716_110717_V06,38.501,0.469,48.534,460.667,59.273,-84.787,35.436,29636.708,149205.526,20220716_070717,479183,21519,45455,12648
2,KMRX20220716_111153_V06,43.101,0.108,40.565,458.778,51.088,-84.831,35.444,25543.930,152083.332,20220716_071153,479182,21443,46351,12136
4,KMRX20220716_110717_V06,38.501,0.273,25.285,82.075,36.419,-84.948,37.140,18209.652,175327.767,20220716_070717,479183,21519,45455,12648
6,KMRX20220716_112540_V06,56.884,0.079,34.371,448.152,44.788,-84.866,35.492,22394.249,152075.420,20220716_072540,479182,20494,44367,11565
6,KMRX20220716_113015_V06,61.467,-1.000,34.371,448.152,52.076,-84.866,35.492,26037.999,152075.420,20220716_073015,479180,19466,43906,10890
6,KMRX20220716_113450_V06,66.051,0.050,30.254,436.299,38.526,-84.889,35.545,19263.075,151112.760,20220716_073450,479184,19056,43617,10694
1,KMRX20220717_102634_V06,-2.901,0.459,32.473,461.254,32.322,-84.875,35.433,16160.963,156183.878,20220717_062634,479174,14629,27819,12950
1,KMRX20220717_103329_V06,4.016,0.724,35.763,461.482,40.287,-84.857,35.432,20143.607,154836.850,20220717_063329,479177,14744,28364,13006
1,KMRX20220717_104029_V06,11.016,0.829,45.592,459.293,46.144,-84.803,35.442,23072.111,150081.480,20220717_064029,479180,15191,29853,13261
1,KMRX20220717_104728_V06,17.999,0.884,50.042,454.817,52.813,-84.779,35.463,26406.569,147009.687,20220717_064728,479177,15411,30965,13314
1,KMRX20220717_110127_V06,31.982,0.905,54.870,451.450,60.283,-84.752,35.478,30141.597,144071.190,20220717_070127,479174,13203,32746,10967
1,KMRX20220717_110825_V06,38.949,0.814,57.084,448.906,65.000,-84.740,35.490,32499.837,142461.499,20220717_070825,479180,12063,32752,10082
1,KMRX20220717_111525_V06,45.949,0.313,53.777,438.175,63.709,-84.760,35.538,31854.456,141171.860,20220717_071525,479174,11138,31385,9270
1,KMRX20220717_112225_V06,52.949,0.153,33.482,429.574,51.747,-84.872,35.575,25873.329,148173.208,20220717_072225,479174,10440,31302,8631
1,KMRX20220717_112925_V06,59.949,0.070,32.340,425.859,58.778,-84.879,35.592,29389.184,147887.022,20220717_072925,479178,9598,31862,7898
1,KMRX20220718_102839_V06,-1.513,0.139,54.359,450.349,30.214,-84.755,35.483,15107.244,144000.158,20220718_062839,479178,35080,50120,14385
1,KMRX20220718_103255_V06,2.753,0.377,55.943,449.521,35.845,-84.747,35.487,17922.275,143108.746,20220718_063255,479184,36348,51426,14691
1,KMRX20220718_103719_V06,7.153,0.404,61.664,443.196,41.724,-84.716,35.516,20861.874,139022.633,20220718_063719,479178,38863,53225,15882
1,KMRX20220718_104148_V06,11.637,0.631,66.877,442.226,47.529,-84.687,35.521,23764.276,136541.577,20220718_064148,479178,40784,55578,16174
1,KMRX20220718_104617_V06,16.120,0.674,68.088,441.199,53.218,-84.680,35.525,26608.801,135757.580,20220718_064617,479181,42395,58005,16933
1,KMRX20220718_105046_V06,20.603,0.686,70.587,435.530,54.001,-84.667,35.551,27000.510,133228.104,20220718_065046,479186,43814,59571,17404
1,KMRX20220718_105514_V06,25.070,0.695,68.769,435.195,55.825,-84.677,35.552,27912.407,133926.852,20220718_065514,479180,44442,61643,16893
1,KMRX20220718_110415_V06,34.087,0.471,68.532,431.567,62.600,-84.679,35.569,31300.233,133123.236,20220718_070415,479185,45261,64157,16542
18,KMRX20220719_104131_V06,10.648,0.076,38.555,469.417,42.097,-84.841,35.396,21048.595,155768.762,20220719_064131,479177,13490,38707,6880
18,KMRX20220719_104622_V06,15.498,0.157,40.136,469.323,48.767,-84.832,35.397,24383.361,155080.448,20220719_064622,479179,13921,39385,7464
18,KMRX20220719_105111_V06,20.314,0.350,46.298,468.460,52.191,-84.798,35.401,26095.653,152268.976,20220719_065111,479183,14128,41224,7587
18,KMRX20220719_110051_V06,29.981,0.053,47.886,460.402,51.578,-84.790,35.437,25789.193,149407.420,20220719_070051,479176,14193,43354,7640
18,KMRX20220719_110541_V06,34.814,0.056,45.610,452.976,48.625,-84.803,35.471,24312.614,148421.573,20220719_070541,479182,13559,43321,7044
18,KMRX20220719_111031_V06,39.648,0.057,30.384,449.386,39.157,-84.888,35.486,19578.398,154117.506,20220719_071031,479176,13169,44110,6479
10,KMRX20220719_100441_V06,-26.186,0.062,437.282,342.423,10.730,-82.641,35.975,5364.752,71843.569,20220719_060441,479180,14277,45725,5229
13,KMRX20220719_101413_V06,-16.652,0.096,359.993,382.387,15.644,-83.070,35.797,7821.766,50957.993,20220719_061413,479176,19290,43600,9667
17,KMRX20220719_104131_V06,10.648,0.148,186.652,377.969,13.816,-84.029,35.815,6907.824,68787.346,20220719_064131,479177,13490,38707,6880
25,KMRX20220721_113438_V06,62.324,0.050,208.581,220.287,28.411,-83.912,36.526,14205.404,60645.660,20220721_073438,479176,265451,271533,11961
29,KMRX20220721_114629_V06,74.174,0.054,323.172,144.348,22.072,-83.272,36.870,11036.072,78683.787,20220721_074629,479184,239452,247673,13788
1,KMRX20220722_103708_V06,4.091,0.751,27.011,482.469,29.683,-84.903,35.337,14841.565,164178.300,20220722_063708,479174,36524,50607,27341
1,KMRX20220722_104403_V06,11.008,0.682,28.039,483.018,35.823,-84.898,35.334,17911.390,163904.130,20220722_064403,479178,45844,54447,33767
1,KMRX20220722_105102_V06,17.991,0.781,32.160,484.206,39.588,-84.875,35.329,19794.099,162534.860,20220722_065102,479180,51820,58440,38398
1,KMRX20220722_110504_V06,32.024,0.252,36.077,478.356,36.674,-84.854,35.356,18337.075,159268.798,20220722_070504,479177,57608,60946,42664
2,KMRX20220723_103138_V06,-2.150,0.671,29.481,478.628,31.393,-84.890,35.354,15696.672,162087.063,20220723_063138,479170,25522,37021,21521
2,KMRX20220723_103827_V06,4.666,0.873,31.894,477.347,39.324,-84.877,35.360,19662.182,160727.062,20220723_063827,479177,31583,39717,26624
2,KMRX20220723_104527_V06,11.666,0.904,36.986,475.417,44.346,-84.849,35.369,22173.190,158072.203,20220723_064527,479176,36744,42585,30565
2,KMRX20220723_105228_V06,18.683,0.941,39.569,474.913,52.005,-84.835,35.372,26002.647,156859.044,20220723_065228,479180,40512,45599,33306
2,KMRX20220723_110628_V06,32.683,0.846,44.039,470.612,57.904,-84.811,35.391,28951.805,153805.470,20220723_070628,479174,40524,47463,33303
2,KMRX20220723_111328_V06,39.683,0.472,39.623,456.361,56.005,-84.836,35.455,28002.696,151859.391,20220723_071328,479176,38346,47347,31112
2,KMRX20220723_112028_V06,46.683,0.098,31.098,449.867,52.308,-84.884,35.484,26154.118,153922.064,20220723_072028,479172,35007,48548,27733
2,KMRX20220723_112728_V06,53.683,0.132,28.842,445.146,49.610,-84.896,35.505,24805.046,153780.591,20220723_072728,479175,33099,49081,25975
1,KMRX20220723_093615_V06,-57.534,0.126,242.639,428.307,6.269,-83.718,35.590,3134.598,70272.515,20220723_053615,479176,17351,34623,14894
1,KMRX20220724_103013_V06,-4.316,0.450,37.794,458.028,38.744,-84.846,35.447,19371.872,153072.663,20220724_063013,479179,26933,28019,23839
1,KMRX20220724_103712_V06,2.668,0.826,44.491,454.176,46.505,-84.809,35.465,23252.376,149210.540,20220724_063712,479174,32679,27651,29404
1,KMRX20220724_104412_V06,9.668,0.861,50.839,446.231,52.053,-84.775,35.501,26026.268,144451.206,20220724_064412,479176,36268,28246,32735
1,KMRX20220724_105112_V06,16.668,0.894,55.878,442.747,57.822,-84.748,35.517,28911.147,141397.064,20220724_065112,479177,37105,29712,33482
1,KMRX20220724_110513_V06,30.684,0.881,55.012,443.291,62.995,-84.752,35.515,31497.455,141908.130,20220724_070513,479174,29100,32994,25271
1,KMRX20220724_111213_V06,37.684,0.735,58.549,438.537,71.613,-84.733,35.537,35806.266,139186.224,20220724_071213,479177,23739,35339,20109
1,KMRX20220724_111913_V06,44.684,0.224,56.968,432.166,75.083,-84.742,35.565,37541.605,138322.405,20220724_071913,479176,22456,35980,18711
1,KMRX20220725_104954_V06,14.612,0.082,28.318,105.755,42.763,-84.929,37.034,21381.464,166989.846,20220725_064954,479179,16761,37423,10145
1,KMRX20220725_105429_V06,19.196,-1.000,28.318,105.755,50.050,-84.929,37.034,25025.214,166989.846,20220725_065429,479172,17583,38443,10792
1,KMRX20220725_110338_V06,28.346,0.215,35.790,94.169,59.434,-84.888,37.087,29716.785,167461.316,20220725_070338,479181,18911,38823,12354
1,KMRX20220725_110814_V06,32.946,0.353,40.888,100.550,59.796,-84.859,37.058,29897.885,163492.290,20220725_070814,479176,19507,39162,12725
1,KMRX20220725_111249_V06,37.529,0.109,45.931,96.010,64.719,-84.831,37.079,32359.518,162913.059,20220725_071249,479181,20019,39931,12809
1,KMRX20220725_111724_V06,42.112,0.055,48.439,92.140,65.460,-84.817,37.097,32730.113,163163.127,20220725_071724,479180,20458,40435,12727
1,KMRX20220725_112159_V06,46.696,0.057,50.834,93.724,61.073,-84.803,37.090,30536.415,161735.680,20220725_072159,479186,20744,40778,12548
1,KMRX20220725_112626_V06,51.146,0.221,51.674,90.601,64.232,-84.799,37.104,32115.794,162414.614,20220725_072626,479179,20363,41827,12017
1,KMRX20220725_113054_V06,55.612,0.153,53.867,92.338,64.306,-84.786,37.096,32152.931,161016.217,20220725_073054,479184,20335,42390,11569
2,KMRX20220725_110338_V06,28.346,0.489,62.982,477.566,59.187,-84.706,35.361,29593.414,148077.076,20220725_070338,479181,18911,38823,12354
2,KMRX20220725_110814_V06,32.946,0.226,63.776,475.701,65.500,-84.702,35.369,32749.877,147201.244,20220725_070814,479176,19507,39162,12725
2,KMRX20220725_111249_V06,37.529,0.176,63.469,470.162,67.605,-84.704,35.394,33802.700,145689.618,20220725_071249,479181,20019,39931,12809
11,KMRX20220726_103458_V06,-1.083,0.142,38.011,469.339,34.334,-84.844,35.397,17166.912,155975.893,20220726_063458,479177,30448,43577,15180
11,KMRX20220726_103947_V06,3.734,0.672,41.381,468.435,41.514,-84.825,35.401,20757.086,154316.265,20220726_063947,479181,34973,46828,18044
11,KMRX20220726_104431_V06,8.467,0.651,47.899,467.784,47.032,-84.790,35.404,23515.991,151415.417,20220726_064431,479180,37930,48228,20174
11,KMRX20220726_104921_V06,13.301,0.761,56.474,462.952,53.397,-84.743,35.426,26698.463,146507.932,20220726_064921,479174,40435,49710,22082
11,KMRX20220726_105411_V06,18.134,0.718,57.571,463.813,56.457,-84.737,35.423,28228.410,146292.838,20220726_065411,479179,41184,49974,22682
11,KMRX20220726_110351_V06,27.801,0.827,64.497,459.002,61.872,-84.699,35.445,30935.931,142076.835,20220726_070351,479176,41316,52857,21871
11,KMRX20220726_110841_V06,32.634,0.472,66.324,455.829,65.909,-84.689,35.459,32954.452,140434.015,20220726_070841,479186,39745,53070,20417
11,KMRX20220726_111345_V06,37.701,0.206,51.279,451.059,55.112,-84.772,35.480,27555.975,145499.941,20220726_071345,479177,38493,52560,19759
11,KMRX20220726_111836_V06,42.551,0.213,52.239,451.161,62.107,-84.767,35.479,31053.286,145116.564,20220726_071836,479183,37726,53280,18824
11,KMRX20220726_112326_V06,47.384,0.138,40.838,442.850,49.654,-84.830,35.516,24826.845,147962.284,20220726_072326,479177,35987,53262,17212
11,KMRX20220726_112803_V06,52.001,-1.000,40.838,442.850,56.994,-84.830,35.516,28497.095,147962.284,20220726_072803,479180,35789,53551,16829
11,KMRX20220726_113241_V06,56.634,0.052,28.923,430.376,41.064,-84.897,35.571,20531.790,150399.925,20220726_073241,479178,34138,53828,15862
12,KMRX20220726_103947_V06,3.734,0.069,343.380,297.128,13.213,-83.161,36.181,6606.297,21737.508,20220726_063947,479181,34973,46828,18044
12,KMRX20220726_104431_V06,8.467,0.482,344.142,296.339,19.337,-83.157,36.185,9668.532,22146.575,20220726_064431,479180,37930,48228,20174
7,KMRX20220726_101124_V06,-24.649,0.092,250.636,188.419,30.632,-83.678,36.671,15315.899,61006.504,20220726_061124,479183,18738,43597,6846
7,KMRX20220726_101607_V06,-19.933,-1.000,250.636,188.419,38.131,-83.678,36.671,19065.649,61006.504,20220726_061607,479174,22740,44703,9576
7,KMRX20220726_102050_V06,-15.216,0.256,266.883,181.735,28.464,-83.587,36.701,14231.750,61407.254,20220726_062050,479183,24358,44949,10657
1,KMRX20220727_103927_V06,2.633,0.170,54.145,464.213,33.999,-84.755,35.421,16999.424,147826.159,20220727_063927,479179,27805,46042,12547
1,KMRX20220727_104355_V06,7.100,0.432,55.005,465.571,41.676,-84.751,35.415,20838.139,147848.388,20220727_064355,479180,30137,48430,14314
1,KMRX20220727_104839_V06,11.833,0.660,59.471,466.812,48.686,-84.726,35.409,24342.932,146356.386,20220727_064839,479177,32630,51674,16033
1,KMRX20220727_105253_V06,16.067,0.680,59.961,468.047,54.398,-84.723,35.404,27199.125,146508.218,20220727_065253,479179,35505,53168,18171
1,KMRX20220727_110203_V06,25.233,0.573,59.935,464.780,59.362,-84.724,35.418,29680.895,145588.375,20220727_070203,479180,40153,57372,20955
1,KMRX20220727_110638_V06,29.817,0.324,63.073,460.277,64.673,-84.707,35.439,32336.307,143023.799,20220727_070638,479178,41078,57744,21235
1,KMRX20220727_111112_V06,34.383,0.063,66.478,457.468,68.085,-84.688,35.452,34042.713,140826.902,20220727_071112,479172,42187,58273,22064
2,KMRX20220727_112932_V06,52.717,0.089,31.014,441.517,48.774,-84.885,35.521,24386.843,151970.610,20220727_072932,479182,43225,59767,21660
4,KMRX20220728_105308_V06,15.544,0.159,67.230,465.246,49.198,-84.683,35.417,24599.022,142730.462,20220728_065308,479194,105461,114183,23572
4,KMRX20220728_110044_V06,23.144,0.413,70.617,463.146,60.823,-84.665,35.426,30411.374,140741.924,20220728_070044,479189,108393,117802,24628
4,KMRX20220728_110432_V06,26.944,0.082,75.785,458.073,65.364,-84.637,35.450,32681.897,137167.351,20220728_070432,479184,109988,119393,25400
1,KMRX20220728_102716_V06,-10.322,0.529,381.754,238.607,5.405,-82.946,36.444,2702.274,51119.434,20220728_062716,479183,94427,106777,17493
5,KMRX20220728_110044_V06,23.144,0.205,300.128,411.202,12.650,-83.401,35.667,6324.844,55601.233,20220728_070044,479189,108393,117802,24628
2,KMRX20220730_104041_V06,1.536,0.288,29.609,471.784,24.728,-84.890,35.385,12363.955,160172.544,20220730_064041,479176,27436,36925,20849
2,KMRX20220730_104501_V06,5.869,0.519,30.196,471.684,31.205,-84.887,35.385,15602.681,159898.071,20220730_064501,479180,30725,37094,23616
2,KMRX20220730_104921_V06,10.202,0.806,32.996,468.826,33.093,-84.872,35.398,16546.286,157950.257,20220730_064921,479179,33446,37798,26179
2,KMRX20220730_105341_V06,14.536,0.875,37.733,471.626,39.759,-84.845,35.386,19879.527,156715.972,20220730_065341,479182,37945,38327,30216
2,KMRX20220730_110251_V06,23.702,0.518,40.928,471.304,44.979,-84.828,35.388,22489.257,155292.964,20220730_070251,479182,46877,38217,38421
2,KMRX20220730_110726_V06,28.286,0.149,40.704,465.699,47.104,-84.829,35.413,23552.136,153859.247,20220730_070726,479180,50252,38268,41740
2,KMRX20220730_111203_V06,32.902,0.077,34.815,463.751,46.007,-84.862,35.421,23003.583,155834.415,20220730_071203,479177,53662,31673,47924
3,KMRX20220730_112557_V06,46.802,0.194,294.731,409.782,7.970,-83.431,35.674,3984.785,54954.129,20220730_072557,479174,52730,32352,47163
3,KMRX20220730_113257_V06,53.802,0.070,296.678,408.777,17.267,-83.420,35.678,8633.429,54413.885,20220730_073257,479176,52165,33462,46309
5,KMRX20220730_114657_V06,67.802,0.064,32.428,413.616,45.861,-84.879,35.647,22930.519,145347.163,20220730_074657,479178,49212,34255,43040
4,KMRX20220731_104258_V06,3.034,0.512,42.095,464.071,41.280,-84.822,35.421,20639.790,152835.133,20220731_064258,479183,42375,70167,12497
4,KMRX20220731_104810_V06,8.234,0.632,46.981,459.966,49.941,-84.795,35.439,24970.391,149672.699,20220731_064810,479178,45499,73837,12954
4,KMRX20220731_105336_V06,13.667,0.601,59.368,455.375,54.499,-84.727,35.461,27249.314,143217.504,20220731_065336,479171,50067,79909,13034
11,KMRX20220801_100515_V06,-35.471,0.276,188.531,373.707,18.476,-84.019,35.835,9237.934,66817.181,20220801_060515,479178,33665,68530,7823
11,KMRX20220801_100930_V06,-31.221,-1.000,188.531,373.707,25.233,-84.019,35.835,12616.684,66817.181,20220801_060930,479178,33887,69370,7515
11,KMRX20220801_101345_V06,-26.971,0.429,205.102,372.986,15.429,-83.927,35.838,7714.705,59859.632,20220801_061345,479182,35232,71621,7501
11,KMRX20220801_101800_V06,-22.721,0.051,200.816,375.130,2.822,-83.951,35.829,1410.995,62213.415,20220801_061800,479174,35387,71850,7728
27,KMRX20220801_111935_V06,38.863,0.101,112.991,361.543,17.582,-84.438,35.887,8791.167,98437.745,20220801_071935,479180,41323,72246,7484
1,KMRX20220802_110649_V06,25.305,0.095,25.174,491.745,29.472,-84.913,35.295,14736.244,167552.577,20220802_070649,479178,8824,33952,7283
1,KMRX20220802_111330_V06,31.988,0.089,25.651,489.872,37.063,-84.910,35.303,18531.457,166822.490,20220802_071330,479178,9550,35114,7542
1,KMRX20220802_112012_V06,38.688,0.092,34.697,494.279,42.975,-84.860,35.284,21487.586,164415.671,20220802_072012,479174,9892,35828,7559
1,KMRX20220802_112654_V06,45.388,0.397,46.797,499.930,53.348,-84.793,35.259,26673.854,161310.314,20220802_072654,479179,9473,36104,7328
1,KMRX20220802_113335_V06,52.072,0.250,45.916,496.576,53.817,-84.798,35.274,26908.331,160624.338,20220802_073335,479179,9484,36934,7475
1,KMRX20220802_114016_V06,58.755,0.054,35.432,470.873,43.189,-84.858,35.389,21594.627,157475.279,20220802_074016,479179,9321,38360,7393
1,KMRX20220803_101542_V06,-26.605,0.075,299.695,348.637,8.655,-83.404,35.949,4327.362,24318.808,20220803_061542,479177,21610,36213,17728
1,KMRX20220803_102242_V06,-19.605,0.110,299.186,349.120,17.390,-83.406,35.947,8695.202,24563.320,20220803_062242,479177,17770,37892,14764
1,KMRX20220804_102720_V06,-15.766,0.802,26.603,465.867,26.570,-84.907,35.411,13285.149,159888.875,20220804_062720,479176,18351,31144,15965
1,KMRX20220804_103420_V06,-8.766,0.769,30.340,463.686,34.282,-84.887,35.421,17140.963,157725.899,20220804_063420,479174,25709,27864,23003
1,KMRX20220804_104120_V06,-1.766,0.777,38.833,457.927,41.114,-84.840,35.448,20556.801,152601.765,20220804_064120,479176,29956,27869,26782
1,KMRX20220804_104819_V06,5.217,0.876,42.541,449.946,48.319,-84.821,35.484,24159.270,148970.740,20220804_064819,479176,33519,26913,30194
1,KMRX20220804_110221_V06,19.250,0.747,50.519,448.292,57.218,-84.777,35.492,28609.218,145113.176,20220804_070221,479179,32143,27542,28788
1,KMRX20220804_110920_V06,26.234,0.668,44.954,440.414,60.211,-84.808,35.527,30105.604,145571.714,20220804_070920,479175,28763,29335,25368
1,KMRX20220804_111620_V06,33.234,0.156,49.269,443.867,67.037,-84.784,35.512,33518.697,144536.797,20220804_071620,479178,25377,29339,22048
2,KMRX20220804_102720_V06,-15.766,0.177,344.051,299.834,8.920,-83.157,36.169,4460.232,22025.883,20220804_062720,479176,18351,31144,15965
2,KMRX20220804_103420_V06,-8.766,0.253,343.857,300.818,17.441,-83.158,36.164,8720.691,21932.069,20220804_063420,479174,25709,27864,23003
2,KMRX20220804_104120_V06,-1.766,0.331,340.578,302.413,20.552,-83.176,36.157,10275.882,20325.050,20220804_064120,479176,29956,27869,26782
3,KMRX20220804_102720_V06,-15.766,0.080,153.653,385.678,25.430,-84.211,35.780,12715.082,84791.156,20220804_062720,479176,18351,31144,15965
4,KMRX20220804_103420_V06,-8.766,0.360,303.914,348.760,6.186,-83.380,35.949,3092.972,24458.352,20220804_063420,479174,25709,27864,23003
5,KMRX20220804_104819_V06,5.217,0.182,175.484,361.451,16.550,-84.091,35.889,8275.030,69426.960,20220804_064819,479176,33519,26913,30194
3,KMRX20220806_095052_V06,-53.827,0.112,371.088,256.938,2.212,-83.006,36.362,1106.125,41556.507,20220806_055052,479175,45923,54019,21661
1,KMRX20220807_105100_V06,5.508,0.062,33.177,477.302,37.688,-84.870,35.360,18843.872,160179.803,20220807_065100,479174,16856,29253,14296
1,KMRX20220807_110501_V06,19.525,0.406,31.398,465.201,41.356,-84.881,35.415,20677.815,157669.462,20220807_070501,479173,21071,33729,17622
1,KMRX20220807_111201_V06,26.525,0.394,41.064,462.646,48.030,-84.828,35.427,24015.248,152890.350,20220807_071201,479177,22317,35976,18319
1,KMRX20220807_111902_V06,33.541,0.774,45.264,467.864,54.707,-84.804,35.404,27353.693,152536.011,20220807_071902,479173,21524,36825,17421
1,KMRX20220807_112601_V06,40.525,0.732,41.177,465.172,52.928,-84.827,35.416,26463.796,153518.246,20220807_072601,479178,20714,38226,16391
1,KMRX20220807_113302_V06,47.541,0.470,35.782,457.306,52.475,-84.857,35.451,26237.557,153750.076,20220807_073302,479177,19974,39121,15568
1,KMRX20220807_114002_V06,54.541,0.506,34.895,448.234,51.010,-84.863,35.491,25505.195,151866.896,20220807_074002,479179,19145,39550,14596
1,KMRX20220807_114703_V06,61.558,0.455,33.258,445.236,50.657,-84.872,35.505,25328.258,151859.303,20220807_074703,479172,17928,39669,13183
1,KMRX20220807_120103_V06,75.558,0.307,29.988,429.856,48.693,-84.891,35.574,24346.502,149807.264,20220807_080103,479180,17174,39687,12487
1,KMRX20220807_120803_V06,82.558,0.072,30.660,424.519,45.733,-84.888,35.598,22866.382,148365.271,20220807_080803,479177,15726,39486,11613
1,KMRX20220808_110559_V06,19.692,0.589,40.966,469.736,46.776,-84.828,35.395,23388.248,154845.797,20220808_070559,479177,31570,43173,25377
1,KMRX20220808_111258_V06,26.676,0.482,42.809,468.451,54.967,-84.818,35.401,27483.504,153722.814,20220808_071258,479178,30614,44324,24153
1,KMRX20220808_111958_V06,33.676,0.777,45.970,479.078,62.829,-84.799,35.353,31414.415,155402.642,20220808_071958,479179,28997,45101,22159
1,KMRX20220808_112659_V06,40.692,0.668,46.595,470.139,62.281,-84.797,35.393,31140.506,152611.895,20220808_072659,479178,26512,45611,19863
1,KMRX20220808_113359_V06,47.692,0.682,32.231,449.502,50.549,-84.877,35.486,25274.380,153338.492,20220808_073359,479172,24939,44851,18482
1,KMRX20220808_114100_V06,54.709,0.581,33.516,447.797,56.352,-84.870,35.493,28175.824,152362.998,20220808_074100,479174,23386,44843,17062
1,KMRX20220808_114800_V06,61.709,0.474,34.139,439.903,54.073,-84.868,35.529,27036.443,150212.229,20220808_074800,479181,22144,44498,16054
1,KMRX20220808_120201_V06,75.726,0.222,32.503,432.682,51.857,-84.877,35.561,25928.332,149297.416,20220808_080201,479177,20632,44976,14635
3,KMRX20220809_111034_V06,23.477,0.099,36.256,457.503,42.894,-84.855,35.450,21447.220,153596.878,20220809_071034,479172,19957,40342,13796
3,KMRX20220809_111509_V06,28.060,0.157,37.497,458.447,48.835,-84.848,35.446,24417.380,153307.952,20220809_071509,479171,18727,39834,13236
3,KMRX20220809_111944_V06,32.643,0.140,41.741,461.248,50.534,-84.824,35.433,25266.871,152232.330,20220809_071944,479170,17849,38047,13178
3,KMRX20220809_112419_V06,37.227,0.321,47.794,463.289,50.528,-84.791,35.424,25264.238,150225.806,20220809_072419,479160,16023,37313,11915
3,KMRX20220809_112855_V06,41.827,0.240,47.309,460.579,53.273,-84.793,35.437,26636.467,149698.207,20220809_072855,479177,15635,41682,12095
3,KMRX20220809_113548_V06,48.710,0.186,30.442,445.181,41.582,-84.888,35.505,20790.905,153084.332,20220809_073548,479182,15960,41076,12260
3,KMRX20220809_114248_V06,55.710,0.110,31.568,441.365,49.212,-84.882,35.522,24605.972,151690.226,20220809_074248,479178,14920,41630,11179
2,KMRX20220811_113129_V06,42.795,0.096,302.060,412.129,6.031,-83.391,35.663,3015.423,56074.191,20220811_073129,479166,21174,44307,6460
3,KMRX20220812_110116_V06,11.779,0.444,30.991,496.146,34.255,-84.880,35.275,17127.647,166462.607,20220812_070116,479173,129758,26769,120756
3,KMRX20220812_110816_V06,18.779,0.493,33.191,496.216,42.154,-84.868,35.275,21077.162,165595.525,20220812_070816,479173,133398,27537,123807
3,KMRX20220812_111517_V06,25.796,0.616,36.622,493.891,43.038,-84.850,35.286,21518.869,163525.122,20220812_071517,479176,135116,28692,124624
3,KMRX20220812_112217_V06,32.796,0.791,39.043,490.187,42.194,-84.837,35.303,21097.112,161454.124,20220812_072217,479178,133169,30525,121968
3,KMRX20220812_112917_V06,39.796,0.279,37.014,491.059,41.974,-84.848,35.299,20986.829,162530.631,20220812_072917,479176,132930,32672,120544
3,KMRX20220812_113617_V06,46.796,0.075,35.249,493.087,43.702,-84.857,35.289,21851.211,163841.279,20220812_073617,479176,132290,34454,118832
4,KMRX20220812_110116_V06,11.779,0.055,89.428,426.925,31.424,-84.564,35.591,15712.200,122933.347,20220812_070116,479173,129758,26769,120756
3,KMRX20220813_113011_V06,39.897,0.320,27.998,449.574,39.819,-84.901,35.485,19909.451,155207.645,20220813_073011,479174,33439,25960,29812
3,KMRX20220813_113710_V06,46.880,0.072,28.620,447.128,47.277,-84.897,35.496,23638.607,154348.505,20220813_073710,479180,30864,25986,27406
3,KMRX20220813_114410_V06,53.880,0.209,32.592,439.361,47.957,-84.876,35.531,23978.483,150771.716,20220813_074410,479176,28080,25792,24814
3,KMRX20220813_115110_V06,60.880,0.171,32.185,433.507,45.606,-84.879,35.558,22803.078,149623.859,20220813_075110,479179,26281,25876,23234
3,KMRX20220813_120510_V06,74.880,0.281,32.223,426.346,45.558,-84.879,35.590,22778.805,148043.832,20220813_080510,479181,21421,26328,18440
3,KMRX20220813_121210_V06,81.880,0.519,31.255,418.884,48.476,-84.885,35.623,24238.215,146933.013,20220813_081210,479175,20120,26908,17097
3,KMRX20220813_121910_V06,88.880,0.091,30.247,416.156,49.671,-84.891,35.636,24835.531,146849.488,20220813_081910,479177,19167,26758,16144
2,KMRX20220813_111610_V06,25.880,0.145,29.165,444.773,38.520,-84.895,35.507,19260.147,153550.571,20220813_071610,479177,37125,26800,32975
2,KMRX20220813_112311_V06,32.897,0.144,29.675,445.674,45.750,-84.892,35.503,22875.042,153538.714,20220813_072311,479176,35463,26153,31723
1,KMRX20220813_110210_V06,11.880,0.063,441.919,280.324,33.099,-82.612,36.254,16549.690,71638.177,20220813_070210,479178,39350,25916,35275
3,KMRX20220814_114513_V06,54.132,0.062,195.272,46.896,40.242,-83.993,37.307,20120.813,136957.921,20220814_074513,479176,10072,27501,8263
4,KMRX20220814_120601_V06,74.932,0.109,29.733,430.952,41.826,-84.893,35.569,20912.922,150160.525,20220814_080601,479176,8705,27275,7117
8,KMRX20220815_100054_V06,-50.983,0.075,467.812,343.818,18.399,-82.472,35.967,9199.585,86719.123,20220815_060054,479160,52879,45539,40196
8,KMRX20220815_100429_V06,-47.400,0.062,468.687,343.681,23.042,-82.467,35.968,11521.003,87125.543,20220815_060429,479163,52280,45657,39883
11,KMRX20220815_101517_V06,-36.600,0.071,346.995,137.320,17.362,-83.138,36.901,8680.805,84666.127,20220815_061517,479180,43030,45849,32232
11,KMRX20220815_101845_V06,-33.133,-1.000,346.995,137.320,22.874,-83.138,36.901,11436.805,84666.127,20220815_061845,479179,38384,45010,28400
11,KMRX20220815_102215_V06,-29.633,0.159,362.149,138.482,13.280,-83.053,36.896,6640.030,86531.005,20220815_062215,479168,32679,44559,23831
5,KMRX20220817_110031_V06,7.039,0.773,25.372,499.044,34.342,-84.911,35.262,17171.227,169586.990,20220817_070031,479177,31288,24898,27911
5,KMRX20220817_110731_V06,14.039,0.865,27.357,502.162,40.531,-84.900,35.248,20265.686,169708.468,20220817_070731,479175,35852,24212,32350
5,KMRX20220817_111431_V06,21.039,0.843,30.222,498.234,41.608,-84.884,35.266,20804.042,167389.135,20220817_071431,479174,39495,23958,35871
5,KMRX20220817_112130_V06,28.023,0.917,32.089,496.141,42.782,-84.874,35.275,21390.965,166017.727,20220817_072130,479175,38126,23857,34557
5,KMRX20220817_112831_V06,35.039,0.894,32.661,495.342,46.077,-84.871,35.279,23038.273,165551.093,20220817_072831,479174,36740,24357,33168
5,KMRX20220817_113531_V06,42.039,0.898,36.127,485.143,44.033,-84.853,35.325,22016.358,161172.866,20220817_073531,479177,35606,24466,32178
5,KMRX20220817_114231_V06,49.039,0.856,36.845,483.459,45.113,-84.849,35.333,22556.622,160396.450,20220817_074231,479173,32618,24720,29453
5,KMRX20220817_114930_V06,56.023,0.820,38.528,476.384,45.690,-84.840,35.365,22844.804,157701.282,20220817_074930,479175,30097,25263,26893
5,KMRX20220817_120331_V06,70.039,0.580,42.412,481.987,52.898,-84.819,35.340,26449.034,157695.254,20220817_080331,479180,25852,27016,22723
5,KMRX20220817_121030_V06,77.023,0.197,44.725,478.147,54.338,-84.806,35.357,27169.191,155645.458,20220817_081030,479179,23439,27559,20416
1,KMRX20220817_103932_V06,-13.944,0.582,400.234,240.229,6.130,-82.843,36.436,3064.842,58350.996,20220817_063932,479176,10277,28056,8641
1,KMRX20220817_104631_V06,-6.961,0.216,398.907,240.184,15.687,-82.850,36.437,7843.389,57793.811,20220817_064631,479176,18074,27246,15760
1,KMRX20220817_110031_V06,7.039,0.894,404.073,242.653,22.713,-82.822,36.425,11356.525,59413.527,20220817_070031,479177,31288,24898,27911
1,KMRX20220817_110731_V06,14.039,0.097,406.513,245.907,25.287,-82.808,36.411,12643.496,59730.906,20220817_070731,479175,35852,24212,32350
6,KMRX20220817_110731_V06,14.039,0.373,90.993,426.310,32.685,-84.555,35.594,16342.342,122104.833,20220817_070731,479175,35852,24212,32350
6,KMRX20220817_111431_V06,21.039,0.240,93.597,427.457,40.372,-84.541,35.589,20185.917,121292.654,20220817_071431,479174,39495,23958,35871
2,KMRX20220818_105140_V06,-2.607,0.248,22.780,486.945,29.219,-84.926,35.316,14609.417,167182.149,20220818_065140,479177,21888,27730,19030
2,KMRX20220818_110542_V06,11.426,0.824,25.653,495.513,36.334,-84.910,35.278,18167.103,168442.374,20220818_070542,479176,29258,26951,25650
2,KMRX20220818_111243_V06,18.443,0.787,28.893,493.379,41.106,-84.892,35.288,20552.964,166504.025,20220818_071243,479174,31601,27371,27744
2,KMRX20220818_111942_V06,25.426,0.941,30.028,494.269,44.578,-84.886,35.284,22288.996,166301.750,20220818_071942,479176,31772,27814,28133
2,KMRX20220818_112642_V06,32.426,0.940,30.668,493.801,45.802,-84.882,35.286,22901.126,165905.291,20220818_072642,479172,29626,28213,26187
2,KMRX20220818_113343_V06,39.443,0.817,32.075,482.998,46.469,-84.875,35.335,23234.446,162228.528,20220818_073343,479180,28495,28176,24946
2,KMRX20220818_114043_V06,46.443,0.504,32.149,469.434,40.134,-84.876,35.396,20067.053,158470.793,20220818_074043,479176,26133,27758,22838
2,KMRX20220818_114743_V06,53.443,0.135,31.944,467.972,47.516,-84.877,35.402,23758.097,158168.025,20220818_074743,479177,24510,27401,21297
3,KMRX20220818_110542_V06,11.426,0.149,448.785,341.104,12.605,-82.577,35.980,6302.443,77179.363,20220818_070542,479176,29258,26951,25650
3,KMRX20220818_111243_V06,18.443,-1.000,448.785,341.104,23.761,-82.577,35.980,11880.693,77179.363,20220818_071243,479174,31601,27371,27744
3,KMRX20220818_111942_V06,25.426,0.086,446.882,338.173,29.939,-82.587,35.994,14969.460,75880.661,20220818_071942,479176,31772,27814,28133
4,KMRX20220818_111243_V06,18.443,0.110,96.412,421.940,31.544,-84.525,35.614,15771.793,118656.695,20220818_071243,479174,31601,27371,27744
4,KMRX20220818_111942_V06,25.426,0.069,96.599,420.959,39.360,-84.525,35.618,19680.240,118324.573,20220818_071942,479176,31772,27814,28133
1,KMRX20220818_105140_V06,-2.607,0.931,404.556,236.561,16.427,-82.819,36.453,8213.375,61148.101,20220818_065140,479177,21888,27730,19030
3,KMRX20220819_104714_V06,-7.836,0.278,25.914,465.622,32.048,-84.911,35.412,16023.848,160120.255,20220819_064714,479176,19152,40572,10324
3,KMRX20220819_105137_V06,-3.453,-1.000,25.914,465.622,39.017,-84.911,35.412,19508.598,160120.255,20220819_065137,479177,22524,38589,13067
3,KMRX20220819_110026_V06,5.364,0.814,32.509,467.558,38.533,-84.874,35.404,19266.273,157818.692,20220819_070026,479178,24224,36365,14715
3,KMRX20220819_110450_V06,9.764,0.855,34.951,468.836,41.447,-84.861,35.399,20723.342,157127.912,20220819_070450,479173,26720,35688,17168
3,KMRX20220819_110919_V06,14.247,0.937,35.879,466.141,46.426,-84.856,35.411,23212.750,156015.260,20220819_070919,479181,28566,34542,19146
3,KMRX20220819_111348_V06,18.731,0.940,42.963,462.852,49.054,-84.817,35.426,24527.087,152141.788,20220819_071348,479179,30262,34873,20787
3,KMRX20220819_111816_V06,23.197,0.964,43.150,456.709,56.110,-84.817,35.454,28055.156,150440.833,20220819_071816,479176,30812,34858,21459
3,KMRX20220819_112245_V06,27.681,0.954,45.718,453.495,60.482,-84.803,35.468,30240.983,148509.270,20220819_072245,479182,30431,35206,21390
3,KMRX20220819_112714_V06,32.164,0.870,47.980,456.116,61.605,-84.790,35.457,30802.715,148228.122,20220819_072714,479181,28986,35373,20345
3,KMRX20220819_113149_V06,36.747,0.343,48.211,454.426,68.648,-84.789,35.464,34324.093,147686.700,20220819_073149,479180,27217,35665,18987
4,KMRX20220819_105137_V06,-3.453,0.239,26.290,470.881,27.960,-84.908,35.389,13979.791,161336.072,20220819_065137,479177,22524,38589,13067
5,KMRX20220819_110450_V06,9.764,0.089,225.979,411.909,6.323,-83.811,35.663,3161.572,67087.141,20220819_070450,479173,26720,35688,17168
1,KMRX20220820_104324_V06,-12.464,0.138,450.796,319.858,6.117,-82.565,36.076,3058.556,76048.827,20220820_064324,479168,12036,29938,9712
2,KMRX20220820_110111_V06,5.319,0.245,388.940,270.076,14.622,-82.907,36.302,7311.192,46919.659,20220820_070111,479171,19208,27597,15691
3,KMRX20220820_110526_V06,9.569,0.085,35.257,477.125,39.926,-84.858,35.361,19963.146,159265.425,20220820_070526,479165,21564,27845,17827
4,KMRX20220821_103315_V06,-23.408,0.226,222.564,394.141,13.725,-83.830,35.743,6862.356,60948.439,20220821_063315,479166,54745,81838,12381
4,KMRX20220821_103813_V06,-18.441,0.290,224.287,393.595,19.369,-83.820,35.746,9684.486,60192.162,20220821_063813,479171,51625,78625,10121
5,KMRX20220821_103813_V06,-18.441,0.368,396.908,406.054,15.730,-82.867,35.689,7864.927,71830.841,20220821_063813,479171,51625,78625,10121
9,KMRX20220822_110400_V06,6.549,0.130,40.157,484.970,23.179,-84.831,35.326,11589.363,159477.455,20220822_070400,479168,22641,47610,8202
9,KMRX20220822_110816_V06,10.816,-1.000,40.157,484.970,29.963,-84.831,35.326,14981.363,159477.455,20220822_070816,479169,23194,47211,9037
9,KMRX20220822_111245_V06,15.299,0.233,41.975,487.142,35.301,-84.821,35.317,17650.308,159373.003,20220822_071245,479168,23934,48519,9542
9,KMRX20220822_111714_V06,19.783,0.605,45.896,491.804,39.907,-84.799,35.296,19953.569,159183.614,20220822_071714,479169,24386,48471,10534
9,KMRX20220822_112143_V06,24.266,0.597,50.168,490.782,46.160,-84.775,35.301,23079.993,157173.284,20220822_072143,479169,24326,48719,10686
9,KMRX20220822_112611_V06,28.733,0.620,53.259,484.393,46.939,-84.759,35.330,23469.610,154014.389,20220822_072611,479168,23506,48801,10712
9,KMRX20220822_113046_V06,33.316,0.516,58.479,479.770,45.911,-84.730,35.351,22955.257,150540.069,20220822_073046,479170,23554,48886,10813
9,KMRX20220822_113522_V06,37.916,0.389,61.251,474.488,49.393,-84.716,35.375,24696.416,147857.499,20220822_073522,479169,22878,49113,10447
9,KMRX20220822_113957_V06,42.499,0.255,62.379,473.772,54.743,-84.709,35.378,27371.422,147190.626,20220822_073957,479168,22586,48610,10366
9,KMRX20220822_114441_V06,47.233,0.113,63.198,469.112,55.017,-84.705,35.399,27508.682,145494.192,20220822_074441,479171,22979,48896,10736
9,KMRX20220822_115045_V06,53.299,0.087,68.260,465.392,59.622,-84.678,35.416,29810.886,142353.437,20220822_075045,479168,21993,48223,10139
8,KMRX20220822_104603_V06,-11.401,0.177,276.387,169.443,6.539,-83.534,36.757,3269.398,66337.576,20220822_064603,479169,22622,49010,7437
1,KMRX20220902_105242_V06,-13.385,0.057,506.211,393.495,28.807,-82.262,35.742,14403.461,113208.052,20220902_065242,479176,24795,30820,21233
1,KMRX20220902_110649_V06,0.732,0.237,510.016,388.746,43.697,-82.241,35.763,21848.485,113998.556,20220902_070649,479181,64591,35338,56840
2,KMRX20220902_111353_V06,7.798,0.073,272.072,298.868,9.563,-83.557,36.173,4781.364,13975.340,20220902_071353,479174,64295,34746,56628
2,KMRX20220902_112055_V06,14.832,0.146,271.299,299.705,17.951,-83.561,36.170,8975.263,14351.148,20220902_072055,479174,59327,34564,51339
7,KMRX20220904_112006_V06,12.464,0.054,193.065,401.873,40.559,-83.993,35.708,20279.510,73846.597,20220904_072006,479184,76026,76845,28085
12,KMRX20220904_120829_V06,60.847,0.059,232.023,390.101,31.899,-83.778,35.762,15949.364,56433.624,20220904_080829,479176,66327,74359,21415
4,KMRX20220905_104127_V06,-26.960,0.052,274.308,381.788,26.716,-83.544,35.800,13358.198,42864.403,20220905_064127,479173,294984,273026,50434
2,KMRX20220907_111327_V06,3.495,0.080,393.361,112.275,28.631,-82.877,37.013,14315.559,104829.424,20220907_071327,479174,126337,26942,116443
3,KMRX20220907_120941_V06,59.729,0.051,488.030,371.772,22.609,-82.361,35.840,11304.253,100630.927,20220907_080941,479175,157508,40946,137511
1,KMRX20220908_110602_V06,-4.692,0.735,358.966,296.626,9.657,-83.074,36.183,4828.648,29531.114,20220908_070602,479178,125135,26393,113680
1,KMRX20220908_111303_V06,2.324,0.247,359.031,296.610,17.159,-83.074,36.183,8579.448,29564.263,20220908_071303,479176,151850,27756,138982
2,KMRX20220908_114112_V06,30.474,0.060,350.605,303.605,28.420,-83.121,36.152,14209.858,25366.447,20220908_074112,479176,139256,41875,118284
1,KMRX20220909_113509_V06,23.654,0.079,521.621,253.207,66.878,-82.167,36.373,33438.923,113253.547,20220909_073509,479179,67055,31820,57960
4,KMRX20220910_111237_V06,0.350,0.081,241.239,120.776,30.703,-83.732,36.975,15351.278,94305.545,20220910_071237,479180,340335,350900,23721
5,KMRX20220911_111440_V06,1.630,0.361,366.122,289.278,14.550,-83.034,36.216,7275.089,33493.100,20220911_071440,479182,22665,35517,13109
5,KMRX20220911_111917_V06,6.247,0.812,367.159,288.478,20.852,-83.028,36.220,10426.242,34070.080,20220911_071917,479186,23444,34343,13938
5,KMRX20220911_112355_V06,10.880,0.762,368.858,286.270,22.741,-83.019,36.230,11370.343,35106.967,20220911_072355,479175,23823,33440,14209
5,KMRX20220911_112832_V06,15.497,0.061,372.958,282.320,25.573,-82.996,36.247,12786.466,37534.737,20220911_072832,479181,23608,31968,14242
4,KMRX20220912_105235_V06,-21.224,0.074,399.937,255.952,12.027,-82.845,36.366,6013.706,54606.663,20220912_065235,479179,99335,51605,77119
4,KMRX20220912_110142_V06,-12.107,0.194,402.590,255.658,20.044,-82.830,36.367,10022.127,55881.195,20220912_070142,479182,46852,59427,25698
8,KMRX20220912_111533_V06,1.743,0.139,409.629,263.029,17.538,-82.791,36.333,8768.814,57847.484,20220912_071533,479181,31930,56052,13777
8,KMRX20220912_112010_V06,6.360,0.244,409.577,263.337,23.979,-82.792,36.332,11989.612,57773.799,20220912_072010,479182,29901,54358,12557
10,KMRX20220912_112924_V06,15.593,0.427,120.952,422.231,13.075,-84.390,35.613,6537.509,108396.078,20220912_072924,479172,29829,52085,13101
10,KMRX20220912_113402_V06,20.226,0.188,121.055,422.163,19.793,-84.389,35.614,9896.651,108334.415,20220912_073402,479182,30508,51544,13946
2,KMRX20220912_103000_V06,-43.807,0.116,373.814,258.375,13.331,-82.991,36.355,6665.504,42370.617,20220912_063000,479174,159177,42702,138116
3,KMRX20220912_103431_V06,-39.290,0.183,430.337,277.685,28.320,-82.677,36.267,14159.847,66116.516,20220912_063431,479179,157620,42263,136634
6,KMRX20220912_111056_V06,-2.874,0.118,466.438,183.122,66.646,-82.471,36.691,33322.971,101688.474,20220912_071056,479187,34568,56520,15798
1,KMRX20220914_112616_V06,10.917,0.765,340.816,304.632,20.939,-83.175,36.147,10469.524,20539.223,20220914_072616,479175,64167,29020,58349
1,KMRX20220914_113320_V06,17.983,0.073,339.745,304.749,30.749,-83.181,36.147,15374.708,20013.684,20220914_073320,479177,68423,30050,61843
1,KMRX20220915_113656_V06,20.810,0.053,25.901,444.471,42.955,-84.913,35.508,21477.259,154920.914,20220915_073656,479171,73706,33722,65550
1,KMRX20220917_111824_V06,0.727,0.100,390.871,257.263,5.877,-82.896,36.360,2938.385,50209.475,20220917_071824,479174,68419,35707,57105
2,KMRX20220917_112527_V06,7.777,0.104,390.666,114.335,20.205,-82.893,37.004,10102.676,103310.223,20220917_072527,479174,71103,35438,59542
3,KMRX20220917_123709_V06,79.477,0.056,362.026,213.366,76.939,-83.056,36.558,38469.673,53274.138,20220917_083709,479174,71365,42781,54407
1,KMRX20220920_102908_V06,-50.876,0.269,297.215,414.679,11.114,-83.417,35.652,5557.032,57356.626,20220920_062908,479178,279521,14847,271937
1,KMRX20220923_111200_V06,-10.366,0.054,241.106,427.875,8.083,-83.727,35.592,4041.637,70392.833,20220923_071200,479178,57514,33418,47602
2,KMRX20220923_113305_V06,10.717,0.149,193.204,394.835,4.536,-83.992,35.740,2267.962,71412.458,20220923_073305,479173,82873,52161,63118
3,KMRX20220923_113305_V06,10.717,0.094,390.153,239.629,8.023,-82.899,36.439,4011.303,54250.012,20220923_073305,479173,82873,52161,63118
11,KMRX20220924_113157_V06,8.794,0.055,316.151,235.368,18.877,-83.312,36.460,9438.686,33309.946,20220924_073157,479179,101739,115475,26161
11,KMRX20220924_113806_V06,14.944,0.066,314.175,230.518,31.376,-83.323,36.481,15688.232,35456.700,20220924_073806,479180,103533,114462,28158
7,KMRX20220924_104905_V06,-34.073,0.059,443.105,227.989,9.422,-82.603,36.490,4710.838,80100.874,20220924_064905,479177,203385,82921,142577
14,KMRX20220924_120948_V06,46.644,0.083,183.262,259.669,21.765,-84.052,36.348,10882.608,61754.143,20220924_080948,479183,98842,111300,27544
1,KMRX20220926_113114_V06,6.488,0.299,384.708,164.011,5.870,-82.927,36.780,2935.005,80106.929,20220926_073114,479176,37804,32080,32325
3,KMRX20220926_113114_V06,6.488,0.114,121.534,415.690,22.468,-84.387,35.643,11233.953,106341.797,20220926_073114,479176,37804,32080,32325
4,KMRX20220926_113114_V06,6.488,0.111,351.834,181.002,6.489,-83.112,36.704,3244.690,64898.612,20220926_073114,479176,37804,32080,32325
1,KMRX20220927_114004_V06,14.522,0.094,116.196,422.910,21.959,-84.416,35.610,10979.514,110556.060,20220927_074004,479181,25791,25109,22771
1,KMRX20220928_112917_V06,2.937,0.713,335.792,306.287,16.954,-83.203,36.140,8477.154,18170.169,20220928_072917,479179,19822,20968,17591
1,KMRX20220928_113616_V06,9.920,0.150,337.881,305.260,26.707,-83.191,36.144,13353.528,19122.177,20220928_073616,479181,23470,21055,21111
3,KMRX20220928_113616_V06,9.920,0.150,205.303,344.443,14.702,-83.927,35.967,7350.876,52303.991,20220928_073616,479181,23470,21055,21111
3,KMRX20220928_114321_V06,17.003,0.064,206.129,345.761,21.283,-83.922,35.961,10641.451,52215.365,20220928_074321,479181,24052,21350,21781
4,KMRX20220928_120423_V06,38.037,0.150,91.828,365.803,17.545,-84.554,35.866,8772.728,109162.467,20220928_080423,479175,24236,25085,21401
1,KMRX20220929_113040_V06,3.515,0.100,190.820,399.097,2.172,-84.005,35.720,1086.060,73723.417,20220929_073040,479174,13229,19701,11725
3,KMRX20220929_113744_V06,10.581,0.073,201.962,347.577,12.193,-83.945,35.953,6096.725,54486.191,20220929_073744,479178,14654,19583,13029
3,KMRX20220930_114658_V06,19.006,0.188,67.769,359.825,21.695,-84.688,35.892,10847.253,119906.388,20220930_074658,479178,28554,23244,25498
3,KMRX20220930_120045_V06,32.789,0.135,59.064,364.744,35.205,-84.736,35.869,17602.724,124741.831,20220930_080045,479175,28769,22498,25900
7,KMRX20220930_120045_V06,32.789,0.410,300.983,150.027,3.219,-83.396,36.844,1609.638,74988.092,20220930_080045,479175,28769,22498,25900
7,KMRX20220930_120739_V06,39.689,0.130,302.046,150.122,10.986,-83.390,36.844,5492.988,74946.220,20220930_080739,479179,26197,23197,23517
1,KMRX20220930_114000_V06,12.039,0.155,387.799,238.062,3.773,-82.912,36.446,1886.513,53723.791,20220930_074000,479174,26690,24277,23266
4,KMRX20220930_114658_V06,19.006,0.099,309.688,333.913,15.266,-83.348,36.016,7633.215,17634.857,20220930_074658,479178,28554,23244,25498
5,KMRX20220930_114658_V06,19.006,0.094,204.781,348.057,15.064,-83.930,35.951,7532.167,53329.669,20220930_074658,479178,28554,23244,25498
11,KMRX20220930_122811_V06,60.223,0.128,316.923,329.515,10.866,-83.308,36.035,5433.128,17011.286,20220930_082811,479180,25683,22871,23054
4,KMRX20221002_113333_V06,3.961,0.251,268.348,358.439,5.704,-83.577,35.905,2851.788,33230.192,20221002_073333,479176,13197,36366,8573
1,KMRX20221003_120359_V06,33.575,0.212,202.621,345.500,23.313,-83.942,35.962,11656.433,53742.277,20221003_080359,479176,12159,33351,10460
2,KMRX20221003_122502_V06,54.625,0.122,221.002,356.266,10.627,-83.840,35.914,5313.553,48493.672,20221003_082502,479179,11671,33205,10075
1,KMRX20221004_112631_V06,-4.715,0.854,334.460,312.136,9.025,-83.211,36.113,4512.291,18267.099,20221004_072631,479175,22750,25499,19956
1,KMRX20221004_113324_V06,2.169,0.056,335.066,312.590,16.384,-83.207,36.111,8192.075,18628.923,20221004_073324,479175,30407,25702,27638
1,KMRX20221004_114029_V06,9.252,0.839,333.139,312.838,23.408,-83.218,36.110,11704.026,17769.421,20221004_074029,479177,35137,27124,32014
1,KMRX20221004_114722_V06,16.135,0.914,333.629,315.924,28.424,-83.215,36.096,14211.892,18604.324,20221004_074722,479180,37377,27656,33916
2,KMRX20221004_113324_V06,2.169,0.873,383.991,251.637,16.530,-82.934,36.385,8265.228,48459.804,20221004_073324,479175,30407,25702,27638
2,KMRX20221004_114029_V06,9.252,0.833,380.407,254.217,24.084,-82.954,36.374,12042.148,46263.692,20221004_074029,479177,35137,27124,32014
2,KMRX20221004_114722_V06,16.135,0.700,380.332,255.840,28.751,-82.954,36.366,14375.392,45834.983,20221004_074722,479180,37377,27656,33916
5,KMRX20221004_114029_V06,9.252,0.892,366.188,171.491,16.416,-83.031,36.747,8207.779,72275.996,20221004_074029,479177,35137,27124,32014
5,KMRX20221004_114722_V06,16.135,0.567,369.156,172.788,23.093,-83.015,36.741,11546.494,72397.325,20221004_074722,479180,37377,27656,33916
5,KMRX20221004_120119_V06,30.085,0.087,372.787,177.339,31.156,-82.995,36.720,15578.233,71315.711,20221004_080119,479177,31701,25703,28127
8,KMRX20221004_114722_V06,16.135,0.275,388.744,141.096,13.185,-82.904,36.883,6592.453,91002.587,20221004_074722,479180,37377,27656,33916
10,KMRX20221004_120824_V06,37.169,0.056,50.030,384.633,57.983,-84.784,35.779,28991.693,131954.426,20221004_080824,479172,27784,25848,24360
1,KMRX20221005_113145_V06,-0.309,0.904,340.014,306.821,15.405,-83.180,36.137,7702.427,20295.484,20221005_073145,479179,51918,28442,43530
1,KMRX20221005_113850_V06,6.775,0.446,342.491,307.257,24.367,-83.166,36.135,12183.508,21552.980,20221005_073850,479175,56337,30339,46360
2,KMRX20221005_113145_V06,-0.309,0.563,497.948,152.318,8.943,-82.293,36.829,4471.493,123484.090,20221005_073145,479179,51918,28442,43530
2,KMRX20221005_113850_V06,6.775,0.143,498.505,152.178,16.810,-82.289,36.829,8405.215,123749.434,20221005_073850,479175,56337,30339,46360
3,KMRX20221005_113145_V06,-0.309,0.313,108.758,408.176,12.965,-84.458,35.676,6482.584,109858.658,20221005_073145,479179,51918,28442,43530
3,KMRX20221005_113850_V06,6.775,0.092,110.298,408.369,21.448,-84.450,35.675,10723.801,109236.490,20221005_073850,479175,56337,30339,46360
2,KMRX20221006_114133_V06,8.660,0.309,205.663,349.918,17.569,-83.925,35.942,8784.317,53365.077,20221006_074133,479173,73407,34551,62440
2,KMRX20221006_114838_V06,15.743,0.248,206.281,350.442,27.196,-83.921,35.940,13597.981,53215.672,20221006_074838,479176,72011,34270,61363
1,KMRX20221006_112723_V06,-5.507,0.136,108.311,408.487,10.078,-84.461,35.675,5039.178,110129.773,20221006_072723,479173,67191,35347,55401
3,KMRX20221006_114838_V06,15.743,0.062,389.595,137.327,8.709,-82.899,36.900,4354.256,92856.961,20221006_074838,479176,72011,34270,61363
4,KMRX20221006_123813_V06,65.327,0.062,33.406,421.503,36.121,-84.873,35.612,18060.329,146488.405,20221006_083813,479176,67393,46385,52768
1,KMRX20221007_113140_V06,-2.059,0.051,333.905,289.450,4.608,-83.213,36.216,2304.100,17754.428,20221007_073140,479175,108132,31781,96612
1,KMRX20221007_113845_V06,5.024,0.379,336.815,296.170,18.314,-83.197,36.185,9156.796,18506.648,20221007_073845,479176,105777,34713,92861
1,KMRX20221007_114549_V06,12.091,0.143,339.508,296.535,20.286,-83.182,36.184,10143.240,19830.063,20221007_074549,479174,106940,38069,90793
1,KMRX20221008_113930_V06,4.933,0.781,326.093,307.891,20.000,-83.257,36.133,9999.836,13629.820,20221008_073930,479173,56963,26689,51283
1,KMRX20221008_114635_V06,12.016,0.217,328.045,310.125,28.354,-83.246,36.123,14176.783,14908.275,20221008_074635,479179,49487,24509,44530
1,KMRX20221008_120032_V06,25.966,0.311,336.374,315.773,30.748,-83.200,36.097,15373.857,19823.299,20221008_080032,479175,46115,20707,42761
2,KMRX20221008_114635_V06,12.016,0.060,358.999,190.010,8.838,-83.072,36.663,4418.774,62407.447,20221008_074635,479179,49487,24509,44530
2,KMRX20221008_120032_V06,25.966,0.067,360.599,190.384,22.526,-83.063,36.662,11263.249,62625.753,20221008_080032,479175,46115,20707,42761
2,KMRX20221008_120730_V06,32.933,0.109,365.510,182.060,34.447,-83.035,36.699,17223.389,67456.223,20221008_080730,479177,42501,20197,39392
3,KMRX20221008_120730_V06,32.933,0.087,305.356,203.870,8.470,-83.372,36.601,4235.046,48139.698,20221008_080730,479177,42501,20197,39392
1,KMRX20221009_115115_V06,15.837,0.503,202.295,345.907,16.596,-83.943,35.960,8297.823,53976.459,20221009_075115,479182,15866,18407,13663
1,KMRX20221009_120524_V06,29.987,0.181,205.194,348.496,28.435,-83.927,35.949,14217.633,53244.735,20221009_080524,479173,16358,18346,14041
1,KMRX20221010_112523_V06,-10.880,0.317,335.003,306.606,7.401,-83.207,36.138,3700.386,17810.507,20221010_072523,479180,12637,17276,10985
1,KMRX20221010_113221_V06,-3.913,0.092,334.825,306.267,14.636,-83.208,36.140,7317.866,17692.021,20221010_073221,479179,18075,17765,15985
1,KMRX20221010_113926_V06,3.170,0.962,332.350,306.019,21.597,-83.222,36.141,10798.631,16452.333,20221010_073926,479174,18334,18031,16067
1,KMRX20221010_114631_V06,10.253,0.938,332.596,305.339,25.324,-83.221,36.144,12661.930,16515.364,20221010_074631,479176,18234,18121,16010
1,KMRX20221010_120040_V06,24.403,0.818,333.217,307.151,28.867,-83.217,36.136,14433.654,16989.266,20221010_080040,479174,15223,18754,12883
3,KMRX20221010_113221_V06,-3.913,0.051,286.085,308.610,16.193,-83.479,36.130,8096.622,8181.583,20221010_073221,479179,18075,17765,15985
1,KMRX20221011_112919_V06,-7.803,0.086,333.109,303.820,10.015,-83.218,36.151,5007.702,16664.240,20221011_072919,479174,14368,16441,13144
1,KMRX20221011_113625_V06,-0.703,0.877,332.835,301.007,17.405,-83.219,36.164,8702.304,16425.335,20221011_073625,479182,16192,17231,14527
1,KMRX20221011_114329_V06,6.364,0.853,333.790,302.205,23.263,-83.214,36.158,11631.452,16930.714,20221011_074329,479175,14965,17087,13258
2,KMRX20221012_113426_V06,-3.548,0.399,332.711,307.388,15.537,-83.220,36.135,7768.738,16767.363,20221012_073426,479177,41797,46404,17338
2,KMRX20221012_113905_V06,1.102,0.398,336.955,307.507,24.098,-83.197,36.134,12049.167,18854.999,20221012_073905,479177,44255,48580,17875
3,KMRX20221013_130017_V06,81.434,0.106,459.440,160.272,29.017,-82.509,36.795,14508.614,106001.055,20221013_090017,479173,10798,36645,4990
3,KMRX20221013_130714_V06,88.384,0.076,459.425,157.051,39.989,-82.509,36.809,19994.615,107063.968,20221013_090714,479173,12296,38887,5352
1,KMRX20221014_112917_V06,-10.440,0.297,345.141,305.212,9.435,-83.151,36.145,4717.628,22720.600,20221014_072917,479176,18312,18790,16476
1,KMRX20221014_113621_V06,-3.373,0.763,344.338,302.736,21.325,-83.156,36.156,10662.732,22211.165,20221014_073621,479174,21976,20575,19585
1,KMRX20221014_114324_V06,3.677,0.247,350.236,300.477,29.925,-83.123,36.166,14962.675,25119.131,20221014_074324,479179,20475,20795,18034
2,KMRX20221015_123344_V06,53.131,0.088,25.172,191.714,27.663,-84.939,36.646,13831.713,147695.959,20221015_083344,479177,10234,17713,8882
2,KMRX20221015_124030_V06,59.897,0.235,25.011,186.428,36.802,-84.940,36.670,18400.950,148759.268,20221015_084030,479174,9825,17673,8486
1,KMRX20221015_104132_V06,-59.069,0.055,266.462,400.772,7.616,-83.587,35.714,3808.222,53103.379,20221015_064132,479178,10629,26258,8792
1,KMRX20221016_112958_V06,-11.522,0.071,19.552,464.367,31.324,-84.946,35.418,15662.020,162532.883,20221016_072958,479178,8824,21610,6524
1,KMRX20221016_113642_V06,-4.788,0.110,22.453,455.087,45.345,-84.931,35.460,22672.552,158968.708,20221016_073642,479177,15151,20701,12064
1,KMRX20221016_114327_V06,1.962,0.357,32.943,444.482,56.962,-84.874,35.508,28480.874,151817.677,20221016_074327,479174,17988,21431,14121
1,KMRX20221016_115012_V06,8.712,0.544,38.314,446.067,57.713,-84.844,35.501,28856.737,149846.119,20221016_075012,479178,17721,20168,13743
1,KMRX20221016_120342_V06,22.212,0.161,47.377,437.959,63.322,-84.795,35.539,31660.894,143919.519,20221016_080342,479179,13875,20841,9836
1,KMRX20221016_121030_V06,29.012,-1.000,52.086,434.115,66.201,-84.769,35.556,33100.284,140932.705,20221016_081030,479175,13236,21017,9096
1,KMRX20221016_121715_V06,35.762,-1.000,56.761,430.299,69.058,-84.744,35.574,34529.090,137970.133,20221016_081715,479175,13571,21933,9130
1,KMRX20221016_122400_V06,42.512,0.141,67.880,444.315,68.149,-84.681,35.511,34074.521,136662.569,20221016_082400,479175,13878,22400,9058
2,KMRX20221016_113642_V06,-4.788,0.102,113.888,415.483,11.944,-84.429,35.644,5971.966,109514.875,20221016_073642,479177,15151,20701,12064
2,KMRX20221016_114327_V06,1.962,0.085,117.617,410.833,22.555,-84.409,35.665,11277.658,106709.456,20221016_074327,479174,17988,21431,14121
3,KMRX20221016_113642_V06,-4.788,0.081,121.132,405.008,6.189,-84.390,35.691,3094.676,103706.921,20221016_073642,479177,15151,20701,12064
6,KMRX20221016_125059_V06,69.495,0.111,22.395,420.993,28.560,-84.934,35.613,14280.073,151413.275,20221016_085059,479171,15322,27702,8250
1,KMRX20221019_104616_V06,-57.917,0.112,302.999,414.118,3.635,-83.385,35.654,1817.354,57078.648,20221019_064616,479177,8156,24143,6533
3,KMRX20221019_112838_V06,-15.550,0.135,243.773,428.340,10.029,-83.712,35.590,5014.591,70058.346,20221019_072838,479176,5690,19086,5080
1,KMRX20221021_113758_V06,-8.045,0.158,283.963,307.649,11.554,-83.491,36.134,5776.794,8883.866,20221021_073758,479176,17084,14803,15159
1,KMRX20221022_113339_V06,-13.285,0.592,200.556,350.941,7.180,-83.953,35.938,3589.918,55866.433,20221022_073339,479179,10449,15037,9223
1,KMRX20221023_113529_V06,-12.381,0.838,201.079,350.916,9.486,-83.950,35.938,4742.880,55627.609,20221023_073529,479178,16125,27666,13013
1,KMRX20221023_114232_V06,-5.331,0.443,201.348,350.201,15.233,-83.949,35.941,7616.618,55345.022,20221023_074232,479176,30596,29777,24355
1,KMRX20221023_114937_V06,1.753,0.365,205.107,346.667,13.655,-83.928,35.957,6827.278,52873.592,20221023_074937,479177,31358,26358,26900
1,KMRX20221025_110556_V06,-43.808,0.145,301.992,412.177,6.746,-83.391,35.663,3373.037,56097.509,20221025_070556,479178,45555,29522,38469
2,KMRX20221025_110556_V06,-43.808,0.079,128.616,308.227,2.517,-84.354,36.127,1258.585,85790.592,20221025_070556,479178,45555,29522,38469
1,KMRX20221027_120156_V06,10.292,0.150,365.753,291.729,7.653,-83.036,36.205,3826.454,33135.313,20221027_080156,479177,33516,26484,28842
5,KMRX20221101_115010_V06,-6.314,0.820,198.225,341.852,15.158,-83.966,35.978,7579.145,55021.898,20221101_075010,479174,21500,21419,19736
5,KMRX20221101_120416_V06,7.786,0.736,201.035,352.675,23.707,-83.950,35.930,11853.314,56055.350,20221101_080416,479177,38773,16103,36742
5,KMRX20221101_121046_V06,14.286,0.554,201.876,354.075,31.541,-83.946,35.923,15770.381,56018.842,20221101_081046,479176,37964,16650,35716
5,KMRX20221101_121749_V06,21.336,0.810,199.282,361.448,31.025,-83.960,35.890,15512.460,58991.308,20221101_081749,479175,35901,16832,33649
5,KMRX20221101_122453_V06,28.403,0.393,198.261,373.163,33.322,-83.965,35.837,16661.194,62657.059,20221101_082453,479176,32390,18142,30023
5,KMRX20221101_123147_V06,35.303,0.099,201.282,379.184,40.947,-83.948,35.810,20473.669,63276.020,20221101_083147,479174,28615,18817,26241
8,KMRX20221101_120416_V06,7.786,0.271,366.442,303.869,10.899,-83.033,36.150,5449.375,33277.192,20221101_080416,479177,38773,16103,36742
8,KMRX20221101_121046_V06,14.286,0.678,371.629,305.673,18.738,-83.004,36.142,9369.095,35926.688,20221101_081046,479176,37964,16650,35716
8,KMRX20221101_121749_V06,21.336,0.390,374.469,311.585,22.151,-82.988,36.115,11075.547,37682.343,20221101_081749,479175,35901,16832,33649
8,KMRX20221101_122453_V06,28.403,0.788,381.554,301.590,35.679,-82.949,36.160,17839.287,40784.808,20221101_082453,479176,32390,18142,30023
8,KMRX20221101_123147_V06,35.303,0.151,381.347,318.508,31.531,-82.950,36.084,15765.615,41713.053,20221101_083147,479174,28615,18817,26241
6,KMRX20221101_115010_V06,-6.314,0.747,237.215,368.193,7.115,-83.749,35.861,3557.423,46347.012,20221101_075010,479174,21500,21419,19736
6,KMRX20221101_120416_V06,7.786,0.601,241.714,370.561,20.950,-83.725,35.850,10475.042,45760.438,20221101_080416,479177,38773,16103,36742
6,KMRX20221101_121046_V06,14.286,0.172,243.642,366.640,28.842,-83.714,35.868,14420.811,43638.044,20221101_081046,479176,37964,16650,35716
2,KMRX20221102_120134_V06,4.105,0.211,322.116,350.940,7.016,-83.279,35.939,3508.200,27767.118,20221102_080134,479177,57385,36166,40367
1,KMRX20221104_110523_V06,-54.053,0.126,303.067,412.918,6.353,-83.385,35.659,3176.310,56479.728,20221104_070523,479175,78466,28593,70741
1,KMRX20221104_111220_V06,-47.103,0.087,302.346,412.519,14.510,-83.389,35.661,7255.000,56271.584,20221104_071220,479175,80150,28034,72706
2,KMRX20221104_114729_V06,-11.953,0.220,230.340,375.709,11.371,-83.787,35.827,5685.566,51440.329,20221104_074729,479181,29889,21329,27076
2,KMRX20221104_120124_V06,1.964,0.076,214.138,354.738,18.224,-83.878,35.921,9112.082,50913.106,20221104_080124,479174,53915,14696,50863
3,KMRX20221104_114729_V06,-11.953,0.071,205.021,348.496,4.803,-83.928,35.949,2401.604,53321.856,20221104_074729,479181,29889,21329,27076
1,KMRX20221105_121000_V06,9.572,0.169,289.802,424.851,36.925,-83.458,35.606,18462.330,62633.309,20221105_081000,479180,37117,33894,27705
3,KMRX20221106_120704_V06,5.643,0.092,366.849,298.619,31.546,-83.030,36.174,15773.159,33431.527,20221106_070704,479178,50587,45967,29283
3,KMRX20221106_121141_V06,10.259,0.118,368.087,297.307,37.425,-83.024,36.180,18712.702,34070.254,20221106_071141,479182,48787,46722,27230
2,KMRX20221106_120226_V06,1.009,0.063,267.012,341.175,17.520,-83.585,35.983,8760.180,26379.699,20221106_070226,479171,50337,46480,28664
5,KMRX20221106_122057_V06,19.526,0.089,367.688,156.791,24.210,-83.023,36.813,12104.961,79199.664,20221106_072057,479177,42754,49056,21150
6,KMRX20221106_122057_V06,19.526,0.068,64.149,128.164,57.772,-84.726,36.935,28886.192,145905.438,20221106_072057,479177,42754,49056,21150
1,KMRX20221107_120019_V06,-2.106,0.466,265.402,342.341,13.271,-83.594,35.977,6635.307,27339.411,20221107_070019,479176,86895,72281,42425
1,KMRX20221107_120456_V06,2.511,0.219,264.859,342.874,19.786,-83.597,35.975,9893.082,27717.797,20221107_070456,479175,91885,71481,46484
1,KMRX20221107_120933_V06,7.127,0.092,263.411,345.277,22.223,-83.605,35.964,11111.540,29106.601,20221107_070933,479178,93010,72277,47037
1,KMRX20221107_121411_V06,11.761,0.066,261.591,350.250,29.353,-83.615,35.942,14676.710,31624.253,20221107_071411,479182,90642,73132,44651
2,KMRX20221107_120456_V06,2.511,0.132,203.411,345.594,11.785,-83.937,35.962,5892.664,53404.513,20221107_070456,479175,91885,71481,46484
6,KMRX20221107_123258_V06,30.544,0.149,234.565,184.301,16.865,-83.768,36.689,8432.278,66460.364,20221107_073258,479183,78279,74981,34320
15,KMRX20221107_130045_V06,58.327,0.088,117.735,191.219,19.393,-84.421,36.654,9696.378,106129.508,20221107_080045,479188,63556,77169,20825
17,KMRX20221107_130523_V06,62.961,0.061,21.539,269.829,25.409,-84.952,36.294,12704.733,140045.603,20221107_080523,479179,61979,77261,19534
1,KMRX20221109_122000_V06,15.572,0.571,194.223,383.720,25.226,-83.987,35.790,12613.071,67449.767,20221109_072000,479175,36632,21900,33274
1,KMRX20221109_122652_V06,22.439,0.135,193.142,383.091,33.147,-83.993,35.792,16573.560,67680.960,20221109_072652,479175,29220,22060,26443
1,KMRX20221110_110937_V06,-55.817,0.141,242.148,428.215,8.783,-83.721,35.590,4391.264,70331.307,20221110_060937,479175,22642,31649,18701
1,KMRX20221110_111640_V06,-48.767,0.158,241.533,427.732,16.063,-83.725,35.592,8031.680,70238.694,20221110_061640,479176,23464,30808,19343
2,KMRX20221110_110937_V06,-55.817,0.118,353.487,158.631,2.085,-83.102,36.805,1042.320,75574.270,20221110_060937,479175,22642,31649,18701
2,KMRX20221111_110823_V06,-58.059,0.055,330.950,158.758,30.693,-83.229,36.805,15346.420,72296.621,20221111_060823,479188,209017,238256,25204
18,KMRX20221112_122429_V06,17.032,0.051,35.772,136.817,69.146,-84.884,36.894,34572.929,155278.137,20221112_072429,479177,22920,24942,14016
18,KMRX20221112_122847_V06,21.332,0.391,36.059,135.563,73.642,-84.883,36.900,36821.077,155486.591,20221112_072847,479178,22371,26479,12665
18,KMRX20221112_123305_V06,25.632,0.425,39.289,130.540,73.936,-84.865,36.923,36967.958,155472.648,20221112_073305,479178,22724,27036,12442
18,KMRX20221112_123728_V06,30.016,0.351,45.789,127.492,74.454,-84.829,36.937,37227.019,153608.647,20221112_073728,479175,23259,27796,11913
18,KMRX20221112_124150_V06,34.382,0.181,48.276,131.481,69.712,-84.814,36.919,34856.229,151462.591,20221112_074150,479178,25119,29530,12007
11,KMRX20221112_120433_V06,-2.901,0.217,372.162,289.215,11.583,-83.001,36.216,5791.695,36481.618,20221112_070433,479176,32990,22465,25967
11,KMRX20221112_121117_V06,3.832,0.879,374.886,286.516,21.070,-82.985,36.228,10534.971,38044.942,20221112_071117,479183,31290,23647,23254
9,KMRX20221112_114420_V06,-23.118,0.102,254.456,401.707,20.166,-83.654,35.710,10083.046,55719.486,20221112_064420,479177,13217,29803,6583
10,KMRX20221112_120433_V06,-2.901,0.637,204.235,344.290,7.545,-83.933,35.968,3772.728,52755.428,20221112_070433,479176,32990,22465,25967
12,KMRX20221112_120433_V06,-2.901,0.126,21.029,220.837,15.878,-84.959,36.515,7939.019,144992.694,20221112_070433,479176,32990,22465,25967
17,KMRX20221112_121544_V06,8.282,0.071,261.928,337.869,17.462,-83.613,35.998,8731.009,26849.092,20221112_071544,479173,27773,24861,19193
1,KMRX20221113_111119_V06,-57.145,0.074,240.686,429.717,10.664,-83.729,35.583,5332.190,71317.281,20221113_061119,479179,7592,28609,5736
1,KMRX20221114_120310_V06,-6.305,0.550,259.297,342.189,7.591,-83.628,35.978,3795.557,29311.648,20221114_070310,479178,29053,15870,27090
1,KMRX20221114_121015_V06,0.778,0.669,258.421,343.246,16.588,-83.632,35.973,8294.069,29995.913,20221114_071015,479179,34417,15565,32109
1,KMRX20221114_121720_V06,7.861,0.108,257.041,346.752,21.923,-83.640,35.957,10961.610,31746.064,20221114_071720,479171,28034,15613,25874
1,KMRX20221117_113750_V06,-34.669,0.297,267.085,346.672,8.467,-83.584,35.958,4233.463,28555.433,20221117_063750,479180,18243,25451,15157
3,KMRX20221117_121901_V06,6.515,0.108,236.760,369.004,25.333,-83.752,35.857,12666.382,46799.765,20221117_071901,479174,27892,14433,26020
2,KMRX20221118_120429_V06,-9.026,0.284,202.451,341.289,8.604,-83.943,35.981,4301.853,52963.502,20221118_070429,479175,20471,15893,18872
2,KMRX20221118_121118_V06,-2.209,0.118,203.306,341.538,17.289,-83.938,35.980,8644.529,52619.036,20221118_071118,479174,30003,13718,28235
3,KMRX20221118_121118_V06,-2.209,0.218,235.579,377.428,4.795,-83.758,35.819,2397.612,50361.782,20221118_071118,479174,30003,13718,28235
3,KMRX20221118_121816_V06,4.757,0.051,234.630,371.582,18.516,-83.764,35.845,9258.214,48469.526,20221118_071816,479174,24492,14228,22857
1,KMRX20221118_120429_V06,-9.026,0.328,302.250,341.110,16.728,-83.389,35.983,8364.193,20585.563,20221118_070429,479175,20471,15893,18872
5,KMRX20221118_121816_V06,4.757,0.063,266.982,338.547,16.546,-83.585,35.994,8272.770,25377.510,20221118_071816,479174,24492,14228,22857
2,KMRX20221119_120456_V06,-9.581,0.167,201.419,348.722,6.521,-83.948,35.948,3260.509,54981.799,20221119_070456,479171,23518,16968,21532
2,KMRX20221119_121154_V06,-2.614,0.062,202.762,347.861,14.350,-83.941,35.951,7174.789,54189.346,20221119_071154,479177,30016,15338,28093
1,KMRX20221120_121413_V06,-1.300,0.459,268.003,345.070,13.066,-83.579,35.965,6532.757,27636.624,20221120_071413,479175,35022,16667,32364
1,KMRX20221120_122105_V06,5.567,0.229,268.928,345.898,22.714,-83.574,35.961,11357.207,27713.288,20221120_072105,479175,32530,16287,30119
1,KMRX20221121_120857_V06,-7.565,0.079,297.000,335.525,12.118,-83.419,36.008,6059.097,17825.832,20221121_070857,479179,28794,19190,25627
1,KMRX20221121_121602_V06,-0.482,0.058,297.220,335.041,20.764,-83.417,36.010,10382.014,17575.759,20221121_071602,479179,30213,17530,27133
2,KMRX20221121_123715_V06,20.735,0.178,240.777,429.161,10.858,-83.729,35.586,5429.157,71045.791,20221121_073715,479175,15649,16767,13811
3,KMRX20221121_131238_V06,56.118,0.098,241.485,430.160,8.987,-83.725,35.581,4493.645,71354.090,20221121_081238,479176,11247,17086,9741
1,KMRX20221122_122827_V06,10.941,0.105,207.793,401.505,32.025,-83.911,35.710,16012.363,68566.174,20221122_072827,479176,24160,18191,21197
1,KMRX20221123_113728_V06,-41.032,0.621,246.767,357.222,6.885,-83.697,35.910,3442.404,39077.214,20221123_063728,479180,59467,35008,51059
1,KMRX20221123_114432_V06,-33.965,0.745,248.592,357.349,15.894,-83.687,35.910,7947.176,38508.792,20221123_064432,479178,52289,36638,44125
1,KMRX20221123_115135_V06,-26.915,0.196,252.345,356.648,23.867,-83.666,35.913,11933.616,37013.474,20221123_065135,479181,41050,38150,33036
3,KMRX20221123_121951_V06,1.352,0.775,259.817,343.565,16.805,-83.625,35.972,8402.716,29633.297,20221123_071951,479175,42213,22176,37891
3,KMRX20221123_122654_V06,8.402,0.110,259.863,343.116,26.171,-83.624,35.974,13085.385,29453.163,20221123_072654,479179,33988,20585,30368
4,KMRX20221123_121951_V06,1.352,0.352,118.645,395.953,6.857,-84.404,35.732,3428.254,102587.223,20221123_071951,479175,42213,22176,37891
5,KMRX20221123_122654_V06,8.402,0.504,203.587,403.966,28.434,-83.935,35.699,14217.005,70894.903,20221123_072654,479179,33988,20585,30368
1,KMRX20221124_115308_V06,-26.348,0.055,303.415,412.710,6.925,-83.383,35.660,3462.559,56380.812,20221124_065308,479179,19000,30283,14876
2,KMRX20221124_122122_V06,1.885,0.427,254.510,359.928,24.624,-83.654,35.898,12311.798,37618.918,20221124_072122,479179,31574,16855,28745
9,KMRX20221125_115323_V06,-27.074,0.058,49.435,204.925,64.722,-84.802,36.589,32360.962,133998.451,20221125_065323,479176,177874,225940,25825
9,KMRX20221125_120238_V06,-17.824,0.061,52.784,202.361,74.422,-84.783,36.600,37210.822,132899.604,20221125_070238,479179,162447,221578,23416
15,KMRX20221125_125531_V06,35.059,0.085,96.219,173.931,21.395,-84.543,36.731,10697.484,119812.344,20221125_075531,479175,112011,169920,14923
15,KMRX20221125_130447_V06,44.326,0.188,127.269,235.742,98.474,-84.365,36.454,49237.129,92148.109,20221125_080447,479175,110664,163600,14585
17,KMRX20221125_130447_V06,44.326,0.384,224.883,217.155,28.958,-83.821,36.541,14478.800,55914.642,20221125_080447,479175,110664,163600,14585
4,KMRX20221127_115016_V06,-32.120,0.080,177.999,353.758,29.313,-84.078,35.924,14656.300,66660.114,20221127_065016,479177,210304,223617,17332
8,KMRX20221127_121212_V06,-10.186,0.064,314.838,511.747,32.634,-83.320,35.214,16316.811,106133.139,20221127_071212,479177,138497,168670,12944
12,KMRX20221127_122643_V06,4.330,0.076,298.802,428.837,24.416,-83.409,35.588,12208.242,64421.198,20221127_072643,479176,119009,137841,18840
2,KMRX20221129_121742_V06,-6.578,0.102,251.597,353.655,18.216,-83.670,35.926,9108.137,36130.492,20221129_071742,479175,27263,15076,25222
2,KMRX20221129_122439_V06,0.372,0.687,256.633,344.525,24.386,-83.642,35.967,12193.066,31077.072,20221129_072439,479175,27883,14691,25979
2,KMRX20221129_123142_V06,7.422,0.143,264.279,336.366,29.456,-83.600,36.004,14728.059,25487.590,20221129_073142,479173,22751,14549,20900
3,KMRX20221129_121742_V06,-6.578,0.056,194.400,383.713,7.087,-83.986,35.790,3543.419,67377.892,20221129_071742,479175,27263,15076,25222
3,KMRX20221129_122439_V06,0.372,0.444,195.882,384.758,17.741,-83.978,35.785,8870.670,67127.590,20221129_072439,479175,27883,14691,25979
3,KMRX20221129_123142_V06,7.422,0.687,198.641,384.342,30.136,-83.963,35.787,15067.813,65930.195,20221129_073142,479173,22751,14549,20900
1,KMRX20221129_112734_V06,-56.711,0.053,240.864,429.809,8.677,-83.728,35.583,4338.394,71322.144,20221129_062734,479180,12104,27410,9592
5,KMRX20221130_122119_V06,-3.890,0.057,387.614,26.639,20.073,-82.907,37.399,10036.507,143529.227,20221130_072119,479172,73074,92568,13022
15,KMRX20221130_134654_V06,81.693,0.066,222.176,205.233,29.715,-83.837,36.595,14857.388,61313.514,20221130_084654,479181,33736,60880,6730
1,KMRX20221201_121739_V06,-8.475,0.105,254.303,356.372,16.396,-83.655,35.914,8198.004,36283.495,20221201_071739,479181,20185,15598,18540
1,KMRX20221201_122431_V06,-1.608,0.848,254.695,358.052,24.283,-83.653,35.906,12141.318,36819.043,20221201_072431,479174,21696,15579,19733
1,KMRX20221201_123119_V06,5.192,0.252,253.163,360.206,32.105,-83.661,35.897,16052.615,38139.229,20221201_073119,479177,15685,15139,14112
4,KMRX20221202_121618_V06,-10.729,0.294,184.286,342.509,6.069,-84.043,35.975,3034.298,61637.343,20221202_071618,479178,29289,42236,11484
4,KMRX20221202_122322_V06,-3.663,0.052,184.506,340.573,16.543,-84.042,35.984,8271.398,61206.854,20221202_072322,479171,38369,39145,21632
7,KMRX20221202_122322_V06,-3.663,0.191,258.895,356.675,19.369,-83.630,35.913,9684.366,35006.031,20221202_072322,479171,38369,39145,21632
7,KMRX20221202_123025_V06,3.387,0.313,258.262,357.010,27.558,-83.633,35.911,13778.848,35327.846,20221202_073025,479174,35751,37217,19621
1,KMRX20221202_113240_V06,-54.363,0.115,240.636,426.640,10.118,-83.729,35.597,5058.792,69931.464,20221202_063240,479181,32165,47669,9140
13,KMRX20221202_131823_V06,51.354,0.057,454.369,555.667,44.352,-82.556,35.013,22176.167,149327.967,20221202_081823,479177,26642,39432,9631
1,KMRX20221204_123248_V06,4.002,0.172,258.831,359.768,29.455,-83.630,35.899,14727.341,36287.330,20221204_073248,479178,20206,17856,18267
2,KMRX20221205_122701_V06,-2.644,0.594,249.139,356.170,6.646,-83.684,35.915,3322.903,37887.742,20221205_072701,479176,22435,25844,18986
2,KMRX20221205_123505_V06,5.423,0.481,251.450,356.027,17.660,-83.671,35.916,8830.190,37067.996,20221205_073505,479177,16701,26396,11952
1,KMRX20221205_113152_V06,-57.794,0.161,301.350,412.808,7.611,-83.394,35.660,3805.477,56408.151,20221205_063152,479177,6390,24982,5269
4,KMRX20221205_122701_V06,-2.644,0.093,262.344,343.018,16.454,-83.611,35.974,8226.896,28585.319,20221205_072701,479176,22435,25844,18986
3,KMRX20221206_121841_V06,-11.824,0.153,17.581,340.528,22.692,-84.968,35.975,11345.921,142656.024,20221206_071841,479179,173632,198890,14656
3,KMRX20221206_122449_V06,-5.690,0.612,21.763,338.519,31.621,-84.945,35.985,15810.456,140445.087,20221206_072449,479170,169720,194497,14315
3,KMRX20221206_123057_V06,0.443,-1.000,25.370,336.786,40.663,-84.925,35.993,20331.593,138541.148,20221206_073057,479178,171646,192734,16305
3,KMRX20221206_123704_V06,6.560,0.212,42.443,326.498,40.009,-84.831,36.040,20004.721,129458.380,20221206_073704,479181,168036,188013,17006
4,KMRX20221206_123057_V06,0.443,0.150,27.111,336.153,28.225,-84.915,35.996,14112.473,137636.484,20221206_073057,479178,171646,192734,16305
7,KMRX20221206_131905_V06,48.576,0.166,140.945,302.295,28.495,-84.286,36.155,14247.499,79535.678,20221206_081905,479182,139156,168157,14842
7,KMRX20221206_132412_V06,53.693,0.103,155.753,301.353,21.393,-84.203,36.160,10696.390,72126.920,20221206_082412,479177,135930,166165,15100
11,KMRX20221208_134232_V06,70.383,0.069,297.741,413.784,11.058,-83.414,35.656,5529.203,56903.088,20221208_084232,479177,117782,133004,19109
8,KMRX20221209_122409_V06,-8.795,0.684,251.114,350.986,7.516,-83.673,35.938,3757.893,35317.684,20221209_072409,479176,14267,20144,9461
8,KMRX20221209_122836_V06,-4.345,0.793,250.300,351.114,14.130,-83.677,35.938,7065.091,35646.545,20221209_072836,479177,16149,20263,11316
8,KMRX20221209_123315_V06,0.305,0.736,252.114,351.364,17.604,-83.667,35.937,8802.074,35111.631,20221209_073315,479179,16776,20556,11697
8,KMRX20221209_123754_V06,4.955,0.569,252.981,352.295,19.983,-83.662,35.932,9991.571,35162.041,20221209_073754,479184,15354,20589,10317
8,KMRX20221209_124233_V06,9.605,0.061,256.041,352.292,24.662,-83.646,35.932,12330.921,34157.287,20221209_074233,479179,13734,20833,8626
5,KMRX20221209_115141_V06,-41.262,0.695,246.797,356.508,7.584,-83.697,35.913,3791.780,38806.313,20221209_065141,479175,15238,32549,5995
5,KMRX20221209_120051_V06,-32.095,0.223,245.831,356.424,18.833,-83.702,35.914,9416.419,39108.512,20221209_070051,479178,12789,29183,5127
7,KMRX20221209_121010_V06,-22.779,0.054,298.357,425.471,26.623,-83.411,35.603,13311.256,62740.809,20221209_071010,479174,10365,26055,4124
12,KMRX20221209_123754_V06,4.955,0.068,242.127,428.164,8.219,-83.721,35.590,4109.451,70312.360,20221209_073754,479184,15354,20589,10317
14,KMRX20221209_132537_V06,52.671,0.053,301.481,411.827,11.235,-83.394,35.664,5617.325,55918.598,20221209_082537,479177,8540,17278,5212
1,KMRX20221210_114423_V06,-49.339,0.055,298.489,411.205,8.862,-83.410,35.667,4431.248,55607.699,20221210_064423,479173,5474,31592,4248
1,KMRX20221211_114514_V06,-49.246,0.103,29.061,419.401,31.638,-84.897,35.621,15818.850,148040.993,20221211_064514,479178,35830,115313,5350
1,KMRX20221211_115158_V06,-42.512,0.085,31.247,415.523,41.872,-84.886,35.639,20935.773,146265.194,20221211_065158,479176,32682,114102,4980
1,KMRX20221212_123215_V06,-2.966,0.288,190.366,392.336,8.558,-84.008,35.751,4279.146,71668.729,20221212_073215,479175,18365,15611,16924
1,KMRX20221212_123908_V06,3.917,0.705,189.495,394.008,15.944,-84.013,35.743,7972.149,72541.316,20221212_073908,479173,15506,16084,14071
1,KMRX20221212_124611_V06,10.967,0.343,190.531,393.201,21.109,-84.007,35.747,10554.279,71885.235,20221212_074611,479177,11701,16200,10265
2,KMRX20221212_123215_V06,-2.966,0.239,264.549,354.379,28.583,-83.598,35.923,14291.599,32457.059,20221212_073215,479175,18365,15611,16924
1,KMRX20221214_114028_V06,-56.160,0.105,265.956,402.719,6.916,-83.590,35.705,3458.101,54106.614,20221214_064028,479173,127224,137917,18162
1,KMRX20221217_114040_V06,-57.905,0.052,128.144,308.103,3.160,-84.357,36.128,1579.771,86023.363,20221217_064040,479174,3913,15996,3380
1,KMRX20221219_124345_V06,4.002,0.073,276.495,324.047,19.621,-83.532,36.060,9810.455,16812.940,20221219_074345,479178,10699,13480,9519
3,KMRX20221226_123049_V06,-12.194,0.059,68.119,179.009,85.944,-84.700,36.706,42972.198,130773.952,20221226_073049,479179,27480,38358,9795
3,KMRX20221226_123754_V06,-5.111,-1.000,68.119,179.009,97.207,-84.700,36.706,48603.448,130773.952,20221226_073754,479178,31315,43161,10579
3,KMRX20221226_124459_V06,1.973,0.067,80.978,179.856,96.690,-84.628,36.703,48345.210,124904.913,20221226_074459,479177,36034,48048,11247
4,KMRX20221226_132016_V06,37.256,0.244,38.602,264.465,78.165,-84.857,36.320,39082.401,131900.901,20221226_082016,479178,49011,66968,10063
4,KMRX20221226_132720_V06,44.323,0.056,41.000,264.535,86.846,-84.844,36.319,43422.856,130708.459,20221226_082720,479174,48936,69087,9804
6,KMRX20221226_134831_V06,65.506,0.109,42.987,303.684,83.724,-84.830,36.143,41862.041,128519.626,20221226_084831,479177,48530,72279,9936
1,KMRX20221228_122007_V06,-23.562,0.107,276.968,366.491,18.125,-83.529,35.869,9062.405,35183.515,20221228_072007,479179,6214,14194,5390
2,KMRX20221228_133037_V06,46.938,0.056,240.206,426.245,11.001,-83.732,35.599,5500.488,69844.431,20221228_083037,479177,7219,14955,6249
1,KMRX20221229_123912_V06,-4.766,0.058,241.063,425.002,11.478,-83.727,35.605,5738.955,69099.696,20221229_073912,479178,12011,16626,10721
2,KMRX20221229_131403_V06,30.084,0.060,297.427,414.940,9.627,-83.416,35.650,4813.503,57484.166,20221229_081403,479175,8584,16245,7591
3,KMRX20221229_133502_V06,51.068,0.050,241.035,426.677,9.836,-83.727,35.597,4917.988,69863.961,20221229_083502,479175,7507,15474,6519
1,KMRX20221230_120350_V06,-40.388,0.118,279.911,364.706,7.818,-83.513,35.877,3908.821,33876.452,20221230_070350,479175,6131,16987,5098
2,KMRX20221230_140213_V06,77.995,0.080,298.771,413.399,11.605,-83.409,35.657,5802.467,56702.976,20221230_090213,479175,6020,16776,5030
14,KMRX20221231_124621_V06,1.905,0.158,416.664,239.845,29.060,-82.751,36.438,14529.778,65629.970,20221231_074621,479176,53576,91210,8188
14,KMRX20221231_125115_V06,6.805,0.236,417.844,237.807,36.272,-82.745,36.447,18136.020,66624.346,20221231_075115,479175,54803,93408,8141
7,KMRX20221231_122744_V06,-16.711,0.051,403.304,509.188,33.297,-82.835,35.224,16648.655,116652.455,20221231_072744,479179,39681,73182,6064
8,KMRX20221231_123223_V06,-12.061,0.252,424.223,189.118,19.470,-82.707,36.666,9735.027,83255.971,20221231_073223,479177,42956,76463,5899
12,KMRX20221231_124144_V06,-2.711,0.086,401.183,251.834,32.652,-82.838,36.384,16325.966,56031.228,20221231_074144,479173,51480,87606,8689
16,KMRX20221231_130555_V06,21.472,0.202,180.360,426.356,25.293,-84.062,35.597,12646.610,87005.168,20221231_080555,479177,54578,90347,8177
17,KMRX20221231_130555_V06,21.472,0.096,301.989,383.727,36.536,-83.391,35.791,18268.166,41875.250,20221231_080555,479177,54578,90347,8177
17,KMRX20221231_131034_V06,26.122,0.073,302.528,412.232,6.518,-83.388,35.663,3258.945,56130.409,20221231_081034,479176,52178,89998,7597
21,KMRX20221231_131951_V06,35.405,0.135,458.163,579.990,14.491,-82.537,34.903,7245.724,160787.132,20221231_081951,479182,48947,88080,7151
23,KMRX20221231_131951_V06,35.405,0.055,330.899,350.691,33.764,-83.231,35.940,16882.177,29683.100,20221231_081951,479182,48947,88080,7151
