track_id,filename,from_sunrise,det_score,x,y,r,lon,lat,radius,geo_dist,local_time,n_radar_pixels,n_refAbove40_pixels,n_xcorrAbove0.95_pixels,n_xcorrBelow0.95_refAbove40_pixels
5,KRLX20220602_094129_V06,-23.316,0.345,228.485,300.930,20.591,-82.133,38.307,10295.488,35760.762,20220602_054129,479173,111172,110216,32577
5,KRLX20220602_094609_V06,-18.649,0.523,230.666,299.923,25.942,-82.120,38.312,12971.021,34666.968,20220602_054609,479174,105417,115963,24905
5,KRLX20220602_095132_V06,-13.266,0.064,236.594,297.634,27.636,-82.086,38.322,13817.860,31725.276,20220602_055132,479197,103474,121179,20880
11,KRLX20220602_100617_V06,1.484,0.159,428.318,94.147,28.091,-80.981,39.237,14045.734,121285.732,20220602_060617,479184,105623,126309,21019
11,KRLX20220602_101110_V06,6.367,0.539,448.917,89.551,17.106,-80.861,39.257,8553.127,128903.810,20220602_061110,479191,106830,128298,20643
18,KRLX20220602_103232_V06,27.734,0.063,486.985,76.408,19.309,-80.640,39.314,9654.575,145736.663,20220602_063232,479196,100925,125143,16555
4,KRLX20220607_091603_V06,-47.401,0.100,361.798,92.833,63.671,-81.366,39.244,31835.613,108093.737,20220607_051603,479195,123104,146866,16871
4,KRLX20220607_092010_V06,-43.285,0.128,364.171,93.999,68.889,-81.352,39.239,34444.586,107882.048,20220607_052010,479180,125083,148587,16804
4,KRLX20220607_092418_V06,-39.151,0.333,389.609,100.968,59.971,-81.205,39.207,29985.302,109137.157,20220607_052418,479188,124497,148409,16687
4,KRLX20220607_092826_V06,-35.018,0.339,392.690,101.816,63.483,-81.187,39.203,31741.278,109394.306,20220607_052826,479179,125754,150176,16502
6,KRLX20220607_091603_V06,-47.401,0.083,391.033,303.313,41.949,-81.204,38.296,20974.554,45546.471,20220607_051603,479195,123104,146866,16871
6,KRLX20220607_092010_V06,-43.285,0.153,392.597,302.061,47.348,-81.195,38.301,23674.240,46309.814,20220607_052010,479180,125083,148587,16804
14,KRLX20220607_095122_V06,-12.085,0.082,401.107,440.183,20.019,-81.151,37.679,10009.638,86420.240,20220607_055122,479189,127319,155575,15575
15,KRLX20220607_100114_V06,-2.218,0.210,265.961,412.522,22.747,-81.917,37.805,11373.549,58779.042,20220607_060114,479166,130437,162591,13358
3,KRLX20220609_102409_V06,21.025,0.336,250.230,142.467,2.458,-82.011,39.021,1228.870,82604.235,20220609_062409,479172,7338,33336,5973
3,KRLX20220609_103230_V06,29.375,0.153,249.850,143.274,9.569,-82.013,39.017,4784.683,82277.072,20220609_063230,479171,6420,33808,5152
1,KRLX20220609_101553_V06,12.758,0.093,218.876,190.870,2.347,-82.191,38.803,1173.571,67989.760,20220609_061553,479172,6560,33076,5395
10,KRLX20220611_110842_V06,65.781,0.089,368.363,342.951,41.241,-81.334,38.118,20620.647,40367.960,20220611_070842,479182,73388,91556,8558
10,KRLX20220611_111302_V06,70.114,0.125,383.257,347.302,36.914,-81.249,38.098,18456.818,47877.986,20220611_071302,479184,72404,91580,8367
6,KRLX20220612_093131_V06,-31.345,0.051,15.215,362.445,19.505,-83.346,38.019,9752.428,145775.537,20220612_053131,479192,256750,261874,24332
6,KRLX20220612_093610_V06,-26.695,0.140,16.321,363.760,26.349,-83.339,38.014,13174.325,145378.222,20220612_053610,479195,243742,253471,22816
5,KRLX20220612_093131_V06,-31.345,0.054,467.885,36.533,9.973,-80.748,39.495,4986.641,156205.377,20220612_053131,479192,256750,261874,24332
20,KRLX20220612_105250_V06,49.972,0.162,156.881,242.541,23.511,-82.545,38.568,11755.451,77111.264,20220612_065250,479186,66355,91645,10322
24,KRLX20220612_110713_V06,64.355,0.078,176.191,231.012,25.819,-82.435,38.621,12909.595,70866.228,20220612_070713,479191,45823,69416,8190
9,KRLX20220613_091349_V06,-49.017,0.128,247.728,193.254,15.880,-82.025,38.792,7940.138,59428.447,20220613_051349,479182,31668,48044,13977
9,KRLX20220613_091845_V06,-44.084,0.149,247.151,193.191,23.167,-82.028,38.793,11583.574,59584.494,20220613_051845,479201,27632,48194,10885
25,KRLX20220613_100654_V06,4.066,0.227,468.714,391.896,22.452,-80.765,37.894,11226.013,96059.093,20220613_060654,479164,18669,51207,6190
33,KRLX20220613_102924_V06,26.566,0.452,349.945,288.729,14.432,-81.438,38.362,7216.057,25600.637,20220613_062924,479198,18273,49114,5488
39,KRLX20220613_105353_V06,51.050,0.363,358.872,148.070,10.919,-81.384,38.996,5459.324,81468.910,20220613_065353,479185,19096,47129,4872
44,KRLX20220613_110207_V06,59.283,0.053,252.995,394.658,10.286,-81.991,37.885,5142.849,52842.887,20220613_070207,479177,20819,47791,5172
17,KRLX20220614_101337_V06,10.781,0.054,15.454,404.182,17.711,-83.340,37.831,8855.376,151509.229,20220614_061337,479197,161985,183123,16844
17,KRLX20220614_101850_V06,15.998,0.356,16.885,406.130,24.782,-83.332,37.823,12391.201,151176.783,20220614_061850,479183,165949,183919,18076
17,KRLX20220614_102405_V06,21.248,0.335,21.608,412.352,29.095,-83.304,37.795,14547.638,150104.172,20220614_062405,479182,167433,182503,17725
17,KRLX20220614_102912_V06,26.365,0.166,26.610,421.722,30.787,-83.275,37.753,15393.384,149631.671,20220614_062912,479186,171476,185371,18019
16,KRLX20220614_101337_V06,10.781,0.133,12.108,342.782,17.999,-83.365,38.108,8999.682,145526.581,20220614_061337,479197,161985,183123,16844
16,KRLX20220614_101850_V06,15.998,0.083,13.217,345.867,24.069,-83.359,38.094,12034.437,145213.659,20220614_061850,479183,165949,183919,18076
16,KRLX20220614_102405_V06,21.248,0.086,18.672,355.050,20.660,-83.327,38.053,10330.198,143331.688,20220614_062405,479182,167433,182503,17725
3,KRLX20220614_090559_V06,-56.852,0.166,200.643,114.639,7.891,-82.299,39.145,3945.290,105155.236,20220614_050559,479172,135734,172698,21319
8,KRLX20220614_091621_V06,-46.485,0.121,76.983,166.712,70.524,-83.009,38.905,35262.093,129906.156,20220614_051621,479174,135014,170246,20718
22,KRLX20220614_111506_V06,72.265,0.105,21.610,236.212,19.608,-83.322,38.588,9804.059,142802.200,20220614_071506,479177,152434,169148,16149
1,KRLX20220617_094621_V06,-16.668,0.072,349.747,233.627,5.768,-81.438,38.611,2884.186,41473.226,20220617_054621,479171,8686,36513,5862
2,KRLX20220617_104804_V06,45.049,0.094,19.962,207.525,23.117,-83.334,38.717,11558.300,147455.971,20220617_064804,479171,18177,49477,12353
1,KRLX20220624_093402_V06,-30.413,0.052,321.744,420.835,29.845,-81.601,37.768,14922.483,61387.978,20220624_053402,479170,13288,38044,9004
2,KRLX20220624_100821_V06,3.904,0.061,345.054,50.784,5.792,-81.462,39.434,2895.988,126627.725,20220624_060821,479172,31263,46564,24085
1,KRLX20220625_101346_V06,9.007,0.066,325.233,409.639,15.930,-81.581,37.818,7965.029,56252.440,20220625_061346,479174,12027,42848,8839
1,KRLX20220626_091039_V06,-54.449,0.059,355.134,286.044,10.934,-81.408,38.374,5466.965,28436.655,20220626_051039,479182,73869,105299,9747
1,KRLX20220626_091440_V06,-50.432,0.064,355.305,286.161,16.163,-81.407,38.374,8081.422,28504.891,20220626_051440,479168,73075,104884,9296
1,KRLX20220626_091842_V06,-46.399,-1.000,355.429,286.247,21.729,-81.407,38.373,10864.278,28554.970,20220626_051842,479179,70832,104193,8608
1,KRLX20220626_092231_V06,-42.582,0.078,362.281,289.850,10.646,-81.368,38.357,5322.819,31551.464,20220626_052231,479185,70249,104767,8207
69,KRLX20220626_112655_V06,81.818,0.198,315.804,345.846,14.631,-81.634,38.105,7315.613,24247.026,20220626_072655,479193,114948,147840,11063
5,KRLX20220627_091118_V06,-54.163,0.107,293.218,435.938,10.209,-81.762,37.700,5104.540,68053.697,20220627_051118,479184,222053,225499,13458
17,KRLX20220702_100421_V06,-3.294,0.147,220.266,373.448,8.471,-82.178,37.980,4235.464,54203.526,20220702_060421,479170,14753,51005,4590
35,KRLX20220702_110855_V06,61.272,0.138,369.507,373.735,5.767,-81.328,37.979,2883.427,50665.820,20220702_070855,479187,25473,57451,7672
3,KRLX20220703_092129_V06,-46.665,0.056,443.371,46.625,26.130,-80.891,39.450,13064.819,145563.026,20220703_052129,479184,119057,119921,43141
3,KRLX20220703_092556_V06,-42.215,-1.000,443.371,46.625,33.205,-80.891,39.450,16602.569,145563.026,20220703_052556,479169,116361,121741,39608
3,KRLX20220703_093023_V06,-37.765,0.219,448.216,46.846,39.199,-80.863,39.449,19599.645,146675.707,20220703_053023,479175,114144,122149,36904
1,KRLX20220704_100742_V06,-0.973,0.088,315.565,374.450,11.071,-81.635,37.977,5535.606,38030.067,20220704_060742,479172,41942,39506,35431
1,KRLX20220704_101610_V06,7.494,0.157,317.112,376.235,19.317,-81.627,37.968,9658.651,39066.074,20220704_061610,479175,46081,43610,38779
2,KRLX20220705_092727_V06,-41.767,0.056,189.219,163.939,1.747,-82.363,38.923,873.446,87728.350,20220705_052727,479169,5912,21522,3785
5,KRLX20220705_100116_V06,-7.951,0.097,379.260,105.187,26.564,-81.265,39.189,13282.207,105159.779,20220705_060116,479177,5309,34439,3468
9,KRLX20220705_110024_V06,51.183,0.070,506.537,246.680,20.353,-80.539,38.546,10176.743,106654.128,20220705_070024,479168,11954,46294,7967
2,KRLX20220706_091821_V06,-51.432,0.182,340.799,204.843,10.951,-81.489,38.740,5475.510,51767.211,20220706_051821,479190,81347,98456,14293
5,KRLX20220706_092329_V06,-46.299,0.081,279.352,553.409,9.953,-81.840,37.170,4976.387,127124.425,20220706_052329,479183,82248,99574,13768
23,KRLX20220706_101440_V06,4.885,0.062,343.636,403.625,5.017,-81.476,37.845,2508.276,56218.799,20220706_061440,479179,109453,135561,8678
1,KRLX20220708_094039_V06,-30.317,0.091,248.036,17.215,18.844,-82.026,39.585,9421.844,143759.932,20220708_054039,479175,30679,64430,12950
3,KRLX20220708_102448_V06,13.833,0.059,322.884,385.957,10.596,-81.594,37.925,5298.103,44475.677,20220708_062448,479170,54470,73760,27014
4,KRLX20220708_105309_V06,42.183,0.114,323.979,381.762,13.150,-81.587,37.944,6575.151,42602.752,20220708_065309,479181,59263,82210,28691
15,KRLX20220709_110135_V06,49.997,0.061,235.947,372.564,22.633,-82.088,37.985,11316.420,48395.097,20220709_070135,479186,58333,95332,5522
5,KRLX20220713_101042_V06,-3.526,0.107,336.969,71.517,4.961,-81.509,39.341,2480.412,115727.022,20220713_061042,479169,35146,53853,27869
5,KRLX20220713_101909_V06,4.924,0.565,339.827,74.222,13.442,-81.493,39.329,6720.752,114632.101,20220713_061909,479175,44777,58563,36536
1,KRLX20220713_100215_V06,-11.976,0.419,209.932,98.599,5.410,-82.245,39.218,2704.966,110311.853,20220713_060215,479175,20749,53182,14780
6,KRLX20220713_101909_V06,4.924,0.125,334.224,376.021,21.314,-81.529,37.969,10656.927,41684.893,20220713_061909,479175,44777,58563,36536
7,KRLX20220713_101909_V06,4.924,0.070,323.827,75.051,13.208,-81.586,39.325,6604.168,113103.920,20220713_061909,479175,44777,58563,36536
3,KRLX20220714_101328_V06,-1.457,0.104,320.860,381.868,10.863,-81.605,37.943,5431.290,42242.041,20220714_061328,479166,18914,47505,13566
3,KRLX20220714_102156_V06,7.010,0.200,327.551,377.961,22.416,-81.567,37.961,11208.030,41342.922,20220714_062156,479170,22601,47054,17131
3,KRLX20220714_103022_V06,15.443,0.160,329.334,376.403,22.309,-81.557,37.968,11154.393,40920.339,20220714_063022,479169,25778,46352,20192
4,KRLX20220714_102156_V06,7.010,0.093,391.354,192.659,19.827,-81.198,38.794,9913.589,70476.166,20220714_062156,479170,22601,47054,17131
1,KRLX20220715_091852_V06,-56.769,0.500,261.702,184.526,8.122,-81.944,38.832,4060.772,60829.633,20220715_051852,479176,104292,35718,92865
23,KRLX20220716_111609_V06,59.789,0.237,200.560,28.921,29.463,-82.302,39.531,14731.541,144371.468,20220716_071609,479191,94543,131222,14180
23,KRLX20220716_112116_V06,64.906,0.181,203.349,29.137,35.194,-82.286,39.531,17596.873,143794.894,20220716_072116,479183,92165,128236,14454
23,KRLX20220716_112623_V06,70.023,0.534,211.324,31.417,33.853,-82.239,39.520,16926.633,141421.493,20220716_072623,479184,90616,124681,14584
23,KRLX20220716_113130_V06,75.139,-1.000,218.062,33.241,34.143,-82.200,39.512,17071.290,139529.676,20220716_073130,479182,90420,123253,14011
23,KRLX20220716_113638_V06,80.273,0.534,227.501,35.532,32.323,-82.145,39.502,16161.288,137112.699,20220716_073638,479178,89976,120588,13790
23,KRLX20220716_114145_V06,85.389,0.242,237.434,39.477,32.074,-82.087,39.485,16036.763,133965.199,20220716_074145,479196,87521,116316,13121
6,KRLX20220716_093957_V06,-36.411,0.126,375.941,253.155,13.379,-81.288,38.522,6689.426,44613.727,20220716_053957,479187,129717,139393,31911
6,KRLX20220716_094504_V06,-31.294,0.080,377.492,252.995,19.824,-81.280,38.523,9912.083,45317.033,20220716_054504,479168,130631,146566,28673
24,KRLX20220716_111609_V06,59.789,0.156,178.758,88.354,17.821,-82.426,39.263,8910.490,121956.697,20220716_071609,479191,94543,131222,14180
24,KRLX20220716_112116_V06,64.906,-1.000,178.758,88.354,25.956,-82.426,39.263,12978.240,121956.697,20220716_072116,479183,92165,128236,14454
24,KRLX20220716_112623_V06,70.023,0.313,187.307,90.332,26.868,-82.377,39.254,13434.128,119017.359,20220716_072623,479184,90616,124681,14584
2,KRLX20220716_092515_V06,-51.111,0.053,448.533,256.569,8.365,-80.872,38.504,4182.674,77376.267,20220716_052515,479168,132213,128249,41212
11,KRLX20220716_095012_V06,-26.161,0.164,207.954,309.048,14.672,-82.250,38.270,7336.128,46245.041,20220716_055012,479190,129891,151900,25146
19,KRLX20220716_104019_V06,23.956,0.054,333.331,366.156,35.650,-81.534,38.014,17825.134,37039.129,20220716_064019,479187,111829,151578,16691
22,KRLX20220716_110556_V06,49.573,0.183,20.235,254.359,24.720,-83.328,38.507,12360.065,141731.498,20220716_070556,479189,102633,140983,14205
8,KRLX20220718_101835_V06,0.734,0.130,232.088,371.421,15.498,-82.110,37.990,7749.004,49277.319,20220718_061835,479187,155714,179146,7181
1,KRLX20220719_095130_V06,-27.112,0.320,277.946,363.235,8.588,-81.849,38.027,4294.210,33485.356,20220719_055130,479170,18245,50571,7825
1,KRLX20220720_101305_V06,-6.302,0.344,331.111,366.740,23.065,-81.547,38.011,11532.385,36817.560,20220720_061305,479171,15154,41839,10458
2,KRLX20220720_103826_V06,19.048,0.124,358.525,385.298,12.461,-81.391,37.927,6230.314,51722.543,20220720_063826,479175,16492,44823,11521
1,KRLX20220722_100356_V06,-17.031,0.223,326.514,370.726,8.560,-81.573,37.993,4279.795,37766.381,20220722_060356,479174,16532,42911,10995
1,KRLX20220722_101223_V06,-8.581,0.876,331.941,367.245,21.606,-81.542,38.009,10802.816,37222.714,20220722_061223,479170,26971,41630,19903
1,KRLX20220722_102051_V06,-0.114,0.423,334.042,365.873,25.675,-81.530,38.015,12837.416,37074.574,20220722_062051,479170,39106,45434,30032
2,KRLX20220722_100356_V06,-17.031,0.055,317.487,402.193,26.955,-81.625,37.852,13477.329,51839.026,20220722_060356,479174,16532,42911,10995
1,KRLX20220723_100710_V06,-14.601,0.098,325.696,368.775,13.942,-81.578,38.002,6971.178,36709.393,20220723_060710,479174,11560,41668,8271
1,KRLX20220723_101537_V06,-6.151,0.607,329.267,367.320,25.154,-81.557,38.009,12576.913,36703.282,20220723_061537,479169,14754,42768,10312
1,KRLX20220723_102405_V06,2.316,0.130,327.149,370.302,27.408,-81.569,37.995,13703.767,37681.035,20220723_062405,479166,16563,46209,11734
3,KRLX20220723_114005_V06,78.316,0.054,20.521,156.130,23.027,-83.336,38.949,11513.494,157167.916,20220723_074005,479167,14103,49179,9405
4,KRLX20220724_102221_V06,-0.230,0.080,330.227,57.270,5.739,-81.548,39.405,2869.713,122302.365,20220724_062221,479165,13769,37751,9462
4,KRLX20220724_103047_V06,8.203,0.249,331.953,57.306,12.595,-81.538,39.405,6297.379,122393.937,20220724_063047,479170,13126,32472,8048
4,KRLX20220724_103449_V06,12.237,0.402,330.017,60.115,16.199,-81.550,39.392,8099.410,120878.107,20220724_063449,479177,13994,33274,8503
4,KRLX20220724_103850_V06,16.253,0.051,333.807,58.562,17.527,-81.528,39.399,8763.261,121896.957,20220724_063850,479175,13595,32878,8491
1,KRLX20220724_100527_V06,-17.130,0.625,361.626,66.224,5.689,-81.366,39.364,2844.372,120881.134,20220724_060527,479174,14690,43447,10603
19,KRLX20220726_113648_V06,72.571,0.063,375.287,92.692,22.345,-81.288,39.245,11172.512,110277.937,20220726_073648,479194,102350,129324,6424
3,KRLX20220728_093925_V06,-46.488,0.093,120.458,374.261,39.115,-82.746,37.973,19557.449,97146.708,20220728_053925,479180,139903,163104,11063
1,KRLX20220730_100620_V06,-21.271,0.144,324.417,374.386,6.841,-81.585,37.977,3420.280,39145.381,20220730_060620,479171,25619,41989,17375
1,KRLX20220730_101447_V06,-12.821,0.898,324.453,377.547,15.891,-81.585,37.963,7945.423,40655.591,20220730_061447,479173,35531,40230,28138
1,KRLX20220730_102314_V06,-4.371,0.057,325.073,378.728,20.568,-81.581,37.957,10284.078,41312.236,20220730_062314,479174,68981,37552,59570
2,KRLX20220730_100620_V06,-21.271,0.089,283.642,168.307,4.287,-81.818,38.905,2143.482,66352.721,20220730_060620,479171,25619,41989,17375
2,KRLX20220730_101447_V06,-12.821,-1.000,283.642,168.307,17.722,-81.818,38.905,8861.232,66352.721,20220730_061447,479173,35531,40230,28138
2,KRLX20220730_102314_V06,-4.371,0.052,286.763,172.542,19.412,-81.800,38.886,9705.952,64071.718,20220730_062314,479174,68981,37552,59570
4,KRLX20220730_103141_V06,4.079,0.136,260.707,218.340,7.877,-81.950,38.680,3938.456,45310.945,20220730_063141,479172,88772,39249,77192
9,KRLX20220731_101900_V06,-9.462,0.581,329.850,366.859,9.923,-81.554,38.011,4961.519,36610.049,20220731_061900,479172,88691,119465,21124
9,KRLX20220731_102327_V06,-5.012,0.766,329.544,365.755,16.362,-81.556,38.016,8181.247,36043.824,20220731_062327,479193,97399,129424,21137
9,KRLX20220731_102755_V06,-0.545,0.152,330.687,364.563,21.811,-81.549,38.021,10905.583,35742.513,20220731_062755,479189,106686,136807,21492
9,KRLX20220731_103224_V06,3.938,0.131,334.312,363.285,26.733,-81.528,38.027,13366.377,35994.424,20220731_063224,479179,112693,143117,21075
1,KRLX20220731_093736_V06,-50.862,0.082,23.778,332.792,25.178,-83.300,38.154,12588.778,139080.861,20220731_053736,479177,105571,62237,67819
1,KRLX20220731_094111_V06,-47.279,0.051,24.025,332.163,30.713,-83.298,38.156,15356.308,138921.330,20220731_054111,479179,106011,62343,67945
12,KRLX20220731_103224_V06,3.938,0.296,395.873,394.252,8.996,-81.179,37.886,4498.018,67221.920,20220731_063224,479179,112693,143117,21075
12,KRLX20220731_103652_V06,8.405,0.360,397.350,393.884,14.710,-81.171,37.888,7355.105,67622.659,20220731_063652,479173,121121,149471,22002
2,KRLX20220731_095301_V06,-35.445,0.348,248.403,375.930,11.798,-82.017,37.970,5899.014,45900.799,20220731_055301,479182,99703,68661,58199
3,KRLX20220731_095301_V06,-35.445,0.072,159.992,309.953,38.004,-82.524,38.264,19001.934,70180.566,20220731_055301,479182,99703,68661,58199
14,KRLX20220731_103224_V06,3.938,0.139,174.073,41.319,30.720,-82.456,39.475,15359.926,143851.810,20220731_063224,479179,112693,143117,21075
9,KRLX20220801_101833_V06,-10.773,0.159,170.017,372.519,10.523,-82.464,37.983,5261.726,74421.936,20220801_061833,479203,50292,80580,2765
9,KRLX20220801_102208_V06,-7.190,0.545,171.140,372.679,15.013,-82.457,37.982,7506.301,73971.386,20220801_062208,479181,49771,79671,2936
20,KRLX20220801_114259_V06,73.660,0.057,7.523,152.427,10.426,-83.411,38.965,5212.920,163799.100,20220801_074259,479176,46426,64509,4093
20,KRLX20220801_114700_V06,77.677,0.137,7.742,152.042,15.967,-83.410,38.966,7983.494,163788.397,20220801_074700,479178,46204,63020,4126
16,KRLX20220801_110628_V06,37.144,0.129,22.883,255.298,31.175,-83.312,38.503,15587.605,140349.683,20220801_070628,479185,55218,72429,6103
3,KRLX20220802_093647_V06,-53.405,0.071,15.025,372.557,11.882,-83.346,37.974,5941.069,147033.285,20220802_053647,479185,74721,85627,27388
2,KRLX20220803_101204_V06,-18.990,0.082,314.532,379.984,14.855,-81.641,37.952,7427.580,40646.598,20220803_061204,479172,10563,49871,7373
2,KRLX20220803_102031_V06,-10.540,0.987,331.030,373.996,20.676,-81.547,37.978,10337.952,40119.172,20220803_062031,479169,11973,51155,8670
2,KRLX20220803_102859_V06,-2.073,0.982,333.647,374.152,28.402,-81.532,37.978,14200.978,40714.368,20220803_062859,479173,20197,53194,15293
2,KRLX20220803_103726_V06,6.377,0.247,339.932,360.238,45.997,-81.496,38.040,22998.612,36135.986,20220803_063726,479164,28639,54800,22102
9,KRLX20220804_102103_V06,-10.877,0.909,333.117,368.157,15.159,-81.535,38.005,7579.659,37888.454,20220804_062103,479179,11464,49912,7062
9,KRLX20220804_102503_V06,-6.877,0.929,334.012,368.191,20.009,-81.530,38.005,10004.446,38101.400,20220804_062503,479179,12476,47381,7500
9,KRLX20220804_102903_V06,-2.877,0.956,335.058,367.686,23.797,-81.524,38.007,11898.282,38112.886,20220804_062903,479183,14816,46149,9018
9,KRLX20220804_103304_V06,1.139,0.919,337.288,366.586,29.442,-81.512,38.012,14720.900,38158.047,20220804_063304,479182,15581,43602,9667
9,KRLX20220804_103705_V06,5.156,0.639,332.479,367.843,37.607,-81.539,38.006,18803.256,37608.395,20220804_063705,479180,16226,41806,10118
9,KRLX20220804_104106_V06,9.173,0.092,339.182,364.489,38.172,-81.501,38.021,19086.152,37729.425,20220804_064106,479184,16906,40821,10675
7,KRLX20220804_101703_V06,-14.877,0.158,288.032,164.015,6.716,-81.793,38.924,3358.086,68255.374,20220804_061703,479186,11092,51657,6963
7,KRLX20220804_102103_V06,-10.877,0.072,288.966,163.981,12.157,-81.788,38.925,6078.672,68233.074,20220804_062103,479179,11464,49912,7062
3,KRLX20220805_102107_V06,-11.684,0.722,328.786,367.531,16.023,-81.560,38.008,8011.614,36705.285,20220805_062107,479178,35019,65206,15538
3,KRLX20220805_102547_V06,-7.017,0.883,329.824,366.148,21.810,-81.554,38.014,10905.199,36280.158,20220805_062547,479184,35376,63243,15681
3,KRLX20220805_103040_V06,-2.134,0.893,331.805,363.431,28.623,-81.543,38.026,14311.490,35478.812,20220805_063040,479176,34602,60604,14815
3,KRLX20220805_103547_V06,2.983,0.766,335.234,362.196,34.358,-81.523,38.032,17179.238,35741.485,20220805_063547,479187,34738,56431,15017
3,KRLX20220805_104055_V06,8.116,0.692,334.102,360.978,42.555,-81.530,38.037,21277.661,34932.858,20220805_064055,479176,36401,53793,15874
2,KRLX20220805_101640_V06,-16.134,0.112,298.926,29.293,5.386,-81.730,39.531,2692.883,135354.763,20220805_061640,479189,34580,66086,15121
8,KRLX20220805_104603_V06,13.249,0.148,331.055,55.294,6.858,-81.544,39.414,3429.077,123334.142,20220805_064603,479171,36033,52110,15439
7,KRLX20220806_101912_V06,-14.476,0.345,328.304,363.867,13.834,-81.563,38.024,6916.981,34928.856,20220806_061912,479182,70059,103238,7270
7,KRLX20220806_102353_V06,-9.792,0.529,330.622,362.960,19.597,-81.550,38.028,9798.538,35006.091,20220806_062353,479184,70164,101891,7117
7,KRLX20220806_102833_V06,-5.126,0.683,328.084,362.993,29.699,-81.564,38.028,14849.551,34484.624,20220806_062833,479182,71612,101307,7338
7,KRLX20220806_103313_V06,-0.459,0.154,331.379,360.990,33.562,-81.545,38.037,16781.019,34294.405,20220806_063313,479177,72781,99864,8334
7,KRLX20220806_103754_V06,4.224,0.081,342.823,357.125,32.391,-81.480,38.054,16195.372,35697.077,20220806_063754,479178,72433,96909,9024
7,KRLX20220806_104234_V06,8.891,0.378,358.675,355.199,30.813,-81.390,38.063,15406.331,40279.626,20220806_064234,479182,71528,95541,9575
7,KRLX20220806_104714_V06,13.558,0.191,369.720,353.870,31.388,-81.327,38.069,15694.211,44053.542,20220806_064714,479187,69460,91039,9845
15,KRLX20220806_110515_V06,31.574,0.052,413.981,440.671,18.421,-81.078,37.676,9210.337,90526.050,20220806_070515,479180,61663,79498,8511
7,KRLX20220807_101811_V06,-16.369,0.620,329.029,369.772,11.020,-81.559,37.998,5509.760,37784.774,20220807_061811,479176,9641,43886,5807
7,KRLX20220807_102212_V06,-12.353,0.931,331.229,369.290,16.248,-81.546,38.000,8123.792,38001.266,20220807_062212,479176,10436,41798,6594
7,KRLX20220807_102613_V06,-8.336,0.963,334.420,369.926,22.063,-81.528,37.997,11031.684,38969.212,20220807_062613,479181,12660,40414,8111
7,KRLX20220807_103013_V06,-4.336,0.926,337.595,369.802,27.342,-81.510,37.997,13670.972,39641.326,20220807_063013,479177,14953,40571,9471
7,KRLX20220807_103414_V06,-0.319,0.694,340.393,369.998,32.705,-81.494,37.996,16352.258,40408.324,20220807_063414,479176,18677,41102,11960
7,KRLX20220807_103815_V06,3.697,0.222,342.703,370.657,35.852,-81.481,37.993,17926.098,41279.304,20220807_063815,479184,21859,42007,14236
7,KRLX20220807_104216_V06,7.714,0.325,342.770,362.280,45.662,-81.480,38.031,22830.800,37775.682,20220807_064216,479181,25012,42974,16275
7,KRLX20220807_104617_V06,11.731,0.051,346.934,351.423,60.340,-81.456,38.080,30169.827,34810.542,20220807_064617,479178,25874,43711,16898
1,KRLX20220807_101410_V06,-20.386,0.443,296.598,133.569,5.199,-81.744,39.062,2599.659,83232.774,20220807_061410,479192,10547,45624,5955
1,KRLX20220807_101811_V06,-16.369,0.799,296.229,133.610,9.464,-81.746,39.061,4731.888,83216.532,20220807_061811,479176,9641,43886,5807
1,KRLX20220807_102212_V06,-12.353,0.364,300.176,135.796,14.239,-81.723,39.052,7119.738,82102.245,20220807_062212,479176,10436,41798,6594
1,KRLX20220807_102613_V06,-8.336,-1.000,303.306,137.564,19.028,-81.705,39.044,9513.785,81234.844,20220807_062613,479181,12660,40414,8111
1,KRLX20220807_103013_V06,-4.336,0.098,308.057,150.908,30.388,-81.677,38.983,15194.172,74654.710,20220807_063013,479177,14953,40571,9471
1,KRLX20220807_103414_V06,-0.319,0.073,309.365,158.256,33.039,-81.670,38.950,16519.258,71026.656,20220807_063414,479176,18677,41102,11960
9,KRLX20220807_102212_V06,-12.353,0.272,293.087,170.497,4.878,-81.764,38.895,2439.205,64843.512,20220807_062212,479176,10436,41798,6594
9,KRLX20220807_102613_V06,-8.336,0.095,293.827,170.806,10.691,-81.759,38.894,5345.521,64670.448,20220807_062613,479181,12660,40414,8111
11,KRLX20220808_102646_V06,-8.664,0.984,334.816,370.083,23.650,-81.526,37.996,11824.778,39127.048,20220808_062646,479170,13737,40081,10137
11,KRLX20220808_103512_V06,-0.231,0.966,338.176,372.319,30.169,-81.507,37.986,15084.485,40888.277,20220808_063512,479174,22215,42178,17039
11,KRLX20220808_104339_V06,8.219,0.389,345.866,376.824,34.284,-81.463,37.966,17141.852,44736.925,20220808_064339,479174,27533,45780,21222
7,KRLX20220808_101819_V06,-17.114,0.334,372.207,75.816,11.286,-81.305,39.321,5642.834,117763.034,20220808_061819,479171,8034,40446,5898
7,KRLX20220808_102646_V06,-8.664,0.334,379.441,79.475,19.815,-81.263,39.304,9907.648,117198.856,20220808_062646,479170,13737,40081,10137
8,KRLX20220808_101819_V06,-17.114,0.293,301.485,131.243,6.550,-81.715,39.072,3274.754,84381.868,20220808_061819,479171,8034,40446,5898
5,KRLX20220809_103724_V06,1.090,0.082,351.736,379.309,20.474,-81.430,37.954,10236.784,47345.744,20220809_063724,479186,12124,37666,6298
5,KRLX20220809_104124_V06,5.090,0.218,353.940,379.454,25.232,-81.417,37.954,12616.128,48016.796,20220809_064124,479208,12643,38934,6603
5,KRLX20220809_104525_V06,9.107,0.412,371.113,384.320,20.869,-81.319,37.931,10434.536,55151.788,20220809_064525,479172,14915,39623,8024
4,KRLX20220809_103323_V06,-2.927,0.064,334.921,369.346,30.041,-81.525,37.999,15020.493,38821.459,20220809_063323,479191,11148,37226,5583
8,KRLX20220809_112933_V06,53.240,0.050,398.143,368.204,15.006,-81.165,38.003,7502.787,59757.535,20220809_072933,479171,21881,56473,13351
3,KRLX20220810_102408_V06,-13.056,0.675,335.887,369.186,17.189,-81.520,38.000,8594.357,38969.562,20220810_062408,479176,9514,35152,5350
3,KRLX20220810_103235_V06,-4.606,0.938,338.124,370.696,28.480,-81.507,37.993,14239.994,40160.037,20220810_063235,479176,21724,35899,14712
3,KRLX20220810_104102_V06,3.844,0.604,345.004,370.754,34.858,-81.468,37.993,17428.991,41927.041,20220810_064102,479192,22855,37936,13565
3,KRLX20220810_104504_V06,7.877,0.165,333.219,357.176,57.196,-81.535,38.054,28598.026,33062.662,20220810_064504,479186,24449,38635,14412
6,KRLX20220810_104102_V06,3.844,0.133,264.752,198.690,11.156,-81.927,38.768,5578.075,53633.275,20220810_064102,479192,22855,37936,13565
6,KRLX20220810_104504_V06,7.877,0.096,265.362,199.192,16.587,-81.923,38.766,8293.593,53296.539,20220810_064504,479186,24449,38635,14412
8,KRLX20220810_105307_V06,15.927,0.054,205.796,186.932,12.628,-82.266,38.820,6314.245,73584.325,20220810_065307,479184,28147,41165,16369
8,KRLX20220810_110108_V06,23.944,0.057,205.714,185.323,20.750,-82.267,38.827,10374.781,74230.492,20220810_070108,479181,29687,43891,16696
5,KRLX20220811_102930_V06,-8.570,0.776,298.252,123.022,9.118,-81.734,39.109,4559.242,88493.149,20220811_062930,479188,101298,127392,12743
5,KRLX20220811_103410_V06,-3.904,0.929,301.141,124.271,12.047,-81.717,39.103,6023.366,87866.448,20220811_063410,479195,100206,125695,14433
5,KRLX20220811_103850_V06,0.763,0.823,303.217,124.240,13.399,-81.705,39.104,6699.323,87894.943,20220811_063850,479177,99523,123774,16510
5,KRLX20220811_104331_V06,5.446,0.796,304.953,123.711,16.221,-81.695,39.106,8110.567,88179.356,20220811_064331,479190,101386,121844,21382
5,KRLX20220811_104812_V06,10.130,0.242,305.176,125.082,19.400,-81.694,39.100,9699.992,87497.471,20220811_064812,479171,104937,120315,25865
5,KRLX20220811_105239_V06,14.580,0.056,307.579,123.136,20.042,-81.680,39.109,10021.083,88512.985,20220811_065239,479188,106875,117637,29421
5,KRLX20220811_110132_V06,23.463,0.075,307.103,131.108,31.482,-81.683,39.073,15740.844,84520.618,20220811_070132,479188,113885,115996,36746
9,KRLX20220811_102930_V06,-8.570,0.094,194.686,204.772,7.075,-82.330,38.739,3537.254,70991.608,20220811_062930,479188,101298,127392,12743
9,KRLX20220811_103410_V06,-3.904,0.581,195.062,204.750,12.378,-82.327,38.739,6189.191,70859.982,20220811_063410,479195,100206,125695,14433
9,KRLX20220811_103850_V06,0.763,0.434,196.372,207.113,15.884,-82.320,38.729,7942.010,69582.414,20220811_063850,479177,99523,123774,16510
9,KRLX20220811_104331_V06,5.446,0.199,196.699,208.343,17.334,-82.318,38.723,8667.177,69051.036,20220811_064331,479190,101386,121844,21382
9,KRLX20220811_104812_V06,10.130,0.102,204.105,217.730,27.099,-82.275,38.681,13549.302,63174.512,20220811_064812,479171,104937,120315,25865
9,KRLX20220811_105239_V06,14.580,0.077,204.146,220.769,30.761,-82.275,38.668,15380.681,62180.223,20220811_065239,479188,106875,117637,29421
4,KRLX20220811_102436_V06,-13.470,0.115,255.620,209.571,9.092,-81.979,38.719,4546.135,50366.310,20220811_062436,479182,105019,130150,14364
4,KRLX20220811_102930_V06,-8.570,0.376,255.753,209.751,15.522,-81.978,38.718,7760.958,50255.845,20220811_062930,479188,101298,127392,12743
4,KRLX20220811_103410_V06,-3.904,0.480,255.793,212.454,16.089,-81.978,38.706,8044.550,49037.374,20220811_063410,479195,100206,125695,14433
4,KRLX20220811_103850_V06,0.763,0.483,258.795,214.305,16.240,-81.961,38.698,8120.208,47543.323,20220811_063850,479177,99523,123774,16510
4,KRLX20220811_104331_V06,5.446,0.076,255.388,218.242,22.899,-81.980,38.680,11449.611,46568.544,20220811_064331,479190,101386,121844,21382
4,KRLX20220811_104812_V06,10.130,0.200,265.843,218.417,17.212,-81.920,38.679,8605.780,44222.335,20220811_064812,479171,104937,120315,25865
10,KRLX20220811_103410_V06,-3.904,0.124,284.622,183.207,12.438,-81.812,38.838,6219.051,58900.449,20220811_063410,479195,100206,125695,14433
10,KRLX20220811_103850_V06,0.763,0.602,284.250,183.964,18.655,-81.815,38.835,9327.581,58550.046,20220811_063850,479177,99523,123774,16510
10,KRLX20220811_104331_V06,5.446,0.307,284.966,186.800,21.441,-81.810,38.822,10720.666,57096.829,20220811_064331,479190,101386,121844,21382
10,KRLX20220811_104812_V06,10.130,0.337,295.765,184.736,14.145,-81.748,38.831,7072.498,57670.743,20220811_064812,479171,104937,120315,25865
11,KRLX20220811_103850_V06,0.763,0.067,218.737,238.648,11.756,-82.190,38.587,5878.122,50910.950,20220811_063850,479177,99523,123774,16510
11,KRLX20220811_104331_V06,5.446,0.066,224.275,237.552,9.953,-82.158,38.592,4976.570,49076.791,20220811_064331,479190,101386,121844,21382
1,KRLX20220812_101933_V06,-19.401,0.127,285.661,135.460,4.318,-81.807,39.053,2159.046,82581.716,20220812_061933,479175,49807,47730,35083
1,KRLX20220812_102334_V06,-15.385,0.925,285.079,138.628,8.597,-81.810,39.039,4298.520,81029.983,20220812_062334,479175,34505,45690,22917
1,KRLX20220812_102735_V06,-11.368,0.438,284.880,142.220,10.530,-81.811,39.023,5264.878,79251.278,20220812_062735,479172,32727,45747,21778
1,KRLX20220812_103137_V06,-7.335,0.861,280.888,146.715,15.111,-81.834,39.002,7555.307,77236.167,20220812_063137,479171,50920,32043,43257
1,KRLX20220812_104004_V06,1.115,0.344,280.585,151.511,20.884,-81.836,38.981,10441.764,74876.313,20220812_064004,479173,83624,34392,75303
1,KRLX20220812_104830_V06,9.549,0.085,272.684,153.301,36.782,-81.881,38.973,18390.776,74610.270,20220812_064830,479172,93624,34931,85392
11,KRLX20220812_103137_V06,-7.335,0.767,77.632,39.161,27.048,-83.016,39.480,13523.909,171380.114,20220812_063137,479171,50920,32043,43257
11,KRLX20220812_104004_V06,1.115,0.659,79.638,43.080,33.887,-83.004,39.462,16943.667,169238.899,20220812_064004,479173,83624,34392,75303
11,KRLX20220812_104830_V06,9.549,0.525,79.477,49.946,38.060,-83.005,39.431,19029.840,166701.265,20220812_064830,479172,93624,34931,85392
11,KRLX20220812_110523_V06,26.432,0.520,80.564,59.805,49.627,-82.997,39.387,24813.664,162669.695,20220812_070523,479175,94963,35012,86985
11,KRLX20220812_111351_V06,34.899,0.146,85.005,62.690,53.217,-82.971,39.374,26608.689,160108.530,20220812_071351,479174,91713,36358,83571
2,KRLX20220812_102334_V06,-15.385,0.862,277.302,176.798,6.157,-81.855,38.867,3078.373,62637.916,20220812_062334,479175,34505,45690,22917
2,KRLX20220812_102735_V06,-11.368,0.163,277.316,176.802,11.125,-81.855,38.867,5562.674,62634.264,20220812_062735,479172,32727,45747,21778
2,KRLX20220812_103137_V06,-7.335,0.086,274.879,180.566,16.065,-81.869,38.850,8032.309,61023.519,20220812_063137,479171,50920,32043,43257
8,KRLX20220812_102735_V06,-11.368,0.093,187.745,205.984,9.481,-82.369,38.734,4740.404,73212.131,20220812_062735,479172,32727,45747,21778
8,KRLX20220812_103137_V06,-7.335,0.146,187.695,206.293,15.202,-82.370,38.732,7600.925,73132.307,20220812_063137,479171,50920,32043,43257
8,KRLX20220812_104004_V06,1.115,0.117,186.020,205.112,16.135,-82.379,38.738,8067.701,74153.656,20220812_064004,479173,83624,34392,75303
9,KRLX20220812_103137_V06,-7.335,0.919,349.618,87.101,17.963,-81.436,39.270,8981.598,109302.267,20220812_063137,479171,50920,32043,43257
9,KRLX20220812_104004_V06,1.115,0.955,355.821,90.691,24.819,-81.401,39.254,12409.599,108312.473,20220812_064004,479173,83624,34392,75303
9,KRLX20220812_104830_V06,9.549,0.430,360.300,95.027,27.969,-81.375,39.235,13984.581,106829.350,20220812_064830,479172,93624,34931,85392
10,KRLX20220812_103137_V06,-7.335,0.811,292.679,121.496,9.043,-81.766,39.116,4521.397,89326.922,20220812_063137,479171,50920,32043,43257
10,KRLX20220812_104004_V06,1.115,0.693,293.978,123.173,15.350,-81.759,39.108,7675.172,88464.977,20220812_064004,479173,83624,34392,75303
10,KRLX20220812_104830_V06,9.549,0.314,294.855,121.057,15.074,-81.754,39.118,7536.954,89508.317,20220812_064830,479172,93624,34931,85392
18,KRLX20220812_104004_V06,1.115,0.130,104.931,252.600,13.291,-82.842,38.520,6645.388,100372.535,20220812_064004,479173,83624,34392,75303
18,KRLX20220812_104830_V06,9.549,0.293,104.721,253.865,21.817,-82.843,38.514,10908.718,100327.392,20220812_064830,479172,93624,34931,85392
18,KRLX20220812_110523_V06,26.432,0.151,105.579,252.302,23.877,-82.839,38.521,11938.598,100093.242,20220812_070523,479175,94963,35012,86985
12,KRLX20220812_103137_V06,-7.335,0.308,246.871,208.861,10.464,-82.029,38.722,5231.930,52747.105,20220812_063137,479171,50920,32043,43257
12,KRLX20220812_104004_V06,1.115,0.085,246.219,210.936,20.077,-82.033,38.713,10038.638,52020.974,20220812_064004,479173,83624,34392,75303
17,KRLX20220812_104004_V06,1.115,0.258,322.405,93.829,8.171,-81.594,39.240,4085.617,103692.293,20220812_064004,479173,83624,34392,75303
17,KRLX20220812_104830_V06,9.549,0.249,324.287,93.778,15.139,-81.583,39.241,7569.516,103823.381,20220812_064830,479172,93624,34931,85392
13,KRLX20220812_103137_V06,-7.335,0.190,316.265,376.131,13.144,-81.631,37.969,6572.056,38924.356,20220812_063137,479171,50920,32043,43257
16,KRLX20220812_104004_V06,1.115,0.455,87.491,203.790,21.496,-82.946,38.739,10747.776,116636.501,20220812_064004,479173,83624,34392,75303
1,KRLX20220813_101614_V06,-23.599,0.201,290.133,125.625,5.235,-81.781,39.097,2617.580,87326.875,20220813_061614,479168,18416,34428,11743
1,KRLX20220813_102442_V06,-15.133,0.098,288.596,128.904,12.871,-81.790,39.083,6435.536,85737.950,20220813_062442,479171,22194,35088,15878
1,KRLX20220813_103309_V06,-6.683,0.136,289.227,120.334,18.352,-81.786,39.121,9176.150,89994.566,20220813_063309,479175,49365,38707,40567
1,KRLX20220813_104136_V06,1.767,0.067,288.632,116.637,27.572,-81.790,39.138,13786.101,91857.470,20220813_064136,479173,70508,39173,60362
2,KRLX20220813_102442_V06,-15.133,0.490,81.399,19.963,15.105,-82.996,39.566,7552.388,177627.988,20220813_062442,479171,22194,35088,15878
2,KRLX20220813_103309_V06,-6.683,0.194,81.659,21.350,25.525,-82.994,39.560,12762.651,177002.112,20220813_063309,479175,49365,38707,40567
2,KRLX20220813_104136_V06,1.767,0.573,82.298,28.729,31.279,-82.990,39.527,15639.477,173912.199,20220813_064136,479173,70508,39173,60362
2,KRLX20220813_105004_V06,10.234,0.626,72.937,34.880,47.344,-83.044,39.499,23671.888,174532.462,20220813_065004,479171,77027,40419,66118
5,KRLX20220813_103309_V06,-6.683,0.168,193.869,199.691,7.245,-82.334,38.762,3622.290,73016.753,20220813_063309,479175,49365,38707,40567
5,KRLX20220813_104136_V06,1.767,0.294,197.284,202.564,19.890,-82.315,38.749,9944.768,70789.119,20220813_064136,479173,70508,39173,60362
5,KRLX20220813_105004_V06,10.234,0.090,201.799,203.500,28.549,-82.289,38.745,14274.622,68840.138,20220813_065004,479171,77027,40419,66118
6,KRLX20220813_103309_V06,-6.683,0.150,274.278,169.560,8.641,-81.872,38.899,4320.328,66475.874,20220813_063309,479175,49365,38707,40567
6,KRLX20220813_104136_V06,1.767,0.566,275.244,170.084,15.283,-81.867,38.897,7641.566,66126.877,20220813_064136,479173,70508,39173,60362
7,KRLX20220813_103309_V06,-6.683,0.139,352.390,71.732,6.739,-81.420,39.340,3369.316,117101.403,20220813_063309,479175,49365,38707,40567
7,KRLX20220813_104136_V06,1.767,0.745,350.675,74.125,15.234,-81.430,39.329,7617.070,115745.064,20220813_064136,479173,70508,39173,60362
3,KRLX20220813_102442_V06,-15.133,0.489,321.138,369.665,7.029,-81.604,37.998,3514.433,36400.503,20220813_062442,479171,22194,35088,15878
8,KRLX20220813_104136_V06,1.767,0.172,116.422,246.994,14.417,-82.777,38.546,7208.559,95538.831,20220813_064136,479173,70508,39173,60362
29,KRLX20220814_103058_V06,-9.747,0.051,196.367,198.152,3.286,-82.320,38.769,1643.074,72651.137,20220814_063058,479177,36620,72479,9934
29,KRLX20220814_103512_V06,-5.514,0.752,196.447,197.086,10.013,-82.320,38.774,5006.300,72997.636,20220814_063512,479188,37730,70990,11013
29,KRLX20220814_103912_V06,-1.514,0.697,197.772,194.558,14.174,-82.312,38.785,7086.844,73431.127,20220814_063912,479185,39300,71589,11227
29,KRLX20220814_104313_V06,2.503,0.671,196.599,193.120,19.877,-82.319,38.792,9938.569,74355.681,20220814_064313,479181,40031,68809,12274
29,KRLX20220814_104714_V06,6.519,0.413,194.357,193.322,26.936,-82.332,38.791,13467.957,75067.768,20220814_064714,479183,42061,67107,13374
35,KRLX20220814_104313_V06,2.503,0.672,101.732,23.834,26.870,-82.877,39.550,13435.032,169983.476,20220814_064313,479181,40031,68809,12274
35,KRLX20220814_104714_V06,6.519,0.681,102.581,25.129,31.751,-82.872,39.544,15875.528,169210.256,20220814_064714,479183,42061,67107,13374
35,KRLX20220814_105115_V06,10.536,0.303,105.167,28.981,33.013,-82.857,39.527,16506.377,166891.677,20220814_065115,479172,44147,66653,14748
35,KRLX20220814_105516_V06,14.553,0.062,107.224,31.173,42.347,-82.845,39.517,21173.449,165401.384,20220814_065516,479185,46123,65404,15835
43,KRLX20220814_111520_V06,34.619,0.064,332.873,62.856,13.580,-81.533,39.380,6790.009,119705.983,20220814_071520,479194,46991,65705,13936
43,KRLX20220814_111920_V06,38.619,0.466,332.325,62.525,20.218,-81.536,39.381,10109.185,119832.329,20220814_071920,479188,48204,65259,14628
43,KRLX20220814_112321_V06,42.636,0.193,330.314,62.868,29.511,-81.548,39.380,14755.476,119530.677,20220814_072321,479185,49117,64883,14715
43,KRLX20220814_112722_V06,46.653,0.161,325.152,60.783,32.568,-81.578,39.389,16283.841,120267.869,20220814_072722,479183,48411,65140,13829
6,KRLX20220814_095252_V06,-47.847,0.301,349.538,187.773,49.585,-81.439,38.817,24792.614,61337.078,20220814_055252,479185,58365,76084,25257
6,KRLX20220814_100121_V06,-39.364,0.224,356.008,197.305,53.900,-81.402,38.774,26950.003,58487.351,20220814_060121,479186,56236,78094,23145
6,KRLX20220814_100535_V06,-35.131,0.128,375.056,217.598,37.836,-81.293,38.682,18917.915,55730.244,20220814_060535,479182,55226,77288,22236
6,KRLX20220814_100949_V06,-30.897,0.130,375.820,219.013,42.881,-81.288,38.676,21440.578,55469.789,20220814_060949,479173,52751,77225,20632
6,KRLX20220814_101402_V06,-26.681,0.068,385.591,227.985,37.263,-81.232,38.635,18631.374,55928.681,20220814_061402,479183,51645,76674,20034
6,KRLX20220814_101816_V06,-22.447,-1.000,385.591,227.985,43.994,-81.232,38.635,21996.874,55928.681,20220814_061816,479176,46494,77563,15927
6,KRLX20220814_102230_V06,-18.214,0.067,386.701,229.840,46.984,-81.226,38.627,23491.842,55766.243,20220814_062230,479186,40888,76415,12339
6,KRLX20220814_102644_V06,-13.981,0.131,400.965,234.922,40.443,-81.144,38.604,20221.340,60060.633,20220814_062644,479189,38075,74732,10667
6,KRLX20220814_103058_V06,-9.747,0.109,404.504,235.883,44.984,-81.124,38.599,22492.228,61302.648,20220814_063058,479177,36620,72479,9934
6,KRLX20220814_103512_V06,-5.514,-1.000,407.155,236.602,50.075,-81.109,38.596,25037.671,62252.275,20220814_063512,479188,37730,70990,11013
6,KRLX20220814_103912_V06,-1.514,0.068,431.878,245.411,32.967,-80.967,38.555,16483.509,71364.801,20220814_063912,479185,39300,71589,11227
6,KRLX20220814_104313_V06,2.503,0.103,433.957,246.869,37.911,-80.956,38.549,18955.312,72054.580,20220814_064313,479181,40031,68809,12274
26,KRLX20220814_102644_V06,-13.981,0.073,327.142,372.057,5.173,-81.569,37.987,2586.632,38499.546,20220814_062644,479189,38075,74732,10667
26,KRLX20220814_103058_V06,-9.747,0.677,328.617,372.207,11.226,-81.561,37.987,5612.829,38835.522,20220814_063058,479177,36620,72479,9934
30,KRLX20220814_103912_V06,-1.514,0.250,248.975,198.848,6.711,-82.017,38.767,3355.722,56646.452,20220814_063912,479185,39300,71589,11227
30,KRLX20220814_104313_V06,2.503,0.095,249.796,198.818,11.994,-82.013,38.767,5997.219,56476.311,20220814_064313,479181,40031,68809,12274
48,KRLX20220814_113925_V06,58.703,0.669,332.365,54.326,6.564,-81.536,39.418,3282.177,123898.598,20220814_073925,479189,47535,63537,13928
48,KRLX20220814_114325_V06,62.703,0.195,332.183,54.008,11.966,-81.537,39.420,5983.130,124044.330,20220814_074325,479193,47310,61865,14561
8,KRLX20220814_100121_V06,-39.364,0.159,374.437,358.440,16.195,-81.300,38.048,8097.309,47318.459,20220814_060121,479186,56236,78094,23145
34,KRLX20220814_103912_V06,-1.514,0.050,384.540,349.923,13.997,-81.242,38.086,6998.623,49090.329,20220814_063912,479185,39300,71589,11227
6,KRLX20220815_104239_V06,1.054,0.297,295.946,107.940,11.707,-81.747,39.177,5853.500,96051.205,20220815_064239,479188,32491,41915,4833
6,KRLX20220815_104633_V06,4.954,0.459,295.981,108.674,17.477,-81.747,39.174,8738.325,95683.899,20220815_064633,479176,31795,41447,5221
6,KRLX20220815_105027_V06,8.854,0.427,295.051,110.688,21.156,-81.753,39.165,10577.807,94688.180,20220815_065027,479179,32243,41050,5936
6,KRLX20220815_105421_V06,12.754,0.565,296.743,112.896,23.840,-81.743,39.155,11920.149,93566.028,20220815_065421,479194,31917,41423,6088
6,KRLX20220815_110222_V06,20.771,0.215,299.758,114.546,25.553,-81.725,39.147,12776.383,92727.042,20220815_070222,479195,30475,39527,6610
6,KRLX20220815_110622_V06,24.771,0.255,301.398,112.614,28.105,-81.716,39.156,14052.672,93695.454,20220815_070622,479185,29798,38951,6346
7,KRLX20220815_111023_V06,28.788,0.083,97.653,39.199,40.173,-82.900,39.481,20086.338,165046.568,20220815_071023,479189,29269,38580,6538
7,KRLX20220815_111431_V06,32.921,0.139,97.874,39.818,46.314,-82.898,39.478,23156.798,164734.055,20220815_071431,479198,28439,38004,6550
7,KRLX20220815_111832_V06,36.938,0.188,101.839,42.574,48.415,-82.875,39.466,24207.261,162431.318,20220815_071832,479169,28105,37124,6724
7,KRLX20220815_112239_V06,41.054,0.136,106.206,45.560,49.453,-82.850,39.453,24726.747,159918.362,20220815_072239,479190,27424,36833,6497
7,KRLX20220815_112655_V06,45.321,0.119,106.695,45.815,52.718,-82.847,39.451,26359.035,159669.216,20220815_072655,479181,26507,36390,6272
4,KRLX20220815_102703_V06,-14.546,0.559,325.022,373.164,7.511,-81.581,37.982,3755.573,38662.187,20220815_062703,479189,35786,48959,4207
4,KRLX20220815_103057_V06,-10.646,0.562,324.837,373.520,12.579,-81.583,37.981,6289.277,38800.889,20220815_063057,479187,34656,45959,4270
4,KRLX20220815_103451_V06,-6.746,0.418,325.820,374.014,15.990,-81.577,37.978,7994.954,39194.369,20220815_063451,479181,33099,43876,4150
8,KRLX20220815_113056_V06,49.338,0.085,239.639,214.881,20.328,-82.071,38.695,10164.141,52174.551,20220815_073056,479187,25901,36517,5995
3,KRLX20220816_102949_V06,-12.661,0.161,74.486,29.679,21.813,-83.035,39.522,10906.570,176018.543,20220816_062949,479186,9795,27813,2447
3,KRLX20220816_103343_V06,-8.761,0.594,74.652,29.930,26.513,-83.034,39.521,13256.345,175868.911,20220816_063343,479180,10395,26587,2876
3,KRLX20220816_103737_V06,-4.861,0.742,75.560,32.058,29.060,-83.029,39.512,14530.151,174761.485,20220816_063737,479187,12366,27933,4251
3,KRLX20220816_104136_V06,-0.877,0.728,67.793,38.153,37.019,-83.073,39.484,18509.575,174988.587,20220816_064136,479196,15318,29925,5889
3,KRLX20220816_104530_V06,3.023,0.644,60.643,44.894,43.386,-83.114,39.453,21692.781,174907.603,20220816_064530,479180,18030,31329,7915
3,KRLX20220816_104924_V06,6.923,0.669,62.180,48.137,48.908,-83.105,39.438,24454.006,173200.211,20220816_064924,479185,20070,32676,9535
3,KRLX20220816_105318_V06,10.823,0.683,62.426,51.972,50.900,-83.103,39.421,25449.878,171725.845,20220816_065318,479173,21412,33740,10618
3,KRLX20220816_110106_V06,18.623,0.451,66.960,53.030,53.739,-83.077,39.417,26869.649,169780.618,20220816_070106,479187,23884,35902,12355
3,KRLX20220816_110507_V06,22.639,0.052,76.823,49.953,50.705,-83.020,39.431,25352.717,167579.277,20220816_070507,479185,25225,36923,13221
5,KRLX20220816_103343_V06,-8.761,0.115,196.380,193.344,3.860,-82.320,38.791,1930.244,74351.724,20220816_063343,479180,10395,26587,2876
5,KRLX20220816_103737_V06,-4.861,0.517,196.571,193.337,8.676,-82.319,38.791,4338.199,74287.685,20220816_063737,479187,12366,27933,4251
5,KRLX20220816_104136_V06,-0.877,0.052,196.105,195.155,13.702,-82.322,38.783,6851.210,73801.675,20220816_064136,479196,15318,29925,5889
5,KRLX20220816_104530_V06,3.023,0.160,198.438,198.420,14.655,-82.308,38.768,7327.261,71821.395,20220816_064530,479180,18030,31329,7915
5,KRLX20220816_104924_V06,6.923,0.128,198.273,202.248,17.664,-82.309,38.751,8832.232,70540.428,20220816_064924,479185,20070,32676,9535
9,KRLX20220816_104136_V06,-0.877,0.194,114.052,250.516,14.571,-82.790,38.530,7285.329,96210.005,20220816_064136,479196,15318,29925,5889
9,KRLX20220816_104530_V06,3.023,0.170,114.259,250.083,19.865,-82.789,38.532,9932.446,96165.720,20220816_064530,479180,18030,31329,7915
9,KRLX20220816_104924_V06,6.923,0.363,113.423,250.601,21.814,-82.794,38.530,10906.790,96502.700,20220816_064924,479185,20070,32676,9535
9,KRLX20220816_105318_V06,10.823,0.257,112.875,251.232,23.998,-82.797,38.527,11998.833,96687.839,20220816_065318,479173,21412,33740,10618
9,KRLX20220816_110106_V06,18.623,0.235,113.827,253.803,28.511,-82.791,38.515,14255.574,95909.494,20220816_070106,479187,23884,35902,12355
11,KRLX20220816_104530_V06,3.023,0.202,106.830,185.195,10.153,-82.836,38.824,5076.423,112355.379,20220816_064530,479180,18030,31329,7915
11,KRLX20220816_104924_V06,6.923,0.425,107.035,185.451,15.663,-82.835,38.823,7831.418,112201.818,20220816_064924,479185,20070,32676,9535
11,KRLX20220816_105318_V06,10.823,0.160,102.202,189.315,22.675,-82.862,38.805,11337.494,113330.424,20220816_065318,479173,21412,33740,10618
11,KRLX20220816_110106_V06,18.623,0.132,102.883,194.752,30.598,-82.858,38.781,15298.969,111727.627,20220816_070106,479187,23884,35902,12355
8,KRLX20220816_104136_V06,-0.877,0.511,290.297,111.946,8.552,-81.780,39.159,4276.070,94152.036,20220816_064136,479196,15318,29925,5889
8,KRLX20220816_104530_V06,3.023,0.631,291.121,112.071,13.808,-81.775,39.158,6903.776,94069.146,20220816_064530,479180,18030,31329,7915
8,KRLX20220816_104924_V06,6.923,0.226,292.202,114.751,17.693,-81.769,39.146,8846.644,92706.718,20220816_064924,479185,20070,32676,9535
10,KRLX20220816_104136_V06,-0.877,0.055,102.800,187.501,12.330,-82.859,38.813,6165.224,113516.351,20220816_064136,479196,15318,29925,5889
14,KRLX20220816_110507_V06,22.639,0.166,242.610,192.616,17.144,-82.054,38.795,8572.212,60878.944,20220816_070507,479185,25225,36923,13221
1,KRLX20220817_102344_V06,-19.626,0.495,73.157,21.775,21.147,-83.044,39.558,10573.548,179490.514,20220817_062344,479173,13141,40225,7610
1,KRLX20220817_103206_V06,-11.259,0.485,70.955,25.298,31.325,-83.056,39.542,15662.589,178831.247,20220817_063206,479173,8733,35373,4997
1,KRLX20220817_104042_V06,-2.659,0.713,59.415,34.473,44.820,-83.122,39.500,22409.757,179154.572,20220817_064042,479171,14453,35042,9513
1,KRLX20220817_104903_V06,5.691,0.777,63.850,43.406,51.740,-83.096,39.460,25869.863,174361.121,20220817_064903,479176,23577,34724,17427
3,KRLX20220817_103206_V06,-11.259,0.205,290.824,114.560,13.290,-81.777,39.147,6645.096,92833.218,20220817_063206,479173,8733,35373,4997
3,KRLX20220817_104042_V06,-2.659,0.887,295.137,112.587,17.486,-81.752,39.156,8743.110,93738.286,20220817_064042,479171,14453,35042,9513
3,KRLX20220817_104903_V06,5.691,0.902,296.092,112.827,22.340,-81.746,39.155,11170.244,93606.971,20220817_064903,479176,23577,34724,17427
3,KRLX20220817_110601_V06,22.658,0.655,295.427,111.788,27.250,-81.750,39.160,13624.752,94133.627,20220817_070601,479171,28497,34799,21832
5,KRLX20220817_104042_V06,-2.659,0.137,234.589,201.510,20.600,-82.100,38.755,10299.793,59116.069,20220817_064042,479171,14453,35042,9513
5,KRLX20220817_104903_V06,5.691,0.403,222.868,207.374,29.062,-82.167,38.728,14531.026,60268.064,20220817_064903,479176,23577,34724,17427
5,KRLX20220817_110601_V06,22.658,0.103,220.861,204.890,44.348,-82.179,38.739,22174.089,61864.387,20220817_070601,479171,28497,34799,21832
5,KRLX20220817_111436_V06,31.241,0.064,214.176,201.073,55.361,-82.218,38.756,27680.652,65483.447,20220817_071436,479170,29069,34465,22408
7,KRLX20220817_104903_V06,5.691,0.157,317.480,74.763,12.483,-81.623,39.326,6241.386,112956.885,20220817_064903,479176,23577,34724,17427
7,KRLX20220817_110601_V06,22.658,0.462,319.793,73.678,19.247,-81.609,39.331,9623.326,113592.852,20220817_070601,479171,28497,34799,21832
1,KRLX20220818_102637_V06,-17.624,0.063,92.077,25.132,18.852,-82.933,39.544,9426.020,172325.791,20220818_062637,479173,18432,51100,10928
1,KRLX20220818_103512_V06,-9.041,0.897,94.877,31.588,30.193,-82.916,39.515,15096.317,168908.726,20220818_063512,479170,17523,43723,11897
1,KRLX20220818_104348_V06,-0.441,0.441,94.563,33.251,38.702,-82.918,39.507,19351.181,168344.555,20220818_064348,479172,33901,43468,26228
3,KRLX20220818_110100_V06,16.759,0.598,339.464,85.934,19.977,-81.495,39.276,9988.430,108836.618,20220818_070100,479171,49622,45128,40116
3,KRLX20220818_110934_V06,25.326,0.890,342.044,86.698,26.496,-81.480,39.272,13247.925,108702.943,20220818_070934,479172,49550,43971,40022
3,KRLX20220818_111810_V06,33.926,0.590,344.671,85.587,29.361,-81.465,39.277,14680.469,109508.659,20220818_071810,479170,48809,45127,39190
4,KRLX20220818_110100_V06,16.759,0.257,114.719,253.267,32.165,-82.786,38.518,16082.676,95541.970,20220818_070100,479171,49622,45128,40116
5,KRLX20220818_110100_V06,16.759,0.074,111.785,191.990,26.215,-82.807,38.793,13107.542,108502.176,20220818_070100,479171,49622,45128,40116
1,KRLX20220820_103725_V06,-8.586,0.718,100.310,26.067,28.728,-82.885,39.540,14364.161,169495.823,20220820_063725,479166,9085,35160,6527
1,KRLX20220820_104559_V06,-0.019,0.749,106.452,28.935,41.187,-82.849,39.527,20593.368,166536.050,20220820_064559,479175,13674,35050,10295
10,KRLX20220821_110543_V06,18.834,0.064,120.709,27.339,39.694,-82.767,39.535,19847.006,163163.375,20220821_070543,479187,115767,126440,13601
10,KRLX20220821_111051_V06,23.967,0.224,123.112,28.406,47.422,-82.753,39.531,23710.905,162059.239,20220821_071051,479182,111089,122832,13294
10,KRLX20220821_111552_V06,28.984,0.075,130.686,32.421,51.362,-82.708,39.513,25680.921,158323.689,20220821_071552,479188,107957,120101,13063
10,KRLX20220821_112053_V06,34.000,0.087,135.747,36.762,54.186,-82.679,39.494,27093.188,155139.732,20220821_072053,479194,105452,117183,12295
3,KRLX20220822_110312_V06,15.437,0.152,94.152,41.439,39.412,-82.920,39.470,19705.992,165247.832,20220822_070312,479172,24435,46788,11236
3,KRLX20220822_110705_V06,19.321,0.084,94.193,44.015,46.048,-82.920,39.459,23024.238,164229.073,20220822_070705,479179,23584,44851,11473
3,KRLX20220822_111105_V06,23.321,0.080,98.901,51.735,49.544,-82.892,39.424,24772.173,159746.989,20220822_071105,479177,24893,44152,12545
1,KRLX20220823_105012_V06,1.559,0.341,325.577,97.647,22.762,-81.576,39.223,11381.084,101981.582,20220823_065012,479175,71484,35294,63196
1,KRLX20220823_110722_V06,18.725,0.461,329.346,98.021,29.137,-81.554,39.222,14568.698,102049.917,20220823_070722,479172,97435,40720,86207
3,KRLX20220823_115020_V06,61.692,0.138,188.991,96.099,19.022,-82.367,39.229,9510.927,116080.244,20220823_075020,479172,89297,50493,75134
1,KRLX20220824_103834_V06,-10.953,0.058,110.005,49.589,10.051,-82.827,39.435,5025.346,157165.153,20220824_063834,479169,51418,43877,39676
1,KRLX20220825_105015_V06,-0.147,0.552,106.293,28.473,31.009,-82.850,39.530,15504.305,166770.155,20220825_065015,479172,99284,44367,86026
1,KRLX20220826_104309_V06,-8.123,0.131,200.849,167.406,3.390,-82.295,38.908,1694.946,82782.872,20220826_064309,479172,29473,46562,16522
1,KRLX20220828_103138_V06,-21.388,0.168,87.754,20.540,20.465,-82.959,39.564,10232.585,175461.024,20220828_063138,479173,94156,40544,81528
6,KRLX20220830_110540_V06,10.901,0.059,375.420,509.552,17.704,-81.298,37.367,8851.905,111355.290,20220830_070540,479190,114900,126696,13989
6,KRLX20220903_111458_V06,16.728,0.112,25.083,246.302,31.475,-83.301,38.543,15737.612,140056.237,20220903_071458,479181,48031,53354,22798
6,KRLX20220903_111914_V06,20.994,0.143,25.092,246.532,37.523,-83.301,38.542,18761.507,140029.637,20220903_071914,479200,47225,54067,21627
6,KRLX20220903_112315_V06,25.011,0.148,24.367,247.411,38.533,-83.305,38.538,19266.455,140302.483,20220903_072315,479180,45597,53931,20571
6,KRLX20220903_112709_V06,28.911,0.255,23.601,250.088,34.575,-83.309,38.526,17287.748,140434.510,20220903_072709,479181,43405,53381,18979
6,KRLX20220903_113055_V06,32.678,0.424,23.971,250.046,39.273,-83.307,38.526,19636.590,140256.505,20220903_073055,479174,43793,52592,19618
6,KRLX20220903_113511_V06,36.944,0.315,26.893,246.874,40.092,-83.290,38.541,20045.774,139112.993,20220903_073511,479184,42566,52318,18413
6,KRLX20220903_114030_V06,42.261,-1.000,29.836,243.755,42.424,-83.274,38.555,21211.825,137978.155,20220903_074030,479182,40841,51795,17213
6,KRLX20220903_114446_V06,46.528,0.069,40.495,256.494,33.669,-83.211,38.498,16834.660,131563.457,20220903_074446,479188,40436,51025,17181
6,KRLX20220903_114902_V06,50.794,0.100,42.644,254.560,38.665,-83.199,38.507,19332.643,130668.139,20220903_074902,479188,40543,50860,17109
2,KRLX20220906_100645_V06,-54.082,0.157,293.112,404.164,14.080,-81.763,37.843,7040.037,52195.509,20220906_060645,479168,261331,23761,252582
3,KRLX20220906_100645_V06,-54.082,0.128,26.432,446.862,8.724,-83.274,37.640,4362.184,155248.257,20220906_060645,479168,261331,23761,252582
3,KRLX20220907_120930_V06,67.806,0.319,236.085,265.373,13.430,-82.090,38.467,6715.160,36346.384,20220907_080930,479171,153735,69553,124152
3,KRLX20220907_121805_V06,76.389,0.054,236.715,267.725,22.372,-82.086,38.457,11185.900,35520.057,20220907_081805,479165,152157,72072,121594
3,KRLX20220907_122639_V06,84.956,0.116,240.003,266.574,25.045,-82.068,38.462,12522.443,34340.063,20220907_082639,479172,151414,73980,119681
2,KRLX20220910_111251_V06,8.571,0.087,28.539,454.985,43.416,-83.261,37.604,21707.882,156294.170,20220910_071251,479184,106787,129782,13753
4,KRLX20220912_104439_V06,-21.352,0.136,22.098,214.270,31.045,-83.321,38.687,15522.635,145412.373,20220912_064439,479189,185129,62689,143392
4,KRLX20220912_104814_V06,-17.769,0.080,22.573,212.593,36.801,-83.318,38.695,18400.661,145435.260,20220912_064814,479199,155340,68731,111866
8,KRLX20220912_110604_V06,0.065,0.057,38.898,208.861,48.783,-83.225,38.713,24391.544,138275.517,20220912_070604,479192,44975,69090,13758
8,KRLX20220912_110938_V06,3.631,-1.000,38.898,208.861,54.454,-83.225,38.713,27227.044,138275.517,20220912_070938,479191,41568,67110,10578
8,KRLX20220912_111312_V06,7.198,0.058,40.521,203.198,54.619,-83.216,38.738,27309.742,138473.678,20220912_071312,479175,40383,65908,9432
8,KRLX20220912_111646_V06,10.765,0.088,44.357,198.215,48.949,-83.195,38.761,24474.432,137580.279,20220912_071646,479184,40747,65333,9108
8,KRLX20220912_112020_V06,14.331,0.223,44.702,197.404,53.636,-83.193,38.765,26817.937,137570.943,20220912_072020,479163,42283,65623,10010
2,KRLX20220912_101608_V06,-49.869,0.067,287.904,410.979,20.295,-81.793,37.812,10147.308,55818.060,20220912_061608,479183,246801,53028,208492
3,KRLX20220912_103731_V06,-28.485,0.068,18.875,205.234,30.475,-83.340,38.728,15237.625,148333.821,20220912_063731,479191,224548,53818,186698
6,KRLX20220912_105148_V06,-14.202,0.060,202.718,182.803,14.052,-82.284,38.838,7025.988,76156.232,20220912_065148,479187,121307,73193,79060
1,KRLX20220916_101623_V06,-53.075,0.074,28.941,409.028,50.928,-83.263,37.811,25463.871,146082.447,20220916_061623,479168,324902,19714,316506
1,KRLX20220917_110921_V06,-0.975,0.701,332.267,62.498,9.350,-81.537,39.381,4675.159,119841.822,20220917_070921,479172,97031,47867,81374
1,KRLX20220917_111619_V06,5.991,0.136,332.344,60.815,16.372,-81.536,39.389,8185.943,120680.981,20220917_071619,479171,109862,42990,95808
6,KRLX20220921_123157_V06,78.137,0.064,219.760,178.474,11.878,-82.186,38.858,5939.220,72813.008,20220921_083157,479172,257739,57064,222184
19,KRLX20220922_113752_V06,23.176,0.116,322.994,173.111,28.175,-81.591,38.883,14087.540,64477.981,20220922_073752,479203,136767,118969,52535
19,KRLX20220922_114119_V06,26.626,0.117,323.995,173.498,33.167,-81.586,38.882,16583.422,64378.853,20220922_074119,479183,139076,117651,55002
2,KRLX20220922_101607_V06,-58.574,0.108,308.135,443.204,8.331,-81.678,37.667,4165.602,71717.247,20220922_061607,479189,287227,84847,212606
6,KRLX20220922_102528_V06,-49.224,0.052,332.158,237.392,16.243,-81.539,38.594,8121.601,35191.895,20220922_062528,479181,287247,85859,211437
8,KRLX20220922_105327_V06,-21.241,0.088,392.349,194.488,5.853,-81.192,38.786,2926.723,70109.222,20220922_065327,479182,264936,85859,188077
9,KRLX20220922_105327_V06,-21.241,0.051,482.576,413.115,16.682,-80.687,37.798,8341.120,107388.563,20220922_065327,479182,264936,85859,188077
17,KRLX20220922_112658_V06,12.276,0.069,277.596,166.533,33.901,-81.853,38.913,16950.703,67667.126,20220922_072658,479180,124769,119610,43168
23,KRLX20220922_120938_V06,54.943,0.068,389.807,203.791,38.413,-81.207,38.744,19206.463,65805.537,20220922_080938,479186,134037,108258,55362
1,KRLX20220923_111023_V06,-5.187,0.169,188.680,360.524,2.116,-82.358,38.038,1058.167,63354.979,20220923_071023,479173,12867,30213,9050
2,KRLX20220923_120608_V06,50.563,0.089,259.421,456.836,6.662,-81.954,37.605,3331.131,81000.364,20220923_080608,479173,30210,34181,23530
17,KRLX20220924_120053_V06,44.430,0.223,362.762,284.270,17.598,-81.365,38.382,8798.862,32351.452,20220924_080053,479176,120666,113169,37831
17,KRLX20220924_120440_V06,48.214,0.387,363.742,284.374,23.177,-81.359,38.382,11588.604,32814.713,20220924_080440,479184,122942,115283,38342
17,KRLX20220924_120827_V06,51.997,0.792,372.702,284.747,23.773,-81.308,38.380,11886.614,37142.430,20220924_080827,479181,124081,117073,38268
2,KRLX20220924_102826_V06,-48.020,0.240,272.727,103.733,22.648,-81.882,39.196,11324.030,99076.352,20220924_062826,479175,296906,57904,248452
6,KRLX20220924_104602_V06,-30.420,0.144,198.467,213.103,28.715,-82.307,38.702,14357.716,66820.706,20220924_064602,479197,291542,68293,233620
15,KRLX20220924_114919_V06,32.864,0.070,387.958,62.756,18.972,-81.213,39.379,9486.118,126512.181,20220924_074919,479190,108923,108452,29047
22,KRLX20220924_122400_V06,67.547,0.204,405.806,289.064,19.852,-81.119,38.360,9925.888,53184.574,20220924_082400,479186,130816,122008,39445
6,KRLX20220925_112518_V06,7.962,0.160,15.989,120.329,22.874,-83.366,39.110,11437.208,168035.574,20220925_072518,479170,17760,27288,5263
6,KRLX20220925_112925_V06,12.078,0.135,18.360,120.237,29.861,-83.352,39.110,14930.279,167059.788,20220925_072925,479193,19996,29954,6466
6,KRLX20220925_113332_V06,16.195,0.091,28.038,120.107,36.825,-83.296,39.112,18412.407,163037.267,20220925_073332,479195,22808,32312,8096
6,KRLX20220925_113739_V06,20.312,0.373,38.665,121.808,43.896,-83.235,39.105,21948.008,158151.993,20220925_073739,479194,25416,35141,9271
6,KRLX20220925_114145_V06,24.412,0.178,45.393,115.366,50.596,-83.196,39.134,25297.900,157253.288,20220925_074145,479188,28067,37122,10863
6,KRLX20220925_114552_V06,28.528,0.051,53.555,111.872,55.537,-83.149,39.151,27768.720,155021.984,20220925_074552,479191,29803,38867,11398
6,KRLX20220925_114959_V06,32.645,0.070,59.771,108.788,57.670,-83.114,39.165,28835.119,153518.642,20220925_074959,479178,31962,40288,12303
6,KRLX20220925_115359_V06,36.645,0.208,25.518,97.250,34.187,-83.313,39.214,17093.508,170622.324,20220925_075359,479189,32083,40474,12185
6,KRLX20220925_120206_V06,44.762,0.539,34.168,95.292,45.852,-83.263,39.224,22926.107,167758.589,20220925_080206,479184,33015,42725,11192
6,KRLX20220925_120607_V06,48.778,0.530,43.124,88.814,53.390,-83.212,39.254,26694.961,166271.698,20220925_080607,479191,34519,44252,11243
2,KRLX20220925_102958_V06,-47.372,0.267,257.026,426.498,19.652,-81.968,37.742,9826.181,66799.109,20220925_062958,479180,153686,36946,131693
2,KRLX20220925_103359_V06,-43.355,0.267,259.097,426.840,24.682,-81.956,37.740,12341.132,66635.987,20220925_063359,479187,158787,35616,136895
2,KRLX20220925_103759_V06,-39.355,0.912,271.831,427.951,24.957,-81.884,37.735,12478.703,65507.447,20220925_063759,479184,158101,34646,136841
2,KRLX20220925_104158_V06,-35.372,0.941,280.700,426.712,24.951,-81.833,37.741,12475.326,64086.644,20220925_064158,479190,154313,35205,132694
2,KRLX20220925_104558_V06,-31.372,0.889,293.294,427.427,22.912,-81.762,37.738,11455.766,63801.838,20220925_064558,479185,134046,39160,110374
2,KRLX20220925_104946_V06,-27.572,0.762,297.981,425.120,26.957,-81.735,37.748,13478.588,62568.285,20220925_064946,479178,93244,45634,68492
1,KRLX20220927_110550_V06,-13.284,0.059,301.753,309.091,25.022,-81.714,38.271,12511.105,4629.409,20220927_070550,479169,2562,20346,1499
4,KRLX20220929_123738_V06,76.724,0.908,344.429,64.144,16.284,-81.466,39.374,8142.029,120001.972,20220929_083738,479171,12535,26250,9390
4,KRLX20220929_124617_V06,85.374,0.667,346.025,65.494,23.517,-81.457,39.368,11758.477,119489.925,20220929_084617,479171,12815,28186,9704
1,KRLX20220929_112819_V06,7.407,0.075,450.481,165.551,3.198,-80.856,38.914,1599.075,100897.184,20220929_072819,479173,8007,28095,5635
2,KRLX20220929_113656_V06,16.024,0.157,375.606,333.937,4.858,-81.293,38.158,2428.951,41436.722,20220929_073656,479173,9558,26419,6889
8,KRLX20221002_121020_V06,46.712,0.538,299.881,38.792,37.440,-81.725,39.488,18719.833,130604.048,20221002_081020,479179,135935,198713,13560
8,KRLX20221002_121429_V06,50.862,0.471,299.027,39.986,41.608,-81.730,39.483,20803.798,130007.770,20221002_081429,479185,132440,197340,12960
11,KRLX20221002_121020_V06,46.712,0.072,252.620,118.739,37.986,-81.998,39.128,18993.097,93675.746,20221002_081020,479179,135935,198713,13560
11,KRLX20221002_121429_V06,50.862,0.146,251.076,119.861,42.525,-82.007,39.123,21262.632,93332.061,20221002_081429,479185,132440,197340,12960
11,KRLX20221002_121837_V06,54.995,0.088,240.903,128.674,34.437,-82.065,39.083,17218.578,90616.141,20221002_081837,479187,130311,195928,12761
11,KRLX20221002_122244_V06,59.112,0.098,240.923,130.331,39.681,-82.065,39.076,19840.508,89829.799,20221002_082244,479177,128777,193377,13041
11,KRLX20221002_122702_V06,63.412,0.368,236.659,147.920,31.998,-82.089,38.996,15998.758,82371.882,20221002_082702,479186,127467,192228,12206
11,KRLX20221002_123119_V06,67.695,0.283,236.589,149.194,37.476,-82.090,38.991,18737.814,81797.688,20221002_083119,479177,128052,189728,12110
6,KRLX20221002_120203_V06,38.428,0.075,307.659,32.095,35.104,-81.679,39.519,17551.956,134007.154,20221002_080203,479191,141965,201738,14321
1,KRLX20221003_113946_V06,15.233,0.507,221.490,86.155,16.153,-82.179,39.274,8076.443,113900.886,20221003_073946,479172,12436,25648,9812
1,KRLX20221003_114822_V06,23.833,0.082,220.830,89.271,23.989,-82.183,39.260,11994.613,112555.013,20221003_074822,479174,13972,24708,11342
1,KRLX20221004_113645_V06,11.302,0.161,174.115,283.343,8.538,-82.444,38.385,4269.213,63491.290,20221004_073645,479169,28992,40133,17243
2,KRLX20221004_113645_V06,11.302,0.090,114.041,72.885,13.953,-82.802,39.330,6976.482,146766.566,20221004_073645,479169,28992,40133,17243
1,KRLX20221005_113507_V06,8.749,0.837,324.121,89.175,11.388,-81.584,39.261,5693.893,106100.214,20221005_073507,479172,29285,33806,21701
1,KRLX20221005_114344_V06,17.366,0.891,325.869,93.750,15.294,-81.574,39.241,7646.765,103933.208,20221005_074344,479172,31658,35067,23519
1,KRLX20221005_120058_V06,34.599,0.621,327.004,99.858,16.893,-81.568,39.213,8446.576,100977.741,20221005_080058,479169,29284,34535,21704
1,KRLX20221006_112006_V06,-7.191,0.173,200.468,169.228,6.039,-82.298,38.900,3019.648,82170.434,20221006_072006,479170,45717,38111,35645
2,KRLX20221006_112646_V06,-0.524,0.430,336.020,59.276,13.588,-81.515,39.396,6793.903,121701.881,20221006_072646,479171,79230,37887,66535
1,KRLX20221009_112616_V06,-3.821,0.069,198.107,333.305,24.313,-82.305,38.160,12156.397,53599.279,20221009_072616,479173,11471,21698,7588
1,KRLX20221010_112756_V06,-3.097,0.067,310.328,64.481,6.675,-81.664,39.373,3337.437,117872.687,20221010_072756,479174,14803,24512,10682
1,KRLX20221010_113456_V06,3.903,-1.000,310.328,64.481,17.805,-81.664,39.373,8902.437,117872.687,20221010_073456,479173,19492,25013,15024
1,KRLX20221010_114156_V06,10.903,0.173,318.008,61.961,19.147,-81.619,39.384,9573.541,119359.502,20221010_074156,479172,18820,25781,14133
1,KRLX20221010_114857_V06,17.920,0.358,319.944,60.859,22.095,-81.608,39.389,11047.734,119985.528,20221010_074857,479174,17035,26326,12567
1,KRLX20221011_112747_V06,-4.194,0.055,190.473,325.044,17.828,-82.349,38.197,8914.082,56176.748,20221011_072747,479171,19550,25309,14576
1,KRLX20221011_113447_V06,2.806,0.292,189.314,319.652,26.957,-82.356,38.222,13478.458,56208.357,20221011_073447,479175,32614,27755,26684
5,KRLX20221013_112023_V06,-13.506,0.124,346.518,272.807,13.345,-81.457,38.434,6672.352,26941.561,20221013_072023,479183,53325,85523,8187
12,KRLX20221013_124813_V06,74.327,0.559,30.838,436.624,32.329,-83.250,37.687,16164.455,150925.803,20221013_084813,479175,96940,131384,7916
1,KRLX20221024_113635_V06,-8.244,0.617,209.456,96.195,7.370,-82.248,39.229,3684.835,111506.328,20221024_073635,479169,71873,53928,53176
9,KRLX20221026_131209_V06,85.259,0.131,244.668,423.874,17.592,-82.038,37.754,8796.213,67835.185,20221026_091209,479174,49629,82693,4531
5,KRLX20221028_114357_V06,-5.026,0.908,323.614,103.357,11.812,-81.587,39.198,5906.067,99027.785,20221028_074357,479175,69014,27244,60385
5,KRLX20221028_115056_V06,1.957,0.440,324.467,103.965,21.879,-81.582,39.195,10939.717,98777.881,20221028_075056,479171,98890,22731,90616
5,KRLX20221028_120454_V06,15.924,0.131,325.274,105.429,31.947,-81.578,39.188,15973.516,98102.563,20221028_080454,479173,75606,23623,67269
1,KRLX20221028_113658_V06,-12.010,0.261,355.850,193.531,5.555,-81.402,38.791,2777.256,60114.204,20221028_073658,479170,28368,35311,20248
1,KRLX20221028_114357_V06,-5.026,0.082,354.532,192.637,13.662,-81.410,38.795,6831.055,60209.245,20221028_074357,479175,69014,27244,60385
3,KRLX20221028_113658_V06,-12.010,0.109,208.914,304.577,4.808,-82.244,38.290,2403.877,45600.425,20221028_073658,479170,28368,35311,20248
3,KRLX20221028_114357_V06,-5.026,0.070,208.032,304.700,13.879,-82.250,38.290,6939.642,46044.211,20221028_074357,479175,69014,27244,60385
7,KRLX20221028_114357_V06,-5.026,0.069,174.422,235.256,5.842,-82.445,38.601,2921.244,70642.793,20221028_074357,479175,69014,27244,60385
7,KRLX20221028_115056_V06,1.957,0.092,173.241,235.732,15.226,-82.451,38.599,7613.209,71060.115,20221028_075056,479171,98890,22731,90616
6,KRLX20221028_114357_V06,-5.026,0.163,169.641,129.858,14.214,-82.477,39.076,7106.850,107170.290,20221028_074357,479175,69014,27244,60385
8,KRLX20221028_115056_V06,1.957,0.075,79.087,212.020,9.726,-82.994,38.701,4862.937,118893.903,20221028_075056,479171,98890,22731,90616
1,KRLX20221029_112107_V06,-28.909,0.245,209.303,306.790,17.041,-82.242,38.280,8520.267,45475.270,20221029_072107,479172,73337,44558,62979
2,KRLX20221029_112107_V06,-28.909,0.052,195.286,295.760,16.830,-82.323,38.330,8415.180,52399.693,20221029_072107,479172,73337,44558,62979
1,KRLX20221030_112104_V06,-30.013,0.690,210.512,305.788,14.949,-82.235,38.285,7474.295,44837.308,20221030_072104,479172,18671,35042,12987
4,KRLX20221101_120928_V06,16.267,0.133,497.806,215.744,11.291,-80.587,38.686,5645.561,107501.563,20221101_080928,479172,17657,35796,6393
4,KRLX20221101_121626_V06,23.233,0.102,499.480,216.031,19.930,-80.578,38.685,9965.238,108216.244,20221101_081626,479172,16637,35220,5678
4,KRLX20221101_122324_V06,30.200,0.167,509.576,218.558,17.279,-80.520,38.673,8639.492,112422.065,20221101_082324,479171,16024,34657,5131
4,KRLX20221101_123021_V06,37.150,0.170,509.381,218.933,26.424,-80.521,38.671,13211.755,112263.363,20221101_083021,479174,15698,34539,4862
8,KRLX20221101_124417_V06,51.083,0.054,304.980,377.412,27.538,-81.696,37.963,13769.003,38785.830,20221101_084417,479170,16200,33683,5360
1,KRLX20221102_112354_V06,-30.366,0.089,225.874,200.940,2.900,-82.150,38.757,1449.755,61861.863,20221102_072354,479172,226833,25895,215401
1,KRLX20221102_113035_V06,-23.682,0.530,224.432,201.557,11.207,-82.159,38.755,5603.299,62051.697,20221102_073035,479174,192991,32515,178121
4,KRLX20221102_131035_V06,76.318,0.085,32.179,477.106,54.140,-83.238,37.504,27069.950,160541.650,20221102_091035,479170,31779,34005,16931
4,KRLX20221102_131714_V06,82.968,0.064,35.797,473.612,61.472,-83.218,37.520,30735.941,158069.929,20221102_091714,479172,33765,35086,18540
2,KRLX20221102_120355_V06,9.651,0.057,319.308,126.424,4.817,-81.612,39.094,2408.741,87323.076,20221102_080355,479173,75116,36825,59785
8,KRLX20221106_123322_V06,34.809,0.104,226.096,257.205,19.380,-82.148,38.504,9689.888,42700.295,20221106_073322,479172,35917,60904,4969
10,KRLX20221106_124019_V06,41.759,0.155,323.413,123.574,12.099,-81.589,39.107,6049.461,88986.628,20221106_074019,479173,34439,58304,4858
1,KRLX20221107_120655_V06,7.279,0.275,250.071,412.241,23.549,-82.007,37.806,11774.406,61422.463,20221107_070655,479171,190800,49965,161923
1,KRLX20221107_121353_V06,14.246,0.520,251.420,410.140,31.620,-82.000,37.815,15809.792,60189.173,20221107_071353,479170,198137,47822,170364
3,KRLX20221107_122051_V06,21.212,0.292,326.619,100.323,32.898,-81.570,39.211,16448.853,100721.547,20221107_072051,479172,197996,46050,171407
3,KRLX20221107_122748_V06,28.162,0.058,324.508,102.911,40.260,-81.582,39.200,20130.073,99303.535,20221107_072748,479171,198027,45996,171334
4,KRLX20221107_123445_V06,35.112,0.066,268.429,427.904,16.815,-81.903,37.736,8407.604,65871.571,20221107_073445,479174,191112,44709,166178
5,KRLX20221107_124142_V06,42.062,0.064,382.190,404.708,21.122,-81.257,37.839,10561.001,66556.290,20221107_074142,479173,182317,44406,158240
1,KRLX20221108_120530_V06,4.781,0.739,304.732,108.613,8.809,-81.697,39.174,4404.549,95722.968,20221108_070530,479172,46947,26231,39706
1,KRLX20221108_121222_V06,11.648,0.942,305.855,102.257,26.786,-81.690,39.203,13392.945,98914.693,20221108_071222,479169,37533,24595,31654
1,KRLX20221108_121921_V06,18.631,0.924,299.730,114.483,29.845,-81.725,39.148,14922.676,92758.669,20221108_071921,479169,31029,22605,26217
1,KRLX20221108_122618_V06,25.581,0.800,299.843,123.039,33.950,-81.725,39.109,16975.158,88480.488,20221108_072618,479174,26284,21933,22244
1,KRLX20221108_123311_V06,32.464,0.730,296.662,137.030,34.951,-81.743,39.046,17475.599,81502.213,20221108_073311,479169,23053,21619,19367
2,KRLX20221112_110741_V06,-57.374,0.097,97.099,294.277,9.470,-82.884,38.332,4735.209,101491.051,20221112_060741,479174,28403,67455,10668
8,KRLX20221112_112104_V06,-43.990,0.086,325.992,280.161,23.773,-81.575,38.401,11886.616,16349.152,20221112_062104,479173,18869,64758,9368
8,KRLX20221112_112743_V06,-37.340,0.063,328.779,282.883,18.536,-81.559,38.389,9267.971,16742.202,20221112_062743,479172,15390,65825,7239
11,KRLX20221112_114742_V06,-17.357,0.166,24.920,505.214,38.955,-83.277,37.377,19477.390,171596.831,20221112_064742,479173,9175,72627,3249
2,KRLX20221114_123028_V06,23.239,0.403,297.606,114.696,8.508,-81.738,39.147,4254.086,92659.525,20221114_073028,479172,13081,20737,9475
2,KRLX20221114_123905_V06,31.856,0.087,304.933,109.686,23.966,-81.695,39.169,11983.010,95188.955,20221114_073905,479171,10826,19445,7650
2,KRLX20221114_124744_V06,40.506,0.059,308.585,115.042,30.232,-81.674,39.145,15115.992,92578.626,20221114_074744,479171,9587,18160,6883
1,KRLX20221114_121326_V06,6.206,0.217,171.804,241.298,26.241,-82.459,38.574,13120.419,70498.264,20221114_071326,479172,18906,24583,13610
1,KRLX20221114_122150_V06,14.606,0.062,172.395,239.626,38.814,-82.456,38.582,19406.822,70583.164,20221114_072150,479170,16873,23236,12263
13,KRLX20221116_121428_V06,5.073,0.128,348.227,285.030,31.447,-81.448,38.379,15723.415,25248.634,20221116_071428,479170,20383,53526,3669
13,KRLX20221116_122304_V06,13.673,0.263,352.073,286.297,38.161,-81.426,38.373,19080.513,26922.964,20221116_072304,479168,19478,51497,3419
14,KRLX20221116_121428_V06,5.073,0.075,190.593,223.800,23.874,-82.352,38.653,11936.859,66664.164,20221116_071428,479170,20383,53526,3669
14,KRLX20221116_122304_V06,13.673,0.127,192.963,223.293,31.890,-82.339,38.656,15945.020,65842.352,20221116_072304,479168,19478,51497,3419
3,KRLX20221116_112318_V06,-46.094,0.120,452.077,240.849,27.726,-80.851,38.575,13862.999,81587.564,20221116_062318,479173,23603,59469,5720
4,KRLX20221116_112318_V06,-46.094,0.088,135.796,335.856,16.077,-82.661,38.147,8038.474,84036.810,20221116_062318,479173,23603,59469,5720
7,KRLX20221116_114017_V06,-29.111,0.070,184.089,382.179,29.210,-82.383,37.940,14604.822,71043.424,20221116_064017,479172,20692,55059,4382
8,KRLX20221116_114846_V06,-20.627,0.094,154.432,210.687,28.746,-82.561,38.711,14372.870,85391.478,20221116_064846,479171,19597,54531,3384
11,KRLX20221116_120551_V06,-3.544,0.119,477.561,251.804,42.541,-80.706,38.525,21270.454,91992.995,20221116_070551,479171,20019,54322,3498
15,KRLX20221116_123132_V06,22.139,0.205,205.922,354.065,28.760,-82.260,38.067,14380.081,54253.248,20221116_073132,479171,18642,50514,2845
15,KRLX20221116_124000_V06,30.606,-1.000,205.922,354.065,42.222,-82.260,38.067,21111.081,54253.248,20221116_074000,479171,18851,48281,3090
15,KRLX20221116_124829_V06,39.089,0.054,224.269,373.806,19.193,-82.155,37.979,9596.661,52873.785,20221116_074829,479171,17237,47404,2452
1,KRLX20221121_112024_V06,-54.358,0.070,294.237,295.847,9.609,-81.757,38.331,4804.695,3551.833,20221121_062024,479170,41203,50015,26410
1,KRLX20221124_122109_V06,3.237,0.271,313.164,89.749,3.525,-81.648,39.259,1762.596,105331.190,20221124_072109,479173,22705,18353,18890
1,KRLX20221124_122808_V06,10.220,0.700,315.998,86.559,18.315,-81.631,39.273,9157.458,107020.066,20221124_072808,479172,18348,17284,14878
1,KRLX20221124_123506_V06,17.187,0.850,317.881,83.555,28.252,-81.620,39.287,14126.042,108591.243,20221124_073506,479174,14912,16598,11912
1,KRLX20221124_124206_V06,24.187,0.556,315.084,86.969,31.553,-81.636,39.271,15776.427,106782.048,20221124_074206,479172,13173,15857,10220
1,KRLX20221124_124905_V06,31.170,0.463,313.265,86.501,35.612,-81.647,39.274,17806.092,106955.100,20221124_074905,479169,13283,15621,10361
1,KRLX20221124_130301_V06,45.104,0.062,309.359,93.422,42.416,-81.670,39.242,21207.998,103394.934,20221124_080301,479172,11372,14483,8683
3,KRLX20221124_130301_V06,45.104,0.143,278.071,135.854,5.550,-81.851,39.051,2775.124,82801.908,20221124_080301,479172,11372,14483,8683
23,KRLX20221125_131517_V06,56.335,0.064,130.814,432.269,13.370,-82.683,37.712,6684.894,107376.601,20221125_081517,479173,263596,286576,25347
1,KRLX20221126_122949_V06,9.841,0.243,332.026,91.250,20.675,-81.538,39.252,10337.364,105595.979,20221126_072949,479170,9674,18115,6775
1,KRLX20221126_123648_V06,16.825,0.281,332.274,90.045,30.359,-81.537,39.257,15179.635,106210.574,20221126_073648,479177,9063,16958,6324
1,KRLX20221126_124347_V06,23.808,0.551,332.168,95.122,31.797,-81.538,39.235,15898.622,103693.791,20221126_074347,479171,8627,16616,5953
1,KRLX20221126_125046_V06,30.791,0.408,338.146,101.363,36.558,-81.503,39.206,18279.048,101133.503,20221126_075046,479172,8500,15859,5900
1,KRLX20221126_130437_V06,44.641,-1.000,347.684,112.877,45.288,-81.448,39.154,22644.167,96551.542,20221126_080437,479171,7405,14923,5012
1,KRLX20221126_131131_V06,51.541,0.066,333.979,116.383,49.026,-81.527,39.139,24513.071,93367.053,20221126_081131,479170,7314,14698,4953
3,KRLX20221130_113325_V06,-50.554,0.086,160.139,297.490,26.903,-82.524,38.321,13451.723,69941.603,20221130_063325,479171,160774,166623,28086
3,KRLX20221130_113747_V06,-46.187,0.103,163.151,296.566,32.156,-82.506,38.325,16078.193,68446.230,20221130_063747,479173,161139,167376,27490
2,KRLX20221130_112852_V06,-55.104,0.051,188.219,430.658,21.874,-82.358,37.722,10936.842,85974.696,20221130_062852,479173,162473,168831,29403
5,KRLX20221130_113747_V06,-46.187,0.063,457.675,276.325,40.030,-80.821,38.415,20014.881,79721.212,20221130_063747,479173,161139,167376,27490
17,KRLX20221130_123218_V06,8.330,0.145,361.887,364.856,29.824,-81.371,38.019,14911.993,44822.644,20221130_073218,479178,138519,152224,15216
1,KRLX20221201_122438_V06,-0.303,0.112,339.849,105.174,2.947,-81.493,39.189,1473.724,99429.557,20221201_072438,479174,4282,8196,3770
1,KRLX20221201_123119_V06,6.380,0.178,341.018,104.679,16.392,-81.487,39.191,8196.032,99790.792,20221201_073119,479175,3488,7710,3018
1,KRLX20221201_123758_V06,13.030,0.235,343.617,118.657,22.080,-81.472,39.128,11040.153,93257.398,20221201_073758,479173,3148,7508,2646
1,KRLX20221201_124442_V06,19.763,0.571,350.186,116.316,30.929,-81.434,39.139,15464.257,95208.392,20221201_074442,479172,2594,7218,2218
1,KRLX20221201_125131_V06,26.580,0.358,354.838,116.632,35.421,-81.407,39.137,17710.644,95696.226,20221201_075131,479171,2464,7148,2094
4,KRLX20221201_131820_V06,53.397,0.057,397.439,200.882,6.542,-81.163,38.757,3270.885,69496.059,20221201_081820,479172,1736,7758,1423
2,KRLX20221202_133436_V06,68.711,0.072,25.681,426.948,30.459,-83.280,37.730,15229.568,151134.460,20221202_083436,479174,5530,18862,2851
2,KRLX20221202_134136_V06,75.711,0.088,27.008,429.769,38.124,-83.272,37.717,19061.949,151132.789,20221202_084136,479170,5777,18509,3007
1,KRLX20221202_121014_V06,-15.655,0.083,10.240,455.195,14.410,-83.365,37.601,7204.862,164351.861,20221202_071014,479170,10392,17519,6154
1,KRLX20221203_112922_V06,-57.458,0.080,25.855,482.005,34.437,-83.274,37.482,17218.508,164530.935,20221203_062922,479179,234865,303327,20495
1,KRLX20221203_113436_V06,-52.225,0.056,26.345,479.606,40.374,-83.271,37.493,20186.796,163665.405,20221203_063436,479173,238211,306799,21038
5,KRLX20221203_130839_V06,41.825,0.051,188.379,412.491,33.915,-82.358,37.803,16957.735,79235.868,20221203_080839,479172,166481,258349,14173
5,KRLX20221203_131400_V06,47.175,-1.000,188.379,412.491,42.422,-82.358,37.803,21210.985,79235.868,20221203_081400,479169,157277,255452,13620
5,KRLX20221203_131930_V06,52.675,0.066,200.388,383.539,67.274,-82.290,37.934,33636.894,65002.561,20221203_081930,479173,143949,251852,11672
12,KRLX20221207_134627_V06,76.050,0.052,321.850,304.837,7.642,-81.599,38.290,3820.946,11189.565,20221207_084627,479174,149218,161636,17091
1,KRLX20221208_113607_V06,-55.130,0.090,27.824,167.706,49.456,-83.293,38.897,24728.062,151312.001,20221208_063607,479170,8126,26484,2233
1,KRLX20221208_114418_V06,-46.947,0.061,32.163,165.340,61.999,-83.268,38.908,30999.658,149891.840,20221208_064418,479174,8117,27292,2201
1,KRLX20221208_120039_V06,-30.597,0.064,38.439,158.946,68.675,-83.232,38.938,34337.746,148585.259,20221208_070039,479175,5640,23570,2036
2,KRLX20221208_124151_V06,10.603,0.191,26.751,453.605,49.848,-83.271,37.610,24923.780,156731.914,20221208_074151,479173,18399,32922,4279
2,KRLX20221208_125008_V06,18.887,0.084,26.982,457.086,55.476,-83.270,37.594,27738.138,157491.936,20221208_075008,479171,16585,30915,3681
3,KRLX20221208_124151_V06,10.603,0.052,38.040,207.564,72.852,-83.230,38.719,36426.037,138895.187,20221208_074151,479173,18399,32922,4279
1,KRLX20221209_114752_V06,-44.207,0.089,287.922,308.575,13.307,-81.793,38.273,6653.381,7406.484,20221209_064752,479174,6908,35210,1730
2,KRLX20221211_114900_V06,-44.664,0.054,422.640,366.249,22.244,-81.026,38.011,11122.120,69694.932,20221211_064900,479176,29497,54007,5353
8,KRLX20221211_130354_V06,30.236,0.081,41.344,348.046,35.011,-83.198,38.086,17505.558,131540.380,20221211_080354,479173,17868,58247,3252
4,KRLX20221216_120051_V06,-36.381,0.409,387.315,121.314,7.944,-81.219,39.116,3971.779,99439.051,20221216_070051,479172,31383,84556,5210
8,KRLX20221216_122643_V06,-10.515,0.089,414.353,314.912,14.362,-81.071,38.243,7181.007,57660.367,20221216_072643,479173,28555,76187,5067
1,KRLX20221217_113806_V06,-59.769,0.073,300.237,302.089,8.831,-81.723,38.303,4415.688,1051.269,20221217_063806,479174,3182,24283,1084
1,KRLX20221220_121551_V06,-23.766,0.077,296.433,299.771,10.076,-81.744,38.313,5038.231,1787.258,20221220_071551,479172,18400,34177,4702
2,KRLX20221224_132726_V06,45.899,0.068,438.799,208.965,87.242,-80.926,38.719,43621.059,82994.621,20221224_082726,479174,7022,128512,2049
1,KRLX20221226_132325_V06,41.112,0.074,79.907,249.638,114.600,-82.986,38.532,57300.072,112890.857,20221226_082325,479173,54164,74361,7187
1,KRLX20221226_133206_V06,49.795,0.101,75.839,243.693,128.270,-83.010,38.559,64135.006,115562.259,20221226_083206,479174,60294,85402,8313
1,KRLX20221226_134046_V06,58.462,0.063,83.311,236.100,124.063,-82.968,38.593,62031.592,112956.975,20221226_084046,479173,66219,97536,8378
