track_id,filename,from_sunrise,det_score,x,y,r,lon,lat,radius,geo_dist,local_time,n_radar_pixels,n_refAbove40_pixels,n_xcorrAbove0.95_pixels,n_xcorrBelow0.95_refAbove40_pixels
5,KAPX20210603_101808_V06,23.479,0.507,297.176,96.817,4.886,-84.738,45.821,2442.940,101601.335,20210603_061808,479172,27118,37537,21698
5,KAPX20210603_102753_V06,33.229,0.051,297.037,97.813,14.989,-84.739,45.817,7494.252,101104.600,20210603_062753,479173,27636,38516,21592
12,KAPX20210603_110652_V06,72.212,0.689,336.575,108.495,5.768,-84.485,45.769,2883.995,97483.158,20210603_070652,479173,25227,39133,19985
12,KAPX20210603_111638_V06,81.979,0.622,338.310,109.059,10.788,-84.473,45.766,5394.103,97373.311,20210603_071638,479175,28171,39585,22625
1,KAPX20210603_090954_V06,-44.755,0.103,187.970,410.120,2.634,-85.423,44.410,1317.112,78544.741,20210603_050954,479173,20277,41306,12742
2,KAPX20210603_093909_V06,-15.505,0.268,298.516,99.170,2.098,-84.729,45.811,1049.019,100417.750,20210603_053909,479175,15130,40620,11549
10,KAPX20210603_104722_V06,52.712,0.284,417.915,183.961,4.838,-83.966,45.427,2419.113,82717.817,20210603_064722,479172,22166,37796,16689
13,KAPX20210603_110652_V06,72.212,0.120,264.848,147.149,29.972,-84.945,45.595,14985.882,78420.740,20210603_070652,479173,25227,39133,19985
1,KAPX20210605_092835_V06,-25.232,0.086,326.941,423.788,29.776,-84.551,44.350,14888.168,63343.123,20210605_052835,479176,11617,35303,6032
1,KAPX20210607_094201_V06,-11.114,0.179,196.133,376.703,3.296,-85.373,44.560,1647.890,64559.414,20210607_054201,479171,16416,28791,15101
1,KAPX20210610_093157_V06,-20.443,0.076,360.288,424.910,33.630,-84.342,44.345,16815.170,69349.009,20210610_053157,479175,7467,28652,6482
15,KAPX20210612_111410_V06,82.072,0.051,447.620,246.271,15.034,-83.781,45.145,7517.113,78547.104,20210612_071410,479175,13612,44330,3286
13,KAPX20210613_104629_V06,54.480,0.086,327.648,143.948,11.543,-84.543,45.609,5771.591,79241.269,20210613_064629,479177,24248,31341,19738
13,KAPX20210613_110556_V06,73.930,0.331,372.663,158.112,16.104,-84.255,45.545,8051.969,79705.837,20210613_070556,479171,26175,34316,21575
13,KAPX20210613_111541_V06,83.680,-1.000,394.876,165.102,18.597,-84.113,45.513,9298.260,82460.693,20210613_071541,479182,24155,41877,17600
13,KAPX20210613_112009_V06,88.147,0.399,383.104,158.422,17.389,-84.188,45.543,8694.520,82083.225,20210613_072009,479177,26915,44579,19353
2,KAPX20210613_085535_V06,-56.420,0.181,116.690,189.668,10.124,-85.890,45.398,5062.000,106976.004,20210613_045535,479179,37451,45315,26797
2,KAPX20210613_090454_V06,-47.103,0.231,116.579,189.684,16.883,-85.891,45.398,8441.398,107019.817,20210613_050454,479176,36836,42942,26983
14,KAPX20210613_110556_V06,73.930,0.128,118.627,188.808,6.823,-85.878,45.402,3411.709,106371.697,20210613_070556,479171,26175,34316,21575
14,KAPX20210613_111541_V06,83.680,0.069,118.434,189.056,15.295,-85.879,45.401,7647.318,106389.292,20210613_071541,479182,24155,41877,17600
1,KAPX20210613_085535_V06,-56.420,0.238,75.083,272.183,9.068,-86.147,45.023,4534.173,113315.532,20210613_045535,479179,37451,45315,26797
8,KAPX20210613_092837_V06,-23.387,0.176,88.946,253.613,12.532,-86.061,45.108,6265.754,108045.799,20210613_052837,479175,29393,28448,23010
9,KAPX20210613_100731_V06,15.513,0.136,344.938,113.721,3.036,-84.431,45.745,1518.242,95811.362,20210613_060731,479172,33456,30789,27293
10,KAPX20210613_100731_V06,15.513,0.062,92.334,254.191,9.840,-86.039,45.106,4920.022,106329.095,20210613_060731,479172,33456,30789,27293
11,KAPX20210613_101716_V06,25.263,0.083,162.388,144.149,6.479,-85.602,45.605,3239.382,103955.032,20210613_061716,479172,32223,29963,26181
12,KAPX20210613_101716_V06,25.263,0.058,383.035,162.323,14.281,-84.188,45.525,7140.541,80389.227,20210613_061716,479172,32223,29963,26181
15,KAPX20210613_111541_V06,83.680,0.255,380.039,160.239,12.386,-84.207,45.535,6193.073,80528.429,20210613_071541,479182,24155,41877,17600
1,KAPX20210615_104410_V06,52.231,0.141,205.152,467.030,7.983,-85.313,44.154,3991.722,96040.580,20210615_064410,479173,5287,34394,4027
2,KAPX20210615_104410_V06,52.231,0.133,185.400,418.727,6.848,-85.439,44.371,3423.763,82506.252,20210615_064410,479173,5287,34394,4027
1,KAPX20210616_101333_V06,21.592,0.066,276.599,570.709,12.653,-84.865,43.689,6326.416,135859.318,20210616_061333,479174,9991,33342,7155
2,KAPX20210616_102318_V06,31.342,0.172,318.767,59.818,8.377,-84.599,45.988,4188.599,120457.155,20210616_062318,479169,10786,33545,8026
8,KAPX20210618_095143_V06,-0.400,0.054,319.008,304.592,20.541,-84.599,44.886,10270.725,9777.155,20210618_055143,479182,144659,173099,15339
3,KAPX20210619_102646_V06,34.515,0.109,22.281,262.985,33.410,-86.483,45.060,16704.988,140087.680,20210619_062646,479177,13652,36037,7355
3,KAPX20210619_103118_V06,39.048,0.207,23.887,264.947,39.036,-86.472,45.052,19517.772,139164.653,20210619_063118,479180,11001,34580,5221
3,KAPX20210619_103549_V06,43.565,-1.000,25.126,266.460,44.997,-86.464,45.045,22498.355,138456.564,20210619_063549,479178,11675,33820,5752
3,KAPX20210619_104021_V06,48.098,0.164,39.524,277.497,46.160,-86.372,44.997,23079.989,130723.043,20210619_064021,479185,11232,32677,5529
1,KAPX20210619_093334_V06,-18.685,0.067,24.948,324.964,31.834,-86.457,44.782,15917.013,138091.475,20210619_053334,479171,6467,25792,4368
2,KAPX20210619_102218_V06,30.048,0.173,25.811,295.128,50.159,-86.456,44.916,25079.430,137115.984,20210619_062218,479175,13494,37008,7073
1,KAPX20210620_100903_V06,16.626,0.240,343.077,391.428,35.246,-84.449,44.496,17622.940,50533.838,20210620_060903,479174,3931,24049,3009
30,KAPX20210621_100615_V06,13.618,0.069,313.742,292.061,9.145,-84.633,44.943,4572.308,7935.242,20210621_060615,479174,50051,77616,9020
30,KAPX20210621_101048_V06,18.168,0.072,312.959,292.489,16.451,-84.638,44.941,8225.366,7489.060,20210621_061048,479170,49392,77920,9068
34,KAPX20210621_101542_V06,23.068,0.123,163.748,398.766,21.070,-85.576,44.460,10535.028,84141.869,20210621_061542,479169,50569,78582,9477
34,KAPX20210621_102013_V06,27.584,0.079,165.312,397.812,26.707,-85.566,44.464,13353.561,83228.587,20210621_062013,479175,50081,77956,9537
9,KAPX20210621_090737_V06,-45.016,0.077,79.412,214.933,18.814,-86.126,45.281,9407.045,118211.007,20210621_050737,479182,85787,107585,13800
9,KAPX20210621_091238_V06,-39.999,-1.000,79.412,214.933,26.791,-86.126,45.281,13395.295,118211.007,20210621_051238,479168,81949,102370,12907
9,KAPX20210621_091739_V06,-34.982,0.057,93.179,214.214,19.994,-86.038,45.286,9996.841,111953.542,20210621_051739,479171,76416,95777,12120
16,KAPX20210621_092741_V06,-24.949,0.150,220.622,262.206,22.283,-85.224,45.076,11141.682,43957.927,20210621_052741,479175,70759,91879,11445
16,KAPX20210621_093242_V06,-19.932,-1.000,220.622,262.206,30.260,-85.224,45.076,15129.932,43957.927,20210621_053242,479170,70873,90979,13634
16,KAPX20210621_093743_V06,-14.916,0.097,228.719,250.245,26.332,-85.173,45.130,13165.854,43464.221,20210621_053743,479176,68547,90275,13708
19,KAPX20210621_093242_V06,-19.932,0.088,338.701,202.927,20.088,-84.473,45.344,10044.228,52251.494,20210621_053242,479170,70873,90979,13634
26,KAPX20210621_095215_V06,-0.382,0.708,372.583,184.211,17.051,-84.256,45.427,8525.421,68328.850,20210621_055215,479175,58425,83455,12221
31,KAPX20210621_100615_V06,13.618,0.056,157.876,54.885,45.543,-85.637,46.006,22771.404,141669.204,20210621_060615,479174,50051,77616,9020
37,KAPX20210621_102013_V06,27.584,0.059,404.839,166.470,31.778,-84.049,45.506,15888.962,84884.412,20210621_062013,479175,50081,77956,9537
50,KAPX20210621_111528_V06,82.834,0.058,284.790,404.932,31.583,-84.815,44.435,15791.710,53014.368,20210621_071528,479174,65731,114721,8491
3,KAPX20210622_100650_V06,13.957,0.140,299.812,302.772,19.285,-84.721,44.895,9642.406,1389.270,20210622_060650,479173,2999,15380,2298
2,KAPX20210623_093645_V06,-16.407,0.649,263.364,23.286,24.199,-84.957,46.152,12099.586,139564.087,20210623_053645,479171,3865,22929,2532
2,KAPX20210623_094629_V06,-6.673,0.276,270.559,26.320,32.632,-84.910,46.138,16316.183,137629.584,20210623_054629,479171,5992,25923,4227
1,KAPX20210623_090734_V06,-45.590,0.064,205.733,465.496,6.343,-85.309,44.161,3171.490,95230.172,20210623_050734,479175,3000,20673,1635
1,KAPX20210624_111327_V06,79.978,0.106,24.419,287.696,29.198,-86.466,44.949,14599.191,137927.710,20210624_071327,479167,3239,35589,1882
29,KAPX20210627_103000_V06,35.376,0.051,339.599,239.344,28.750,-84.468,45.180,14375.095,36219.117,20210627_063000,479182,108505,140819,6296
4,KAPX20210629_094120_V06,-14.226,0.113,17.887,396.158,26.681,-86.492,44.461,13340.574,149025.221,20210629_054120,479173,157359,199084,12195
10,KAPX20210629_101825_V06,22.857,0.059,154.839,306.856,12.240,-85.638,44.873,6120.016,72661.573,20210629_061825,479175,130699,181634,8851
18,KAPX20210629_104511_V06,49.624,0.052,360.638,294.139,18.026,-84.336,44.933,9012.882,30460.266,20210629_064511,479177,105808,160853,8734
23,KAPX20210629_110341_V06,68.124,0.063,132.903,255.952,59.126,-85.781,45.100,29562.962,86402.738,20210629_070341,479169,82214,129699,6618
2,KAPX20210701_100201_V06,5.393,0.071,434.471,377.521,27.778,-83.873,44.555,13889.212,77607.999,20210701_060201,479172,12946,34116,9808
3,KAPX20210701_111217_V06,75.659,0.053,391.832,422.870,30.239,-84.144,44.353,15119.524,76697.818,20210701_071217,479168,5434,42259,4206
1,KAPX20210703_090327_V06,-54.362,0.212,219.902,383.240,10.819,-85.224,44.532,5409.660,57759.152,20210703_050327,479184,27925,50457,3768
26,KAPX20210703_093906_V06,-18.712,0.069,187.268,362.076,27.806,-85.430,44.626,13903.248,64346.641,20210703_053906,479182,18059,41304,3452
1,KAPX20210704_103419_V06,35.866,0.080,318.112,418.679,29.928,-84.606,44.373,14964.121,60026.391,20210704_063419,479169,6123,25852,4494
14,KAPX20210707_103212_V06,31.665,0.114,158.480,423.703,49.071,-85.607,44.347,24535.568,93981.928,20210707_063212,479184,236252,270091,9740
14,KAPX20210707_103712_V06,36.665,0.250,163.075,425.140,53.383,-85.578,44.341,26691.528,92747.584,20210707_063712,479170,231320,267558,8854
14,KAPX20210707_104227_V06,41.915,0.080,190.567,435.219,35.713,-85.405,44.297,17856.714,86976.868,20210707_064227,479168,228710,264205,8810
3,KAPX20210707_091551_V06,-44.685,0.113,30.838,129.506,19.531,-86.447,45.661,9765.316,159308.169,20210707_051551,479175,289383,297962,16068
19,KAPX20210708_103354_V06,32.617,0.054,400.558,84.456,15.724,-84.072,45.875,7861.816,118923.339,20210708_063354,479161,97078,161309,9269
1,KAPX20210709_091149_V06,-50.240,0.060,213.732,466.582,2.463,-85.259,44.156,1231.419,93797.574,20210709_051149,479177,11358,43194,8243
1,KAPX20210709_092133_V06,-40.507,0.077,210.529,466.129,12.252,-85.279,44.158,6126.176,94344.936,20210709_052133,479174,8864,44890,6359
1,KAPX20210710_093917_V06,-23.571,0.089,346.898,284.758,9.389,-84.422,44.975,4694.267,24656.178,20210710_053917,479174,9032,37338,5771
1,KAPX20210710_094623_V06,-16.471,0.066,345.978,282.950,16.645,-84.428,44.984,8322.256,24518.742,20210710_054623,479178,6479,39497,3670
1,KAPX20210711_091014_V06,-53.442,0.128,148.528,417.680,9.916,-85.670,44.374,4958.097,95906.510,20210711_051014,479178,18971,34161,14253
2,KAPX20210711_091014_V06,-53.442,0.062,147.921,365.454,3.294,-85.678,44.609,1646.999,82783.384,20210711_051014,479178,18971,34161,14253
1,KAPX20210712_101649_V06,12.297,0.110,424.594,511.813,38.661,-83.944,43.951,19330.418,122870.434,20210712_061649,479177,10263,23403,8697
1,KAPX20210712_102632_V06,22.014,0.084,423.523,507.411,49.030,-83.950,43.971,24514.945,120703.238,20210712_062632,479177,11507,23562,9831
2,KAPX20210712_103616_V06,31.747,0.110,372.976,329.372,13.032,-84.259,44.774,6516.167,39332.744,20210712_063616,479171,13891,23439,11827
6,KAPX20210713_094334_V06,-21.819,0.118,294.126,440.553,19.471,-84.757,44.275,9735.628,70337.741,20210713_054334,479171,65446,95931,8106
6,KAPX20210713_094813_V06,-17.169,-1.000,294.126,440.553,26.865,-84.757,44.275,13432.378,70337.741,20210713_054813,479177,67462,98043,8416
6,KAPX20210713_095251_V06,-12.536,0.095,293.432,423.141,16.202,-84.761,44.353,8100.815,61658.057,20210713_055251,479183,68453,101294,8123
8,KAPX20210713_094813_V06,-17.169,0.071,398.062,421.032,18.787,-84.105,44.361,9393.698,77885.917,20210713_054813,479177,67462,98043,8416
12,KAPX20210713_100645_V06,1.364,0.368,150.694,255.208,23.928,-85.668,45.105,11964.093,77940.052,20210713_060645,479169,70768,109905,7052
13,KAPX20210713_100645_V06,1.364,0.096,227.064,262.731,23.061,-85.183,45.074,11530.504,40953.248,20210713_060645,479169,70768,109905,7052
16,KAPX20210713_101124_V06,6.014,0.224,298.819,401.209,14.606,-84.727,44.452,7303.076,50608.118,20210713_061124,479183,71585,110424,6810
16,KAPX20210713_101619_V06,10.931,0.077,300.980,394.096,11.726,-84.714,44.484,5863.138,47050.584,20210713_061619,479167,74052,114193,7086
26,KAPX20210713_105124_V06,46.014,0.065,295.094,134.509,8.266,-84.751,45.652,4132.877,82781.820,20210713_065124,479161,91257,133806,9412
27,KAPX20210713_105124_V06,46.014,0.051,194.659,284.199,30.909,-85.387,44.976,15454.657,53259.491,20210713_065124,479161,91257,133806,9412
27,KAPX20210713_110143_V06,56.331,0.113,200.142,263.203,21.670,-85.354,45.071,10834.938,53210.734,20210713_070143,479183,100014,143075,9598
3,KAPX20210714_110234_V06,56.295,0.128,202.545,464.940,6.098,-85.329,44.163,3049.202,95789.687,20210714_070234,479170,5708,31848,3752
3,KAPX20210714_111219_V06,66.045,0.094,205.168,465.166,14.658,-85.313,44.162,7329.238,95227.442,20210714_071219,479176,4460,30238,2807
1,KAPX20210719_092500_V06,-45.986,0.405,199.850,91.770,6.120,-85.364,45.842,3060.041,115531.034,20210719_052500,479176,49614,29985,40524
1,KAPX20210719_093444_V06,-36.252,0.051,198.722,95.946,17.136,-85.371,45.823,8567.973,113902.549,20210719_053444,479171,32493,32133,24935
3,KAPX20210719_094429_V06,-26.502,0.235,66.588,80.945,11.546,-86.223,45.883,5772.843,160051.878,20210719_054429,479176,17495,28369,14055
1,KAPX20210720_101827_V06,6.471,0.051,369.277,335.747,4.990,-84.282,44.746,2494.759,38977.954,20210720_061827,479165,3875,27086,1872
1,KAPX20210721_100152_V06,-11.120,0.074,207.454,466.326,6.363,-85.298,44.157,3181.416,95169.755,20210721_060152,479170,3202,25432,2153
2,KAPX20210721_104049_V06,27.830,0.166,243.988,69.899,8.020,-85.081,45.942,4010.136,118410.279,20210721_064049,479176,5181,28559,3923
1,KAPX20210722_093122_V06,-42.642,0.218,336.383,417.540,19.494,-84.491,44.378,9747.124,61520.968,20210722_053122,479174,35423,43549,20376
1,KAPX20210722_094311_V06,-30.826,0.079,347.559,419.141,31.127,-84.421,44.371,15563.302,64141.320,20210722_054311,479173,27606,44698,12968
3,KAPX20210722_103151_V06,17.841,0.096,20.023,306.106,22.011,-86.491,44.866,11005.514,140022.018,20210722_063151,479175,18831,44551,8163
3,KAPX20210722_104135_V06,27.574,0.083,23.196,308.213,33.384,-86.471,44.857,16692.241,138462.908,20210722_064135,479167,22129,43958,11481
2,KAPX20210722_093122_V06,-42.642,0.112,120.704,399.519,13.244,-85.846,44.454,6621.855,102531.814,20210722_053122,479174,35423,43549,20376
2,KAPX20210723_101506_V06,0.055,0.064,430.008,204.041,5.077,-83.890,45.336,2538.467,80793.421,20210723_061506,479172,17889,51878,3758
1,KAPX20210725_093613_V06,-40.938,0.501,289.119,98.807,9.758,-84.790,45.812,4878.983,100743.635,20210725_053613,479177,58870,46511,47265
2,KAPX20210725_093613_V06,-40.938,0.467,276.922,504.434,11.548,-84.864,43.987,5773.969,102866.451,20210725_053613,479177,58870,46511,47265
4,KAPX20210725_093613_V06,-40.938,0.192,270.817,573.766,15.215,-84.901,43.675,7607.699,137658.270,20210725_053613,479177,58870,46511,47265
7,KAPX20210725_094558_V06,-31.188,0.409,340.864,110.241,6.462,-84.457,45.761,3231.205,97054.662,20210725_054558,479179,50786,61035,36458
8,KAPX20210725_095026_V06,-26.721,0.094,380.899,502.023,9.198,-84.215,43.997,4599.108,108809.367,20210725_055026,479177,50223,56832,37999
9,KAPX20210725_100630_V06,-10.654,0.115,390.930,333.332,26.183,-84.146,44.756,13091.513,48423.080,20210725_060630,479176,32384,42558,27369
10,KAPX20210725_102556_V06,8.779,0.051,368.646,281.938,7.953,-84.284,44.988,3976.566,35491.257,20210725_062556,479178,28643,43635,23965
4,KAPX20210726_105350_V06,35.607,0.056,377.291,329.538,12.653,-84.232,44.773,6326.622,41371.279,20210726_065350,479180,45482,44409,36660
4,KAPX20210726_110310_V06,44.940,0.358,380.286,329.791,23.392,-84.213,44.772,11695.881,42817.286,20210726_070310,479177,39989,35063,34968
1,KAPX20210726_101050_V06,-7.393,0.075,388.264,328.711,16.676,-84.162,44.777,8338.242,46408.284,20210726_061050,479177,35771,46186,27285
2,KAPX20210726_103057_V06,12.723,0.121,375.703,329.310,16.525,-84.242,44.774,8262.688,40589.289,20210726_063057,479178,39224,43566,31623
3,KAPX20210726_103536_V06,17.373,0.067,20.448,460.939,30.625,-86.468,44.170,15312.575,161284.745,20210726_063536,479177,42896,43520,34806
24,KAPX20210727_104503_V06,25.740,0.072,42.070,221.088,54.957,-86.363,45.250,27478.569,134865.608,20210727_064503,479186,93375,128294,10453
24,KAPX20210727_104840_V06,29.357,0.057,42.985,222.907,60.349,-86.357,45.242,30174.408,134163.907,20210727_064840,479175,90630,126885,9689
24,KAPX20210727_105216_V06,32.957,0.118,45.622,229.001,62.624,-86.339,45.215,31312.161,132050.344,20210727_065216,479183,87966,123623,9705
24,KAPX20210727_105552_V06,36.557,0.082,50.566,236.002,64.118,-86.307,45.184,32059.023,128756.862,20210727_065552,479188,84989,121484,9497
2,KAPX20210727_092508_V06,-54.177,0.242,14.138,210.005,24.812,-86.542,45.298,12405.889,149846.693,20210727_052508,479185,174317,180301,29924
2,KAPX20210727_092953_V06,-49.427,0.102,15.230,209.539,31.094,-86.535,45.300,15547.041,149396.395,20210727_052953,479175,166867,174454,29501
5,KAPX20210727_094346_V06,-35.543,0.065,21.609,252.520,27.159,-86.489,45.107,13579.699,141205.337,20210727_054346,479179,153537,161618,29640
7,KAPX20210727_094829_V06,-30.827,0.108,281.715,111.379,55.586,-84.837,45.756,27793.230,94752.546,20210727_054829,479194,145397,162557,24523
8,KAPX20210727_094829_V06,-30.827,0.066,221.820,158.842,34.423,-85.220,45.541,17211.639,80681.162,20210727_054829,479194,145397,162557,24523
33,KAPX20210727_112441_V06,65.373,0.160,43.687,271.551,60.613,-86.346,45.024,30306.667,128943.250,20210727_072441,479169,77564,121822,10574
1,KAPX20210728_102414_V06,3.830,0.120,347.844,428.676,16.171,-84.420,44.328,8085.381,68641.493,20210728_062414,479179,13789,48086,10071
1,KAPX20210728_103357_V06,13.546,0.269,350.611,429.074,23.976,-84.402,44.326,11988.217,69321.178,20210728_063357,479168,19682,50921,15009
2,KAPX20210728_111252_V06,52.463,0.138,380.694,420.818,26.835,-84.214,44.362,13417.547,72644.029,20210728_071252,479176,17047,46909,13064
6,KAPX20210729_103025_V06,8.910,0.411,389.856,198.739,20.666,-84.146,45.361,10333.214,67690.216,20210729_063025,479173,15994,59619,3627
1,KAPX20210730_102506_V06,2.480,0.066,462.173,511.771,10.133,-83.710,43.950,5066.599,133367.159,20210730_062506,479178,3225,18865,2297
1,KAPX20210730_103450_V06,12.214,0.061,460.902,512.660,21.204,-83.718,43.946,10601.940,133335.855,20210730_063450,479169,5115,19172,4192
1,KAPX20210802_093834_V06,-47.440,0.226,270.421,571.807,9.083,-84.903,43.684,4541.702,136705.941,20210802_053834,479179,46872,46873,34663
2,KAPX20210802_093834_V06,-47.440,0.055,446.959,527.236,16.791,-83.805,43.881,8395.601,135308.065,20210802_053834,479179,46872,46873,34663
3,KAPX20210802_112745_V06,61.743,0.075,272.356,573.045,9.773,-84.891,43.678,4886.508,137220.207,20210802_072745,479176,3547,21394,2371
1,KAPX20210803_092959_V06,-57.167,0.098,203.373,464.482,5.192,-85.324,44.166,2596.148,95382.165,20210803_052959,479179,19071,36116,12903
16,KAPX20210806_104012_V06,9.584,0.075,273.677,430.809,15.282,-84.885,44.319,7640.997,66715.745,20210806_064012,479189,43045,78545,2632
16,KAPX20210806_104316_V06,12.651,0.081,273.987,430.381,19.411,-84.883,44.320,9705.379,66475.234,20210806_064316,479199,45010,80285,2718
2,KAPX20210806_093608_V06,-54.483,0.152,360.216,278.067,9.123,-84.338,45.005,4561.378,32042.922,20210806_053608,479187,43618,61462,11634
6,KAPX20210806_100033_V06,-30.066,0.115,328.010,368.398,15.313,-84.543,44.599,7656.258,36955.554,20210806_060033,479200,36875,63728,5238
31,KAPX20210806_114725_V06,76.801,0.061,36.985,102.754,54.179,-86.411,45.782,27089.375,164379.494,20210806_074725,479180,58575,90243,3156
26,KAPX20210808_113149_V06,58.866,0.051,335.072,177.833,64.396,-84.496,45.457,32197.887,63550.883,20210808_073149,479176,173656,209210,15671
1,KAPX20210809_101520_V06,-18.790,0.271,16.881,185.249,26.023,-86.528,45.409,13011.585,152744.734,20210809_061520,479179,5223,24449,3198
1,KAPX20210809_102504_V06,-9.056,0.069,18.339,179.424,35.474,-86.520,45.436,17737.250,153192.337,20210809_062504,479175,4481,27788,2530
2,KAPX20210809_102504_V06,-9.056,0.182,314.299,421.062,27.529,-84.630,44.362,13764.513,60951.845,20210809_062504,479175,4481,27788,2530
3,KAPX20210809_104433_V06,10.427,0.073,489.197,515.256,13.318,-83.542,43.933,6658.819,143292.179,20210809_064433,479176,6356,33089,3512
6,KAPX20210811_102254_V06,-13.577,0.112,350.439,414.571,21.721,-84.403,44.391,10860.378,62590.963,20210811_062254,479178,13400,33301,7027
6,KAPX20210811_103238_V06,-3.844,0.068,348.477,420.800,17.551,-84.416,44.363,8775.642,65082.231,20210811_063238,479178,18561,36830,12401
1,KAPX20210812_102336_V06,-14.058,0.290,350.337,145.718,11.875,-84.397,45.601,5937.630,81143.215,20210812_062336,479173,17428,67744,9690
3,KAPX20210812_104733_V06,9.892,0.131,144.504,394.497,12.747,-85.697,44.478,6373.283,90978.937,20210812_064733,479176,31873,85934,23116
5,KAPX20210812_110700_V06,29.342,0.070,402.342,497.424,48.152,-84.082,44.017,24075.954,111186.886,20210812_070700,479177,37384,84109,26886
6,KAPX20210812_111644_V06,39.075,0.440,464.521,211.711,12.187,-83.671,45.300,6093.475,93356.803,20210812_071644,479177,31277,78215,22349
1,KAPX20210813_113518_V06,56.460,0.113,169.361,371.727,16.449,-85.542,44.582,8224.724,74517.140,20210813_073518,479172,47295,45231,34611
1,KAPX20210814_104550_V06,5.809,0.066,62.918,424.626,16.270,-86.206,44.337,8135.073,133920.986,20210814_064550,479170,7708,31404,5477
3,KAPX20210815_110130_V06,20.291,0.382,54.669,249.548,31.468,-86.279,45.124,15734.044,125232.396,20210815_070130,479176,15202,25759,12098
3,KAPX20210815_111114_V06,30.024,0.103,56.160,249.647,40.373,-86.269,45.123,20186.624,124492.545,20210815_071114,479176,13355,27558,10438
2,KAPX20210815_104204_V06,0.858,0.145,29.411,417.019,49.653,-86.417,44.368,24826.576,147403.951,20210815_064204,479172,11304,24208,8662
4,KAPX20210815_110130_V06,20.291,0.067,362.721,123.105,30.064,-84.317,45.702,15031.925,93842.380,20210815_070130,479176,15202,25759,12098
1,KAPX20210816_104022_V06,-2.028,0.166,457.561,580.539,20.177,-83.743,43.641,10088.430,160878.644,20210816_064022,479169,6289,20559,4277
1,KAPX20210816_105005_V06,7.689,0.767,452.091,574.396,30.243,-83.777,43.669,15121.591,156863.492,20210816_065005,479177,7373,20753,5268
1,KAPX20210816_110933_V06,27.155,0.589,450.313,559.612,46.702,-83.787,43.735,23351.148,149993.586,20210816_070933,479169,11292,20985,8743
1,KAPX20210816_111917_V06,36.889,0.653,449.250,548.926,53.947,-83.793,43.783,26973.299,145120.615,20210816_071917,479174,7750,21368,5473
1,KAPX20210816_112902_V06,46.639,0.256,443.748,545.719,58.241,-83.827,43.798,29120.593,142338.779,20210816_072902,479177,6846,21472,4663
1,KAPX20210816_113846_V06,56.372,0.062,451.555,535.524,58.693,-83.777,43.844,29346.578,140036.143,20210816_073846,479173,6688,22564,4383
2,KAPX20210817_104811_V06,4.603,0.065,64.225,415.274,29.135,-86.199,44.379,14567.380,131223.074,20210817_064811,479176,8383,28459,6101
2,KAPX20210818_110346_V06,19.000,0.102,63.194,422.002,40.204,-86.205,44.349,20101.875,133193.087,20210818_070346,479174,39602,47211,30583
2,KAPX20210819_104018_V06,-5.654,0.075,373.723,311.845,8.816,-84.253,44.853,4407.784,37334.245,20210819_064018,479171,47743,38412,40890
2,KAPX20210819_105001_V06,4.063,0.605,369.610,314.715,17.024,-84.280,44.840,8512.044,35573.922,20210819_065001,479180,46251,40573,39367
2,KAPX20210819_110929_V06,23.530,0.070,395.126,327.581,53.833,-84.119,44.782,26916.263,49522.012,20210819_070929,479171,56337,42409,47354
3,KAPX20210819_105001_V06,4.063,0.193,66.171,427.033,26.972,-86.185,44.326,13485.864,133053.723,20210819_065001,479180,46251,40573,39367
3,KAPX20210819_110929_V06,23.530,0.325,67.865,428.066,46.463,-86.175,44.322,23231.540,132558.711,20210819_070929,479171,56337,42409,47354
3,KAPX20210819_111913_V06,33.263,0.091,67.306,430.365,52.846,-86.178,44.311,26423.119,133362.066,20210819_071913,479179,47373,41132,39065
1,KAPX20210820_102401_V06,-23.124,0.125,469.637,522.263,31.960,-83.664,43.902,15980.177,139800.996,20210820_062401,479167,64129,41148,51853
4,KAPX20210820_111443_V06,27.576,0.080,36.850,435.594,45.595,-86.368,44.285,22797.329,148015.005,20210820_071443,479177,32492,42719,25335
2,KAPX20210821_104542_V06,-2.627,0.156,65.482,404.577,14.148,-86.192,44.427,7074.111,128389.016,20210821_064542,479177,15907,42044,11408
2,KAPX20210821_110511_V06,16.857,0.508,71.370,397.030,30.611,-86.156,44.462,15305.434,124183.743,20210821_070511,479177,15475,37702,11264
3,KAPX20210824_110531_V06,13.631,0.212,87.140,426.401,37.896,-86.054,44.331,18948.013,123780.904,20210824_070531,479173,9495,32549,7113
3,KAPX20210824_111514_V06,23.348,0.176,89.839,428.858,48.322,-86.037,44.320,24160.829,123260.154,20210824_071514,479179,7446,27941,5528
3,KAPX20210824_112457_V06,33.064,0.051,97.022,432.976,52.354,-85.992,44.302,26176.829,121328.670,20210824_072457,479173,8421,26651,5782
2,KAPX20210824_104603_V06,-5.836,0.184,483.993,584.290,22.520,-83.580,43.622,11259.932,169318.010,20210824_064603,479179,6045,32957,4277
2,KAPX20210824_110531_V06,13.631,0.180,496.993,574.089,43.073,-83.499,43.667,21536.556,168768.453,20210824_070531,479173,9495,32549,7113
4,KAPX20210824_114425_V06,52.531,0.132,30.728,419.184,53.938,-86.409,44.358,26969.004,147234.533,20210824_074425,479178,4989,22893,2960
3,KAPX20210825_110326_V06,10.362,0.109,262.275,174.960,4.256,-84.961,45.470,2127.769,65303.436,20210825_070326,479169,6385,29739,4312
1,KAPX20210827_101625_V06,-39.027,0.128,30.646,131.725,35.966,-86.448,45.651,17983.065,158798.895,20210827_061625,479171,180202,157142,60054
2,KAPX20210827_101625_V06,-39.027,0.070,49.608,227.079,56.948,-86.314,45.224,28474.138,130396.983,20210827_061625,479171,180202,157142,60054
3,KAPX20210827_101625_V06,-39.027,0.057,192.937,117.334,27.343,-85.407,45.727,13671.721,105864.670,20210827_061625,479171,180202,157142,60054
42,KAPX20210828_121708_V06,80.504,0.175,373.191,169.872,3.008,-84.252,45.492,1503.819,74649.589,20210828_081708,479182,111266,127456,23078
42,KAPX20210828_122119_V06,84.687,0.108,374.606,168.857,10.759,-84.242,45.496,5379.384,75439.674,20210828_082119,479180,105714,122355,24120
3,KAPX20210828_100158_V06,-54.663,0.110,349.019,164.298,13.212,-84.406,45.517,6605.843,72142.145,20210828_060158,479189,289697,291317,10701
40,KAPX20210828_121258_V06,76.337,0.063,376.413,130.384,16.273,-84.229,45.669,8136.265,93016.736,20210828_081258,479175,120144,134301,24413
41,KAPX20210828_121258_V06,76.337,0.050,418.539,184.415,5.313,-83.962,45.425,2656.429,82781.672,20210828_081258,479175,120144,134301,24413
44,KAPX20210828_121708_V06,80.504,0.094,378.548,161.417,9.173,-84.217,45.530,4586.475,79647.545,20210828_081708,479182,111266,127456,23078
5,KAPX20210829_101108_V06,-46.682,0.126,279.276,145.996,38.286,-84.853,45.600,19142.914,77696.279,20210829_061108,479174,159422,189738,12102
11,KAPX20210829_103923_V06,-18.432,0.065,257.807,54.766,42.136,-84.992,46.010,21067.789,124418.474,20210829_063923,479184,116865,148989,7305
11,KAPX20210829_104405_V06,-13.732,0.088,256.662,60.720,22.313,-84.999,45.983,11156.603,121586.615,20210829_064405,479199,107767,142353,6088
14,KAPX20210829_104835_V06,-9.232,0.050,203.191,364.789,27.867,-85.330,44.614,13933.527,58244.392,20210829_064835,479164,98633,136178,5646
1,KAPX20210901_110823_V06,7.011,0.137,458.987,585.000,18.632,-83.735,43.620,9316.216,163173.261,20210901_070823,479172,12376,33736,8875
2,KAPX20210902_100421_V06,-58.207,0.061,207.488,466.216,6.367,-85.298,44.158,3183.315,95113.212,20210902_060421,479178,39410,43328,30008
2,KAPX20210902_101405_V06,-48.474,0.055,206.228,465.655,14.572,-85.306,44.160,7286.022,95177.129,20210902_061405,479174,52515,42688,41886
1,KAPX20210902_100421_V06,-58.207,0.134,273.670,574.141,9.813,-84.883,43.674,4906.580,137701.261,20210902_060421,479178,39410,43328,30008
3,KAPX20210902_104316_V06,-19.291,0.057,259.669,72.822,26.862,-84.980,45.929,13431.023,115364.887,20210902_064316,479177,11288,36071,7792
4,KAPX20210902_110244_V06,0.176,0.070,467.532,587.123,17.321,-83.682,43.610,8660.345,166212.885,20210902_070244,479168,17001,31983,12858
2,KAPX20210903_110813_V06,4.474,0.733,464.773,572.670,26.829,-83.698,43.676,13414.434,159294.511,20210903_070813,479177,6407,22866,3961
2,KAPX20210903_111756_V06,14.190,0.874,466.143,569.997,32.499,-83.689,43.688,16249.382,158510.192,20210903_071756,479167,8754,21951,6273
2,KAPX20210903_112740_V06,23.924,0.909,471.154,566.989,38.126,-83.658,43.701,19063.147,158569.210,20210903_072740,479172,8495,21590,6141
2,KAPX20210903_113724_V06,33.657,0.780,469.101,559.489,42.562,-83.670,43.735,21280.983,154862.699,20210903_073724,479173,6899,22367,4283
1,KAPX20210903_100950_V06,-53.910,0.076,206.791,468.114,8.251,-85.302,44.149,4125.728,96112.401,20210903_060950,479172,32196,38686,22476
3,KAPX20210903_112740_V06,23.924,0.061,31.306,435.558,27.542,-86.403,44.285,13770.906,150476.318,20210903_072740,479172,8495,21590,6141
8,KAPX20210904_111048_V06,5.872,0.057,334.362,379.775,17.309,-84.504,44.548,8654.337,43430.409,20210904_071048,479183,93366,142136,6694
10,KAPX20210904_111549_V06,10.888,0.074,345.522,229.537,15.680,-84.430,45.224,7840.034,41944.415,20210904_071549,479179,97678,147329,7067
14,KAPX20210904_114155_V06,36.988,0.065,416.914,255.306,19.366,-83.977,45.106,9682.892,62582.918,20210904_074155,479176,109973,161566,7019
17,KAPX20210904_121611_V06,71.255,0.538,225.735,372.655,25.591,-85.187,44.579,12795.507,51947.070,20210904_081611,479167,115098,168753,6647
1,KAPX20210905_102506_V06,-41.014,0.061,399.933,204.517,7.941,-84.082,45.335,3970.459,69107.757,20210905_062506,479178,185806,19479,176997
2,KAPX20210905_113317_V06,27.170,0.114,299.109,303.886,26.006,-84.725,44.890,13003.002,1993.316,20210905_073317,479177,44999,41818,39233
1,KAPX20210906_102317_V06,-44.016,0.318,331.416,379.183,16.911,-84.522,44.551,8455.723,42593.883,20210906_062317,479179,75851,30730,65591
2,KAPX20210906_102317_V06,-44.016,0.115,274.740,113.172,7.756,-84.882,45.748,3877.998,94263.773,20210906_062317,479179,75851,30730,65591
4,KAPX20210907_120350_V06,55.349,0.054,368.169,30.624,32.090,-84.279,46.118,16045.197,138933.602,20210907_080350,479181,54610,64461,12806
1,KAPX20210909_101817_V06,-52.572,0.062,237.068,211.344,16.340,-85.121,45.305,8169.889,54360.605,20210909_061817,479173,154992,23358,144868
2,KAPX20210909_103746_V06,-33.089,0.056,201.327,291.320,8.924,-85.345,44.945,4462.002,49526.895,20210909_063746,479177,109911,28173,97144
6,KAPX20210909_111641_V06,5.828,0.076,332.758,38.288,15.132,-84.508,46.084,7566.093,131877.041,20210909_071641,479176,20244,43688,13046
9,KAPX20210909_122446_V06,73.911,0.055,373.829,190.637,62.416,-84.248,45.398,31207.916,65975.416,20210909_082446,479174,26029,41036,19206
1,KAPX20210910_103137_V06,-40.425,0.057,25.847,207.015,52.827,-86.468,45.312,26413.731,144746.379,20210910_063137,479173,156431,52578,129349
6,KAPX20210912_114320_V06,28.920,0.098,253.668,424.583,26.786,-85.010,44.346,13393.053,66459.784,20210912_074320,479178,55222,80757,26499
9,KAPX20210912_120426_V06,50.020,0.149,297.636,430.911,29.242,-84.735,44.318,14620.771,65466.204,20210912_080426,479180,55932,79758,26890
11,KAPX20210912_121012_V06,55.787,0.145,334.319,427.121,19.647,-84.505,44.335,9823.368,65836.228,20210912_081012,479181,52205,77502,24324
12,KAPX20210912_121543_V06,61.304,0.237,356.055,423.461,17.249,-84.368,44.351,8624.630,67795.363,20210912_081543,479181,53487,77527,25209
1,KAPX20210916_111313_V06,-5.944,0.368,498.005,449.877,15.926,-83.481,44.226,7962.919,124166.301,20210916_071313,479179,21493,38802,17680
1,KAPX20210916_112258_V06,3.806,0.170,500.644,449.427,25.588,-83.464,44.228,12793.767,125086.351,20210916_072258,479178,38803,41408,32333
1,KAPX20210916_113244_V06,13.573,0.675,517.268,455.563,37.615,-83.361,44.199,18807.402,133608.686,20210916_073244,479176,51137,42732,43016
1,KAPX20210916_114229_V06,23.323,0.266,518.599,456.175,42.543,-83.352,44.196,21271.375,134328.105,20210916_074229,479181,59132,45451,49721
3,KAPX20210916_123012_V06,71.039,0.096,268.681,164.676,22.340,-84.920,45.516,11170.078,69450.324,20210916_083012,479178,52012,54761,37772
3,KAPX20210916_123439_V06,75.489,0.064,269.550,143.729,35.976,-84.915,45.610,17987.881,79604.913,20210916_083439,479183,49391,52968,35895
1,KAPX20210917_110804_V06,-12.283,0.232,274.805,571.418,10.170,-84.876,43.686,5085.090,136292.334,20210917_070804,479177,2152,31353,1439
3,KAPX20210919_111953_V06,-2.847,0.685,462.038,578.105,14.312,-83.716,43.651,7156.020,160933.833,20210919_071953,479176,46155,84425,32184
3,KAPX20210919_112416_V06,1.536,0.622,461.768,577.541,19.535,-83.717,43.654,9767.419,160622.090,20210919_072416,479180,46012,84376,32031
3,KAPX20210919_112853_V06,6.153,0.159,460.173,575.913,22.310,-83.727,43.661,11155.164,159517.653,20210919_072853,479178,56220,83651,40089
1,KAPX20210919_111057_V06,-11.781,0.078,462.719,584.624,8.860,-83.712,43.622,4429.835,163927.069,20210919_071057,479173,29805,82229,19514
2,KAPX20210919_111529_V06,-7.247,0.051,198.848,423.296,24.669,-85.354,44.351,12334.471,79739.632,20210919_071529,479179,30037,82452,19945
4,KAPX20210919_112853_V06,6.153,0.169,397.133,410.633,21.764,-84.110,44.408,10881.994,73611.483,20210919_072853,479178,56220,83651,40089
5,KAPX20210919_113325_V06,10.686,0.242,427.312,199.414,7.486,-83.907,45.357,3742.760,81126.417,20210919_073325,479179,58132,83369,41242
8,KAPX20210919_121508_V06,52.403,0.159,192.157,399.414,23.955,-85.397,44.458,11977.680,73336.999,20210919_081508,479181,70757,82226,53268
9,KAPX20210919_121936_V06,56.869,0.394,460.834,50.541,16.535,-83.681,46.025,8267.361,148405.894,20210919_081936,479179,85543,83613,65005
10,KAPX20210919_122415_V06,61.519,0.108,412.022,190.129,23.967,-84.004,45.399,11983.528,78454.579,20210919_082415,479176,82609,84083,62878
11,KAPX20210919_124627_V06,83.719,0.215,423.991,204.514,42.070,-83.929,45.334,21035.149,78248.621,20210919_084627,479176,71250,88101,52596
3,KAPX20210921_105152_V06,-33.252,0.100,258.811,300.287,30.745,-84.980,44.906,15372.377,20594.861,20210921_065152,479181,102214,154615,5526
3,KAPX20210921_110337_V06,-21.502,0.101,265.061,287.007,24.534,-84.941,44.965,12267.155,18638.459,20210921_070337,479172,93709,146446,3559
3,KAPX20210924_103906_V06,-49.618,0.068,138.306,333.284,24.789,-85.741,44.753,12394.675,82541.827,20210924_063906,479175,122884,194526,10912
11,KAPX20210924_112300_V06,-5.718,0.439,252.549,136.429,44.478,-85.024,45.643,22238.859,85157.279,20210924_072300,479174,105583,191485,9452
7,KAPX20210925_112605_V06,-3.840,0.086,426.256,183.856,18.538,-83.913,45.427,9269.199,85775.934,20210925_072605,479170,74121,120648,16721
10,KAPX20210926_123107_V06,59.985,0.081,15.799,155.040,20.546,-86.539,45.545,10272.958,159517.830,20210926_083107,479174,176042,184193,28975
1,KAPX20211001_111806_V06,-19.131,0.067,301.203,302.797,19.930,-84.712,44.895,9965.042,1522.475,20211001_071806,479177,5111,29723,2759
2,KAPX20211001_121638_V06,39.403,0.172,299.739,304.835,17.200,-84.721,44.885,8599.960,2421.130,20211001_081638,479179,9356,25825,6160
3,KAPX20211007_121145_V06,27.060,0.131,30.466,312.081,49.498,-86.424,44.840,24749.130,134902.234,20211007_081145,479176,3554,35299,2379
3,KAPX20211007_121832_V06,33.844,0.162,31.001,312.369,56.760,-86.421,44.839,28380.105,134641.713,20211007_081832,479178,3351,34785,2276
3,KAPX20211007_122519_V06,40.627,0.116,31.047,309.790,53.873,-86.421,44.850,26936.288,134565.639,20211007_082519,479179,3951,35075,2722
3,KAPX20211007_123206_V06,47.410,0.086,29.100,304.194,51.122,-86.434,44.875,25561.061,135466.287,20211007_083206,479174,4671,35371,3313
1,KAPX20211007_112934_V06,-15.123,0.053,46.069,378.014,72.050,-86.317,44.545,36025.177,132822.379,20211007_072934,479166,2574,31687,1626
2,KAPX20211007_120457_V06,20.260,0.069,43.232,322.850,55.797,-86.342,44.793,27898.409,128891.117,20211007_080457,479164,4869,35234,3576
9,KAPX20211008_120510_V06,19.218,0.116,247.381,215.041,14.341,-85.055,45.289,7170.397,49967.131,20211008_080510,479172,130977,161841,11082
10,KAPX20211009_113625_V06,-10.796,0.156,436.671,302.569,11.738,-83.855,44.892,5868.813,68347.738,20211009_073625,479178,29049,59934,1630
10,KAPX20211009_114120_V06,-5.879,0.365,436.328,302.288,18.267,-83.857,44.894,9133.693,68173.542,20211009_074120,479172,29359,60823,1946
7,KAPX20211009_112643_V06,-20.496,0.085,435.277,297.771,12.581,-83.863,44.914,6290.638,67647.932,20211009_072643,479175,30043,58750,1936
13,KAPX20211009_120054_V06,13.687,0.076,420.045,416.508,34.027,-83.967,44.381,17013.659,83643.578,20211009_080054,479174,30939,62557,2298
9,KAPX20211010_123213_V06,43.736,0.051,261.635,306.737,24.335,-84.962,44.877,12167.307,19476.069,20211010_083213,479177,67992,76552,9541
8,KAPX20211012_113333_V06,-17.482,0.052,469.077,283.494,20.160,-83.648,44.976,10080.215,84940.152,20211012_073333,479178,77556,124354,7411
8,KAPX20211012_113715_V06,-13.782,0.118,469.152,281.927,25.465,-83.647,44.984,12732.485,85057.267,20211012_073715,479189,78988,125531,7239
8,KAPX20211012_114100_V06,-10.032,0.194,472.229,261.301,21.281,-83.626,45.076,10640.331,88261.550,20211012_074100,479181,80625,126641,7374
1,KAPX20211013_121853_V06,26.569,0.220,258.505,360.184,15.705,-84.981,44.636,7852.617,36550.912,20211013_081853,479179,47853,49210,37522
11,KAPX20211014_125343_V06,60.116,0.096,161.770,288.094,8.760,-85.596,44.957,4379.984,69370.751,20211014_085343,479183,87795,123715,7069
13,KAPX20211014_130401_V06,70.416,0.291,326.824,176.671,7.826,-84.548,45.462,3913.082,63106.259,20211014_090401,479159,107673,145479,5816
15,KAPX20211014_131550_V06,82.233,0.515,412.894,212.820,13.768,-84.000,45.297,6883.835,71318.629,20211014_091550,479162,129920,164815,5636
10,KAPX20211016_120303_V06,6.861,0.103,275.977,362.353,31.594,-84.871,44.627,15796.879,33410.497,20211016_080303,479174,67701,99786,10781
15,KAPX20211016_121626_V06,20.245,0.083,232.519,235.526,16.383,-85.149,45.196,8191.294,46665.339,20211016_081626,479180,65549,94658,10856
27,KAPX20211017_122841_V06,31.194,0.355,407.234,16.303,22.137,-84.025,46.181,11068.623,151643.698,20211017_082841,479174,28756,53239,10049
27,KAPX20211017_123308_V06,35.644,0.482,406.994,17.026,29.123,-84.027,46.178,14561.550,151263.170,20211017_083308,479180,26978,53921,7953
27,KAPX20211017_123746_V06,40.277,0.061,408.283,22.568,32.458,-84.019,46.153,16229.155,148907.347,20211017_083746,479175,29258,54384,8567
27,KAPX20211017_124224_V06,44.910,0.192,408.861,26.628,40.659,-84.015,46.135,20329.645,147125.028,20211017_084224,479177,31123,55173,8619
27,KAPX20211017_124717_V06,49.794,-1.000,409.620,31.073,47.793,-84.011,46.115,23896.511,145205.117,20211017_084717,479177,30879,57938,7017
27,KAPX20211017_125206_V06,54.610,0.402,418.533,31.604,45.984,-83.953,46.112,22991.788,146702.643,20211017_085206,479173,34186,60167,8617
27,KAPX20211017_130226_V06,64.944,0.586,435.161,37.499,51.327,-83.846,46.085,25663.442,147627.407,20211017_090226,479161,38449,61133,9787
27,KAPX20211017_130814_V06,70.744,0.399,442.221,41.592,55.359,-83.801,46.066,27679.348,147479.989,20211017_090814,479173,40997,63366,8580
27,KAPX20211017_131401_V06,76.527,0.309,450.287,46.507,57.702,-83.749,46.044,28851.041,147347.420,20211017_091401,479168,43569,64561,8960
27,KAPX20211017_131948_V06,82.310,0.132,457.294,57.602,53.765,-83.705,45.993,26882.421,144480.149,20211017_091948,479166,45654,64317,8771
11,KAPX20211017_111629_V06,-41.006,0.134,267.506,78.201,16.559,-84.929,45.905,8279.509,112083.120,20211017_071629,479170,44960,54885,26102
11,KAPX20211017_112613_V06,-31.273,0.293,271.228,86.462,24.051,-84.905,45.868,12025.656,107733.805,20211017_072613,479177,29764,56608,13032
11,KAPX20211017_113557_V06,-21.540,0.579,283.876,91.029,31.127,-84.824,45.847,15563.657,104795.985,20211017_073557,479167,22033,50407,8655
11,KAPX20211017_114542_V06,-11.790,0.722,296.770,104.750,33.163,-84.740,45.786,16581.537,97638.137,20211017_074542,479173,17893,49244,5745
11,KAPX20211017_115526_V06,-2.056,0.098,302.724,118.309,31.097,-84.702,45.725,15548.733,90855.661,20211017_075526,479179,16920,53867,4769
10,KAPX20211017_111629_V06,-41.006,0.243,181.199,295.776,17.311,-85.472,44.924,8655.258,59437.984,20211017_071629,479170,44960,54885,26102
10,KAPX20211017_112613_V06,-31.273,0.079,183.080,298.782,25.017,-85.460,44.910,12508.659,58462.946,20211017_072613,479177,29764,56608,13032
21,KAPX20211017_115526_V06,-2.056,0.183,264.219,50.589,27.598,-84.951,46.029,13799.109,125982.262,20211017_075526,479179,16920,53867,4769
21,KAPX20211017_120425_V06,6.927,-1.000,264.219,50.589,41.882,-84.951,46.029,20940.859,125982.262,20211017_080425,479183,19508,52311,7041
21,KAPX20211017_120913_V06,11.727,0.138,248.713,50.923,22.436,-85.051,46.027,11218.201,127151.310,20211017_080913,479178,21139,45241,9208
25,KAPX20211017_121857_V06,21.460,0.133,238.082,432.103,19.994,-85.108,44.312,9997.194,72947.042,20211017_081857,479175,24377,45113,10287
28,KAPX20211017_123308_V06,35.644,0.091,276.717,79.288,23.104,-84.870,45.900,11551.844,110968.496,20211017_083308,479180,26978,53921,7953
31,KAPX20211017_124717_V06,49.794,0.237,420.998,27.863,36.555,-83.937,46.129,18277.565,148911.839,20211017_084717,479177,30879,57938,7017
37,KAPX20211017_130226_V06,64.944,0.054,321.133,26.223,15.865,-84.583,46.139,7932.587,137295.894,20211017_090226,479161,38449,61133,9787
1,KAPX20211018_120825_V06,9.621,0.069,349.163,79.578,1.936,-84.403,45.898,967.800,112919.256,20211018_080825,479173,21997,29401,17954
1,KAPX20211018_121810_V06,19.371,0.102,346.240,90.536,10.944,-84.422,45.849,5472.007,107253.370,20211018_081810,479177,15646,26806,12258
1,KAPX20211019_113317_V06,-26.823,0.117,273.385,570.813,9.688,-84.885,43.689,4844.171,136058.643,20211019_073317,479169,6815,31549,4605
2,KAPX20211019_120233_V06,2.444,0.078,206.884,506.455,11.133,-85.300,43.977,5566.727,113241.263,20211019_080233,479177,23450,38839,17202
16,KAPX20211020_122650_V06,25.411,0.562,28.330,205.139,47.465,-86.452,45.321,23732.723,143877.800,20211020_082650,479186,61084,87686,8637
16,KAPX20211020_123203_V06,30.628,0.337,29.836,205.282,54.446,-86.443,45.320,27223.092,143143.197,20211020_083203,479174,59023,84571,8388
16,KAPX20211020_123707_V06,35.695,0.081,36.245,200.849,58.278,-86.402,45.341,29138.848,140887.796,20211020_083707,479176,56181,82479,7360
5,KAPX20211020_112728_V06,-33.955,0.061,259.752,178.472,27.901,-84.977,45.454,13950.546,64009.554,20211020_072728,479178,76691,117991,8815
5,KAPX20211020_113306_V06,-28.322,-1.000,259.752,178.472,36.858,-84.977,45.454,18429.046,64009.554,20211020_073306,479181,76369,117653,8433
5,KAPX20211020_113844_V06,-22.689,0.082,282.822,161.100,32.978,-84.830,45.532,16489.012,69978.892,20211020_073844,479180,73373,113670,8127
7,KAPX20211020_113844_V06,-22.689,0.214,464.472,198.731,47.000,-83.670,45.358,23499.794,96574.382,20211020_073844,479180,73373,113670,8127
14,KAPX20211020_121555_V06,14.495,0.064,428.219,219.807,54.910,-83.903,45.265,27455.193,75615.545,20211020_081555,479172,67565,98025,9705
21,KAPX20211020_130526_V06,64.011,0.052,408.889,378.088,19.216,-84.035,44.554,9607.853,66997.449,20211020_090526,479175,46468,67052,7333
23,KAPX20211020_131000_V06,68.578,0.052,378.886,183.342,29.634,-84.216,45.431,14816.917,70413.129,20211020_091000,479180,43464,63682,6830
6,KAPX20211021_110844_V06,-54.009,0.062,386.030,373.034,19.795,-84.178,44.577,9897.387,56424.853,20211021_070844,479178,114623,179101,6305
9,KAPX20211022_125026_V06,46.365,0.065,368.708,268.519,5.077,-84.284,45.048,2538.265,37788.114,20211022_085026,479174,18034,38713,2377
6,KAPX20211023_113549_V06,-29.582,0.143,431.939,150.367,32.184,-83.875,45.577,16092.010,99747.098,20211023_073549,479171,34071,54360,4085
6,KAPX20211023_114535_V06,-19.815,0.167,435.483,153.705,37.728,-83.852,45.562,18864.089,99696.820,20211023_074535,479173,30258,48219,2992
6,KAPX20211023_115004_V06,-15.332,0.090,440.754,157.997,29.310,-83.819,45.543,14654.793,99970.679,20211023_075004,479177,28548,44857,2523
2,KAPX20211023_111616_V06,-49.132,0.104,197.983,315.971,14.258,-85.365,44.834,7128.767,51629.596,20211023_071616,479177,36102,58613,4141
12,KAPX20211023_124326_V06,38.035,0.117,304.910,291.075,10.095,-84.689,44.947,5047.554,5093.242,20211023_084326,479171,29006,40119,2770
3,KAPX20211024_112334_V06,-43.167,0.167,216.494,287.238,12.509,-85.249,44.963,6254.553,42237.543,20211024_072334,479174,20426,46457,4780
4,KAPX20211024_112334_V06,-43.167,0.108,128.383,314.492,21.252,-85.805,44.837,10626.083,86113.813,20211024_072334,479174,20426,46457,4780
3,KAPX20211026_123142_V06,22.282,0.227,340.714,131.306,2.577,-84.458,45.666,1288.418,86768.854,20211026_083142,479179,3240,22485,1868
2,KAPX20211031_113543_V06,-40.485,0.202,338.135,289.780,31.517,-84.478,44.953,15758.556,19740.365,20211031_073543,479181,10721,31264,1919
8,KAPX20211101_120314_V06,-14.335,0.074,110.553,261.753,18.096,-85.923,45.073,9048.110,96634.585,20211101_080314,479186,40354,86270,2148
8,KAPX20211102_121817_V06,-0.655,0.103,350.726,260.427,21.402,-84.398,45.085,10701.221,32168.022,20211102_081817,479178,55457,84872,2985
8,KAPX20211102_122329_V06,4.545,0.060,351.921,260.597,28.955,-84.390,45.084,14477.256,32589.762,20211102_082329,479173,58116,86040,3166
6,KAPX20211102_120539_V06,-13.288,0.052,254.597,201.943,18.221,-85.009,45.348,9110.306,54029.122,20211102_080539,479177,49758,77949,2455
14,KAPX20211102_132037_V06,61.678,0.054,180.160,57.354,18.274,-85.493,45.996,9136.782,135313.321,20211102_092037,479170,67612,103681,2803
18,KAPX20211103_114341_V06,-36.626,0.146,300.417,426.243,18.049,-84.717,44.339,9024.572,63121.621,20211103_074341,479171,54942,92914,3962
18,KAPX20211103_115037_V06,-29.693,0.213,302.260,429.001,23.921,-84.706,44.327,11960.354,64510.557,20211103_075037,479171,54691,92902,4314
18,KAPX20211103_120433_V06,-15.760,0.117,352.817,418.301,25.089,-84.388,44.374,12544.663,64777.741,20211103_080433,479170,52210,90013,4326
6,KAPX20211103_112942_V06,-50.610,0.446,280.292,366.056,16.690,-84.844,44.610,8344.814,34466.524,20211103_072942,479173,53075,92217,2958
20,KAPX20211103_114341_V06,-36.626,0.070,175.838,186.146,23.037,-85.513,45.417,11518.404,84230.386,20211103_074341,479171,54942,92914,3962
4,KAPX20211104_113638_V06,-45.049,0.080,331.034,116.213,14.493,-84.520,45.734,7246.326,93194.279,20211104_073638,479173,35052,85260,2605
1,KAPX20211105_120752_V06,-15.190,0.061,287.904,307.878,8.787,-84.796,44.872,4393.406,7217.546,20211105_080752,479171,654,13421,445
4,KAPX20211110_133401_V06,64.097,0.064,276.203,573.307,13.801,-84.867,43.677,6900.367,137170.387,20211110_083401,479175,10092,14323,8091
4,KAPX20211110_134346_V06,73.847,0.100,276.377,573.203,22.292,-84.866,43.678,11146.141,137111.211,20211110_084346,479175,12469,15344,10087
3,KAPX20211110_121658_V06,-12.953,0.255,274.047,574.914,14.178,-84.881,43.670,7089.145,138068.386,20211110_071658,479177,18701,32566,11941
4,KAPX20211112_120208_V06,-30.516,0.056,30.803,444.228,52.235,-86.405,44.246,26117.744,152699.645,20211112_070208,479179,92026,121300,3953
4,KAPX20211112_120716_V06,-25.382,0.101,30.745,442.678,58.661,-86.405,44.253,29330.650,152360.653,20211112_070716,479175,95588,124085,3928
6,KAPX20211112_122858_V06,-3.682,0.069,46.690,429.772,55.468,-86.307,44.312,27734.249,142308.214,20211112_072858,479179,103684,123662,8609
6,KAPX20211112_123400_V06,1.351,0.118,48.869,426.276,63.001,-86.294,44.328,31500.369,140545.515,20211112_073400,479182,104071,124087,9374
10,KAPX20211112_131139_V06,39.001,0.061,43.754,458.616,45.117,-86.322,44.182,22558.624,150682.662,20211112_081139,479176,124709,144129,7100
3,KAPX20211114_130056_V06,25.572,0.306,378.996,104.300,8.609,-84.212,45.787,4304.321,105521.107,20211114_080056,479175,266104,319552,14364
3,KAPX20211114_131042_V06,35.339,0.113,378.997,104.968,15.883,-84.212,45.784,7941.712,105211.720,20211114_081042,479175,285368,328671,14085
11,KAPX20211115_124020_V06,3.624,0.087,310.636,248.527,22.389,-84.652,45.139,11194.511,26280.037,20211115_074020,479176,39378,71869,2200
18,KAPX20211115_131923_V06,42.674,0.108,324.170,166.477,19.750,-84.565,45.508,9874.958,67846.597,20211115_081923,479176,37222,61792,1911
1,KAPX20211116_114957_V06,-48.101,0.190,288.675,308.432,8.950,-84.791,44.869,4475.132,7059.379,20211116_064957,479174,2302,18315,149
2,KAPX20211117_123645_V06,-2.635,0.369,25.806,425.148,38.543,-86.439,44.331,19271.524,150702.208,20211117_073645,479175,41452,129799,3914
2,KAPX20211117_124630_V06,7.115,0.342,27.990,427.058,50.151,-86.425,44.323,25075.313,150110.917,20211117_074630,479175,37632,126516,4503
2,KAPX20211117_130603_V06,26.665,0.260,36.069,410.723,59.669,-86.376,44.397,29834.389,143107.441,20211117_080603,479173,39434,134909,3757
1,KAPX20211117_120730_V06,-31.885,0.315,17.969,438.027,22.953,-86.486,44.272,11476.390,156997.453,20211117_070730,479178,48640,137835,5375
4,KAPX20211119_122118_V06,-20.730,0.554,359.514,19.264,18.250,-84.334,46.170,9124.825,143487.334,20211119_072118,479171,24065,77075,4141
10,KAPX20211119_131952_V06,37.837,0.084,345.662,28.564,20.555,-84.424,46.128,10277.313,137624.900,20211119_081952,479175,32707,93571,2840
1,KAPX20211120_121810_V06,-25.171,0.207,39.966,437.439,46.699,-86.348,44.277,23349.569,147060.268,20211120_071810,479178,108550,130512,12494
1,KAPX20211120_122756_V06,-15.405,0.468,46.639,431.374,54.657,-86.307,44.305,27328.269,142697.779,20211120_072756,479171,101505,124071,11737
1,KAPX20211120_123742_V06,-5.638,-1.000,52.918,425.668,63.062,-86.269,44.331,31531.008,138602.002,20211120_073742,479172,100367,126966,9670
1,KAPX20211120_124845_V06,5.412,0.081,56.306,409.152,61.423,-86.249,44.406,30711.648,133511.183,20211120_074845,479174,101631,134803,8746
4,KAPX20211121_123613_V06,-8.420,0.083,297.011,304.319,15.126,-84.739,44.888,7563.053,2626.322,20211121_073613,479171,39343,54996,3406
4,KAPX20211121_124600_V06,1.364,0.093,296.559,302.173,23.638,-84.742,44.897,11819.004,2034.841,20211121_074600,479176,41655,58332,3347
4,KAPX20211121_130531_V06,20.880,-1.000,295.710,298.144,41.447,-84.747,44.916,20723.588,2337.229,20211121_080531,479174,48184,68370,4395
4,KAPX20211121_131632_V06,31.897,0.181,292.786,302.269,20.467,-84.765,44.897,10233.749,3780.960,20211121_081632,479170,53981,77439,5219
4,KAPX20211121_132616_V06,41.630,0.082,293.711,306.351,18.344,-84.760,44.879,9171.822,4469.147,20211121_082616,479174,60169,87733,5539
1,KAPX20211121_114725_V06,-57.220,0.050,36.609,437.478,64.801,-86.369,44.277,32400.455,148555.274,20211121_064725,479173,27490,47601,4211
1,KAPX20211125_131013_V06,20.508,0.059,38.887,456.939,50.447,-86.353,44.189,25223.606,152323.604,20211125_081013,479173,58413,112779,6319
2,KAPX20211125_133928_V06,49.758,0.126,25.926,206.744,39.262,-86.467,45.313,19630.903,144752.635,20211125_083928,479179,53372,114442,8907
6,KAPX20211128_141308_V06,79.773,0.154,33.685,234.623,35.300,-86.414,45.189,17649.927,137111.041,20211128_091308,479176,302708,348338,14983
6,KAPX20211128_142015_V06,86.889,0.289,34.710,238.355,41.223,-86.407,45.172,20611.693,136178.769,20211128_092015,479175,295194,345170,13657
7,KAPX20211128_141308_V06,79.773,0.068,78.713,149.280,69.291,-86.137,45.577,34645.401,133869.631,20211128_091308,479176,302708,348338,14983
3,KAPX20211129_121858_V06,-35.577,0.453,380.696,97.218,35.197,-84.201,45.818,17598.717,109124.025,20211129_071858,479176,12712,55228,5276
4,KAPX20211129_121858_V06,-35.577,0.079,441.480,178.156,18.778,-83.815,45.452,9388.794,93357.468,20211129_071858,479176,12712,55228,5276
2,KAPX20211201_121144_V06,-45.117,0.159,295.934,300.837,14.816,-84.745,44.903,7408.222,2075.463,20211201_071144,479179,35431,62554,5188
2,KAPX20211201_121831_V06,-38.334,0.076,295.416,301.321,23.575,-84.749,44.901,11787.539,2385.398,20211201_071831,479178,43170,71057,6792
1,KAPX20211201_120458_V06,-51.884,0.067,294.089,300.919,18.208,-84.757,44.903,9104.076,2991.207,20211201_070458,479175,30104,55503,4214
3,KAPX20211201_124539_V06,-11.201,0.056,295.621,302.740,21.010,-84.747,44.895,10504.948,2582.988,20211201_074539,479175,59763,86645,4467
5,KAPX20211201_141417_V06,77.433,0.405,36.808,222.557,37.588,-86.396,45.243,18794.201,137174.598,20211201_091417,479179,125231,156290,5220
1,KAPX20211203_130429_V06,5.411,0.143,25.112,500.390,36.495,-86.433,43.993,18247.648,170087.904,20211203_080429,479172,13671,52204,2078
1,KAPX20211205_132210_V06,20.966,0.427,296.878,304.772,12.847,-84.739,44.886,6423.405,2851.003,20211205_082210,479173,181584,211866,8396
1,KAPX20211209_123105_V06,-34.051,0.149,31.389,423.886,59.323,-86.404,44.337,29661.367,147901.814,20211209_073105,479174,106141,149199,7484
3,KAPX20211210_130230_V06,-3.545,0.069,32.593,422.990,57.269,-86.396,44.341,28634.533,147167.447,20211210_080230,479177,6630,24282,1600
3,KAPX20211210_130918_V06,3.255,0.079,32.917,421.278,64.460,-86.395,44.349,32230.029,146664.317,20211210_080918,479175,8568,28369,1521
3,KAPX20211210_131605_V06,10.038,0.109,35.436,417.970,61.931,-86.379,44.364,30965.641,144837.263,20211210_081605,479178,10285,30205,1930
3,KAPX20211210_132253_V06,16.838,-1.000,37.536,414.996,61.318,-86.366,44.378,30658.819,143275.214,20211210_082253,479175,10768,31396,1834
3,KAPX20211210_132940_V06,23.622,-1.000,39.632,412.028,60.706,-86.354,44.391,30352.750,141723.147,20211210_082940,479179,10472,30220,1684
3,KAPX20211210_133627_V06,30.405,0.075,33.450,402.207,59.267,-86.394,44.435,29633.513,142736.707,20211210_083627,479173,11651,31085,1947
3,KAPX20211210_134313_V06,37.172,0.118,31.360,409.163,61.616,-86.406,44.404,30807.927,144986.189,20211210_084313,479171,13668,33109,2141
3,KAPX20211210_135000_V06,43.955,0.139,38.740,427.718,73.232,-86.357,44.321,36616.122,145403.355,20211210_085000,479176,15562,35975,2455
3,KAPX20211210_140333_V06,57.505,0.065,36.650,416.364,72.310,-86.372,44.372,36155.043,143956.394,20211210_090333,479168,15003,35627,2733
2,KAPX20211210_121453_V06,-51.162,0.361,28.565,428.141,45.816,-86.421,44.318,22908.117,150080.949,20211210_071453,479181,1718,21662,461
2,KAPX20211210_122144_V06,-44.312,0.415,29.607,429.028,54.109,-86.414,44.314,27054.604,149800.599,20211210_072144,479175,2227,20147,519
2,KAPX20211210_122831_V06,-37.528,0.137,34.091,438.638,65.175,-86.385,44.271,32587.456,149940.149,20211210_072831,479172,3644,21772,927
1,KAPX20211210_120803_V06,-57.995,0.115,32.629,422.933,51.220,-86.396,44.342,25609.913,147139.203,20211210_070803,479173,1929,24624,474
7,KAPX20211211_140946_V06,62.843,0.075,40.558,267.322,47.826,-86.366,45.042,23912.819,130746.039,20211211_090946,479177,172722,221926,15602
7,KAPX20211211_141511_V06,68.260,0.087,41.623,266.018,54.723,-86.360,45.048,27361.640,130301.068,20211211_091511,479176,170446,223408,15638
7,KAPX20211211_142022_V06,73.443,0.056,47.233,254.496,55.571,-86.326,45.101,27785.397,128415.030,20211211_092022,479179,172093,224189,15794
5,KAPX20211211_135254_V06,45.976,0.106,466.334,85.455,39.075,-83.649,45.867,19537.693,135735.606,20211211_085254,479173,181855,224326,13469
2,KAPX20211215_121634_V06,-53.540,0.104,387.123,251.213,8.027,-84.166,45.125,4013.496,49926.524,20211215_071634,479172,37715,127193,4479
7,KAPX20211215_141504_V06,64.960,0.118,29.042,271.765,35.871,-86.439,45.021,17935.257,136212.390,20211215_091504,479173,8611,75419,508
7,KAPX20211219_134924_V06,36.680,0.067,353.062,402.741,30.686,-84.386,44.444,15343.168,57817.340,20211219_084924,479171,11493,80088,465
1,KAPX20211220_132614_V06,12.954,0.139,32.002,46.105,36.712,-86.451,46.036,18356.117,184584.185,20211220_082614,479162,10395,20019,1490
2,KAPX20211220_143405_V06,80.804,0.095,54.676,108.606,60.827,-86.296,45.758,30413.321,155576.124,20211220_093405,479176,26134,36070,3126
1,KAPX20211221_124529_V06,-28.315,0.098,25.754,206.040,46.680,-86.469,45.317,23339.827,144947.758,20211221_074529,479174,12216,21189,9206
2,KAPX20211221_132618_V06,12.501,0.131,22.220,302.595,34.172,-86.478,44.882,17085.909,138896.263,20211221_082618,479172,7236,20791,1723
3,KAPX20211223_131016_V06,-4.453,0.063,26.524,151.953,33.621,-86.471,45.560,16810.383,155488.960,20211223_081016,479179,80123,181031,7928
3,KAPX20211223_131721_V06,2.631,0.136,26.527,155.696,40.408,-86.471,45.543,20204.065,154605.216,20211223_081721,479175,77571,170490,8484
3,KAPX20211223_132426_V06,9.714,-1.000,26.530,159.040,47.673,-86.470,45.528,23836.745,153830.829,20211223_082426,479176,78651,162845,9333
3,KAPX20211223_133132_V06,16.814,0.193,31.476,181.403,52.673,-86.435,45.428,26336.397,146773.841,20211223_083132,479172,81066,158102,9860
3,KAPX20211223_133838_V06,23.914,0.219,34.709,194.918,63.461,-86.413,45.368,31730.272,142672.150,20211223_083838,479172,85505,161431,9920
3,KAPX20211223_134543_V06,30.997,0.194,40.976,223.155,83.893,-86.369,45.241,41946.557,135091.019,20211223_084543,479176,94487,163127,11876
3,KAPX20211223_135249_V06,38.097,0.073,43.906,209.509,85.889,-86.352,45.303,42944.282,135805.598,20211223_085249,479171,101614,167492,12775
3,KAPX20211223_140701_V06,52.297,-1.000,51.052,201.324,97.775,-86.308,45.340,48887.413,133895.475,20211223_090701,479182,123175,186014,11870
3,KAPX20211223_141406_V06,59.381,0.126,24.409,229.539,33.172,-86.474,45.211,16585.850,142227.895,20211223_091406,479178,129219,187361,12182
2,KAPX20211223_124037_V06,-34.103,0.072,30.033,431.545,45.881,-86.411,44.303,22940.411,150155.073,20211223_074037,479177,66499,166664,8202
4,KAPX20211223_131721_V06,2.631,0.057,36.836,233.511,78.045,-86.394,45.194,39022.690,135716.800,20211223_081721,479175,77571,170490,8484
4,KAPX20211223_132426_V06,9.714,0.124,35.626,198.331,62.067,-86.407,45.352,31033.596,141624.591,20211223_082426,479176,78651,162845,9333
4,KAPX20211224_132625_V06,11.298,0.740,19.270,288.304,26.373,-86.498,44.946,13186.634,140486.737,20211224_082625,479172,13779,25665,1986
4,KAPX20211224_133311_V06,18.064,0.757,25.457,284.685,32.937,-86.460,44.963,16468.474,137484.920,20211224_083311,479176,11012,23272,1547
4,KAPX20211224_133959_V06,24.864,0.268,35.368,283.826,38.644,-86.397,44.968,19321.997,132562.684,20211224_083959,479167,6825,18693,1206
3,KAPX20211224_125121_V06,-23.769,0.056,26.277,188.698,56.923,-86.468,45.395,28461.636,147743.497,20211224_075121,479177,9531,26159,1578
3,KAPX20211224_130453_V06,-10.236,0.051,34.927,174.900,74.320,-86.414,45.458,37159.858,146555.062,20211224_080453,479179,15203,27594,1904
1,KAPX20211224_123747_V06,-37.336,0.126,29.941,519.996,36.033,-86.401,43.905,18016.502,174162.188,20211224_073747,479178,7083,23754,1347
2,KAPX20211224_123747_V06,-37.336,0.065,16.197,249.760,25.653,-86.523,45.119,12826.603,144107.708,20211224_073747,479178,7083,23754,1347
1,KAPX20211230_123334_V06,-43.077,0.053,41.127,217.417,71.684,-86.369,45.267,35842.102,135863.151,20211230_073334,479172,38058,72704,10245
