track_id,filename,from_sunrise,det_score,x,y,r,lon,lat,radius,geo_dist,local_time,n_radar_pixels,n_refAbove40_pixels,n_xcorrAbove0.95_pixels,n_xcorrBelow0.95_refAbove40_pixels
1,KCBW20220601_081738_V06,-26.284,0.539,300.837,301.529,12.273,-67.802,46.032,6136.280,871.296,20220601_041738,479169,10854,21083,7898
1,KCBW20220601_082429_V06,-19.434,0.105,300.773,301.996,19.951,-67.802,46.030,9975.483,1070.179,20220601_042429,479174,8456,16642,6507
1,KCBW20220601_083120_V06,-12.584,0.284,299.078,303.266,15.417,-67.813,46.024,7708.351,1696.698,20220601_043120,479176,7886,15063,6445
2,KCBW20220601_081738_V06,-26.284,0.075,210.436,446.356,4.775,-68.379,45.379,2387.383,85793.074,20220601_041738,479169,10854,21083,7898
4,KCBW20220601_084504_V06,1.150,0.064,129.925,329.210,11.330,-68.903,45.903,5665.185,86282.763,20220601_044504,479175,7654,14426,6379
5,KCBW20220601_092627_V06,42.533,0.061,297.322,300.681,17.174,-67.824,46.036,8586.788,1381.560,20220601_052627,479175,9270,16495,7873
4,KCBW20220602_083331_V06,-9.843,0.127,26.530,130.928,48.975,-69.598,46.786,24487.440,160756.857,20220602_043331,479173,48246,57652,14268
4,KCBW20220602_083757_V06,-5.409,0.214,26.946,129.523,55.061,-69.595,46.792,27530.429,160950.725,20220602_043757,479176,45750,53970,13943
4,KCBW20220602_084228_V06,-0.893,0.529,31.166,138.139,60.312,-69.566,46.754,30155.860,156900.290,20220602_044228,479175,44481,51055,14013
4,KCBW20220602_084659_V06,3.624,0.361,33.474,145.539,64.773,-69.550,46.721,32386.455,154024.585,20220602_044659,479177,42686,48532,13919
4,KCBW20220602_085137_V06,8.257,0.161,36.652,147.059,67.885,-69.529,46.714,33942.548,152269.094,20220602_045137,479173,40268,45584,14121
4,KCBW20220602_090046_V06,17.407,0.059,39.261,154.587,75.182,-69.511,46.681,37590.989,149273.018,20220602_050046,479170,35088,41769,13358
3,KCBW20220602_075302_V06,-50.326,0.336,22.148,94.402,24.475,-69.632,46.950,12237.377,172823.472,20220602_035302,479180,153384,104492,85327
5,KCBW20220602_083757_V06,-5.409,0.054,18.360,429.678,25.595,-69.607,45.442,12797.495,155030.089,20220602_043757,479176,45750,53970,13943
6,KCBW20220602_091849_V06,35.457,0.131,268.803,416.767,6.981,-68.007,45.514,3490.448,60431.491,20220602_051849,479171,26561,34237,11918
9,KCBW20220605_093412_V06,52.279,0.093,130.025,329.858,9.931,-68.902,45.900,4965.271,86288.787,20220605_053412,479176,33973,61118,10385
11,KCBW20220605_093843_V06,56.796,0.067,264.384,413.610,12.210,-68.035,45.528,6105.059,59530.887,20220605_053843,479180,32309,60860,8796
2,KCBW20220606_092702_V06,45.513,0.087,129.219,330.083,8.352,-68.907,45.899,4176.191,86705.154,20220606_052702,479167,7384,37755,4924
3,KCBW20220606_100626_V06,84.913,0.056,130.349,329.332,8.490,-68.900,45.902,4245.066,86083.909,20220606_060626,479180,7863,40039,5156
1,KCBW20220607_074544_V06,-55.426,0.051,128.086,328.696,9.375,-68.915,45.905,4687.652,87146.464,20220607_034544,479175,74143,68024,48301
2,KCBW20220607_084909_V06,7.991,0.051,130.566,329.013,10.437,-68.899,45.903,5218.250,85950.070,20220607_044909,479170,13215,22831,9866
1,KCBW20220609_074546_V06,-54.791,0.054,269.982,416.399,6.580,-67.999,45.515,3289.944,60103.625,20220609_034546,479171,17104,39453,10965
1,KCBW20220609_075242_V06,-47.858,0.065,270.992,413.953,5.346,-67.993,45.526,2673.162,58793.411,20220609_035242,479173,17828,39197,11378
3,KCBW20220609_083511_V06,-5.374,0.105,295.988,301.931,12.067,-67.833,46.030,6033.527,2226.312,20220609_043511,479173,7368,22635,5632
2,KCBW20220610_074412_V06,-56.117,0.166,210.441,446.650,5.907,-68.379,45.378,2953.671,85917.174,20220610_034412,479170,13062,34284,9078
3,KCBW20220610_074412_V06,-56.117,0.102,130.177,329.211,8.393,-68.901,45.903,4196.283,86158.673,20220610_034412,479170,13062,34284,9078
7,KCBW20220610_084728_V06,7.150,0.228,209.538,446.483,8.546,-68.384,45.379,4272.846,86081.981,20220610_044728,479175,6515,24201,5535
7,KCBW20220610_090116_V06,20.950,-1.000,209.538,446.483,30.488,-68.384,45.379,15243.846,86081.981,20220610_050116,479174,7068,25721,5960
7,KCBW20220610_090812_V06,27.883,0.062,209.439,446.336,8.203,-68.385,45.379,4101.593,86045.696,20220610_050812,479172,6585,27115,5601
3,KCBW20220611_094233_V06,62.434,0.058,212.387,445.188,3.148,-68.366,45.385,1573.816,84787.260,20220611_054233,479173,8378,24717,7212
1,KCBW20220612_074221_V06,-57.606,0.067,126.808,328.697,9.787,-68.923,45.905,4893.397,87776.769,20220612_034221,479170,60688,57550,39423
2,KCBW20220612_092202_V06,42.077,0.072,129.451,328.362,8.834,-68.906,45.906,4416.810,86445.464,20220612_052202,479169,14951,24194,11118
11,KCBW20220613_092658_V06,47.131,0.053,212.644,306.573,16.563,-68.371,46.008,8281.332,43801.613,20220613_052658,479171,81050,113432,11407
2,KCBW20220614_074119_V06,-58.439,0.056,129.280,330.005,8.049,-68.907,45.899,4024.467,86668.514,20220614_034119,479171,19136,50080,8436
5,KCBW20220614_080354_V06,-35.856,0.135,93.730,259.595,21.672,-69.144,46.213,10836.230,105095.328,20220614_040354,479178,18941,47304,8288
1,KCBW20220615_074358_V06,-55.749,0.052,210.821,444.596,3.301,-68.376,45.387,1650.688,84942.410,20220615_034358,479171,18016,44101,10801
22,KCBW20220617_092220_V06,42.578,0.058,250.613,394.880,21.472,-68.124,45.612,10736.195,53482.259,20220617_052220,479187,47126,78831,6778
3,KCBW20220618_081849_V06,-21.018,0.079,21.195,382.510,29.915,-69.596,45.654,14957.285,145379.055,20220618_041849,479180,71462,88690,18314
2,KCBW20220620_074559_V06,-54.129,0.075,129.084,331.493,6.275,-68.908,45.892,3137.597,86896.800,20220620_034559,479171,95038,147304,18041
2,KCBW20220620_075301_V06,-47.096,0.157,129.376,330.986,12.983,-68.906,45.894,6491.456,86707.323,20220620_035301,479174,92674,146220,17501
2,KCBW20220620_080708_V06,-32.979,0.234,129.516,331.702,13.244,-68.905,45.891,6622.208,86703.188,20220620_040708,479173,86466,144920,16077
12,KCBW20220620_082816_V06,-11.846,0.093,129.811,329.361,11.303,-68.904,45.902,5651.366,86351.779,20220620_042816,479171,71888,138647,15825
12,KCBW20220620_083519_V06,-4.796,0.100,129.993,329.538,18.172,-68.902,45.901,9085.852,86276.815,20220620_043519,479171,71248,138118,17361
14,KCBW20220620_092438_V06,44.521,0.100,128.703,330.343,8.628,-68.911,45.897,4313.988,86981.962,20220620_052438,479172,53032,128303,13581
2,KCBW20220621_083519_V06,-4.993,0.051,127.120,329.373,10.747,-68.921,45.902,5373.456,87678.865,20220621_043519,479172,10797,13890,8653
2,KCBW20220621_084216_V06,1.957,0.054,127.434,329.192,17.853,-68.919,45.902,8926.532,87508.867,20220621_044216,479171,9813,13252,7913
1,KCBW20220621_082114_V06,-19.077,0.062,299.944,301.435,10.847,-67.807,46.033,5423.412,718.261,20220621_042114,479168,11767,17761,8737
1,KCBW20220622_074336_V06,-56.946,0.126,130.347,328.820,8.111,-68.900,45.904,4055.674,86041.535,20220622_034336,479172,36744,53996,23038
1,KCBW20220622_075028_V06,-50.079,-1.000,130.347,328.820,19.029,-68.900,45.904,9514.674,86041.535,20220622_035028,479172,37035,55144,22605
1,KCBW20220622_080415_V06,-36.296,0.101,130.058,330.086,10.554,-68.902,45.899,5277.123,86292.277,20220622_040415,479171,24611,47477,14840
1,KCBW20220623_074732_V06,-53.287,0.202,128.573,328.177,8.613,-68.912,45.907,4306.313,86863.431,20220623_034732,479170,17122,40260,11444
1,KCBW20220623_080107_V06,-39.704,0.199,127.614,328.665,16.635,-68.918,45.905,8317.352,87376.601,20220623_040107,479175,18568,45413,12143
1,KCBW20220623_080759_V06,-32.837,0.125,126.506,329.335,11.118,-68.925,45.902,5559.014,87978.182,20220623_040759,479173,16782,40051,10679
1,KCBW20220623_081451_V06,-25.970,0.054,126.650,329.305,18.309,-68.924,45.902,9154.309,87904.571,20220623_041451,479174,12803,33275,9289
3,KCBW20220623_091724_V06,36.580,0.059,127.099,328.491,10.650,-68.921,45.906,5325.078,87616.266,20220623_051724,479172,6189,28964,5348
4,KCBW20220623_093803_V06,57.230,0.051,129.256,328.315,8.663,-68.907,45.906,4331.536,86538.026,20220623_053803,479171,6024,31756,5193
1,KCBW20220625_074400_V06,-57.482,0.145,127.070,331.167,8.725,-68.921,45.894,4362.643,87857.916,20220625_034400,479173,104310,46863,84400
2,KCBW20220625_074400_V06,-57.482,0.073,299.061,192.003,2.806,-67.813,46.525,1402.973,54000.319,20220625_034400,479173,104310,46863,84400
2,KCBW20220627_093308_V06,50.844,0.185,266.590,416.769,7.989,-68.021,45.514,3994.715,60727.488,20220627_053308,479169,13108,38576,5620
1,KCBW20220628_074649_V06,-55.930,0.056,130.727,329.034,8.376,-68.898,45.903,4188.117,85872.580,20220628_034649,479171,82156,61320,54338
2,KCBW20220628_084533_V06,2.803,0.051,127.584,329.429,8.341,-68.918,45.901,4170.527,87454.568,20220628_044533,479175,58872,68813,31547
1,KCBW20220629_082509_V06,-18.088,0.321,256.819,297.564,9.945,-68.086,46.050,4972.303,21624.591,20220629_042509,479172,15734,31041,10473
7,KCBW20220630_081725_V06,-26.347,0.091,63.667,437.118,69.020,-69.317,45.412,34510.216,136615.176,20220630_041725,479171,132370,110631,56857
7,KCBW20220630_082211_V06,-21.581,0.129,64.681,436.100,74.748,-69.310,45.417,37374.117,135921.120,20220630_042211,479180,130026,111055,53785
6,KCBW20220630_080802_V06,-35.731,0.103,60.696,429.026,74.622,-69.337,45.448,37310.795,135935.447,20220630_040802,479175,135888,114358,56265
3,KCBW20220701_081327_V06,-30.873,0.064,33.251,306.556,31.929,-69.529,45.997,15964.636,133414.706,20220701_041327,479177,153107,129525,61997
3,KCBW20220701_081820_V06,-25.990,0.124,33.936,307.215,39.488,-69.524,45.994,19744.194,133081.086,20220701_041820,479176,156580,129529,62768
3,KCBW20220701_082327_V06,-20.873,-1.000,34.509,307.767,47.452,-69.520,45.991,23725.975,132802.459,20220701_042327,479174,144746,128313,53464
3,KCBW20220701_082819_V06,-16.006,0.052,49.067,317.248,50.095,-69.425,45.950,25047.734,125762.605,20220701_042819,479172,137428,128551,45706
9,KCBW20220701_085020_V06,6.010,0.057,20.226,452.373,25.276,-69.592,45.340,12637.751,159288.045,20220701_045020,479174,127326,141397,24361
12,KCBW20220701_092038_V06,36.310,0.089,275.046,382.953,63.780,-67.967,45.666,31890.230,43312.591,20220701_052038,479175,163651,174695,25526
21,KCBW20220701_095029_V06,66.160,0.055,290.055,413.471,23.267,-67.871,45.529,11633.530,56953.116,20220701_055029,479173,185489,192193,25062
1,KCBW20220704_091820_V06,32.143,0.078,126.907,330.267,11.029,-68.922,45.898,5514.503,87859.786,20220704_051820,479173,8177,30313,6853
1,KCBW20220705_075049_V06,-56.058,0.108,130.919,328.789,6.660,-68.896,45.904,3329.768,85757.215,20220705_035049,479172,74764,61311,49276
2,KCBW20220705_075049_V06,-56.058,0.098,212.638,446.147,3.252,-68.365,45.380,1626.036,85133.713,20220705_035049,479172,74764,61311,49276
4,KCBW20220708_080650_V06,-42.263,0.052,53.507,411.805,57.423,-69.385,45.525,28711.609,135332.028,20220708_040650,479183,111327,88470,62359
16,KCBW20220708_090150_V06,12.737,0.167,141.390,55.950,24.834,-68.852,47.132,12417.104,145531.570,20220708_050150,479167,39041,64473,15090
1,KCBW20220710_100240_V06,71.955,0.053,128.156,328.993,10.453,-68.914,45.903,5226.572,87136.533,20220710_060240,479172,16955,22665,14062
1,KCBW20220710_100943_V06,79.005,0.079,129.590,329.082,8.518,-68.905,45.903,4258.840,86436.984,20220710_060943,479176,17124,22766,14197
1,KCBW20220711_094733_V06,55.993,0.077,128.144,329.883,9.772,-68.914,45.899,4886.156,87217.575,20220711_054733,479176,16527,29916,13385
6,KCBW20220711_100752_V06,76.309,0.100,263.754,203.311,12.977,-68.043,46.474,6488.617,51629.903,20220711_060752,479173,17297,30434,14242
4,KCBW20220712_075417_V06,-58.144,0.279,187.736,341.786,26.108,-68.530,45.849,13054.245,59894.357,20220712_035417,479175,59462,65052,29185
4,KCBW20220712_080417_V06,-48.144,0.289,191.693,341.745,34.907,-68.504,45.849,17453.428,58036.487,20220712_040417,479180,68087,67581,36470
4,KCBW20220712_080918_V06,-43.127,-1.000,193.566,341.725,39.522,-68.492,45.849,19761.181,57160.044,20220712_040918,479173,74245,68464,41977
4,KCBW20220712_081349_V06,-38.610,0.186,207.660,333.448,28.074,-68.402,45.887,14036.858,49105.608,20220712_041349,479175,74572,68740,42439
4,KCBW20220712_081820_V06,-34.094,0.056,218.357,328.052,21.140,-68.333,45.912,10569.916,43164.024,20220712_041820,479181,75890,67370,44600
6,KCBW20220712_080417_V06,-48.144,0.767,419.311,108.442,26.845,-67.024,46.898,13422.710,112838.055,20220712_040417,479180,68087,67581,36470
6,KCBW20220712_080918_V06,-43.127,0.709,421.225,108.058,32.910,-67.011,46.900,16455.034,113509.181,20220712_040918,479173,74245,68464,41977
11,KCBW20220712_081349_V06,-38.610,0.061,11.742,128.491,20.158,-69.695,46.795,10079.248,167711.117,20220712_041349,479175,74572,68740,42439
11,KCBW20220712_081820_V06,-34.094,0.089,13.016,129.282,26.690,-69.686,46.792,13344.786,166961.685,20220712_041820,479181,75890,67370,44600
2,KCBW20220712_075417_V06,-58.144,0.378,392.982,107.831,30.480,-67.197,46.902,15239.887,106741.101,20220712_035417,479175,59462,65052,29185
16,KCBW20220712_094909_V06,56.723,0.173,209.929,446.070,8.543,-68.382,45.381,4271.343,85803.813,20220712_054909,479167,41228,64720,11554
19,KCBW20220712_094909_V06,56.723,0.076,255.564,309.299,12.606,-68.094,45.997,6302.933,22699.360,20220712_054909,479167,41228,64720,11554
1,KCBW20220713_095221_V06,59.031,0.079,128.154,329.411,11.403,-68.914,45.901,5701.699,87172.240,20220713_055221,479175,12720,34867,10651
1,KCBW20220714_091429_V06,20.249,0.145,309.379,389.479,13.540,-67.747,45.637,6770.041,44984.671,20220714_051429,479171,84784,52881,63221
2,KCBW20220715_092636_V06,31.429,0.092,209.898,446.006,8.451,-68.382,45.381,4225.637,85784.719,20220715_052636,479184,12462,27154,9555
6,KCBW20220717_100031_V06,63.410,0.169,155.544,393.976,6.784,-68.733,45.613,3392.132,86166.945,20220717_060031,479170,36221,50257,26835
7,KCBW20220717_100031_V06,63.410,0.053,102.391,394.210,6.083,-69.074,45.608,3041.637,109458.649,20220717_060031,479170,36221,50257,26835
1,KCBW20220720_080553_V06,-54.270,0.077,126.415,331.821,8.014,-68.925,45.891,4007.125,88238.672,20220720_040553,479170,61088,46306,46878
2,KCBW20220720_080553_V06,-54.270,0.062,339.539,512.036,6.271,-67.556,45.085,3135.406,107845.511,20220720_040553,479170,61088,46306,46878
3,KCBW20220720_092333_V06,23.397,0.055,129.562,328.626,8.708,-68.905,45.905,4353.759,86412.677,20220720_052333,479179,17612,42061,14994
3,KCBW20220720_093031_V06,30.364,-1.000,129.562,328.626,19.785,-68.905,45.905,9892.259,86412.677,20220720_053031,479174,18813,43162,15891
3,KCBW20220720_093726_V06,37.280,0.052,128.104,328.824,10.610,-68.915,45.904,5305.103,87148.009,20220720_053726,479172,15601,45146,12993
1,KCBW20220722_080243_V06,-59.554,0.128,265.928,416.927,7.539,-68.025,45.513,3769.381,60895.002,20220722_040243,479172,63965,55482,43550
2,KCBW20220722_080243_V06,-59.554,0.062,124.256,333.072,11.256,-68.939,45.885,5627.963,89414.322,20220722_040243,479172,63965,55482,43550
3,KCBW20220722_092534_V06,23.296,0.074,210.916,446.221,3.822,-68.376,45.380,1910.835,85610.463,20220722_052534,479170,12578,42978,10276
1,KCBW20220724_091359_V06,9.535,0.129,262.745,412.271,14.487,-68.045,45.534,7243.259,59145.464,20220724_051359,479171,37980,39456,30480
2,KCBW20220725_083908_V06,-26.425,0.075,28.770,165.334,52.990,-69.578,46.631,26495.060,151410.608,20220725_043908,479184,99722,103657,27970
2,KCBW20220725_084346_V06,-21.792,0.216,29.551,164.179,57.174,-69.573,46.637,28587.153,151319.253,20220725_044346,479184,108174,108543,30644
2,KCBW20220725_084823_V06,-17.175,0.192,35.151,158.141,60.978,-69.537,46.664,30488.888,150224.043,20220725_044823,479189,109410,107919,32050
2,KCBW20220725_085300_V06,-12.559,0.389,42.440,148.242,59.391,-69.491,46.709,29695.330,149472.291,20220725_045300,479187,102401,105149,29875
2,KCBW20220725_090214_V06,-3.325,0.505,53.362,128.560,66.729,-69.422,46.799,33364.598,150184.789,20220725_050214,479174,96847,102519,25089
2,KCBW20220725_090637_V06,1.058,0.295,56.299,128.833,68.863,-69.403,46.798,34431.313,148903.020,20220725_050637,479181,94818,103069,22440
2,KCBW20220725_091100_V06,5.441,0.166,60.801,126.110,70.495,-69.374,46.811,35247.663,147863.084,20220725_051100,479188,95478,106485,20013
3,KCBW20220725_091100_V06,5.441,0.051,336.408,224.372,81.109,-67.570,46.379,40554.401,41967.357,20220725_051100,479188,95478,106485,20013
3,KCBW20220725_091524_V06,9.841,0.130,359.796,224.217,66.750,-67.418,46.379,33374.935,48266.502,20220725_051524,479191,97664,109755,18799
13,KCBW20220725_101811_V06,72.625,0.326,390.816,215.705,17.899,-67.216,46.417,8949.722,61953.749,20220725_061811,479193,111608,123502,14369
1,KCBW20220726_080749_V06,-58.865,0.118,210.992,445.285,3.530,-68.375,45.384,1764.975,85191.494,20220726_040749,479170,58466,43472,43985
1,KCBW20220727_081011_V06,-57.633,0.117,127.414,330.037,10.072,-68.919,45.899,5035.786,87589.983,20220727_041011,479171,61646,51667,44130
4,KCBW20220727_094105_V06,33.267,0.059,129.847,328.724,8.670,-68.903,45.905,4335.106,86280.056,20220727_054105,479170,15358,28948,13121
4,KCBW20220727_094802_V06,40.217,-1.000,129.847,328.724,19.721,-68.903,45.905,9860.356,86280.056,20220727_054802,479180,13928,29292,11919
4,KCBW20220727_100207_V06,54.301,0.067,129.871,329.102,8.565,-68.903,45.903,4282.376,86299.863,20220727_060207,479171,14125,27539,12062
6,KCBW20220727_102316_V06,75.451,0.055,130.599,328.775,9.594,-68.899,45.905,4796.883,85913.734,20220727_062316,479170,15222,26911,13080
2,KCBW20220729_091649_V06,6.698,0.056,212.734,446.180,3.124,-68.364,45.380,1562.088,85123.364,20220729_051649,479178,49962,72468,11327
3,KCBW20220729_092349_V06,13.698,0.073,264.608,412.679,12.183,-68.033,45.532,6091.572,59053.296,20220729_052349,479177,43919,66377,11319
4,KCBW20220729_094118_V06,31.182,0.114,264.225,414.139,11.859,-68.036,45.525,5929.535,59807.096,20220729_054118,479173,33167,53054,11286
7,KCBW20220729_101950_V06,69.715,0.104,298.864,192.174,2.337,-67.814,46.524,1168.564,53915.941,20220729_061950,479187,19937,39828,10359
1,KCBW20220802_081729_V06,-57.349,0.158,212.586,444.870,3.364,-68.365,45.386,1681.950,84599.821,20220802_041729,479177,49717,41970,36715
3,KCBW20220802_091608_V06,1.301,0.068,208.015,446.626,8.420,-68.394,45.378,4209.898,86545.220,20220802_051608,479175,14953,33575,11045
1,KCBW20220806_082008_V06,-59.523,0.055,129.503,329.586,7.949,-68.906,45.901,3974.627,86522.455,20220806_042008,479173,214537,38101,192099
2,KCBW20220806_093034_V06,10.910,0.075,126.708,329.419,11.450,-68.924,45.901,5724.881,87885.588,20220806_053034,479173,85971,43128,71876
4,KCBW20220807_103717_V06,76.408,0.067,129.369,328.437,8.661,-68.906,45.906,4330.469,86492.034,20220807_063717,479173,10844,31105,9303
4,KCBW20220807_104400_V06,83.125,0.059,129.738,328.944,16.255,-68.904,45.904,8127.625,86352.168,20220807_064400,479172,11672,30192,10056
1,KCBW20220807_082522_V06,-55.508,0.085,299.334,104.281,2.177,-67.811,46.920,1088.387,97860.048,20220807_042522,479169,36223,33924,26727
3,KCBW20220807_102351_V06,62.975,0.067,212.484,444.815,2.877,-68.366,45.386,1438.734,84602.891,20220807_062351,479174,9850,31899,8273
3,KCBW20220807_103034_V06,69.692,-1.000,212.484,444.815,13.557,-68.366,45.386,6778.484,84602.891,20220807_063034,479168,10671,31568,9022
3,KCBW20220807_103717_V06,76.408,0.056,212.362,444.946,2.991,-68.366,45.386,1495.613,84690.286,20220807_063717,479173,10844,31105,9303
8,KCBW20220808_094330_V06,21.402,0.090,287.005,418.543,31.673,-67.890,45.506,15836.695,59626.409,20220808_054330,479188,256391,254146,34954
12,KCBW20220808_101628_V06,54.369,0.134,215.083,303.140,61.777,-68.355,46.024,30888.430,42487.551,20220808_061628,479173,228550,238423,23258
3,KCBW20220809_084909_V06,-34.174,0.061,364.669,522.392,37.008,-67.397,45.038,18504.166,115801.714,20220809_044909,479201,288546,286609,19004
3,KCBW20220809_085345_V06,-29.574,0.181,381.764,526.424,33.048,-67.288,45.019,16523.870,120367.415,20220809_045345,479183,283797,285632,18379
20,KCBW20220809_102930_V06,66.176,0.123,23.269,177.598,30.930,-69.612,46.576,15465.095,151296.335,20220809_062930,479192,227600,246697,13824
1,KCBW20220810_082847_V06,-55.771,0.067,298.746,192.348,2.841,-67.815,46.523,1420.750,53829.516,20220810_042847,479176,133553,51863,106813
4,KCBW20220812_094108_V06,14.112,0.080,127.352,329.276,8.286,-68.919,45.902,4143.142,87556.499,20220812_054108,479173,23431,38446,13777
1,KCBW20220815_083148_V06,-58.941,0.066,124.714,331.465,8.446,-68.936,45.892,4223.158,89044.017,20220815_043148,479167,91197,58772,65752
2,KCBW20220815_102432_V06,53.792,0.051,125.695,331.664,12.949,-68.930,45.891,6474.268,88578.714,20220815_062432,479172,22706,34531,15885
7,KCBW20220818_091943_V06,-14.760,0.061,431.797,273.218,34.212,-66.954,46.156,17105.850,67245.300,20220818_051943,479175,80483,134383,13115
2,KCBW20220819_083951_V06,-55.875,0.309,319.748,507.575,15.002,-67.681,45.105,7501.027,104256.069,20220819_043951,479175,37025,64216,18534
3,KCBW20220819_083951_V06,-55.875,0.062,130.797,329.774,8.259,-68.897,45.900,4129.418,85901.318,20220819_043951,479175,37025,64216,18534
7,KCBW20220819_094356_V06,8.208,0.147,269.231,416.350,6.321,-68.004,45.516,3160.683,60174.807,20220819_054356,479173,18568,49805,7871
9,KCBW20220819_100504_V06,29.342,0.061,210.816,446.667,7.782,-68.376,45.378,3891.066,85826.752,20220819_060504,479174,21853,56758,8217
1,KCBW20220820_084119_V06,-55.657,0.110,130.349,328.582,8.189,-68.900,45.905,4094.687,86020.684,20220820_044119,479172,144199,46464,118529
2,KCBW20220822_103014_V06,50.759,0.073,126.970,329.797,9.982,-68.922,45.900,4990.802,87788.594,20220822_063014,479169,20987,38272,14715
2,KCBW20220822_103657_V06,57.476,0.078,126.678,329.963,17.513,-68.924,45.899,8756.385,87946.195,20220822_063657,479172,20261,39699,14150
2,KCBW20220824_085342_V06,-48.276,0.477,20.477,164.536,28.442,-69.632,46.634,14220.951,155308.983,20220824_045342,479174,154608,51699,124445
2,KCBW20220824_090300_V06,-38.976,0.438,22.317,161.997,36.967,-69.621,46.646,18483.400,155042.499,20220824_050300,479174,141112,53772,111731
2,KCBW20220824_090737_V06,-34.359,0.240,23.982,161.166,36.921,-69.610,46.650,18460.443,154483.637,20220824_050737,479173,128354,57231,97819
2,KCBW20220824_091207_V06,-29.859,0.182,25.302,161.047,36.279,-69.601,46.650,18139.687,153921.305,20220824_051207,479176,117572,62064,85631
3,KCBW20220824_090737_V06,-34.359,0.071,21.405,327.441,18.007,-69.602,45.902,9003.670,139971.622,20220824_050737,479173,128354,57231,97819
7,KCBW20220824_093011_V06,-11.793,0.102,220.152,409.072,14.003,-68.318,45.547,7001.381,67587.659,20220824_053011,479175,38547,61250,19441
8,KCBW20220824_093011_V06,-11.793,0.052,218.426,40.934,33.730,-68.345,47.203,16865.250,135802.826,20220824_053011,479175,38547,61250,19441
13,KCBW20220824_093919_V06,-2.659,0.053,42.003,273.046,32.260,-69.477,46.148,16129.883,129700.552,20220824_053919,479175,30746,55983,13692
15,KCBW20220824_094358_V06,1.991,0.061,112.991,117.393,19.792,-69.033,46.854,9896.005,130688.168,20220824_054358,479173,29960,54315,13180
16,KCBW20220824_094835_V06,6.607,0.064,180.640,431.668,19.919,-68.570,45.444,9959.719,88858.551,20220824_054835,479172,28797,53111,12213
19,KCBW20220824_095342_V06,11.724,0.178,260.437,219.631,7.034,-68.064,46.400,3516.771,44789.369,20220824_055342,479175,30275,53088,12119
1,KCBW20220826_084525_V06,-59.061,0.081,40.131,159.037,49.207,-69.505,46.661,24603.727,147819.642,20220826_044525,479173,232287,55885,190448
2,KCBW20220827_100752_V06,22.138,0.064,212.430,444.964,3.406,-68.366,45.386,1703.243,84680.596,20220827_060752,479170,7663,28219,6250
2,KCBW20220827_101444_V06,29.005,0.058,212.484,445.329,10.397,-68.366,45.384,5198.504,84822.470,20220827_061444,479172,9118,28471,7432
1,KCBW20220829_090213_V06,-46.012,0.120,129.147,329.749,8.184,-68.908,45.900,4092.021,86711.857,20220829_050213,479169,44686,41042,34023
3,KCBW20220829_100521_V06,17.121,0.053,247.649,291.664,9.712,-68.145,46.076,4855.757,26505.329,20220829_060521,479168,8024,26920,6599
4,KCBW20220829_110818_V06,80.071,0.080,212.614,446.380,3.186,-68.365,45.379,1592.926,85239.998,20220829_070818,479176,7520,30215,5901
3,KCBW20220830_085318_V06,-56.179,0.077,128.662,331.254,8.875,-68.911,45.893,4437.471,87082.402,20220830_045318,479169,29819,31199,21110
3,KCBW20220830_090643_V06,-42.762,0.076,129.061,330.162,15.536,-68.908,45.898,7767.763,86790.018,20220830_050643,479171,20640,30982,14500
1,KCBW20220830_085318_V06,-56.179,0.282,210.347,445.452,8.158,-68.379,45.383,4078.793,85431.275,20220830_045318,479169,29819,31199,21110
1,KCBW20220901_085159_V06,-59.992,0.254,131.214,327.499,6.806,-68.895,45.910,3403.223,85505.687,20220901_045159,479172,74785,50464,57342
1,KCBW20220901_090308_V06,-48.842,0.097,130.049,327.965,15.284,-68.902,45.908,7641.981,86118.424,20220901_050308,479172,73135,55651,52102
3,KCBW20220901_093418_V06,-17.675,0.162,298.949,192.442,2.332,-67.814,46.523,1165.916,53781.348,20220901_053418,479175,20343,34698,12259
5,KCBW20220901_101031_V06,18.541,0.056,127.556,329.916,11.555,-68.918,45.899,5777.306,87510.035,20220901_061031,479170,23999,34102,15267
1,KCBW20220902_090635_V06,-46.640,0.060,127.692,329.981,8.795,-68.917,45.899,4397.689,87448.493,20220902_050635,479173,165726,49325,139890
4,KCBW20220904_100458_V06,9.251,0.069,32.379,254.089,53.619,-69.542,46.233,26809.278,135765.441,20220904_060458,479170,27371,34924,12617
4,KCBW20220904_100930_V06,13.785,0.349,32.108,256.791,58.054,-69.543,46.220,29026.751,135676.949,20220904_060930,479179,27425,36272,12188
4,KCBW20220904_101402_V06,18.318,0.302,34.486,267.813,56.435,-69.526,46.171,28217.507,133728.810,20220904_061402,479174,29788,37450,13579
4,KCBW20220904_101834_V06,22.851,0.192,40.015,267.532,54.945,-69.490,46.173,27472.633,131002.255,20220904_061834,479175,31384,37965,14273
4,KCBW20220904_102304_V06,27.351,0.085,44.967,268.166,54.620,-69.458,46.170,27310.062,128506.304,20220904_062304,479177,31798,38814,13930
4,KCBW20220904_102731_V06,31.801,0.061,48.311,271.660,54.706,-69.436,46.155,27352.863,126639.620,20220904_062731,479171,31493,39387,13060
2,KCBW20220904_090527_V06,-50.265,0.055,299.089,191.519,2.927,-67.813,46.527,1463.436,54242.466,20220904_050527,479174,112896,40210,94750
1,KCBW20220905_101127_V06,14.489,0.054,128.453,332.154,8.471,-68.912,45.889,4235.284,87267.168,20220905_061127,479184,31435,46725,21485
1,KCBW20220911_111039_V06,66.225,0.462,49.126,164.964,61.566,-69.445,46.635,30782.860,142453.802,20220911_071039,479169,21761,42298,15328
1,KCBW20220911_111741_V06,73.258,0.343,49.453,169.295,65.588,-69.442,46.615,32794.028,141295.464,20220911_071741,479168,21815,41729,15313
1,KCBW20220912_101022_V06,4.697,0.054,27.410,418.991,43.101,-69.551,45.490,21550.312,148714.522,20220912_061022,479167,23368,47717,13966
2,KCBW20220912_101910_V06,13.497,0.074,390.402,211.932,17.459,-67.219,46.434,8729.351,63104.096,20220912_061910,479167,28191,46297,18056
1,KCBW20220913_111659_V06,70.068,0.182,296.047,300.792,12.154,-67.832,46.036,6076.962,2016.038,20220913_071659,479168,20554,27670,15188
1,KCBW20220915_091648_V06,-52.611,0.120,129.840,330.872,10.568,-68.903,45.895,5283.980,86468.932,20220915_051648,479169,18704,32444,14909
1,KCBW20220915_092342_V06,-45.711,0.056,128.622,331.118,18.542,-68.911,45.894,9271.143,87089.914,20220915_052342,479170,15276,31427,12313
7,KCBW20220915_101202_V06,2.623,0.069,209.794,444.396,8.805,-68.383,45.388,4402.365,85128.324,20220915_061202,479171,9652,34514,8543
7,KCBW20220915_101852_V06,9.456,0.252,209.799,445.176,15.213,-68.383,45.385,7606.356,85458.245,20220915_061852,479163,10705,34470,9355
6,KCBW20220915_094433_V06,-24.861,0.061,129.201,329.842,11.708,-68.907,45.900,5853.934,86693.385,20220915_054433,479168,10149,31162,8822
10,KCBW20220915_104636_V06,37.189,0.077,129.235,329.885,8.519,-68.907,45.899,4259.572,86680.254,20220915_064636,479169,11460,34577,9691
11,KCBW20220915_110036_V06,51.189,0.060,212.492,444.858,3.232,-68.366,45.386,1615.845,84618.830,20220915_070036,479167,13475,33568,11418
12,KCBW20220915_112821_V06,78.939,0.206,209.930,446.110,8.644,-68.382,45.380,4322.050,85820.646,20220915_072821,479166,12010,34869,10280
1,KCBW20220923_092358_V06,-55.498,0.130,210.667,445.766,3.870,-68.377,45.382,1935.062,85481.198,20220923_052358,479165,42518,47324,28996
3,KCBW20220923_101906_V06,-0.365,0.081,210.754,446.331,8.101,-68.377,45.379,4050.318,85699.472,20220923_061906,479168,9330,25727,8196
5,KCBW20220923_111423_V06,54.918,0.107,209.946,445.924,8.279,-68.382,45.381,4139.349,85737.414,20220923_071423,479162,11982,31600,9792
1,KCBW20220924_092337_V06,-57.116,0.158,130.793,329.480,9.736,-68.897,45.901,4868.052,85878.032,20220924_052337,479165,71262,70926,23557
1,KCBW20220924_092817_V06,-52.449,0.226,130.694,329.504,15.168,-68.898,45.901,7584.138,85928.802,20220924_052817,479173,72205,73408,22908
4,KCBW20220924_095148_V06,-28.933,0.060,130.646,329.224,9.863,-68.898,45.902,4931.507,85928.335,20220924_055148,479171,75295,77328,20471
4,KCBW20220924_100135_V06,-19.149,0.100,128.616,330.513,17.726,-68.911,45.897,8863.001,87039.754,20220924_060135,479173,74197,74772,18724
4,KCBW20220924_100614_V06,-14.499,-1.000,127.707,331.089,21.679,-68.917,45.894,10839.472,87537.628,20220924_060614,479169,75499,73775,19137
4,KCBW20220924_101123_V06,-9.349,0.068,129.230,330.258,8.690,-68.907,45.898,4345.004,86715.169,20220924_061123,479170,77738,72671,21319
4,KCBW20220924_101548_V06,-4.933,0.064,129.375,330.308,14.241,-68.906,45.898,7120.733,86647.912,20220924_061548,479165,78387,74761,20155
4,KCBW20220924_102013_V06,-0.516,-1.000,129.486,330.347,20.139,-68.906,45.897,10069.478,86596.487,20220924_062013,479172,79740,76564,20350
4,KCBW20220924_102438_V06,3.901,0.086,128.001,329.914,10.514,-68.915,45.899,5257.008,87290.431,20220924_062438,479168,80986,77660,20700
12,KCBW20220924_113453_V06,74.151,0.143,128.498,332.463,8.881,-68.912,45.888,4440.546,87273.790,20220924_073453,479166,100432,90881,31438
12,KCBW20220924_114153_V06,81.151,0.086,128.384,332.101,16.524,-68.912,45.889,8262.028,87296.139,20220924_074153,479171,101201,90012,33174
2,KCBW20220924_092337_V06,-57.116,0.065,298.712,193.162,2.933,-67.815,46.520,1466.324,53423.024,20220924_052337,479165,71262,70926,23557
5,KCBW20220924_100614_V06,-14.499,0.125,131.884,328.754,11.522,-68.890,45.905,5761.102,85278.542,20220924_060614,479169,75499,73775,19137
8,KCBW20220924_104824_V06,27.667,0.051,266.049,415.621,10.408,-68.024,45.519,5203.821,60251.487,20220924_064824,479167,93300,86649,25731
9,KCBW20220924_105317_V06,32.551,0.222,129.424,330.813,12.191,-68.906,45.895,6095.632,86668.529,20220924_065317,479166,94956,87214,27660
9,KCBW20220924_110305_V06,42.351,0.079,127.898,332.162,10.951,-68.916,45.889,5475.560,87540.679,20220924_070305,479168,96001,87495,29243
11,KCBW20220924_112309_V06,62.417,0.084,129.904,330.625,8.992,-68.903,45.896,4496.119,86415.401,20220924_072309,479167,97816,87699,30527
1,KCBW20220925_092732_V06,-54.470,0.113,131.211,328.764,8.442,-68.895,45.905,4220.887,85610.982,20220925_052732,479167,67666,44910,52596
1,KCBW20220925_093428_V06,-47.536,0.052,129.768,329.068,16.507,-68.904,45.903,8253.636,86348.141,20220925_053428,479165,74436,43852,58941
2,KCBW20220925_102315_V06,1.247,0.078,126.604,330.234,11.583,-68.924,45.898,5791.589,88005.932,20220925_062315,479167,15509,22671,13126
1,KCBW20220927_093121_V06,-53.203,0.089,129.013,329.787,8.292,-68.909,45.900,4146.202,86781.069,20220927_053121,479171,128444,39357,109427
2,KCBW20220927_102646_V06,2.214,0.098,130.850,329.139,9.847,-68.897,45.903,4923.598,85820.610,20220927_062646,479170,16004,28762,12411
3,KCBW20220927_113536_V06,71.047,0.065,130.000,329.471,10.707,-68.902,45.901,5353.301,86267.864,20220927_073536,479172,22056,30107,17059
1,KCBW20220928_102519_V06,-0.515,0.088,127.220,330.203,11.726,-68.920,45.898,5863.082,87699.998,20220928_062519,479164,23144,28844,15767
1,KCBW20220928_103204_V06,6.235,-1.000,127.220,330.203,22.459,-68.920,45.898,11229.332,87699.998,20220928_063204,479167,28055,29414,19675
1,KCBW20220928_103846_V06,12.935,0.077,126.446,330.591,12.478,-68.925,45.896,6238.956,88114.448,20220928_063846,479167,31772,30261,22673
3,KCBW20220928_111900_V06,53.168,0.088,125.677,332.879,13.512,-68.930,45.886,6756.205,88698.070,20220928_071900,479167,29450,31485,17798
2,KCBW20220929_102519_V06,-1.798,0.074,131.128,328.583,10.465,-68.895,45.905,5232.683,85637.043,20220929_062519,479166,15858,30318,12621
2,KCBW20220929_103210_V06,5.052,0.059,130.880,328.634,17.650,-68.897,45.905,8824.808,85763.606,20220929_063210,479170,19788,29758,15755
2,KCBW20220929_103903_V06,11.935,-1.000,130.659,328.680,25.291,-68.898,45.905,12645.587,85876.367,20220929_063903,479169,23728,29518,19023
2,KCBW20220929_104554_V06,18.785,0.074,131.249,328.785,10.799,-68.894,45.905,5399.446,85594.123,20220929_064554,479168,23868,30352,18933
1,KCBW20220929_101138_V06,-15.481,0.077,212.408,446.358,2.879,-68.366,45.379,1439.625,85283.516,20220929_061138,479166,19914,38183,14267
5,KCBW20220929_111315_V06,46.135,0.064,130.863,329.105,10.649,-68.897,45.903,5324.519,85811.361,20220929_071315,479164,24595,31382,19290
1,KCBW20220930_103854_V06,10.499,0.060,130.172,329.054,9.778,-68.901,45.903,4888.847,86147.542,20220930_063854,479165,20186,23501,16214
2,KCBW20221001_103732_V06,7.843,0.059,127.558,329.255,10.650,-68.918,45.902,5325.203,87452.885,20221001_063732,479166,24726,26747,19229
2,KCBW20221001_104433_V06,14.860,0.055,127.682,329.216,17.437,-68.917,45.902,8718.419,87388.622,20221001_064433,479166,24163,26093,18880
1,KCBW20221001_093440_V06,-55.023,0.075,126.469,329.373,11.414,-68.925,45.902,5706.795,87999.685,20221001_053440,479165,140844,58641,113160
2,KCBW20221002_102951_V06,-1.133,0.066,129.221,329.653,8.351,-68.907,45.900,4175.273,86667.366,20221002_062951,479168,18448,25023,14717
2,KCBW20221002_103646_V06,5.784,0.063,129.921,329.384,16.105,-68.903,45.902,8052.749,86299.407,20221002_063646,479165,29512,29530,22887
4,KCBW20221002_111815_V06,47.267,0.073,127.282,329.775,10.800,-68.920,45.900,5399.981,87632.973,20221002_071815,479170,25586,31285,19166
4,KCBW20221002_112506_V06,54.117,0.091,127.173,329.742,17.639,-68.921,45.900,8819.303,87683.624,20221002_072506,479169,26047,31657,19615
4,KCBW20221002_113207_V06,61.134,-1.000,127.075,329.712,25.114,-68.921,45.900,12557.153,87729.632,20221002_073207,479161,22654,31429,16794
4,KCBW20221002_113856_V06,67.951,0.061,128.057,329.873,9.904,-68.915,45.899,4952.134,87259.581,20221002_073856,479166,22727,30768,17188
4,KCBW20221002_114550_V06,74.851,0.059,128.040,329.797,17.216,-68.915,45.900,8608.065,87261.098,20221002_074550,479166,18733,30447,14184
1,KCBW20221002_100218_V06,-28.683,0.181,295.141,301.612,15.037,-67.838,46.032,7518.372,2559.828,20221002_060218,479165,54601,59985,37463
3,KCBW20221002_110424_V06,33.417,0.058,127.566,329.405,10.712,-68.918,45.901,5356.184,87461.609,20221002_070424,479169,29998,32514,22595
3,KCBW20221003_114441_V06,72.405,0.134,128.397,329.371,9.876,-68.913,45.902,4938.117,87049.260,20221003_074441,479169,21613,19180,17272
3,KCBW20221003_115142_V06,79.421,0.067,129.039,329.242,16.874,-68.909,45.902,8436.754,86721.664,20221003_075142,479166,21551,18777,17333
1,KCBW20221003_093815_V06,-54.029,0.093,131.037,328.990,8.000,-68.896,45.904,4000.025,85715.852,20221003_053815,479167,119535,45267,99975
2,KCBW20221003_104128_V06,9.188,0.068,128.118,329.320,10.825,-68.914,45.902,5412.596,87182.678,20221003_064128,479170,26243,21479,21144
1,KCBW20221017_111445_V06,23.859,0.081,125.833,330.968,12.049,-68.929,45.894,6024.280,88449.505,20221017_071445,479174,22068,29851,17562
1,KCBW20221017_112132_V06,30.643,0.050,126.361,331.341,19.449,-68.926,45.893,9724.418,88222.336,20221017_072132,479173,21155,29494,17090
4,KCBW20221018_103852_V06,-13.392,0.252,552.111,491.981,32.996,-66.204,45.164,16497.911,158442.893,20221018_063852,479176,282392,286374,28594
4,KCBW20221018_104448_V06,-7.459,0.105,550.879,485.923,38.952,-66.211,45.191,19475.880,156130.823,20221018_064448,479176,284551,289150,27601
3,KCBW20221019_105346_V06,0.134,0.096,432.253,38.422,30.362,-66.934,47.212,15181.015,146555.391,20221019_065346,479170,346507,350699,16713
1,KCBW20221020_100823_V06,-46.628,0.050,128.037,328.661,8.213,-68.915,45.905,4106.524,87167.441,20221020_060823,479169,21000,35651,14633
2,KCBW20221020_105019_V06,-4.695,0.052,129.213,329.900,8.448,-68.907,45.899,4223.859,86692.389,20221020_065019,479172,6886,19673,5447
1,KCBW20221021_100525_V06,-50.979,0.104,127.131,329.563,10.571,-68.921,45.901,5285.521,87689.136,20221021_060525,479171,22637,36791,10069
1,KCBW20221021_101228_V06,-43.929,0.136,127.169,329.624,17.896,-68.921,45.900,8947.978,87675.631,20221021_061228,479172,22807,34377,11903
4,KCBW20221021_121147_V06,75.387,0.051,127.947,329.307,11.165,-68.916,45.902,5582.253,87265.454,20221021_081147,479171,9808,14211,8227
4,KCBW20221021_121843_V06,82.321,0.093,127.596,329.495,18.000,-68.918,45.901,8999.864,87454.418,20221021_081843,479168,9963,14351,8377
2,KCBW20221021_110120_V06,4.937,0.083,127.504,329.681,10.748,-68.918,45.900,5373.808,87515.682,20221021_070120,479163,10279,16054,8574
3,KCBW20221021_112927_V06,33.054,0.058,131.056,328.856,9.380,-68.896,45.904,4689.836,85695.529,20221021_072927,479166,10067,13738,8308
4,KCBW20221022_111521_V06,17.564,0.333,288.429,103.517,9.830,-67.883,46.923,4915.039,98411.722,20221022_071521,479168,14853,41735,10696
4,KCBW20221022_112224_V06,24.614,0.771,288.997,106.119,16.853,-67.879,46.911,8426.686,97096.625,20221022_072224,479171,14832,41531,10786
4,KCBW20221022_112927_V06,31.664,0.332,289.220,109.855,21.322,-67.878,46.894,10661.238,95225.189,20221022_072927,479170,15381,41156,11106
3,KCBW20221022_101901_V06,-38.769,0.062,132.761,328.854,10.605,-68.885,45.904,5302.537,84854.817,20221022_061901,479168,18809,52372,12793
3,KCBW20221022_102605_V06,-31.702,0.075,132.642,328.351,17.506,-68.885,45.907,8753.009,84871.136,20221022_062605,479173,14872,52093,9973
1,KCBW20221022_100453_V06,-52.902,0.068,125.877,331.172,10.707,-68.929,45.893,5353.446,88445.429,20221022_060453,479174,18379,52159,12197
5,KCBW20221022_111521_V06,17.564,0.052,126.390,329.345,11.763,-68.926,45.902,5881.269,88036.249,20221022_071521,479168,14853,41735,10696
7,KCBW20221022_115036_V06,52.814,0.058,126.731,329.867,11.873,-68.923,45.899,5936.475,87912.142,20221022_075036,479171,14514,42456,10297
1,KCBW20221023_104935_V06,-9.597,0.539,283.033,156.921,6.267,-67.918,46.683,3133.278,72040.721,20221023_064935,479171,34440,27904,26819
2,KCBW20221023_104935_V06,-9.597,0.168,283.304,114.125,8.396,-67.916,46.875,4197.758,93311.506,20221023_064935,479171,34440,27904,26819
3,KCBW20221023_104935_V06,-9.597,0.151,281.899,296.592,12.423,-67.924,46.054,6211.590,9209.446,20221023_064935,479171,34440,27904,26819
1,KCBW20221024_100734_V06,-53.012,0.091,358.932,382.859,13.135,-67.429,45.666,6567.467,50839.473,20221024_060734,479176,204507,109321,123068
1,KCBW20221024_101325_V06,-47.162,0.248,359.567,383.194,20.922,-67.425,45.664,10460.874,51160.435,20221024_061325,479173,193963,107951,114267
1,KCBW20221024_101929_V06,-41.096,0.205,364.680,380.585,22.241,-67.392,45.676,11120.634,51665.874,20221024_061929,479177,183289,107009,105194
1,KCBW20221025_100341_V06,-58.299,0.194,299.220,191.397,3.273,-67.812,46.528,1636.303,54302.974,20221025_060341,479178,22463,42493,6219
2,KCBW20221026_100513_V06,-58.173,0.066,212.040,444.664,2.626,-68.369,45.387,1312.769,84653.024,20221026_060513,479173,9792,35949,5197
2,KCBW20221026_101215_V06,-51.140,0.092,212.235,445.160,9.767,-68.367,45.385,4883.657,84814.409,20221026_061215,479171,10177,37222,5540
3,KCBW20221026_101215_V06,-51.140,0.113,299.148,191.376,2.175,-67.812,46.528,1087.288,54313.653,20221026_061215,479171,10177,37222,5540
3,KCBW20221026_101918_V06,-44.090,0.057,299.133,191.468,9.254,-67.813,46.527,4627.117,54267.600,20221026_061918,479174,10560,38891,5914
9,KCBW20221026_115100_V06,47.610,0.077,212.133,444.868,3.046,-68.368,45.386,1522.839,84716.135,20221026_075100,479169,6907,34975,5065
9,KCBW20221026_120507_V06,61.727,0.053,212.294,444.930,10.187,-68.367,45.386,5093.515,84701.246,20221026_080507,479169,6708,34291,5167
1,KCBW20221026_100513_V06,-58.173,0.078,129.606,329.061,8.385,-68.905,45.903,4192.333,86427.190,20221026_060513,479173,9792,35949,5197
6,KCBW20221026_104027_V06,-22.940,0.071,129.786,327.848,7.424,-68.904,45.909,3712.179,86238.652,20221026_064027,479174,9153,43719,4925
7,KCBW20221026_104731_V06,-15.873,0.059,212.700,446.048,3.464,-68.364,45.381,1731.943,85075.615,20221026_064731,479170,9700,44896,5395
2,KCBW20221027_104917_V06,-15.518,0.057,209.529,446.437,6.764,-68.384,45.379,3381.943,86065.361,20221027_064917,479170,10621,52671,5942
3,KCBW20221028_111919_V06,13.100,0.075,128.920,328.777,8.729,-68.909,45.904,4364.379,86741.858,20221028_071919,479176,16410,17459,14130
3,KCBW20221028_112617_V06,20.067,0.067,129.300,328.700,16.523,-68.907,45.905,8261.473,86548.098,20221028_072617,479174,15451,17251,13207
1,KCBW20221028_100954_V06,-56.316,0.051,130.380,328.762,7.939,-68.900,45.905,3969.738,86020.444,20221028_060954,479171,26188,36162,20155
2,KCBW20221028_111226_V06,6.217,0.058,130.322,328.954,10.214,-68.900,45.904,5107.108,86065.277,20221028_071226,479175,15796,17817,13452
4,KCBW20221028_120754_V06,61.684,0.081,130.368,328.688,11.538,-68.900,45.905,5769.234,86020.277,20221028_080754,479171,12393,18526,10780
4,KCBW20221028_121451_V06,68.634,-1.000,130.368,328.688,22.589,-68.900,45.905,11294.484,86020.277,20221028_081451,479171,11824,19674,10294
4,KCBW20221028_122155_V06,75.700,0.120,127.427,329.401,11.963,-68.919,45.901,5981.297,87529.585,20221028_082155,479173,11547,20037,10025
1,KCBW20221029_120315_V06,55.616,0.073,128.145,329.842,9.928,-68.914,45.900,4964.036,87213.378,20221029_080315,479172,15732,16533,12978
1,KCBW20221030_101216_V06,-56.789,0.054,129.523,329.156,8.581,-68.905,45.903,4290.583,86475.977,20221030_061216,479174,12896,18688,10347
1,KCBW20221030_101919_V06,-49.739,0.056,129.897,328.998,16.369,-68.903,45.903,8184.318,86278.699,20221030_061919,479168,14291,19633,11456
3,KCBW20221030_103326_V06,-35.622,0.104,299.526,302.091,12.624,-67.810,46.030,6311.989,1072.055,20221030_063326,479168,11160,17557,8826
3,KCBW20221030_104029_V06,-28.572,0.199,299.126,301.574,19.717,-67.813,46.032,9858.354,900.150,20221030_064029,479171,11199,16552,8908
3,KCBW20221030_104731_V06,-21.539,0.136,300.125,302.050,13.665,-67.806,46.030,6832.623,1026.935,20221030_064731,479171,9673,15037,7790
3,KCBW20221030_110137_V06,-7.439,0.558,298.976,302.423,18.355,-67.814,46.028,9177.516,1315.405,20221030_070137,479175,10741,14112,8870
3,KCBW20221030_110841_V06,-0.372,0.383,299.135,302.370,13.979,-67.813,46.029,6989.346,1261.652,20221030_070841,479174,10020,13585,8353
3,KCBW20221030_111544_V06,6.678,0.221,298.552,302.281,20.203,-67.816,46.029,10101.348,1350.782,20221030_071544,479172,10309,12794,8666
3,KCBW20221030_112247_V06,13.728,-1.000,298.033,302.201,26.964,-67.820,46.029,13481.856,1476.114,20221030_072247,479169,9943,12562,8539
3,KCBW20221030_112951_V06,20.795,0.416,298.049,302.097,11.751,-67.820,46.030,5875.603,1431.824,20221030_072951,479164,9957,12332,8491
3,KCBW20221030_113655_V06,27.861,0.430,298.244,301.914,18.400,-67.818,46.031,9200.233,1299.012,20221030_073655,479173,9859,12580,8443
3,KCBW20221030_114358_V06,34.911,-1.000,298.417,301.752,25.525,-67.817,46.031,12762.434,1180.790,20221030_074358,479166,10348,12383,8889
3,KCBW20221030_115101_V06,41.961,0.159,298.649,302.611,11.948,-67.816,46.027,5974.228,1469.878,20221030_075101,479174,9446,12526,8065
3,KCBW20221030_120507_V06,56.061,0.056,297.301,302.752,20.117,-67.824,46.027,10058.291,1927.259,20221030_080507,479170,9569,12650,8175
3,KCBW20221030_121211_V06,63.128,0.099,295.986,302.947,11.448,-67.833,46.026,5724.216,2489.555,20221030_081211,479175,9660,12883,8291
3,KCBW20221030_121914_V06,70.178,0.395,296.416,302.746,18.499,-67.830,46.027,9249.633,2257.731,20221030_081914,479165,9907,12925,8538
2,KCBW20221030_101216_V06,-56.789,0.051,295.255,300.743,10.845,-67.838,46.036,5422.695,2401.444,20221030_061216,479174,12896,18688,10347
6,KCBW20221030_112247_V06,13.728,0.670,297.794,302.371,14.367,-67.821,46.029,7183.632,1619.535,20221030_072247,479169,9943,12562,8539
8,KCBW20221030_113655_V06,27.861,0.053,130.810,329.096,10.777,-68.897,45.903,5388.708,85836.865,20221030_073655,479173,9859,12580,8443
1,KCBW20221031_101722_V06,-53.112,0.115,280.497,162.859,2.248,-67.934,46.656,1124.241,69260.532,20221031_061722,479174,34433,44247,26407
2,KCBW20221031_101722_V06,-53.112,0.075,298.740,192.246,2.835,-67.815,46.524,1417.519,53880.819,20221031_061722,479174,34433,44247,26407
3,KCBW20221031_101722_V06,-53.112,0.053,212.328,507.357,8.921,-68.364,45.105,4460.274,112565.062,20221031_061722,479174,34433,44247,26407
1,KCBW20221101_102115_V06,-50.653,0.051,129.709,328.074,8.637,-68.904,45.908,4318.651,86294.786,20221101_062115,479173,18705,45826,11166
3,KCBW20221101_121845_V06,66.847,0.120,266.527,416.924,8.725,-68.021,45.513,4362.406,60810.487,20221101_081845,479167,14539,34528,9462
3,KCBW20221101_122549_V06,73.913,-1.000,266.527,416.924,19.961,-68.021,45.513,9980.406,60810.487,20221101_082549,479171,13971,34681,8315
3,KCBW20221101_123253_V06,80.980,0.056,267.081,417.278,8.239,-68.018,45.511,4119.534,60905.032,20221101_083253,479165,16188,34618,9936
2,KCBW20221102_102005_V06,-53.246,0.076,129.884,328.960,8.062,-68.903,45.904,4031.081,86281.534,20221102_062005,479168,17070,50704,13444
7,KCBW20221102_110824_V06,-4.930,0.057,212.396,444.943,3.039,-68.366,45.386,1519.430,84680.064,20221102_070824,479167,10624,55721,9082
5,KCBW20221103_111953_V06,5.126,0.073,127.941,329.302,10.833,-68.916,45.902,5416.699,87267.940,20221103_071953,479162,10607,13120,8783
5,KCBW20221103_112651_V06,12.093,0.067,127.737,329.385,18.119,-68.917,45.902,9059.500,87375.813,20221103_072651,479173,9928,12082,8326
5,KCBW20221103_113343_V06,18.959,0.145,126.190,331.086,10.895,-68.927,45.894,5447.741,88284.113,20221103_073343,479173,10764,12052,9027
5,KCBW20221103_114037_V06,25.859,-1.000,126.190,331.086,21.866,-68.927,45.894,10933.241,88284.113,20221103_074037,479165,10111,11405,8455
5,KCBW20221103_114737_V06,32.859,0.091,130.205,329.121,9.929,-68.901,45.903,4964.416,86136.887,20221103_074737,479171,9833,10660,8299
8,KCBW20221103_122248_V06,68.043,0.075,130.059,329.470,11.034,-68.902,45.901,5517.006,86238.626,20221103_082248,479171,9376,10474,7773
8,KCBW20221103_122954_V06,75.143,0.113,129.985,329.620,17.932,-68.902,45.901,8966.182,86287.953,20221103_082954,479170,9240,10412,7671
8,KCBW20221103_123658_V06,82.209,0.089,129.986,329.109,11.046,-68.902,45.903,5522.873,86243.819,20221103_083658,479166,10149,10761,8574
1,KCBW20221103_101633_V06,-58.207,0.365,129.648,328.310,9.049,-68.905,45.907,4524.743,86344.367,20221103_061633,479168,12196,19225,9021
4,KCBW20221103_110600_V06,-8.757,0.070,127.666,329.478,10.732,-68.917,45.901,5365.994,87418.727,20221103_070600,479168,11606,15163,9040
1,KCBW20221104_101927_V06,-56.736,0.192,297.436,192.420,3.236,-67.824,46.523,1617.966,53805.285,20221104_061927,479169,17041,29794,13809
1,KCBW20221104_102632_V06,-49.652,0.320,297.795,192.181,10.833,-67.821,46.524,5416.523,53920.573,20221104_062632,479171,17712,29741,14387
3,KCBW20221104_101927_V06,-56.736,0.079,129.350,328.734,8.535,-68.907,45.905,4267.403,86526.009,20221104_061927,479169,17041,29794,13809
3,KCBW20221104_102632_V06,-49.652,0.112,129.603,328.595,15.444,-68.905,45.905,7721.889,86390.017,20221104_062632,479171,17712,29741,14387
5,KCBW20221104_114528_V06,29.281,0.053,128.282,330.292,8.984,-68.913,45.898,4491.767,87184.538,20221104_074528,479167,14862,22748,12400
1,KCBW20221105_102500_V06,-52.614,0.392,299.028,191.906,2.682,-67.813,46.525,1340.874,54049.396,20221105_062500,479172,6298,22448,5537
1,KCBW20221105_103444_V06,-42.881,0.206,298.993,191.853,9.437,-67.814,46.526,4718.471,54075.754,20221105_063444,479172,6142,22299,5351
13,KCBW20221105_114252_V06,25.253,0.055,127.440,329.204,10.503,-68.919,45.902,5251.465,87506.986,20221105_074252,479170,7052,24429,6252
13,KCBW20221105_120219_V06,44.703,0.056,127.206,328.965,16.784,-68.920,45.903,8392.051,87602.371,20221105_080219,479171,6433,26131,5819
4,KCBW20221105_102500_V06,-52.614,0.080,130.915,329.738,5.252,-68.896,45.900,2626.037,85840.219,20221105_062500,479172,6298,22448,5537
4,KCBW20221105_103444_V06,-42.881,-1.000,130.915,329.738,20.728,-68.896,45.900,10364.037,85840.219,20221105_063444,479172,6142,22299,5351
4,KCBW20221105_104428_V06,-33.147,0.053,128.553,328.530,7.976,-68.912,45.905,3987.883,86902.272,20221105_064428,479176,5553,22419,4852
7,KCBW20221105_102500_V06,-52.614,0.053,212.864,445.987,2.895,-68.363,45.381,1447.706,85007.320,20221105_062500,479172,6298,22448,5537
10,KCBW20221105_111340_V06,-3.947,0.196,299.189,192.143,2.680,-67.812,46.524,1340.191,53930.053,20221105_071340,479172,6001,22881,5183
10,KCBW20221105_112324_V06,5.786,0.051,299.370,191.934,2.385,-67.811,46.525,1192.348,54033.970,20221105_072324,479171,6349,24982,5582
2,KCBW20221106_102800_V06,-51.043,0.103,212.320,445.098,3.172,-68.367,45.385,1585.897,84766.340,20221106_052800,479170,4666,27218,4181
2,KCBW20221106_103743_V06,-41.326,0.058,212.339,445.071,10.624,-68.367,45.385,5311.941,84749.467,20221106_053743,479174,4839,27596,4365
3,KCBW20221106_102800_V06,-51.043,0.099,128.624,328.927,8.486,-68.911,45.904,4242.864,86900.079,20221106_052800,479170,4666,27218,4181
3,KCBW20221106_103743_V06,-41.326,0.109,127.949,328.695,16.907,-68.916,45.905,8453.529,87213.898,20221106_053743,479174,4839,27596,4365
3,KCBW20221106_104725_V06,-31.626,-1.000,127.315,328.477,25.733,-68.920,45.906,12866.588,87508.760,20221106_054725,479171,5057,25752,4590
3,KCBW20221106_110651_V06,-12.193,0.055,127.404,328.520,10.747,-68.919,45.905,5373.697,87468.354,20221106_060651,479172,4638,23884,4205
8,KCBW20221106_120508_V06,46.091,0.145,298.613,300.626,11.820,-67.816,46.036,5909.779,760.890,20221106_070508,479171,5265,17432,4856
8,KCBW20221106_121450_V06,55.791,0.134,299.209,302.051,19.484,-67.812,46.030,9741.864,1098.845,20221106_071450,479175,4756,17289,4371
8,KCBW20221106_122433_V06,65.507,0.225,300.064,301.238,11.904,-67.807,46.034,5952.042,620.053,20221106_072433,479174,4762,16921,4345
8,KCBW20221106_123416_V06,75.224,0.125,300.426,302.274,19.591,-67.804,46.029,9795.275,1156.793,20221106_073416,479173,4954,15958,4552
4,KCBW20221106_102800_V06,-51.043,0.083,298.412,301.860,9.828,-67.817,46.031,4913.921,1222.964,20221106_052800,479170,4666,27218,4181
7,KCBW20221106_111634_V06,-2.476,0.266,299.670,300.947,11.670,-67.809,46.035,5835.121,501.345,20221106_061634,479172,5068,21620,4621
9,KCBW20221106_121450_V06,55.791,0.055,131.262,327.206,8.549,-68.894,45.912,4274.685,85458.711,20221106_071450,479175,4756,17289,4371
1,KCBW20221108_102411_V06,-57.714,0.447,298.368,299.645,13.729,-67.817,46.041,6864.498,835.093,20221108_052411,479174,7782,13984,6709
1,KCBW20221108_103105_V06,-50.814,0.210,298.389,300.360,20.177,-67.817,46.038,10088.406,825.580,20221108_053105,479174,7438,14148,6359
1,KCBW20221108_103758_V06,-43.931,0.119,299.655,302.003,11.173,-67.809,46.030,5586.525,1016.460,20221108_053758,479169,7553,13704,6449
3,KCBW20221108_105144_V06,-30.164,0.133,299.014,301.755,12.687,-67.813,46.031,6343.281,1006.444,20221108_055144,479168,7912,12738,6885
3,KCBW20221108_110529_V06,-16.414,0.500,300.197,302.056,16.420,-67.806,46.030,8210.106,1032.839,20221108_060529,479171,7077,12653,6254
3,KCBW20221108_111222_V06,-9.531,0.236,300.548,301.383,13.586,-67.803,46.033,6793.022,743.878,20221108_061222,479175,7402,12724,6487
4,KCBW20221108_105144_V06,-30.164,0.060,210.395,445.060,4.939,-68.379,45.385,2469.259,85251.745,20221108_055144,479168,7912,12738,6885
6,KCBW20221108_124144_V06,79.836,0.068,129.768,330.070,8.385,-68.904,45.899,4192.556,86433.681,20221108_074144,479167,8389,9769,7642
1,KCBW20221109_102331_V06,-59.806,0.282,298.492,299.516,12.228,-67.817,46.041,6113.968,792.111,20221109_052331,479172,7228,12989,5928
1,KCBW20221109_103025_V06,-52.906,0.154,298.674,299.730,19.166,-67.816,46.040,9582.807,676.618,20221109_053025,479171,7495,13032,6183
2,KCBW20221109_102331_V06,-59.806,0.105,130.796,330.518,10.613,-68.897,45.897,5306.600,85966.998,20221109_052331,479172,7228,12989,5928
2,KCBW20221109_103025_V06,-52.906,0.070,129.805,330.059,17.733,-68.904,45.899,8866.684,86414.477,20221109_053025,479171,7495,13032,6183
5,KCBW20221109_105103_V06,-32.273,0.179,300.780,302.649,10.410,-67.802,46.027,5205.139,1380.920,20221109_055103,479169,8457,14436,6796
5,KCBW20221109_110449_V06,-18.506,0.102,301.848,302.976,17.509,-67.795,46.026,8754.306,1751.442,20221109_060449,479172,8409,13402,7041
5,KCBW20221109_111142_V06,-11.623,0.150,300.265,301.332,13.540,-67.805,46.033,6770.226,678.827,20221109_061142,479167,8320,12727,7063
10,KCBW20221109_121342_V06,50.377,0.259,299.635,303.767,11.866,-67.809,46.022,5932.941,1892.486,20221109_071342,479171,6816,12028,5922
10,KCBW20221109_122035_V06,57.260,0.167,299.959,303.267,18.740,-67.807,46.024,9369.937,1633.651,20221109_072035,479165,8571,12205,7585
10,KCBW20221109_122728_V06,64.144,0.180,299.487,303.775,12.741,-67.810,46.022,6370.586,1904.674,20221109_072728,479175,7516,12001,6646
3,KCBW20221109_103717_V06,-46.040,0.096,209.461,446.680,8.057,-68.385,45.378,4028.408,86186.043,20221109_053717,479173,8126,13882,6638
7,KCBW20221109_112528_V06,2.144,0.053,127.741,328.781,10.568,-68.917,45.904,5284.039,87323.546,20221109_062528,479168,8280,12336,7120
8,KCBW20221109_113225_V06,9.094,0.283,298.982,301.915,13.875,-67.814,46.031,6937.492,1084.318,20221109_063225,479166,8811,12323,7612
8,KCBW20221109_113918_V06,15.977,0.222,298.528,302.452,11.451,-67.816,46.028,5725.376,1429.902,20221109_063918,479169,8460,12186,7323
12,KCBW20221109_124113_V06,77.894,0.067,127.989,329.722,10.625,-68.915,45.900,5312.488,87279.903,20221109_074113,479168,8313,11761,7375
1,KCBW20221110_103002_V06,-54.713,0.054,212.803,445.888,3.029,-68.364,45.382,1514.553,84980.428,20221110_053002,479169,170286,196690,18014
5,KCBW20221110_113434_V06,9.820,0.056,441.336,145.156,42.564,-66.882,46.732,21281.956,104824.251,20221110_063434,479182,97821,131712,13055
7,KCBW20221110_121700_V06,52.254,0.051,146.211,198.230,77.157,-68.809,46.493,38578.430,92206.805,20221110_071700,479179,63658,96386,10761
13,KCBW20221110_123818_V06,73.554,0.090,298.617,192.884,2.391,-67.816,46.521,1195.377,53562.475,20221110_073818,479171,56497,86117,12033
4,KCBW20221111_111735_V06,-8.584,0.055,132.196,329.211,10.424,-68.888,45.903,5211.805,85163.864,20221111_061735,479174,11552,18739,6158
1,KCBW20221113_103110_V06,-57.832,0.182,128.072,329.291,10.804,-68.915,45.902,5402.170,87202.588,20221113_053110,479175,30326,36236,11200
1,KCBW20221113_103536_V06,-53.399,0.058,128.027,329.268,16.517,-68.915,45.902,8258.658,87222.699,20221113_053536,479169,26881,33233,10156
5,KCBW20221113_104909_V06,-39.849,0.056,130.087,330.809,10.260,-68.902,45.895,5129.994,86341.896,20221113_054909,479174,19560,26153,9129
5,KCBW20221113_105347_V06,-35.216,0.055,129.628,330.490,16.060,-68.905,45.897,8030.108,86539.271,20221113_055347,479171,16473,22783,8018
8,KCBW20221113_115109_V06,22.151,0.051,26.149,356.821,37.144,-69.567,45.770,18571.939,139842.049,20221113_065109,479166,13994,17679,7877
1,KCBW20221114_103701_V06,-53.391,0.168,209.759,446.204,8.629,-68.383,45.380,4314.253,85905.456,20221114_053701,479171,115469,157022,14763
3,KCBW20221114_103701_V06,-53.391,0.068,128.971,328.808,8.051,-68.909,45.904,4025.480,86719.295,20221114_053701,479171,115469,157022,14763
4,KCBW20221114_104129_V06,-48.925,0.440,268.118,414.642,8.349,-68.011,45.523,4174.610,59496.333,20221114_054129,479173,110947,154503,15062
4,KCBW20221114_104606_V06,-44.308,-1.000,268.118,414.642,15.690,-68.011,45.523,7844.860,59496.333,20221114_054606,479180,105800,149636,15350
4,KCBW20221114_105044_V06,-39.675,0.062,267.188,414.789,8.444,-68.017,45.523,4221.889,59693.084,20221114_055044,479170,99230,145266,14744
10,KCBW20221114_113250_V06,2.425,0.134,209.898,445.904,8.543,-68.382,45.381,4271.276,85741.337,20221114_063250,479168,60135,115594,14939
12,KCBW20221114_113250_V06,2.425,0.050,126.879,331.061,13.212,-68.922,45.894,6606.024,87942.919,20221114_063250,479168,60135,115594,14939
1,KCBW20221115_103333_V06,-58.262,0.223,208.504,444.333,7.374,-68.391,45.388,3687.084,85445.070,20221115_053333,479166,7611,24470,6070
3,KCBW20221115_104026_V06,-51.379,0.079,298.584,190.354,5.399,-67.816,46.532,2699.402,54827.401,20221115_054026,479168,7438,23886,6055
11,KCBW20221115_120322_V06,31.555,0.050,128.802,330.136,8.366,-68.910,45.898,4183.006,86915.198,20221115_070322,479167,7652,13213,6571
12,KCBW20221115_121708_V06,45.321,0.164,299.517,301.502,11.264,-67.810,46.032,5632.069,789.088,20221115_071708,479171,7003,13828,5976
15,KCBW20221115_122401_V06,52.205,0.085,128.849,329.209,10.790,-68.910,45.902,5395.223,86812.813,20221115_072401,479175,6523,14039,5632
16,KCBW20221115_123752_V06,66.055,0.065,210.358,446.354,8.183,-68.379,45.379,4091.555,85812.572,20221115_073752,479169,7073,14704,6161
1,KCBW20221116_103642_V06,-56.510,0.061,270.202,416.129,6.583,-67.998,45.517,3291.340,59945.523,20221116_053642,479172,66736,83397,13382
1,KCBW20221116_104113_V06,-51.993,0.088,269.952,415.927,12.030,-67.999,45.518,6015.223,59878.874,20221116_054113,479168,63517,80114,13001
2,KCBW20221116_111236_V06,-20.610,0.117,272.490,415.505,5.290,-67.983,45.519,2645.178,59367.734,20221116_061236,479181,70773,84329,10753
2,KCBW20221116_111714_V06,-15.976,0.067,271.620,415.698,11.486,-67.989,45.519,5743.026,59563.754,20221116_061714,479167,74474,87549,10860
1,KCBW20221117_103915_V06,-55.350,0.311,299.171,303.853,12.142,-67.812,46.022,6070.751,1970.521,20221117_053915,479168,5707,18101,4705
1,KCBW20221117_104619_V06,-48.284,0.157,299.039,303.485,18.661,-67.813,46.023,9330.637,1807.744,20221117_054619,479175,4893,18537,4055
1,KCBW20221117_110016_V06,-34.334,-1.000,298.805,302.838,32.530,-67.815,46.026,16265.147,1539.432,20221117_060016,479168,6615,20027,5207
1,KCBW20221117_110709_V06,-27.450,0.165,299.249,304.275,13.472,-67.812,46.020,6736.126,2170.237,20221117_060709,479169,6335,20536,4809
1,KCBW20221117_111401_V06,-20.584,0.057,299.704,303.844,20.371,-67.809,46.022,10185.713,1927.464,20221117_061401,479168,6245,20676,4594
1,KCBW20221117_112059_V06,-13.617,0.345,301.017,305.744,15.563,-67.800,46.013,7781.509,2916.560,20221117_062059,479168,7784,21004,5811
2,KCBW20221117_103915_V06,-55.350,0.144,130.597,329.369,8.632,-68.898,45.902,4315.821,85964.854,20221117_053915,479168,5707,18101,4705
2,KCBW20221117_104619_V06,-48.284,0.051,129.700,329.363,16.545,-68.904,45.902,8272.667,86406.257,20221117_054619,479175,4893,18537,4055
2,KCBW20221117_110016_V06,-34.334,-1.000,128.119,329.351,32.871,-68.914,45.902,16435.440,87184.325,20221117_060016,479168,6615,20027,5207
2,KCBW20221117_110709_V06,-27.450,0.051,129.348,328.112,8.481,-68.907,45.907,4240.538,86475.852,20221117_060709,479169,6335,20536,4809
3,KCBW20221117_103915_V06,-55.350,0.112,268.641,415.551,7.823,-68.008,45.519,3911.608,59865.007,20221117_053915,479168,5707,18101,4705
1,KCBW20221118_103927_V06,-56.533,0.186,128.951,328.796,8.546,-68.909,45.904,4272.997,86727.977,20221118_053927,479167,14792,63752,7023
1,KCBW20221118_104620_V06,-49.650,0.130,128.971,328.716,15.449,-68.909,45.905,7724.612,86711.378,20221118_054620,479166,14666,62493,6691
2,KCBW20221118_103927_V06,-56.533,0.133,212.151,445.020,3.198,-68.368,45.385,1599.087,84776.723,20221118_053927,479167,14792,63752,7023
2,KCBW20221118_104620_V06,-49.650,0.066,212.162,444.942,10.113,-68.368,45.386,5056.506,84740.559,20221118_054620,479166,14666,62493,6691
3,KCBW20221118_103927_V06,-56.533,0.106,299.351,191.874,2.148,-67.811,46.526,1074.043,54063.733,20221118_053927,479167,14792,63752,7023
1,KCBW20221119_104230_V06,-54.857,0.085,130.764,329.428,10.500,-68.897,45.902,5250.231,85887.691,20221119_054230,479168,7986,14226,6774
1,KCBW20221119_104922_V06,-47.991,0.064,130.935,329.282,17.494,-68.896,45.902,8746.843,85791.305,20221119_054922,479167,8956,14445,7491
2,KCBW20221119_112404_V06,-13.291,0.094,130.983,328.792,10.403,-68.896,45.904,5201.262,85725.863,20221119_062404,479175,8735,13784,7255
3,KCBW20221119_123310_V06,55.809,0.056,129.137,329.618,8.282,-68.908,45.901,4141.125,86705.338,20221119_073310,479167,7615,9977,6627
1,KCBW20221121_104523_V06,-54.692,0.366,209.988,444.257,11.160,-68.382,45.389,5580.215,85017.862,20221121_054523,479169,6510,8778,5675
7,KCBW20221121_113326_V06,-6.642,0.172,266.475,413.989,8.648,-68.022,45.526,4323.853,59408.470,20221121_063326,479172,6575,9114,5710
8,KCBW20221121_114019_V06,0.241,0.066,212.394,445.073,2.870,-68.366,45.385,1435.238,84736.162,20221121_064019,479165,6644,8896,5859
9,KCBW20221121_122131_V06,41.441,0.055,212.170,444.994,2.825,-68.368,45.386,1412.367,84760.613,20221121_072131,479170,6907,8540,6069
10,KCBW20221121_124858_V06,68.891,0.108,210.279,444.029,11.051,-68.380,45.390,5525.499,84844.352,20221121_074858,479168,6853,8168,6066
3,KCBW20221122_104442_V06,-56.717,0.082,298.767,302.908,11.702,-67.815,46.026,5850.773,1579.290,20221122_054442,479168,23625,42537,7478
3,KCBW20221122_105145_V06,-49.667,0.300,298.879,303.377,17.946,-67.814,46.024,8972.766,1779.029,20221122_055145,479169,20520,39664,7150
2,KCBW20221122_104442_V06,-56.717,0.282,439.736,98.422,14.378,-66.889,46.942,7189.106,122637.510,20221122_054442,479168,23625,42537,7478
4,KCBW20221122_104442_V06,-56.717,0.061,129.473,329.418,8.027,-68.906,45.902,4013.701,86522.934,20221122_054442,479168,23625,42537,7478
8,KCBW20221122_121434_V06,33.149,0.056,210.798,446.071,3.601,-68.376,45.381,1800.627,85577.268,20221122_071434,479166,15258,24780,7127
10,KCBW20221122_122123_V06,39.966,0.135,266.500,415.858,8.362,-68.021,45.518,4180.973,60301.918,20221122_072123,479173,16643,27725,6667
1,KCBW20221123_110207_V06,-40.630,0.120,28.310,428.488,46.670,-69.544,45.448,23335.001,150270.294,20221123_060207,479165,42310,55984,12389
1,KCBW20221123_110910_V06,-33.580,0.060,28.231,424.132,53.212,-69.545,45.467,26605.823,149387.979,20221123_060910,479166,44822,57366,13073
2,KCBW20221123_113020_V06,-12.413,0.072,212.222,444.823,3.076,-68.367,45.386,1537.949,84674.049,20221123_063020,479170,44157,57314,11814
7,KCBW20221124_124858_V06,64.905,0.058,209.504,446.623,8.004,-68.385,45.378,4002.037,86150.814,20221124_074858,479172,6080,11232,5259
7,KCBW20221124_130243_V06,78.655,0.102,209.115,446.295,16.569,-68.387,45.380,8284.533,86113.631,20221124_080243,479168,7025,12171,6100
4,KCBW20221124_114014_V06,-3.828,0.103,298.041,302.950,12.051,-67.820,46.026,6025.677,1770.687,20221124_064014,479167,7452,11013,6480
5,KCBW20221124_122819_V06,44.255,0.081,210.923,444.843,7.024,-68.376,45.386,3512.077,85021.062,20221124_072819,479173,6799,10823,5803
1,KCBW20221125_104907_V06,-56.245,0.072,130.176,328.947,10.452,-68.901,45.904,5225.936,86136.625,20221125_054907,479168,7365,12300,5444
2,KCBW20221125_111602_V06,-29.328,0.064,39.811,433.520,47.145,-69.469,45.426,23572.746,146224.314,20221125_061602,479169,11770,14816,7022
3,KCBW20221125_122322_V06,38.005,0.059,35.906,154.583,74.614,-69.533,46.680,37306.751,150741.278,20221125_072322,479169,19426,28633,6194
4,KCBW20221125_125020_V06,64.972,0.066,131.252,328.823,10.311,-68.894,45.904,5155.522,85596.163,20221125_075020,479170,15380,23751,6422
6,KCBW20221125_130348_V06,78.438,0.079,23.931,459.968,28.798,-69.567,45.306,14398.867,159533.662,20221125_080348,479171,16225,26514,5672
1,KCBW20221126_104919_V06,-57.329,0.229,298.458,301.851,13.046,-67.817,46.031,6522.804,1204.392,20221126_054919,479168,7198,11518,6580
1,KCBW20221126_110304_V06,-43.579,0.438,297.729,301.966,18.681,-67.822,46.030,9340.421,1502.079,20221126_060304,479170,7438,11382,6802
2,KCBW20221126_104919_V06,-57.329,0.062,212.756,446.042,3.286,-68.364,45.381,1642.998,85058.693,20221126_054919,479168,7198,11518,6580
2,KCBW20221126_110304_V06,-43.579,0.083,212.395,445.213,10.172,-68.366,45.385,5086.036,84795.873,20221126_060304,479170,7438,11382,6802
9,KCBW20221126_123915_V06,52.605,0.283,300.493,302.732,12.506,-67.804,46.027,6253.212,1388.210,20221126_073915,479165,7769,10865,7040
9,KCBW20221126_124606_V06,59.455,0.162,300.370,302.932,19.314,-67.805,46.026,9656.798,1477.799,20221126_074606,479167,7945,10291,7298
9,KCBW20221126_125258_V06,66.321,0.062,297.409,301.097,12.174,-67.824,46.034,6087.212,1406.685,20221126_075258,479168,8054,10486,7326
9,KCBW20221126_130641_V06,80.038,0.324,297.849,302.374,19.152,-67.821,46.028,9575.889,1601.836,20221126_080641,479173,6658,11457,6059
4,KCBW20221126_113727_V06,-9.195,0.098,300.262,304.149,16.287,-67.805,46.021,8143.700,2078.799,20221126_063727,479175,6906,13083,6300
4,KCBW20221126_114418_V06,-2.345,0.084,300.213,302.518,13.148,-67.806,46.028,6574.112,1263.251,20221126_064418,479166,7144,12413,6506
4,KCBW20221126_115110_V06,4.521,-1.000,300.213,302.518,24.066,-67.806,46.028,12033.112,1263.251,20221126_065110,479168,7852,12167,7141
4,KCBW20221126_120454_V06,18.255,0.097,299.023,302.269,11.478,-67.813,46.029,5739.017,1235.331,20221126_070454,479166,7531,12537,6764
4,KCBW20221126_121145_V06,25.105,-1.000,299.023,302.269,22.370,-67.813,46.029,11184.767,1235.331,20221126_071145,479168,8497,11955,7712
4,KCBW20221126_121839_V06,32.005,0.173,299.780,302.750,11.705,-67.808,46.027,5852.631,1379.168,20221126_071839,479175,6476,11726,5794
7,KCBW20221126_120454_V06,18.255,0.057,210.152,446.442,8.193,-68.380,45.379,4096.607,85903.839,20221126_070454,479166,7531,12537,6764
1,KCBW20221127_104923_V06,-58.528,0.120,127.925,329.883,10.005,-68.916,45.899,5002.428,87325.304,20221127_054923,479164,9574,15330,8217
1,KCBW20221127_110309_V06,-44.762,0.072,127.403,329.872,17.658,-68.919,45.899,8829.199,87581.447,20221127_060309,479165,10450,16224,8798
1,KCBW20221127_111002_V06,-37.878,-1.000,127.150,329.866,21.704,-68.921,45.899,10851.796,87705.600,20221127_061002,479166,11162,16102,9345
1,KCBW20221127_111653_V06,-31.028,0.053,129.327,329.225,11.494,-68.907,45.902,5747.192,86578.401,20221127_061653,479165,10045,15955,8467
2,KCBW20221127_110309_V06,-44.762,0.063,297.593,302.928,17.007,-67.822,46.026,8503.361,1895.226,20221127_060309,479165,10450,16224,8798
3,KCBW20221127_110309_V06,-44.762,0.063,242.987,291.234,7.063,-68.175,46.078,3531.424,28841.549,20221127_060309,479165,10450,16224,8798
20,KCBW20221128_114220_V06,-6.826,0.079,42.702,100.901,55.956,-69.496,46.922,27978.180,162667.324,20221128_064220,479171,39550,84694,14971
20,KCBW20221128_114650_V06,-2.326,0.226,43.025,101.206,62.175,-69.494,46.921,31087.255,162446.272,20221128_064650,479169,32889,81058,12418
20,KCBW20221128_115121_V06,2.191,0.232,48.136,99.398,61.535,-69.461,46.930,30767.341,160994.144,20221128_065121,479176,29798,81184,10923
20,KCBW20221128_120023_V06,11.224,-1.000,56.123,96.723,63.517,-69.409,46.942,31758.305,158742.984,20221128_070023,479161,24894,80939,10136
20,KCBW20221128_120455_V06,15.757,0.096,57.888,98.990,64.778,-69.397,46.932,32389.002,157339.687,20221128_070455,479169,21284,80100,8431
18,KCBW20221128_113750_V06,-11.326,0.101,441.727,105.245,88.631,-66.877,46.911,44315.418,120432.590,20221128_063750,479166,43700,90392,15120
18,KCBW20221128_114220_V06,-6.826,-1.000,441.727,105.245,95.786,-66.877,46.911,47892.918,120432.590,20221128_064220,479171,39550,84694,14971
18,KCBW20221128_114650_V06,-2.326,0.149,452.006,97.450,98.102,-66.809,46.946,49051.243,126621.806,20221128_064650,479169,32889,81058,12418
18,KCBW20221128_115121_V06,2.191,0.092,455.630,96.415,102.001,-66.785,46.950,51000.369,128128.369,20221128_065121,479176,29798,81184,10923
18,KCBW20221128_120023_V06,11.224,0.064,434.703,136.752,76.087,-66.925,46.770,38043.259,105823.978,20221128_070023,479161,24894,80939,10136
37,KCBW20221128_130821_V06,79.191,0.166,43.963,95.917,53.019,-69.488,46.945,26509.724,163710.950,20221128_080821,479164,72257,105908,21260
37,KCBW20221128_131505_V06,85.924,0.073,46.503,100.110,62.179,-69.471,46.926,31089.656,161413.274,20221128_081505,479169,69934,105991,20860
1,KCBW20221128_105001_V06,-59.143,0.071,131.120,328.782,11.505,-68.895,45.905,5752.523,85657.658,20221128_055001,479166,177609,213095,31681
6,KCBW20221128_110532_V06,-43.626,0.053,123.916,212.995,35.085,-68.952,46.425,17542.540,98203.406,20221128_060532,479173,133912,166130,25472
14,KCBW20221128_113320_V06,-15.826,0.137,174.280,177.020,12.215,-68.627,46.589,6107.615,87934.072,20221128_063320,479166,47102,97990,14454
16,KCBW20221128_113320_V06,-15.826,0.055,211.336,413.764,17.915,-68.374,45.526,8957.436,72117.333,20221128_063320,479166,47102,97990,14454
28,KCBW20221128_120926_V06,20.274,0.100,299.373,192.105,2.229,-67.811,46.524,1114.281,53948.450,20221128_070926,479179,19927,80919,7236
35,KCBW20221128_123444_V06,45.574,0.103,306.657,233.204,8.205,-67.764,46.340,4102.638,33563.247,20221128_073444,479172,47355,108072,13464
38,KCBW20221128_130821_V06,79.191,0.081,429.877,148.045,60.802,-66.958,46.720,30401.066,99947.964,20221128_080821,479164,72257,105908,21260
1,KCBW20221129_110448_V06,-45.587,0.082,129.082,328.628,8.521,-68.908,45.905,4260.473,86649.362,20221129_060448,479166,7887,10918,6775
1,KCBW20221129_111136_V06,-38.787,0.069,129.114,328.588,15.490,-68.908,45.905,7745.085,86630.193,20221129_061136,479168,7496,11240,6451
1,KCBW20221129_111829_V06,-31.904,0.056,130.139,328.758,10.718,-68.901,45.905,5358.868,86139.076,20221129_061829,479169,7533,11330,6350
2,KCBW20221129_110448_V06,-45.587,0.051,207.557,446.558,8.128,-68.397,45.378,4063.759,86638.498,20221129_060448,479166,7887,10918,6775
2,KCBW20221129_111136_V06,-38.787,0.098,208.228,446.504,15.006,-68.393,45.379,7503.143,86437.245,20221129_061136,479168,7496,11240,6451
5,KCBW20221129_114551_V06,-4.537,0.082,210.755,446.554,8.141,-68.377,45.378,4070.505,85794.359,20221129_064551,479169,7219,10330,6225
7,KCBW20221129_120624_V06,16.013,0.063,131.047,329.204,11.574,-68.896,45.903,5786.761,85729.194,20221129_070624,479163,7879,10115,6886
8,KCBW20221129_130803_V06,77.663,0.058,130.726,328.654,10.437,-68.898,45.905,5218.260,85841.267,20221129_080803,479172,6535,9624,5740
1,KCBW20221130_111022_V06,-41.227,0.065,210.913,446.401,7.872,-68.376,45.379,3936.211,85688.261,20221130_061022,479171,8164,21006,6832
2,KCBW20221130_113753_V06,-13.711,0.071,210.184,446.119,8.281,-68.380,45.380,4140.465,85757.928,20221130_063753,479165,7904,20673,6698
4,KCBW20221130_120538_V06,14.039,0.095,209.801,446.172,8.323,-68.383,45.380,4161.741,85881.141,20221130_070538,479166,7430,24345,6344
6,KCBW20221130_122619_V06,34.723,0.074,210.195,445.893,8.163,-68.380,45.381,4081.375,85658.820,20221130_072619,479168,7274,24013,6217
2,KCBW20221201_111915_V06,-33.529,0.284,25.709,207.544,35.935,-69.592,46.441,17967.560,144726.938,20221201_061915,479168,9184,29463,7371
2,KCBW20221201_112619_V06,-26.462,0.051,27.997,205.869,44.177,-69.577,46.449,22088.458,143915.349,20221201_062619,479172,8342,29892,6359
1,KCBW20221202_110453_V06,-49.057,0.146,130.137,328.639,8.526,-68.902,45.905,4262.794,86130.133,20221202_060453,479164,6363,9473,5512
1,KCBW20221202_111146_V06,-42.173,0.069,129.830,328.749,15.463,-68.903,45.905,7731.606,86290.748,20221202_061146,479168,6936,9409,6095
6,KCBW20221202_114705_V06,-6.857,0.052,209.976,446.185,8.306,-68.382,45.380,4152.887,85840.465,20221202_064705,479169,6863,9458,6002
6,KCBW20221202_120052_V06,6.927,-1.000,209.976,446.185,30.221,-68.382,45.380,15110.637,85840.465,20221202_070052,479168,5459,9579,4709
6,KCBW20221202_120745_V06,13.810,0.123,210.005,446.298,8.474,-68.381,45.380,4237.232,85880.771,20221202_070745,479173,6168,9504,5341
7,KCBW20221202_120745_V06,13.810,0.340,299.295,303.347,12.412,-67.811,46.024,6206.177,1710.045,20221202_070745,479173,6168,9504,5341
10,KCBW20221202_123516_V06,41.327,0.055,211.262,447.010,8.063,-68.373,45.376,4031.725,85857.975,20221202_073516,479167,6197,10039,5429
10,KCBW20221202_124210_V06,48.227,-1.000,211.262,447.010,19.034,-68.373,45.376,9517.225,85857.975,20221202_074210,479170,6523,10173,5705
10,KCBW20221202_124902_V06,55.093,0.070,212.261,444.928,3.246,-68.367,45.386,1622.908,84708.524,20221202_074902,479169,6825,10155,5976
3,KCBW20221203_112536_V06,-29.477,0.102,28.238,252.130,35.835,-69.569,46.241,17917.294,137972.957,20221203_062536,479163,39021,53152,11766
3,KCBW20221203_113046_V06,-24.311,0.071,30.104,251.442,42.444,-69.557,46.244,21221.794,137114.861,20221203_063046,479171,44500,64049,12907
3,KCBW20221203_113744_V06,-17.344,-1.000,32.158,250.684,51.752,-69.544,46.248,25876.244,136172.298,20221203_063744,479167,44476,67401,14144
3,KCBW20221203_114437_V06,-10.461,-1.000,34.187,249.935,60.950,-69.531,46.251,30475.019,135243.260,20221203_064437,479173,36417,60674,11416
3,KCBW20221203_115129_V06,-3.594,0.182,48.643,272.003,69.864,-69.434,46.154,34932.165,126455.835,20221203_065129,479163,34623,52868,11252
2,KCBW20221203_111508_V06,-39.944,0.073,22.807,286.477,26.862,-69.599,46.086,13430.925,138761.271,20221203_061508,479170,38568,49841,11208
2,KCBW20221203_112029_V06,-34.594,-1.000,22.807,286.477,35.368,-69.599,46.086,17684.175,138761.271,20221203_062029,479165,39471,51409,11056
2,KCBW20221203_112536_V06,-29.477,-1.000,22.807,286.477,43.504,-69.599,46.086,21751.925,138761.271,20221203_062536,479163,39021,53152,11766
2,KCBW20221203_113046_V06,-24.311,-1.000,22.807,286.477,51.719,-69.599,46.086,25859.425,138761.271,20221203_063046,479171,44500,64049,12907
2,KCBW20221203_113744_V06,-17.344,-1.000,22.807,286.477,62.796,-69.599,46.086,31397.925,138761.271,20221203_063744,479167,44476,67401,14144
2,KCBW20221203_114437_V06,-10.461,0.067,44.431,267.833,77.114,-69.462,46.172,38556.903,128792.586,20221203_064437,479173,36417,60674,11416
5,KCBW20221203_121146_V06,16.689,0.078,41.967,540.492,50.652,-69.442,44.945,25326.000,176364.446,20221203_071146,479163,40606,55379,12584
1,KCBW20221204_110155_V06,-54.273,0.199,268.531,416.434,8.379,-68.008,45.515,4189.407,60305.943,20221204_060155,479167,9821,20132,6828
1,KCBW20221204_110857_V06,-47.239,0.137,268.736,416.315,15.268,-68.007,45.516,7633.975,60221.721,20221204_060857,479166,10356,21459,7259
7,KCBW20221204_112951_V06,-26.339,0.154,298.207,303.218,12.851,-67.819,46.025,6425.671,1841.799,20221204_062951,479167,10672,26979,6874
7,KCBW20221204_113649_V06,-19.373,-1.000,298.207,303.218,23.928,-67.819,46.025,11964.171,1841.799,20221204_063649,479173,10395,30891,6438
7,KCBW20221204_114345_V06,-12.439,0.127,297.325,301.968,14.523,-67.824,46.030,7261.391,1660.223,20221204_064345,479168,11903,35759,7195
9,KCBW20221204_114345_V06,-12.439,0.087,212.221,444.827,3.012,-68.367,45.386,1506.090,84676.069,20221204_064345,479168,11903,35759,7195
13,KCBW20221204_121822_V06,22.177,0.079,266.180,415.778,8.524,-68.023,45.518,4262.177,60308.369,20221204_071822,479170,17193,70518,7992
15,KCBW20221204_125251_V06,56.661,0.074,212.121,444.689,2.964,-68.368,45.387,1481.785,84642.649,20221204_075251,479173,25019,83735,8213
9,KCBW20221205_125213_V06,54.941,0.480,27.704,210.579,50.921,-69.578,46.428,25460.428,143301.613,20221205_075213,479169,16994,42255,8222
9,KCBW20221205_130614_V06,68.958,0.136,41.899,205.892,63.763,-69.487,46.450,31881.730,137361.216,20221205_080614,479173,15733,45569,7620
9,KCBW20221205_131318_V06,76.025,-1.000,48.844,203.599,70.379,-69.442,46.461,35189.653,134510.799,20221205_081318,479170,12699,44269,6914
9,KCBW20221205_132022_V06,83.091,0.059,60.531,178.169,65.438,-69.369,46.577,32719.003,134339.224,20221205_082022,479166,10048,41301,6414
3,KCBW20221205_120948_V06,12.525,0.165,38.817,265.605,81.632,-69.498,46.181,40815.964,131718.953,20221205_070948,479170,15729,39922,7309
3,KCBW20221205_121652_V06,19.591,0.121,48.477,264.718,93.767,-69.436,46.186,46883.311,126992.932,20221205_071652,479166,17294,39389,8229
3,KCBW20221205_122356_V06,26.658,0.148,53.635,236.234,81.513,-69.406,46.315,40756.458,127241.690,20221205_072356,479169,17105,40269,8159
3,KCBW20221205_123100_V06,33.725,0.069,55.875,241.112,92.597,-69.391,46.293,46298.340,125563.569,20221205_073100,479171,17190,40324,8491
6,KCBW20221205_123100_V06,33.725,0.227,25.209,420.417,43.697,-69.564,45.484,21848.635,150008.491,20221205_073100,479171,17190,40324,8491
6,KCBW20221205_123805_V06,40.808,0.101,26.497,418.482,53.946,-69.557,45.493,26973.023,149032.022,20221205_073805,479175,14757,40860,7189
1,KCBW20221205_110620_V06,-50.942,0.054,128.088,328.614,10.635,-68.915,45.905,5317.356,87138.745,20221205_060620,479172,16699,37184,7422
2,KCBW20221205_111323_V06,-43.892,0.061,26.039,302.006,37.608,-69.576,46.016,18804.199,136984.120,20221205_061323,479169,17775,37734,8693
8,KCBW20221205_124510_V06,47.891,0.079,28.382,349.544,55.354,-69.554,45.803,27676.865,138049.579,20221205_074510,479171,15651,41384,7446
10,KCBW20221205_125213_V06,54.941,0.084,21.950,159.807,24.985,-69.623,46.655,12492.347,155696.567,20221205_075213,479169,16994,42255,8222
1,KCBW20221206_110039_V06,-57.684,0.112,210.057,443.904,8.770,-68.381,45.390,4385.052,84849.812,20221206_060039,479165,7050,11476,6353
1,KCBW20221206_110743_V06,-50.617,0.113,209.960,443.949,15.689,-68.382,45.390,7844.640,84894.773,20221206_060743,479165,6702,11388,5932
2,KCBW20221206_110039_V06,-57.684,0.105,128.066,328.950,10.728,-68.915,45.904,5364.045,87177.197,20221206_060039,479165,7050,11476,6353
2,KCBW20221206_110743_V06,-50.617,0.051,129.257,328.894,17.839,-68.907,45.904,8919.412,86585.178,20221206_060743,479165,6702,11388,5932
4,KCBW20221206_112814_V06,-30.100,0.096,212.238,445.099,3.325,-68.367,45.385,1662.701,84787.579,20221206_062814,479169,7189,10133,6387
6,KCBW20221206_120913_V06,10.883,0.154,211.193,446.003,7.123,-68.374,45.381,3561.274,85445.398,20221206_070913,479172,6295,12487,5604
8,KCBW20221206_122934_V06,31.233,0.054,131.490,329.174,10.706,-68.893,45.903,5352.926,85508.411,20221206_072934,479168,7094,11581,6389
12,KCBW20221207_131815_V06,78.886,0.055,278.739,188.777,20.184,-67.946,46.539,10091.801,56618.365,20221207_081815,479173,416036,361846,64211
1,KCBW20221208_110347_V06,-56.581,0.111,212.243,445.099,3.155,-68.367,45.385,1577.309,84786.500,20221208_060347,479166,7117,18145,5988
4,KCBW20221208_113851_V06,-21.515,0.087,298.877,301.526,12.727,-67.814,46.032,6363.548,947.554,20221208_063851,479170,6968,17821,5370
5,KCBW20221208_120628_V06,6.102,0.271,302.212,303.863,24.047,-67.793,46.022,12023.407,2225.593,20221208_070628,479167,8159,21059,5873
6,KCBW20221208_122643_V06,26.352,0.063,298.424,301.705,13.843,-67.817,46.031,6921.455,1160.863,20221208_072643,479168,8217,22550,6269
3,KCBW20221209_111029_V06,-50.852,0.113,130.581,328.802,8.540,-68.899,45.904,4270.047,85924.808,20221209_061029,479169,7111,9750,6176
3,KCBW20221209_111718_V06,-44.035,0.096,131.191,329.098,16.654,-68.895,45.903,8326.807,85649.044,20221209_061718,479166,6228,10266,5331
3,KCBW20221209_112414_V06,-37.102,0.131,131.967,329.153,10.962,-68.890,45.903,5480.877,85271.750,20221209_062414,479164,6997,9953,6066
3,KCBW20221209_113108_V06,-30.202,0.070,131.595,329.094,17.829,-68.892,45.903,8914.609,85450.101,20221209_063108,479165,6327,10228,5415
1,KCBW20221209_110336_V06,-57.735,0.166,130.897,328.976,10.009,-68.897,45.904,5004.494,85783.757,20221209_060336,479171,6699,9683,5757
2,KCBW20221209_111029_V06,-50.852,0.126,209.744,446.453,8.409,-68.383,45.379,4204.348,86015.470,20221209_061029,479169,7111,9750,6176
6,KCBW20221209_120523_V06,4.048,0.133,212.336,444.947,3.164,-68.367,45.386,1581.968,84697.503,20221209_070523,479168,6646,9717,5812
8,KCBW20221209_130740_V06,66.331,0.093,211.967,444.800,2.830,-68.369,45.386,1414.927,84730.309,20221209_080740,479168,6560,15852,5712
8,KCBW20221209_131438_V06,73.298,-1.000,211.967,444.800,13.907,-68.369,45.386,6953.427,84730.309,20221209_081438,479167,6392,16758,5573
8,KCBW20221209_132130_V06,80.165,0.128,209.877,443.703,8.944,-68.382,45.391,4472.023,84812.673,20221209_082130,479167,6477,17529,5673
1,KCBW20221210_110606_V06,-56.175,0.051,127.373,329.331,10.969,-68.919,45.902,5484.737,87550.349,20221210_060606,479166,5220,9916,4474
1,KCBW20221210_111253_V06,-49.391,0.066,127.498,329.460,17.792,-68.918,45.901,8896.155,87499.773,20221210_061253,479166,5955,9968,5129
2,KCBW20221210_110606_V06,-56.175,0.050,212.334,445.093,2.832,-68.367,45.385,1416.243,84760.251,20221210_060606,479166,5220,9916,4474
2,KCBW20221210_111253_V06,-49.391,0.128,212.234,444.999,10.793,-68.367,45.385,5396.418,84745.940,20221210_061253,479166,5955,9968,5129
5,KCBW20221210_113327_V06,-28.825,0.092,212.339,444.905,3.097,-68.367,45.386,1548.307,84678.865,20221210_063327,479169,5593,9925,4810
5,KCBW20221210_114020_V06,-21.941,0.071,212.240,444.816,10.068,-68.367,45.386,5033.950,84666.129,20221210_064020,479169,5452,9658,4657
9,KCBW20221210_124154_V06,39.625,0.054,210.415,443.868,10.966,-68.379,45.391,5482.847,84739.840,20221210_074154,479168,5974,8610,5238
9,KCBW20221210_124843_V06,46.442,0.072,210.396,443.952,17.893,-68.379,45.390,8946.314,84780.818,20221210_074843,479170,5524,9086,4794
8,KCBW20221210_120738_V06,5.359,0.056,127.635,329.488,10.420,-68.918,45.901,5210.007,87434.516,20221210_070738,479170,5991,9517,5145
11,KCBW20221210_131609_V06,73.875,0.086,207.565,445.290,8.382,-68.397,45.384,4190.826,86100.724,20221210_081609,479172,5472,9246,4761
11,KCBW20221210_132301_V06,80.742,0.060,212.300,444.893,2.911,-68.367,45.386,1455.601,84683.420,20221210_082301,479166,6075,9151,5318
1,KCBW20221211_110949_V06,-53.365,0.125,210.021,446.735,8.248,-68.381,45.378,4123.940,86063.181,20221211_060949,479167,5457,10716,4643
3,KCBW20221211_110949_V06,-53.365,0.092,127.771,329.583,10.601,-68.917,45.901,5300.402,87375.800,20221211_060949,479167,5457,10716,4643
4,KCBW20221211_121826_V06,15.251,0.087,212.421,445.237,3.382,-68.366,45.384,1690.763,84799.401,20221211_071826,479168,6025,11333,5120
6,KCBW20221211_124555_V06,42.735,0.074,209.902,443.837,10.808,-68.382,45.391,5404.108,84862.857,20221211_074555,479168,5952,11653,5023
7,KCBW20221211_131318_V06,70.118,0.294,209.414,444.631,9.704,-68.385,45.387,4852.102,85328.836,20221211_081318,479166,5606,14572,4803
1,KCBW20221212_110950_V06,-54.222,0.060,212.185,444.910,3.036,-68.368,45.386,1518.127,84720.718,20221212_060950,479169,5057,10324,4317
1,KCBW20221212_111640_V06,-47.389,0.055,212.397,445.375,9.958,-68.366,45.384,4978.750,84864.893,20221212_061640,479174,4877,10418,4161
4,KCBW20221212_114355_V06,-20.139,0.074,212.317,444.831,3.053,-68.367,45.386,1526.268,84652.510,20221212_064355,479171,4998,10096,4220
4,KCBW20221212_115049_V06,-13.239,0.072,212.113,444.834,10.730,-68.368,45.386,5365.186,84707.188,20221212_065049,479163,5025,9925,4306
2,KCBW20221212_110950_V06,-54.222,0.053,127.281,329.100,10.625,-68.920,45.903,5312.609,87576.361,20221212_060950,479169,5057,10324,4317
10,KCBW20221212_130618_V06,62.244,0.088,210.518,443.755,10.961,-68.378,45.391,5480.652,84664.978,20221212_080618,479170,5307,8494,4540
12,KCBW20221212_132653_V06,82.828,0.061,209.848,443.995,8.628,-68.383,45.390,4314.234,84943.996,20221212_082653,479171,5080,8316,4407
1,KCBW20221213_110522_V06,-59.529,0.099,212.178,444.917,2.829,-68.368,45.386,1414.623,84725.412,20221213_060522,479167,8086,27104,4460
4,KCBW20221213_113252_V06,-32.029,0.218,318.775,304.012,15.332,-67.686,46.021,7666.073,9599.437,20221213_063252,479171,7631,24973,4567
5,KCBW20221213_113945_V06,-25.146,0.136,268.633,416.285,8.454,-68.008,45.516,4226.841,60220.775,20221213_063945,479169,7905,24577,4775
2,KCBW20221214_111436_V06,-51.100,0.100,249.486,15.476,15.850,-68.141,47.318,7925.020,144486.838,20221214_061436,479169,353363,368411,23033
1,KCBW20221215_110953_V06,-56.586,0.148,210.043,446.672,8.190,-68.381,45.378,4095.228,86030.338,20221215_060953,479171,6688,37235,5103
1,KCBW20221215_111651_V06,-49.619,0.191,209.870,446.696,14.955,-68.382,45.378,7477.503,86085.931,20221215_061651,479167,7728,40308,5615
3,KCBW20221216_110722_V06,-59.835,0.060,127.416,329.466,10.431,-68.919,45.901,5215.565,87540.891,20221216_060722,479167,26246,97308,8499
11,KCBW20221216_131758_V06,70.765,0.110,175.441,220.343,30.408,-68.617,46.395,15204.195,73926.103,20221216_081758,479168,36251,123101,10322
12,KCBW20221216_131758_V06,70.765,0.059,210.414,445.149,4.982,-68.379,45.385,2490.822,85284.826,20221216_081758,479168,36251,123101,10322
1,KCBW20221220_111334_V06,-56.179,0.062,129.584,328.658,8.296,-68.905,45.905,4147.908,86404.428,20221220_061334,479170,6731,28116,4776
2,KCBW20221220_111334_V06,-56.179,0.060,266.714,415.584,8.129,-68.020,45.519,4064.655,60140.844,20221220_061334,479170,6731,28116,4776
4,KCBW20221220_114757_V06,-21.796,0.053,297.737,302.377,13.172,-67.822,46.028,6585.911,1641.074,20221220_064757,479169,6019,23127,4890
5,KCBW20221220_123620_V06,26.588,0.107,210.893,444.500,7.051,-68.376,45.388,3525.723,84882.719,20221220_073620,479166,7076,21062,5711
7,KCBW20221220_131040_V06,60.921,0.271,297.919,301.925,13.682,-67.820,46.031,6840.939,1417.434,20221220_081040,479167,6605,20259,5270
8,KCBW20221220_131040_V06,60.921,0.075,212.228,444.703,3.006,-68.367,45.387,1503.120,84620.812,20221220_081040,479167,6605,20259,5270
2,KCBW20221221_112123_V06,-48.898,0.064,130.673,328.555,10.241,-68.898,45.906,5120.719,85858.693,20221221_062123,479167,8841,49417,5384
3,KCBW20221221_121000_V06,-0.282,0.090,209.792,446.362,8.201,-68.383,45.379,4100.651,85964.131,20221221_071000,479165,7563,41880,5299
5,KCBW20221221_123752_V06,27.585,0.066,130.286,329.496,8.761,-68.900,45.901,4380.542,86129.253,20221221_073752,479169,7980,36846,6039
1,KCBW20221222_111722_V06,-53.410,0.233,298.917,301.331,13.310,-67.814,46.033,6654.804,858.123,20221222_061722,479169,7294,13884,6230
1,KCBW20221222_112415_V06,-46.526,0.055,298.646,300.954,21.059,-67.816,46.035,10529.518,827.926,20221222_062415,479167,7528,14117,6318
1,KCBW20221222_113104_V06,-39.710,0.123,298.838,301.325,14.744,-67.814,46.033,7371.845,881.065,20221222_063104,479170,7527,13989,6272
1,KCBW20221222_113756_V06,-32.843,0.491,299.120,301.947,19.501,-67.813,46.030,9750.525,1068.591,20221222_063756,479163,7507,13432,6177
1,KCBW20221222_114450_V06,-25.943,0.277,300.481,303.427,13.701,-67.804,46.024,6850.292,1730.306,20221222_064450,479164,7340,12730,6155
1,KCBW20221222_115142_V06,-19.076,0.320,300.654,303.126,19.760,-67.803,46.025,9879.872,1596.988,20221222_065142,479166,7377,12579,6120
1,KCBW20221222_120527_V06,-5.326,0.690,301.173,303.112,14.015,-67.799,46.025,7007.504,1663.059,20221222_070527,479171,7568,12097,6423
1,KCBW20221222_121220_V06,1.557,0.377,301.228,303.126,19.630,-67.799,46.025,9814.806,1679.396,20221222_071220,479170,7476,11937,6386
2,KCBW20221222_111722_V06,-53.410,0.082,128.021,328.718,10.519,-68.915,45.905,5259.398,87180.151,20221222_061722,479169,7294,13884,6230
2,KCBW20221222_112415_V06,-46.526,0.080,128.102,328.679,17.595,-68.915,45.905,8797.590,87136.744,20221222_062415,479167,7528,14117,6318
3,KCBW20221222_111722_V06,-53.410,0.080,209.785,445.986,8.460,-68.383,45.381,4230.097,85805.895,20221222_061722,479169,7294,13884,6230
14,KCBW20221223_132314_V06,72.005,0.109,299.665,302.201,10.837,-67.809,46.029,5418.743,1112.972,20221223_082314,479172,60256,65616,12992
14,KCBW20221223_132736_V06,76.371,0.236,299.758,302.574,16.736,-67.809,46.028,8368.156,1292.688,20221223_082736,479165,57795,63896,12330
7,KCBW20221223_122520_V06,14.105,0.124,298.374,302.776,13.191,-67.817,46.027,6595.654,1608.670,20221223_072520,479165,96297,115388,11568
8,KCBW20221223_123849_V06,27.588,0.052,299.733,303.153,11.133,-67.809,46.025,5566.277,1582.321,20221223_073849,479167,91820,104691,12309
8,KCBW20221223_124315_V06,32.021,-1.000,299.733,303.153,18.182,-67.809,46.025,9090.777,1582.321,20221223_074315,479172,89161,100984,12685
8,KCBW20221223_124741_V06,36.455,0.220,299.062,302.747,12.644,-67.813,46.027,6322.247,1451.388,20221223_074741,479176,86578,99226,12190
10,KCBW20221223_125220_V06,41.105,0.050,268.202,414.654,8.657,-68.010,45.523,4328.691,59491.048,20221223_075220,479165,81843,90528,13606
17,KCBW20221224_122920_V06,17.695,0.102,389.767,148.502,60.842,-67.220,46.719,30420.940,88048.049,20221224_072920,479169,50647,83409,9593
17,KCBW20221224_123358_V06,22.328,0.152,388.908,146.846,68.068,-67.225,46.727,34034.188,88545.148,20221224_073358,479167,47098,81216,8893
17,KCBW20221224_123835_V06,26.945,0.087,390.340,139.412,68.661,-67.216,46.760,34330.639,92127.338,20221224_073835,479165,44889,79213,8489
3,KCBW20221224_111958_V06,-51.672,0.089,299.300,301.658,10.344,-67.811,46.032,5172.031,900.041,20221224_061958,479169,97136,136913,10842
14,KCBW20221224_120614_V06,-5.405,0.068,26.063,98.805,31.852,-69.606,46.930,15925.880,169941.987,20221224_070614,479176,63123,98454,9588
15,KCBW20221224_122005_V06,8.445,0.061,210.278,443.759,10.959,-68.380,45.391,5479.361,84730.108,20221224_072005,479164,56330,88381,10102
16,KCBW20221224_122005_V06,8.445,0.057,27.560,419.970,42.298,-69.549,45.486,21148.844,148842.391,20221224_072005,479164,56330,88381,10102
20,KCBW20221224_131749_V06,66.178,0.061,211.340,446.333,8.060,-68.373,45.379,4029.787,85548.026,20221224_081749,479168,35134,63054,7915
8,KCBW20221225_121357_V06,1.945,0.143,57.288,168.849,62.991,-69.391,46.618,31495.356,137939.887,20221225_071357,479169,14606,35119,5844
8,KCBW20221225_122101_V06,9.012,0.227,61.004,161.829,71.185,-69.368,46.650,35592.695,138031.091,20221225_072101,479167,16328,35830,6633
8,KCBW20221225_122804_V06,16.062,0.126,72.585,154.856,73.592,-69.293,46.682,36796.001,134892.918,20221225_072804,479165,16587,36916,6544
3,KCBW20221225_112431_V06,-47.488,0.055,300.146,299.797,12.116,-67.806,46.040,6058.014,125.250,20221225_062431,479164,15471,57519,6373
7,KCBW20221225_115246_V06,-19.238,0.076,327.557,307.675,7.272,-67.629,46.005,3636.082,14302.835,20221225_065246,479174,15361,35910,5753
9,KCBW20221225_122804_V06,16.062,0.124,210.421,444.107,9.104,-68.379,45.389,4551.970,84839.881,20221225_072804,479165,16587,36916,6544
12,KCBW20221226_123125_V06,19.089,0.062,209.973,446.290,8.392,-68.382,45.380,4196.199,85885.880,20221226_073125,479166,7627,35352,5281
12,KCBW20221226_123817_V06,25.956,0.072,209.985,446.414,15.328,-68.382,45.379,7663.995,85935.449,20221226_073817,479167,8377,37209,5406
4,KCBW20221226_111532_V06,-56.794,0.054,129.485,329.354,8.255,-68.906,45.902,4127.487,86511.559,20221226_061532,479169,6084,21807,4520
1,KCBW20221227_111634_V06,-56.039,0.073,212.766,446.363,3.388,-68.364,45.379,1693.823,85193.593,20221227_061634,479169,185956,281285,25032
1,KCBW20221227_112338_V06,-48.972,0.053,212.381,444.921,2.925,-68.366,45.386,1462.410,84674.702,20221227_062338,479172,182530,274363,24370
1,KCBW20221229_111628_V06,-56.561,0.064,130.335,329.305,8.264,-68.900,45.902,4132.001,86088.650,20221229_061628,479164,196955,213722,20483
1,KCBW20221229_112149_V06,-51.211,0.051,130.698,329.044,15.083,-68.898,45.903,7541.713,85887.427,20221229_062149,479168,193988,210121,19459
2,KCBW20221229_111628_V06,-56.561,0.057,269.560,414.638,6.389,-68.002,45.523,3194.441,59305.413,20221229_061628,479164,196955,213722,20483
2,KCBW20221229_112149_V06,-51.211,-1.000,269.560,414.638,14.895,-68.002,45.523,7447.691,59305.413,20221229_062149,479168,193988,210121,19459
2,KCBW20221229_112656_V06,-46.094,0.115,268.819,416.369,8.546,-68.006,45.516,4273.140,60237.093,20221229_062656,479167,193146,203941,19678
4,KCBW20221229_114653_V06,-26.144,0.083,267.397,416.411,8.226,-68.016,45.515,4112.894,60445.099,20221229_064653,479170,174742,180552,17574
5,KCBW20221229_120718_V06,-5.728,0.129,268.295,416.801,8.829,-68.010,45.514,4414.560,60513.845,20221229_070718,479175,143848,153956,14126
6,KCBW20221229_122603_V06,13.022,0.056,268.629,415.039,8.270,-68.008,45.521,4135.046,59619.713,20221229_072603,479176,141357,146738,13329
7,KCBW20221229_124435_V06,31.556,0.259,268.693,415.254,7.142,-68.007,45.521,3570.856,59715.434,20221229_074435,479173,140043,145795,12703
8,KCBW20221229_131721_V06,64.322,0.073,28.484,290.693,50.082,-69.562,46.068,25040.985,135837.544,20221229_081721,479165,127092,133527,13212
9,KCBW20221229_132630_V06,73.472,0.055,271.040,416.132,7.467,-67.992,45.517,3733.603,59844.370,20221229_082630,479166,125533,132377,12880
2,KCBW20221230_113030_V06,-42.671,0.061,363.261,136.968,50.924,-67.393,46.772,25462.029,87437.815,20221230_063030,479170,11072,41557,6847
2,KCBW20221230_113723_V06,-35.787,0.084,365.862,137.807,59.982,-67.376,46.768,29990.959,87527.795,20221230_063723,479168,11194,38722,7158
4,KCBW20221230_124707_V06,33.946,0.164,210.220,445.396,8.109,-68.380,45.384,4054.653,85440.501,20221230_074707,479173,7938,23061,6440
6,KCBW20221230_124707_V06,33.946,0.098,386.789,231.284,26.458,-67.243,46.347,13228.893,55349.446,20221230_074707,479173,7938,23061,6440
7,KCBW20221230_132841_V06,75.513,0.068,209.349,446.716,8.101,-68.386,45.378,4050.522,86231.203,20221230_082841,479167,6969,15780,6207
1,KCBW20221231_111452_V06,-58.402,0.153,266.601,415.043,8.420,-68.021,45.521,4209.988,59896.815,20221231_061452,479176,31263,30992,8047
2,KCBW20221231_111452_V06,-58.402,0.080,130.654,328.811,8.452,-68.898,45.904,4226.103,85889.848,20221231_061452,479176,31263,30992,8047
3,KCBW20221231_112742_V06,-45.568,0.071,32.592,73.388,39.111,-69.566,47.045,19555.744,175256.978,20221231_062742,479174,30811,31709,7320
4,KCBW20221231_121155_V06,-1.352,0.101,209.731,447.005,8.213,-68.383,45.376,4106.443,86254.061,20221231_071155,479163,21662,22596,7042
6,KCBW20221231_125045_V06,37.482,0.086,210.599,444.253,11.093,-68.378,45.389,5546.717,84855.160,20221231_075045,479170,15509,16859,6660
8,KCBW20221231_131242_V06,59.432,0.079,210.721,443.977,10.997,-68.377,45.390,5498.680,84705.490,20221231_081242,479170,12541,14421,6399
10,KCBW20221231_132954_V06,76.632,0.056,212.438,444.866,2.858,-68.366,45.386,1429.087,84636.512,20221231_082954,479176,11604,14033,5535
