20200905
20200819
20200826
20200629
20200821
20200812
20200809
20200814
20200726
20200831
20200707
20200822
20200722
20200816
20200729
20200626
20200820
20200614
20200714
20200903
20200606
20200617
20200818
20200828
20200808
20200915
20200723
20200628
20200926
20200907
20200801
20200615
20200811
20200625
20200927
20200904
20200806
20200708
20200804
20200623
20200823
20200805
20200709
20200817
20200624
20200906
20200827
20200922
20200928
20200704
20200710
20200807
20200601
20200720
20200627
20200612
20200825
20200724
20200721
20200630
20200727
20200917
20200622
20200910
20200728
20200802
20200901
20200702
20200611
20200613
20200715
20200609
20200916
20200725
20200925
20200610
20200730
20200918
20200605
20200717
20200920
20200803
20200813
20200713
20200621
20200909
20200810
20200604
20200830
20200912
20200616
20200706
20200911
20200829
20200913
20200930
20200603
20200602
20200618
20200705
20200703
20200712
20200716
20200608
20200607
20200731
20200719
20200914
20200718
20200711
20200921
20200923
20200919
20200815
20200929
20200619
20200824
20200924
20200701
20200620
20200902
20200908
