track_id,filename,from_sunrise,det_score,x,y,r,lon,lat,radius,local_time,count_scaling,n_animals,overthresh_percent
1,KOKX20000601_090224,-19.483,0.075,283.016,372.464,9.549,-72.965,40.539,4774.551,20000601_050224,1.200000,32.9592,0.000000
2,KOKX20000601_103105,69.200,0.114,371.771,299.104,8.090,-72.439,40.869,4045.174,20000601_063105,1.200000,8.3677,0.000000
1,KOKX20000602_090405,-17.392,0.056,332.656,228.347,6.808,-72.670,41.188,3403.946,20000602_050405,1.200000,927.3209,0.000000
2,KOKX20000602_093339,12.175,0.117,324.750,395.851,6.555,-72.719,40.434,3277.298,20000602_053339,1.200000,356.8375,0.000000
1,KOKX20000603_091515,-5.850,0.098,225.726,285.830,16.719,-73.305,40.929,8359.436,20000603_051515,1.200000,724.5090,0.000000
3,KOKX20000605_093144,11.284,0.086,67.510,374.925,65.273,-74.236,40.520,32636.726,20000605_053144,1.200000,1229739.0401,0.002187
3,KOKX20000605_093735,17.134,0.092,68.966,373.035,72.555,-74.228,40.529,36277.636,20000605_053735,1.200000,1091059.2991,0.000269
5,KOKX20000605_100649,46.368,0.053,116.493,362.641,19.356,-73.948,40.578,9678.105,20000605_060649,1.200000,35667.5120,0.000000
5,KOKX20000605_101240,52.218,0.070,120.640,361.331,25.709,-73.924,40.585,12854.710,20000605_061240,1.200000,52133.8206,0.002570
1,KOKX20000605_090821,-12.099,0.053,356.288,98.901,32.893,-72.526,41.770,16446.690,20000605_050821,1.200000,475496.6404,0.001150
2,KOKX20000605_092552,5.418,0.110,345.972,129.160,50.624,-72.589,41.634,25312.183,20000605_052552,1.200000,1521041.8544,0.004151
4,KOKX20000605_094326,22.984,0.068,186.382,78.724,16.272,-73.549,41.860,8135.950,20000605_054326,1.200000,210592.7030,0.090909
6,KOKX20000605_102422,63.918,0.126,33.996,398.656,28.953,-74.431,40.411,14476.666,20000605_062422,1.200000,252298.6310,0.024255
7,KOKX20000605_103012,69.751,0.056,277.569,302.450,46.127,-72.997,40.854,23063.271,20000605_063012,1.200000,25284.4584,0.005782
1,KOKX20000606_085019,-29.857,0.117,104.310,110.460,25.312,-74.040,41.713,12655.766,20000606_045019,1.200000,10679.2166,0.000000
1,KOKX20000606_085609,-24.023,0.122,104.080,110.000,32.006,-74.042,41.715,16002.880,20000606_045609,1.200000,6513.1200,0.000000
1,KOKX20000606_090201,-18.157,0.088,104.402,104.210,31.998,-74.040,41.741,15998.816,20000606_050201,1.200000,2350.1226,0.000000
2,KOKX20000606_085019,-29.857,0.056,309.132,320.120,8.368,-72.810,40.775,4183.796,20000606_045019,1.200000,9046.3100,0.263731
3,KOKX20000606_092526,5.260,0.058,147.588,387.855,6.942,-73.763,40.466,3470.835,20000606_052526,1.200000,1849.4830,0.000000
3,KOKX20000606_093116,11.093,-1.000,147.588,387.855,16.217,-73.763,40.466,8108.335,20000606_053116,1.200000,16735.1896,0.009009
3,KOKX20000606_093707,16.943,0.293,149.011,386.395,10.325,-73.755,40.473,5162.497,20000606_053707,1.200000,17246.1038,0.021898
1,KOKX20000607_085924,-20.531,0.233,439.654,226.626,7.596,-72.032,41.193,3797.928,20000607_045924,1.200000,51808.6593,0.147541
3,KOKX20000607_094613,26.286,0.170,155.386,343.041,28.015,-73.720,40.669,14007.359,20000607_054613,1.200000,73875.9974,0.000000
4,KOKX20000607_102710,67.236,0.055,320.131,304.230,20.101,-72.745,40.846,10050.674,20000607_062710,1.200000,32333.7518,0.018736
1,KOKX20000610_102731,68.115,0.086,164.577,358.024,3.184,-73.664,40.602,1591.770,20000610_062731,1.200000,641.3050,0.000000
2,KOKX20000610_103722,77.965,0.066,25.903,319.298,31.752,-74.488,40.767,15876.207,20000610_063722,1.200000,136.5116,0.000000
7,KOKX20000612_094639,27.437,0.080,451.084,338.151,22.362,-71.971,40.690,11180.943,20000612_054639,1.200000,6561.1223,0.000000
7,KOKX20000612_095229,33.270,0.587,455.728,341.261,26.838,-71.943,40.676,13419.198,20000612_055229,1.200000,11283.8509,0.000000
7,KOKX20000612_095819,39.103,0.110,461.609,343.167,29.204,-71.909,40.667,14601.901,20000612_055819,1.200000,20832.0734,0.000000
5,KOKX20000612_093458,15.753,0.106,48.071,439.289,27.300,-74.345,40.229,13650.080,20000612_053458,1.200000,199884.9305,0.000000
5,KOKX20000612_094048,21.587,0.157,50.415,440.218,33.842,-74.331,40.225,16921.146,20000612_054048,1.200000,249121.8455,0.000000
5,KOKX20000612_094639,27.437,0.074,64.906,443.977,26.769,-74.245,40.209,13384.576,20000612_054639,1.200000,149718.5812,0.002872
1,KOKX20000612_085401,-25.197,0.077,370.395,371.756,12.612,-72.449,40.542,6306.044,20000612_045401,1.200000,1647.8252,0.000000
2,KOKX20000612_085401,-25.197,0.057,264.847,182.118,18.927,-73.075,41.396,9463.451,20000612_045401,1.200000,129399.0490,0.004475
3,KOKX20000612_091136,-7.613,0.183,245.626,288.128,16.929,-73.187,40.919,8464.279,20000612_051136,1.200000,17822.9673,0.001419
4,KOKX20000612_091727,-1.763,0.054,411.049,327.069,8.381,-72.207,40.742,4190.517,20000612_051727,1.200000,913.8823,0.000000
6,KOKX20000612_094639,27.437,0.125,421.602,255.643,20.235,-72.141,41.063,10117.668,20000612_054639,1.200000,4053.3149,0.000000
9,KOKX20000612_102142,62.487,0.173,123.636,270.266,16.217,-73.912,40.995,8108.538,20000612_062142,1.200000,10186.8732,0.000000
10,KOKX20000612_102733,68.337,0.129,247.448,223.237,29.648,-73.178,41.211,14823.902,20000612_062733,1.200000,183766.8172,0.007849
11,KOKX20000612_103914,80.020,0.054,149.033,278.991,22.166,-73.761,40.957,11083.025,20000612_063914,1.200000,7364.4967,0.000000
7,KOKX20000613_102849,69.648,0.108,394.499,297.169,20.901,-72.304,40.877,10450.329,20000613_062849,1.200000,229.0284,0.000000
7,KOKX20000613_103441,75.515,0.430,396.283,296.827,27.723,-72.293,40.878,13861.414,20000613_063441,1.200000,238.9495,0.000000
7,KOKX20000613_104031,81.348,0.073,398.445,292.051,32.388,-72.280,40.900,16193.823,20000613_064031,1.200000,274.0715,0.000000
7,KOKX20000613_104623,87.215,0.152,396.852,287.133,37.824,-72.290,40.922,18911.822,20000613_064623,1.200000,484.0661,0.000000
3,KOKX20000613_092430,5.331,0.195,371.043,254.708,17.107,-72.442,41.069,8553.364,20000613_052430,1.200000,2933.4966,0.000000
3,KOKX20000613_093021,11.181,0.569,372.530,254.441,22.655,-72.433,41.070,11327.564,20000613_053021,1.200000,2014.3521,0.000000
3,KOKX20000613_093612,17.031,0.309,378.712,252.921,23.245,-72.396,41.077,11622.497,20000613_053612,1.200000,1448.1453,0.000000
3,KOKX20000613_094202,22.865,0.553,383.713,255.297,20.391,-72.366,41.066,10195.564,20000613_054202,1.200000,932.8963,0.000000
5,KOKX20000613_094753,28.715,0.050,227.308,273.752,14.112,-73.296,40.983,7056.139,20000613_054753,1.200000,188.7515,0.000000
5,KOKX20000613_095344,34.565,0.137,226.935,273.705,21.767,-73.299,40.983,10883.405,20000613_055344,1.200000,176.4925,0.000000
5,KOKX20000613_095934,40.398,0.081,188.753,283.273,61.572,-73.525,40.939,30786.198,20000613_055934,1.200000,11698.4985,0.000000
5,KOKX20000613_100525,46.248,0.060,190.471,284.539,67.893,-73.515,40.933,33946.443,20000613_060525,1.200000,15454.9153,0.000133
1,KOKX20000613_085517,-23.885,0.353,347.905,259.679,10.700,-72.580,41.047,5349.766,20000613_045517,1.200000,14237.0224,0.000812
2,KOKX20000613_091840,-0.502,0.146,365.009,251.270,19.766,-72.478,41.084,9882.915,20000613_051840,1.200000,4907.3615,0.000000
1,KOKX20000614_092705,7.927,0.115,406.560,209.333,3.077,-72.229,41.272,1538.685,20000614_052705,1.200000,10.1999,0.000000
2,KOKX20000614_101940,60.510,0.171,416.020,530.816,31.963,-72.187,39.824,15981.289,20000614_061940,1.200000,35500.5712,0.000000
1,KOKX20000615_090425,-14.761,0.071,210.914,257.385,6.848,-73.394,41.056,3424.185,20000615_050425,1.200000,9.0066,0.000000
4,KOKX20000616_093220,13.103,0.403,404.547,341.644,29.309,-72.246,40.676,14654.518,20000616_053220,1.200000,1029.6121,0.000000
4,KOKX20000616_093811,18.953,0.534,408.086,340.428,36.956,-72.225,40.682,18478.248,20000616_053811,1.200000,1189.2501,0.000000
4,KOKX20000616_094401,24.786,0.227,416.368,324.612,38.030,-72.175,40.753,19014.921,20000616_054401,1.200000,971.5956,0.000000
1,KOKX20000616_092037,1.386,0.354,371.682,328.536,5.971,-72.440,40.736,2985.565,20000616_052037,1.200000,189.5539,0.000000
1,KOKX20000617_092334,4.251,0.097,291.250,393.787,6.645,-72.916,40.443,3322.567,20000617_052334,1.200000,10.3858,0.000000
1,KOKX20000618_085045,-28.682,0.100,387.150,255.942,2.786,-72.346,41.063,1393.089,20000618_045045,1.200000,1063.2128,0.000000
1,KOKX20000618_085637,-22.816,0.197,386.649,256.194,9.036,-72.349,41.062,4518.055,20000618_045637,1.200000,1974.7114,0.019504
5,KOKX20000618_090819,-11.116,0.138,51.226,273.528,20.900,-74.342,40.975,10450.202,20000618_050819,1.200000,382.3774,0.000000
5,KOKX20000618_091411,-5.249,0.093,52.675,271.759,28.644,-74.334,40.983,14321.872,20000618_051411,1.200000,528.4809,0.000000
7,KOKX20000618_094916,29.834,0.152,275.391,379.974,17.698,-73.010,40.505,8848.763,20000618_054916,1.200000,955.3504,0.000000
7,KOKX20000618_095507,35.684,0.595,280.193,379.804,21.741,-72.981,40.506,10870.466,20000618_055507,1.200000,718.4892,0.000000
7,KOKX20000618_100058,41.534,0.484,286.984,375.085,19.399,-72.941,40.527,9699.261,20000618_060058,1.200000,789.1907,0.000000
7,KOKX20000618_100649,47.384,0.095,287.654,374.194,26.093,-72.937,40.531,13046.544,20000618_060649,1.200000,1223.4330,0.001446
7,KOKX20000618_101240,53.234,0.056,292.435,364.512,18.699,-72.909,40.575,9349.401,20000618_061240,1.200000,418.6838,0.000000
12,KOKX20000618_104154,82.468,0.242,308.044,413.394,23.188,-72.817,40.355,11594.107,20000618_064154,1.200000,7172.3875,0.000000
12,KOKX20000618_104745,88.318,0.093,309.567,411.984,29.417,-72.808,40.361,14708.635,20000618_064745,1.200000,4943.1443,0.000000
2,KOKX20000618_085045,-28.682,0.059,226.419,358.164,9.852,-73.299,40.603,4925.787,20000618_045045,1.200000,14769.0519,0.085014
4,KOKX20000618_090228,-16.966,0.056,35.264,276.019,27.529,-74.437,40.963,13764.498,20000618_050228,1.200000,600.9945,0.000000
6,KOKX20000618_093734,18.134,0.184,267.401,386.897,16.442,-73.057,40.474,8220.997,20000618_053734,1.200000,1740.2169,0.000000
10,KOKX20000618_101832,59.101,0.103,362.332,271.523,5.078,-72.494,40.993,2539.127,20000618_061832,1.200000,2207.8628,0.019763
1,KOKX20000620_085357,-25.811,0.174,386.053,281.434,4.941,-72.353,40.948,2470.596,20000620_045357,1.200000,2293.5231,0.027027
3,KOKX20000620_101000,50.239,0.077,353.762,135.093,5.223,-72.542,41.608,2611.507,20000620_061000,1.200000,717.9745,0.000000
1,KOKX20000621_092110,1.195,0.081,207.483,229.441,16.459,-73.416,41.182,8229.584,20000621_052110,1.200000,156.8412,0.000000
1,KOKX20000622_093912,18.987,0.097,256.524,308.367,23.268,-73.122,40.828,11633.991,20000622_053912,1.200000,5048.8841,0.003334
2,KOKX20000622_095054,30.687,0.118,371.173,296.588,23.385,-72.442,40.880,11692.692,20000622_055054,1.200000,315.4028,0.000000
2,KOKX20000622_095646,36.554,0.287,385.167,285.148,19.695,-72.359,40.931,9847.618,20000622_055646,1.200000,182.2920,0.000000
4,KOKX20000622_100238,42.420,0.065,334.196,200.725,49.057,-72.660,41.312,24528.294,20000622_060238,1.200000,96328.5859,0.000000
5,KOKX20000622_100829,48.270,0.078,165.118,375.229,16.294,-73.660,40.524,8147.213,20000622_060829,1.200000,794.1172,0.000000
6,KOKX20000622_103745,77.537,0.121,417.945,159.970,65.562,-72.158,41.494,32781.193,20000622_063745,1.200000,36291.8592,0.000000
1,KOKX20000623_103246,72.282,0.154,308.399,512.399,39.630,-72.815,39.909,19814.880,20000623_063246,1.200000,2217.6118,0.000000
1,KOKX20000624_085610,-24.620,0.260,186.516,359.001,8.959,-73.535,40.598,4479.679,20000624_045610,1.200000,15682.4566,0.011820
2,KOKX20000624_091552,-4.920,0.216,382.480,312.025,22.633,-72.376,40.810,11316.719,20000624_051552,1.200000,5260.3503,0.003360
3,KOKX20000624_091552,-4.920,0.096,283.833,137.292,8.982,-72.961,41.598,4491.203,20000624_051552,1.200000,6450.8288,0.000000
4,KOKX20000624_102452,64.080,0.080,398.044,520.999,13.544,-72.291,39.869,6771.775,20000624_062452,1.200000,1293.7651,0.000000
2,KOKX20000625_103427,73.332,0.167,505.770,200.294,15.261,-71.636,41.308,7630.272,20000625_063427,1.200000,591.7208,0.000000
2,KOKX20000625_104418,83.182,0.084,506.909,201.934,27.032,-71.629,41.300,13516.099,20000625_064418,1.200000,100.3701,0.000000
1,KOKX20000625_085557,-25.168,0.062,410.929,224.908,4.824,-72.203,41.202,2411.930,20000625_045557,1.200000,92.8911,0.000000
1,KOKX20000626_094852,27.389,0.066,43.225,488.413,42.664,-74.368,40.007,21331.902,20000626_054852,1.200000,27261.7437,0.000000
1,KOKX20000626_095443,33.239,0.051,45.565,486.129,49.743,-74.355,40.018,24871.711,20000626_055443,1.200000,17757.6453,0.000000
1,KOKX20000626_100033,39.072,0.186,50.539,477.752,52.738,-74.326,40.056,26368.980,20000626_060033,1.200000,11529.3057,0.000000
1,KOKX20000626_100623,44.906,0.097,57.356,467.468,51.418,-74.287,40.103,25708.832,20000626_060623,1.200000,6929.2192,0.000000
1,KOKX20000626_101215,50.772,-1.000,63.478,458.093,51.648,-74.252,40.145,25824.224,20000626_061215,1.200000,6138.0197,0.000000
1,KOKX20000626_101806,56.622,0.092,95.319,447.538,28.289,-74.066,40.195,14144.652,20000626_061806,1.200000,2531.0721,0.000000
1,KOKX20000626_102357,62.472,0.259,99.471,445.983,34.310,-74.042,40.202,17154.787,20000626_062357,1.200000,1902.9498,0.000000
1,KOKX20000626_102949,68.339,0.055,115.746,434.637,28.293,-73.947,40.254,14146.708,20000626_062949,1.200000,1461.3484,0.000000
4,KOKX20000626_103539,74.172,0.069,192.996,228.014,35.151,-73.502,41.188,17575.420,20000626_063539,1.200000,11878.9331,0.000000
1,KOKX20000628_085710,-25.116,0.158,334.399,127.369,45.390,-72.658,41.643,22694.927,20000628_045710,1.200000,15946.0109,0.000000
1,KOKX20000628_090301,-19.266,0.273,334.864,129.204,50.338,-72.655,41.634,25169.212,20000628_050301,1.200000,21023.4358,0.000000
1,KOKX20000628_090851,-13.432,0.060,332.601,126.990,58.170,-72.669,41.644,29085.136,20000628_050851,1.200000,13061.6943,0.000455
2,KOKX20000628_091442,-7.582,0.052,346.895,381.244,1.867,-72.588,40.499,933.386,20000628_051442,1.200000,606.7788,0.000000
3,KOKX20000628_092032,-1.749,0.131,253.988,234.067,14.489,-73.139,41.162,7244.644,20000628_052032,1.200000,227.2506,0.000000
1,KOKX20000629_085317,-29.443,0.076,389.250,257.067,16.372,-72.334,41.058,8185.902,20000629_045317,1.200000,45010.4817,0.000000
2,KOKX20000629_085907,-23.609,0.347,369.450,316.937,16.832,-72.453,40.789,8416.241,20000629_045907,1.200000,47319.6354,0.015339
3,KOKX20000629_091049,-11.909,0.245,423.094,540.583,21.289,-72.146,39.780,10644.674,20000629_051049,1.200000,151511.7770,0.000000
3,KOKX20000629_091639,-6.076,-1.000,423.094,540.583,30.564,-72.146,39.780,15282.174,20000629_051639,1.200000,216325.2795,0.002595
3,KOKX20000629_092229,-0.243,0.076,437.177,537.032,26.754,-72.064,39.795,13376.790,20000629_052229,1.200000,185720.3770,0.006261
4,KOKX20000629_092229,-0.243,0.095,290.529,224.086,31.350,-72.921,41.207,15675.163,20000629_052229,1.200000,13336.0044,0.000224
1,KOKX20000630_095839,35.454,0.059,201.491,182.919,2.167,-73.453,41.391,1083.702,20000630_055839,1.200000,54.3295,0.000000
2,KOKX20000630_103447,71.587,0.100,361.035,511.244,10.880,-72.508,39.914,5440.199,20000630_063447,1.200000,67.1474,0.000000
3,KOKX20000630_103447,71.587,0.095,347.464,507.182,9.095,-72.587,39.932,4547.370,20000630_063447,1.200000,71.1803,0.000000
4,KOKX20000701_092747,4.091,0.118,110.637,428.396,27.829,-73.978,40.282,13914.733,20000701_052747,1.200000,533129.5581,0.098833
4,KOKX20000701_093443,11.025,0.112,109.340,424.598,35.223,-73.986,40.299,17611.627,20000701_053443,1.200000,387880.3020,0.073831
1,KOKX20000701_090421,-19.342,0.056,298.322,408.708,2.010,-72.874,40.376,1004.942,20000701_050421,1.200000,170.9252,0.000000
2,KOKX20000701_092155,-1.775,0.057,290.358,414.899,2.247,-72.921,40.348,1123.520,20000701_052155,1.200000,552.8816,0.066667
3,KOKX20000701_092155,-1.775,0.051,108.897,316.647,8.871,-73.996,40.785,4435.363,20000701_052155,1.200000,16597.0573,0.166090
5,KOKX20000701_103314,69.541,0.141,221.653,80.686,5.564,-73.336,41.852,2782.045,20000701_063314,1.200000,165.8794,0.000000
1,KOKX20000702_091038,-13.580,0.224,166.526,358.025,5.720,-73.653,40.602,2860.033,20000702_051038,1.200000,11515.2950,0.182432
1,KOKX20000702_092028,-3.747,0.083,175.910,358.927,16.203,-73.597,40.598,8101.426,20000702_052028,1.200000,11016.1267,0.003125
1,KOKX20000702_093021,6.137,0.172,175.928,359.254,21.179,-73.597,40.596,10589.746,20000702_053021,1.200000,33724.9589,0.011416
1,KOKX20000702_094012,15.987,0.061,183.515,360.567,21.303,-73.552,40.591,10651.558,20000702_054012,1.200000,39019.2109,0.016767
3,KOKX20000702_092028,-3.747,0.052,390.177,500.434,21.825,-72.337,39.962,10912.473,20000702_052028,1.200000,1459.7071,0.000000
3,KOKX20000702_093021,6.137,0.101,393.627,501.317,35.452,-72.317,39.958,17726.046,20000702_053021,1.200000,14180.4396,0.000000
4,KOKX20000702_093021,6.137,0.073,123.622,395.471,18.123,-73.904,40.431,9061.384,20000702_053021,1.200000,38664.4533,0.007279
3,KOKX20000703_091216,-12.492,0.212,229.210,574.819,26.279,-73.277,39.627,13139.323,20000703_051216,1.200000,9532.1200,0.000000
3,KOKX20000703_092207,-2.642,0.345,231.963,571.190,33.752,-73.261,39.644,16876.096,20000703_052207,1.200000,11243.4031,0.000000
3,KOKX20000703_093158,7.208,0.123,248.080,539.822,49.920,-73.167,39.785,24959.770,20000703_053158,1.200000,24957.2415,0.000000
1,KOKX20000703_090225,-22.342,0.251,171.266,365.223,3.361,-73.625,40.569,1680.346,20000703_050225,1.200000,168.2521,0.000000
4,KOKX20000704_092503,-0.278,0.085,350.713,187.488,11.905,-72.561,41.372,5952.705,20000704_052503,1.200000,4267.3321,0.000000
4,KOKX20000704_093054,5.572,0.063,352.068,187.274,18.578,-72.553,41.373,9289.001,20000704_053054,1.200000,5918.2107,0.000000
4,KOKX20000704_093645,11.422,-1.000,353.221,187.091,25.643,-72.546,41.373,12821.374,20000704_053645,1.200000,8887.2018,0.000000
4,KOKX20000704_094235,17.255,-1.000,354.371,186.909,32.687,-72.539,41.374,16343.683,20000704_054235,1.200000,8265.1214,0.000000
4,KOKX20000704_094825,23.089,0.105,353.488,189.595,32.091,-72.545,41.362,16045.590,20000704_054825,1.200000,6080.6883,0.000000
4,KOKX20000704_095416,28.939,0.051,355.464,191.737,33.255,-72.533,41.353,16627.660,20000704_055416,1.200000,5586.8861,0.000000
5,KOKX20000704_093645,11.422,0.069,359.058,184.622,14.273,-72.511,41.384,7136.593,20000704_053645,1.200000,8302.4744,0.000000
5,KOKX20000704_094235,17.255,0.266,359.505,185.532,21.545,-72.509,41.380,10772.368,20000704_054235,1.200000,7998.7743,0.000000
1,KOKX20000704_085549,-29.511,0.430,333.765,203.024,6.081,-72.663,41.302,3040.318,20000704_045549,1.200000,1459.5960,0.000000
3,KOKX20000704_091913,-6.111,0.083,342.121,194.993,17.784,-72.613,41.338,8891.861,20000704_051913,1.200000,2969.9935,0.000000
8,KOKX20000704_101740,52.339,0.059,322.107,370.297,8.819,-72.734,40.549,4409.498,20000704_061740,1.200000,446.5558,0.000000
1,KOKX20000707_090229,-24.687,0.095,256.843,292.925,9.642,-73.121,40.897,4821.058,20000707_050229,1.200000,809.1496,0.003460
1,KOKX20000708_093458,7.140,0.057,375.709,239.705,11.317,-72.414,41.136,5658.516,20000708_053458,1.200000,36.3901,0.000000
7,KOKX20000709_103542,67.197,0.203,351.843,135.881,6.858,-72.553,41.604,3429.173,20000709_063542,1.200000,359.1060,0.000000
7,KOKX20000709_104533,77.047,0.098,350.935,136.303,14.944,-72.559,41.602,7471.806,20000709_064533,1.200000,8022.5172,0.000000
1,KOKX20000709_090552,-22.637,0.077,375.416,291.368,8.589,-72.417,40.904,4294.468,20000709_050552,1.200000,3759.6221,0.078704
2,KOKX20000709_090552,-22.637,0.052,330.242,502.894,36.529,-72.688,39.952,18264.330,20000709_050552,1.200000,28762.6110,0.000000
3,KOKX20000709_094627,17.947,0.104,383.478,319.498,8.467,-72.370,40.777,4233.269,20000709_054627,1.200000,368.7999,0.000000
4,KOKX20000709_095618,27.797,0.113,233.716,350.973,8.308,-73.256,40.635,4153.904,20000709_055618,1.200000,3651.6460,0.023593
5,KOKX20000709_095618,27.797,0.054,70.857,203.978,33.421,-74.232,41.290,16710.445,20000709_055618,1.200000,1711.5567,0.000000
6,KOKX20000709_101600,47.497,0.314,125.043,521.172,28.697,-73.887,39.865,14348.463,20000709_061600,1.200000,83865.8444,0.004096
1,KOKX20000710_093926,10.234,0.399,296.344,349.938,12.768,-72.886,40.641,6384.163,20000710_053926,1.200000,785.3791,0.000000
1,KOKX20000710_094518,16.101,0.156,300.397,351.592,19.889,-72.862,40.633,9944.552,20000710_054518,1.200000,635.9324,0.000000
1,KOKX20000711_091421,-15.564,0.097,381.411,206.865,5.089,-72.379,41.284,2544.350,20000711_051421,1.200000,60.0982,0.000000
3,KOKX20000711_092011,-9.730,0.207,345.255,104.999,2.901,-72.592,41.743,1450.714,20000711_052011,1.200000,89.7189,0.000000
1,KOKX20000712_091055,-19.729,0.332,379.474,202.981,2.358,-72.390,41.301,1178.955,20000712_051055,1.200000,31.2999,0.000000
1,KOKX20000713_091356,-17.463,0.468,381.584,202.142,2.394,-72.377,41.305,1196.751,20000713_051356,1.200000,75.4602,0.000000
1,KOKX20000713_092347,-7.613,0.131,385.148,199.143,17.001,-72.356,41.319,8500.366,20000713_052347,1.200000,263.1511,0.000000
9,KOKX20000713_101302,41.637,0.054,215.507,408.651,18.096,-73.362,40.375,9047.829,20000713_061302,1.200000,427.7657,0.000000
10,KOKX20000713_103245,61.354,0.111,489.317,299.964,14.104,-71.742,40.860,7052.071,20000713_063245,1.200000,523.3147,0.000000
7,KOKX20000714_102429,52.321,0.591,27.021,457.822,25.714,-74.466,40.144,12857.098,20000714_062429,1.200000,5460.6035,0.000000
7,KOKX20000714_103419,62.154,0.777,27.122,456.416,32.868,-74.466,40.150,16433.795,20000714_063419,1.200000,5284.4618,0.000000
7,KOKX20000714_104410,72.004,0.542,31.695,455.241,33.655,-74.439,40.156,16827.675,20000714_064410,1.200000,4628.7681,0.000000
5,KOKX20000714_100446,32.604,0.485,170.109,342.116,18.445,-73.633,40.673,9222.261,20000714_060446,1.200000,72.6999,0.000000
5,KOKX20000714_101437,42.454,0.071,167.617,343.653,30.778,-73.647,40.666,15389.074,20000714_061437,1.200000,62.1156,0.000000
1,KOKX20000714_090541,-26.479,0.110,323.181,407.925,2.563,-72.728,40.380,1281.286,20000714_050541,1.200000,299.4595,0.000000
3,KOKX20000714_094504,12.904,0.630,375.678,213.072,3.586,-72.413,41.256,1792.778,20000714_054504,1.200000,686.1989,0.000000
10,KOKX20000714_104410,72.004,0.117,448.297,503.517,24.795,-71.997,39.946,12397.493,20000714_064410,1.200000,2079.0409,0.000000
1,KOKX20000715_094433,11.605,0.054,174.288,398.682,46.375,-73.605,40.419,23187.363,20000715_054433,1.200000,1619578.4325,0.269252
1,KOKX20000715_095024,17.455,-1.000,174.288,398.682,55.676,-73.605,40.419,27838.113,20000715_055024,1.200000,2069172.8625,0.287541
1,KOKX20000715_095614,23.289,0.057,183.147,382.192,44.337,-73.554,40.493,22168.306,20000715_055614,1.200000,1486845.3891,0.209145
1,KOKX20000717_090918,-25.255,0.051,275.538,398.076,6.098,-73.009,40.424,3048.906,20000717_050918,1.200000,5768.9562,0.028571
1,KOKX20000718_094816,12.886,0.173,394.621,191.999,17.190,-72.299,41.350,8594.856,20000718_054816,1.200000,144.5030,0.000000
1,KOKX20000718_095807,22.736,0.289,400.835,188.412,23.923,-72.262,41.366,11961.333,20000718_055807,1.200000,278.3941,0.000000
2,KOKX20000718_102740,52.286,0.064,395.549,518.365,5.282,-72.306,39.881,2641.051,20000718_062740,1.200000,83.4360,0.000000
1,KOKX20000720_092521,-11.723,0.088,382.308,212.100,7.047,-72.373,41.260,3523.430,20000720_052521,1.200000,81.4947,0.000000
1,KOKX20000720_093111,-5.890,0.781,380.391,213.619,12.431,-72.385,41.253,6215.739,20000720_053111,1.200000,515.4032,0.000000
1,KOKX20000720_093703,-0.023,0.482,378.109,212.652,21.636,-72.398,41.258,10818.074,20000720_053703,1.200000,1542.7128,0.000000
1,KOKX20000720_094254,5.827,0.669,374.465,213.875,27.789,-72.420,41.252,13894.492,20000720_054254,1.200000,3010.2879,0.000000
1,KOKX20000720_094845,11.677,0.890,367.998,215.823,32.433,-72.459,41.244,16216.425,20000720_054845,1.200000,4180.4115,0.000000
1,KOKX20000720_095436,17.527,0.666,363.601,216.228,34.169,-72.485,41.242,17084.290,20000720_055436,1.200000,4041.2697,0.000000
1,KOKX20000720_100028,23.394,0.172,362.359,222.058,42.180,-72.493,41.216,21090.012,20000720_060028,1.200000,3921.0898,0.000000
1,KOKX20000720_100618,29.227,0.074,352.245,219.899,41.804,-72.553,41.226,20901.882,20000720_060618,1.200000,3599.2150,0.000000
4,KOKX20000720_093703,-0.023,0.333,316.858,386.050,21.053,-72.765,40.478,10526.516,20000720_053703,1.200000,2691.3872,0.000000
7,KOKX20000720_094254,5.827,0.052,250.178,425.385,29.344,-73.157,40.301,14671.871,20000720_054254,1.200000,465787.1644,0.019671
8,KOKX20000720_094845,11.677,0.070,310.791,120.407,4.697,-72.800,41.674,2348.373,20000720_054845,1.200000,30.5465,0.000000
1,KOKX20000721_091650,-21.104,0.060,396.736,208.187,2.684,-72.287,41.277,1342.247,20000721_051650,1.200000,24.8715,0.000000
1,KOKX20000721_092642,-11.238,0.061,400.458,207.243,13.082,-72.265,41.282,6541.000,20000721_052642,1.200000,100.6087,0.000000
1,KOKX20000721_093633,-1.388,0.737,402.385,198.734,22.753,-72.253,41.320,11376.432,20000721_053633,1.200000,228.7656,0.000000
1,KOKX20000721_094624,8.462,0.655,403.144,197.476,27.711,-72.248,41.326,13855.384,20000721_054624,1.200000,465.0299,0.000000
1,KOKX20000721_095615,18.312,0.125,401.103,203.430,29.212,-72.261,41.299,14606.020,20000721_055615,1.200000,354.4091,0.000000
1,KOKX20000722_091409,-24.664,0.896,394.155,302.289,11.620,-72.306,40.854,5809.937,20000722_051409,1.200000,1105.1717,0.000000
1,KOKX20000722_091959,-18.830,0.270,394.549,300.914,19.781,-72.304,40.860,9890.282,20000722_051959,1.200000,687.7765,0.000000
1,KOKX20000722_092549,-12.997,0.103,400.034,301.405,24.873,-72.271,40.858,12436.709,20000722_052549,1.200000,416.1640,0.000000
6,KOKX20000722_103005,51.270,0.198,201.843,560.534,50.791,-73.437,39.691,25395.332,20000722_063005,1.200000,1953551.8444,0.152063
6,KOKX20000722_103555,57.103,0.243,203.200,559.786,57.446,-73.429,39.694,28723.060,20000722_063555,1.200000,2118230.4083,0.157634
3,KOKX20000722_091409,-24.664,0.078,484.907,245.966,21.262,-71.764,41.104,10631.039,20000722_051409,1.200000,931.6090,0.000000
4,KOKX20000722_101233,33.736,0.146,165.275,562.811,50.268,-73.650,39.679,25133.980,20000722_061233,1.200000,1576318.0851,0.111496
5,KOKX20000722_102415,45.436,0.091,431.576,440.184,31.439,-72.091,40.232,15719.648,20000722_062415,1.200000,5929.6343,0.000000
2,KOKX20000723_092324,-16.301,0.581,394.662,208.198,9.832,-72.300,41.277,4916.206,20000723_052324,1.200000,108.0464,0.000000
2,KOKX20000723_092914,-10.468,0.862,399.183,210.794,19.346,-72.273,41.266,9672.949,20000723_052914,1.200000,382.4776,0.000000
2,KOKX20000723_093506,-4.601,0.924,395.867,221.036,20.734,-72.293,41.220,10367.098,20000723_053506,1.200000,597.7967,0.000000
2,KOKX20000723_094058,1.266,0.936,396.609,223.943,24.223,-72.289,41.207,12111.328,20000723_054058,1.200000,736.8694,0.000000
2,KOKX20000723_094648,7.099,0.808,398.349,227.339,28.613,-72.278,41.191,14306.600,20000723_054648,1.200000,881.4327,0.000000
2,KOKX20000723_095239,12.949,0.108,399.984,226.845,32.903,-72.269,41.193,16451.601,20000723_055239,1.200000,723.6496,0.000000
1,KOKX20000723_091142,-28.001,0.051,165.795,362.244,3.267,-73.657,40.583,1633.440,20000723_051142,1.200000,366.2501,0.000000
6,KOKX20000723_094648,7.099,0.072,299.254,512.129,25.020,-72.869,39.910,12510.244,20000723_054648,1.200000,926.1447,0.000000
1,KOKX20000724_092630,-14.098,0.084,378.989,199.782,2.791,-72.393,41.316,1395.580,20000724_052630,1.200000,187.1884,0.000000
1,KOKX20000724_093220,-8.265,0.279,379.570,200.062,11.031,-72.389,41.315,5515.299,20000724_053220,1.200000,478.7202,0.000000
1,KOKX20000724_093812,-2.398,0.772,389.782,213.790,20.308,-72.329,41.252,10153.925,20000724_053812,1.200000,1193.9288,0.000000
1,KOKX20000724_094402,3.435,0.308,394.443,218.340,27.646,-72.301,41.232,13823.129,20000724_054402,1.200000,1861.1192,0.000000
1,KOKX20000724_094953,9.285,0.072,392.637,219.835,32.981,-72.312,41.225,16490.544,20000724_054953,1.200000,4768.0903,0.001485
3,KOKX20000724_093220,-8.265,0.199,88.454,441.366,27.919,-74.107,40.222,13959.256,20000724_053220,1.200000,402209.3039,0.416830
5,KOKX20000724_101404,33.468,0.322,436.795,421.325,17.173,-72.060,40.316,8586.447,20000724_061404,1.200000,11830.9313,0.000000
7,KOKX20000724_110048,80.202,0.165,394.524,506.242,47.796,-72.312,39.936,23897.978,20000724_070048,1.200000,1540.5429,0.000000
6,KOKX20000725_100431,23.011,0.071,243.697,318.178,28.573,-73.198,40.783,14286.320,20000725_060431,1.200000,6634.2624,0.001124
6,KOKX20000725_101021,28.844,0.092,245.610,316.680,36.031,-73.187,40.790,18015.332,20000725_061021,1.200000,8960.6639,0.002305
6,KOKX20000725_101612,34.694,0.220,259.764,307.856,28.642,-73.103,40.830,14320.908,20000725_061612,1.200000,7388.7632,0.004715
1,KOKX20000725_091157,-29.556,0.065,363.432,112.916,16.743,-72.483,41.707,8371.559,20000725_051157,1.200000,4795.7894,0.000000
2,KOKX20000725_094110,-0.339,0.064,197.745,40.698,6.067,-73.482,42.031,3033.306,20000725_054110,1.200000,3266.4003,0.000000
3,KOKX20000725_094700,5.494,0.473,365.945,189.085,12.855,-72.470,41.364,6427.616,20000725_054700,1.200000,1090.1103,0.000000
5,KOKX20000725_095250,11.328,0.063,231.456,539.812,27.933,-73.265,39.785,13966.320,20000725_055250,1.200000,350002.0495,0.002378
3,KOKX20000726_091937,-22.806,0.107,175.210,243.311,13.327,-73.607,41.118,6663.738,20000726_051937,1.200000,213289.5798,0.051665
3,KOKX20000726_092527,-16.972,0.063,174.644,241.354,22.691,-73.611,41.127,11345.744,20000726_052527,1.200000,435602.4070,0.152711
5,KOKX20000726_100619,23.894,0.240,372.930,108.485,27.271,-72.426,41.727,13635.487,20000726_060619,1.200000,57846.1569,0.000000
5,KOKX20000726_101209,29.728,0.333,376.385,107.470,32.432,-72.405,41.731,16216.092,20000726_061209,1.200000,96613.8029,0.000000
5,KOKX20000726_101759,35.561,0.118,392.275,101.815,28.441,-72.310,41.756,14220.268,20000726_061759,1.200000,105504.1187,0.000000
1,KOKX20000726_091346,-28.656,0.507,246.566,385.851,12.970,-73.180,40.479,6484.806,20000726_051346,1.200000,56262.1381,0.051878
4,KOKX20000726_093707,-5.306,0.121,217.814,350.498,14.149,-73.350,40.637,7074.316,20000726_053707,1.200000,76357.0124,0.017279
6,KOKX20000726_100619,23.894,0.068,343.492,172.605,31.030,-72.604,41.439,15515.007,20000726_060619,1.200000,522652.0278,0.000000
6,KOKX20000726_101209,29.728,0.086,354.542,173.409,25.846,-72.538,41.435,12923.042,20000726_061209,1.200000,364086.9228,0.009489
9,KOKX20000726_104121,58.928,0.103,169.567,245.751,17.242,-73.641,41.107,8620.825,20000726_064121,1.200000,180642.6638,0.000000
10,KOKX20000726_105852,76.444,0.069,464.156,318.518,25.168,-71.892,40.778,12583.874,20000726_065852,1.200000,256353.0800,0.000777
1,KOKX20000803_095919,9.306,0.108,11.214,249.276,14.871,-74.583,41.081,7435.380,20000803_055919,1.200000,12900.5298,0.000000
1,KOKX20000803_100511,15.172,-1.000,11.214,249.276,24.199,-74.583,41.081,12099.380,20000803_060511,1.200000,20304.4863,0.000000
1,KOKX20000803_101101,21.006,0.136,22.409,241.778,26.998,-74.517,41.116,13498.781,20000803_061101,1.200000,23094.8951,0.000000
2,KOKX20000803_100511,15.172,0.055,253.527,283.785,11.413,-73.140,40.938,5706.572,20000803_060511,1.200000,56980.3444,0.274149
1,KOKX20000804_094444,-6.249,0.081,318.640,281.994,3.409,-72.754,40.947,1704.651,20000804_054444,1.200000,572.2751,0.000000
2,KOKX20000804_094444,-6.249,0.054,364.011,272.788,2.372,-72.484,40.987,1185.974,20000804_054444,1.200000,23.1848,0.000000
1,KOKX20000805_093808,-13.824,0.919,379.342,211.707,14.016,-72.391,41.262,7008.198,20000805_053808,1.200000,3540.7951,0.000000
1,KOKX20000805_094358,-7.991,0.747,377.592,214.398,21.303,-72.402,41.250,10651.498,20000805_054358,1.200000,9112.1091,0.000000
1,KOKX20000805_094949,-2.141,0.071,375.440,229.394,22.882,-72.415,41.183,11441.149,20000805_054949,1.200000,14177.4676,0.000000
1,KOKX20000805_095541,3.726,0.888,377.891,218.110,21.282,-72.400,41.233,10641.133,20000805_055541,1.200000,13751.7685,0.000000
1,KOKX20000805_100133,9.592,0.920,376.534,221.062,24.625,-72.408,41.220,12312.260,20000805_060133,1.200000,14486.0006,0.000000
1,KOKX20000805_100724,15.442,0.646,374.186,223.301,26.298,-72.422,41.210,13148.866,20000805_060724,1.200000,14558.8310,0.000000
1,KOKX20000805_101315,21.292,0.487,376.624,224.310,28.047,-72.408,41.205,14023.622,20000805_061315,1.200000,12908.5226,0.000000
5,KOKX20000805_100133,9.592,0.874,358.256,76.797,25.837,-72.514,41.870,12918.568,20000805_060133,1.200000,1007.0790,0.000000
5,KOKX20000805_100724,15.442,0.408,357.629,77.054,33.339,-72.517,41.869,16669.727,20000805_060724,1.200000,1094.1233,0.000000
5,KOKX20000805_101315,21.292,0.474,355.171,79.569,33.236,-72.532,41.857,16617.850,20000805_061315,1.200000,810.9104,0.000000
5,KOKX20000805_101906,27.142,0.061,351.131,87.269,35.824,-72.557,41.823,17912.207,20000805_061906,1.200000,1031.1463,0.000000
3,KOKX20000805_094949,-2.141,0.094,364.643,283.771,14.088,-72.481,40.938,7043.797,20000805_054949,1.200000,1194.0701,0.000000
3,KOKX20000805_095541,3.726,0.638,364.977,284.476,20.180,-72.479,40.935,10089.886,20000805_055541,1.200000,4130.5962,0.000000
1,KOKX20000816_094718,-15.503,0.635,393.657,197.446,10.972,-72.305,41.326,5485.905,20000816_054718,1.200000,443.8247,0.000000
1,KOKX20000816_095310,-9.636,0.967,398.031,195.525,15.347,-72.279,41.334,7673.688,20000816_055310,1.200000,2530.4977,0.000000
1,KOKX20000816_095901,-3.786,0.974,402.778,191.461,21.477,-72.250,41.353,10738.360,20000816_055901,1.200000,3556.2550,0.000000
1,KOKX20000816_100451,2.047,0.973,408.203,188.909,29.988,-72.218,41.364,14994.175,20000816_060451,1.200000,3715.6434,0.000000
1,KOKX20000816_101042,7.897,0.915,411.632,184.112,38.412,-72.197,41.385,19206.210,20000816_061042,1.200000,2753.8623,0.000000
1,KOKX20000816_101739,14.847,0.075,413.999,180.266,44.457,-72.183,41.403,22228.267,20000816_061739,1.200000,2122.8232,0.000000
4,KOKX20000816_100451,2.047,0.191,219.345,343.331,7.597,-73.341,40.669,3798.450,20000816_060451,1.200000,235.8850,0.000000
4,KOKX20000816_101042,7.897,0.087,221.440,343.096,14.308,-73.329,40.671,7154.195,20000816_061042,1.200000,308.1581,0.000000
5,KOKX20000816_100451,2.047,0.111,404.452,234.574,6.805,-72.242,41.158,3402.485,20000816_060451,1.200000,165.1928,0.000000
5,KOKX20000816_101042,7.897,0.359,405.243,233.961,14.093,-72.237,41.161,7046.399,20000816_061042,1.200000,317.3754,0.000000
3,KOKX20000816_094718,-15.503,0.093,97.669,349.777,22.021,-74.060,40.635,11010.306,20000816_054718,1.200000,80736.2913,0.000000
1,KOKX20000823_095204,-17.669,0.763,391.722,201.758,8.041,-72.317,41.307,4020.557,20000823_055204,1.200000,509.5823,0.000000
1,KOKX20000823_095755,-11.819,0.944,396.384,201.387,14.873,-72.289,41.308,7436.413,20000823_055755,1.200000,2688.2579,0.000000
1,KOKX20000823_100346,-5.969,0.980,401.970,198.627,20.218,-72.255,41.320,10109.218,20000823_060346,1.200000,5013.4411,0.000000
1,KOKX20000823_100936,-0.136,0.980,402.255,195.156,27.965,-72.254,41.336,13982.742,20000823_060936,1.200000,6580.5746,0.000000
1,KOKX20000823_101528,5.731,0.966,404.786,192.418,33.266,-72.238,41.348,16633.248,20000823_061528,1.200000,5589.3719,0.000000
1,KOKX20000823_102120,11.597,0.961,404.519,188.929,36.377,-72.240,41.364,18188.711,20000823_062120,1.200000,5650.8649,0.000000
1,KOKX20000823_102711,17.447,0.978,404.300,185.173,43.109,-72.241,41.381,21554.589,20000823_062711,1.200000,5457.5781,0.000000
1,KOKX20000823_103303,23.314,0.955,403.937,181.101,49.557,-72.243,41.399,24778.743,20000823_063303,1.200000,4136.8049,0.000000
1,KOKX20000823_103855,29.181,0.893,403.133,184.314,51.056,-72.248,41.385,25528.230,20000823_063855,1.200000,3379.2830,0.000000
1,KOKX20000823_104446,35.031,0.438,408.656,183.823,55.230,-72.215,41.387,27614.993,20000823_064446,1.200000,2754.0103,0.000000
11,KOKX20000823_101528,5.731,0.692,216.210,349.166,9.187,-73.360,40.643,4593.317,20000823_061528,1.200000,663.6757,0.000000
11,KOKX20000823_102120,11.597,0.841,215.176,347.867,15.056,-73.366,40.649,7528.194,20000823_062120,1.200000,1057.1507,0.000000
11,KOKX20000823_102711,17.447,0.579,215.329,347.336,16.522,-73.365,40.651,8261.082,20000823_062711,1.200000,1035.5982,0.000000
11,KOKX20000823_103303,23.314,0.051,215.243,348.505,16.289,-73.365,40.646,8144.370,20000823_063303,1.200000,859.7332,0.000000
3,KOKX20000823_095755,-11.819,0.194,438.659,246.218,6.825,-72.039,41.105,3412.327,20000823_055755,1.200000,229.8814,0.000000
3,KOKX20000823_100346,-5.969,0.537,440.060,245.980,12.766,-72.031,41.106,6382.752,20000823_060346,1.200000,1861.3445,0.000000
3,KOKX20000823_100936,-0.136,0.795,442.870,246.999,10.587,-72.014,41.101,5293.617,20000823_060936,1.200000,667.5723,0.000000
3,KOKX20000823_101528,5.731,0.153,443.571,247.204,18.131,-72.010,41.100,9065.743,20000823_061528,1.200000,641.1531,0.000000
5,KOKX20000823_100346,-5.969,0.303,407.692,237.393,7.468,-72.223,41.146,3734.013,20000823_060346,1.200000,85.4882,0.000000
5,KOKX20000823_100936,-0.136,0.165,407.790,237.134,14.485,-72.222,41.147,7242.329,20000823_060936,1.200000,368.3906,0.000000
12,KOKX20000823_101528,5.731,0.588,388.233,32.848,16.565,-72.331,42.067,8282.574,20000823_061528,1.200000,753.3058,0.000000
12,KOKX20000823_102120,11.597,0.388,388.345,33.811,24.446,-72.331,42.063,12223.037,20000823_062120,1.200000,501.3946,0.000000
4,KOKX20000823_100346,-5.969,0.731,318.398,279.782,6.239,-72.755,40.957,3119.545,20000823_060346,1.200000,1381.1487,0.016667
6,KOKX20000823_100346,-5.969,0.085,375.870,515.685,19.525,-72.421,39.894,9762.701,20000823_060346,1.200000,3552.7195,0.000000
8,KOKX20000823_100346,-5.969,0.052,258.875,216.695,8.242,-73.110,41.240,4121.153,20000823_060346,1.200000,43.7074,0.000000
13,KOKX20000823_101528,5.731,0.056,520.721,178.610,20.156,-71.545,41.405,10078.194,20000823_061528,1.200000,1561.0471,0.000000
15,KOKX20000823_103855,29.181,0.053,393.405,290.753,8.387,-72.310,40.906,4193.558,20000823_063855,1.200000,171.1068,0.000000
16,KOKX20000823_111401,64.281,0.085,397.390,288.789,11.186,-72.286,40.915,5593.197,20000823_071401,1.200000,486.3900,0.000000
1,KOKX20000824_094840,-22.059,0.303,390.965,209.779,2.609,-72.322,41.270,1304.432,20000824_054840,1.200000,66.3889,0.000000
1,KOKX20000824_095432,-16.193,0.965,393.362,209.074,11.293,-72.307,41.274,5646.686,20000824_055432,1.200000,2476.9084,0.000000
1,KOKX20000824_100022,-10.359,0.983,395.497,210.091,16.944,-72.295,41.269,8471.783,20000824_060022,1.200000,4415.3022,0.000000
1,KOKX20000824_100612,-4.526,0.987,400.835,209.964,23.914,-72.263,41.269,11957.158,20000824_060612,1.200000,4896.5153,0.000000
1,KOKX20000824_101204,1.341,0.964,403.198,212.280,32.445,-72.249,41.259,16222.514,20000824_061204,1.200000,5045.1253,0.000000
1,KOKX20000824_101754,7.174,0.784,408.698,213.290,37.339,-72.216,41.254,18669.378,20000824_061754,1.200000,3698.3275,0.000000
1,KOKX20000824_102346,13.041,0.055,412.057,212.652,43.720,-72.196,41.257,21860.082,20000824_062346,1.200000,2602.0855,0.000000
5,KOKX20000824_100022,-10.359,0.156,401.291,237.898,5.678,-72.261,41.144,2839.191,20000824_060022,1.200000,350.5888,0.000000
5,KOKX20000824_100612,-4.526,0.835,402.251,239.619,11.379,-72.256,41.136,5689.523,20000824_060612,1.200000,1943.6249,0.000000
9,KOKX20000824_100612,-4.526,0.650,316.431,281.950,5.966,-72.767,40.947,2983.025,20000824_060612,1.200000,1400.2813,0.006054
9,KOKX20000824_101204,1.341,0.190,315.817,281.520,12.793,-72.771,40.949,6396.568,20000824_061204,1.200000,2032.2176,0.008881
11,KOKX20000824_101204,1.341,0.292,432.422,244.810,7.987,-72.076,41.111,3993.713,20000824_061204,1.200000,681.5924,0.000000
11,KOKX20000824_101754,7.174,0.092,432.693,245.345,15.699,-72.075,41.109,7849.643,20000824_061754,1.200000,678.1814,0.000000
1,KOKX20000825_095350,-17.882,0.945,382.134,210.228,9.862,-72.374,41.269,4931.198,20000825_055350,1.200000,3613.0963,0.000000
1,KOKX20000825_095941,-12.032,0.962,380.164,211.762,15.829,-72.386,41.262,7914.656,20000825_055941,1.200000,10983.2605,0.000000
1,KOKX20000825_100533,-6.165,0.939,378.207,214.694,20.696,-72.398,41.249,10348.143,20000825_060533,1.200000,15654.7041,0.000000
1,KOKX20000825_101123,-0.332,0.970,377.516,218.312,26.533,-72.402,41.232,13266.431,20000825_061123,1.200000,20519.4464,0.000000
1,KOKX20000825_101714,5.518,0.981,376.476,219.888,27.714,-72.408,41.225,13856.782,20000825_061714,1.200000,21278.2734,0.000000
1,KOKX20000825_102306,11.385,0.978,375.301,222.181,30.021,-72.415,41.215,15010.703,20000825_062306,1.200000,22801.8066,0.000000
1,KOKX20000825_102856,17.218,0.859,374.375,221.018,31.431,-72.421,41.220,15715.705,20000825_062856,1.200000,25977.0512,0.000000
1,KOKX20000825_103446,23.051,0.087,373.981,221.050,33.040,-72.423,41.220,16520.070,20000825_063446,1.200000,26342.4824,0.000000
7,KOKX20000825_101123,-0.332,0.480,333.261,95.240,16.244,-72.664,41.787,8122.219,20000825_061123,1.200000,3378.1079,0.000000
7,KOKX20000825_101714,5.518,0.791,333.168,96.079,22.590,-72.665,41.783,11295.110,20000825_061714,1.200000,7222.2272,0.000000
7,KOKX20000825_102306,11.385,0.914,331.982,100.332,26.123,-72.672,41.764,13061.299,20000825_062306,1.200000,9379.0548,0.000000
7,KOKX20000825_102856,17.218,0.777,334.286,100.591,27.520,-72.658,41.763,13759.877,20000825_062856,1.200000,8232.3855,0.000000
7,KOKX20000825_103446,23.051,0.657,331.937,103.126,35.222,-72.672,41.752,17611.118,20000825_063446,1.200000,8596.2687,0.000000
7,KOKX20000825_104037,28.901,0.163,326.002,107.342,45.142,-72.708,41.733,22570.764,20000825_064037,1.200000,11690.6874,0.000000
8,KOKX20000825_101123,-0.332,0.218,353.472,64.534,23.409,-72.542,41.925,11704.636,20000825_061123,1.200000,4233.2682,0.000000
8,KOKX20000825_101714,5.518,0.908,359.215,63.958,25.807,-72.508,41.928,12903.619,20000825_061714,1.200000,7566.1407,0.000000
8,KOKX20000825_102306,11.385,0.780,365.576,66.030,24.679,-72.469,41.918,12339.588,20000825_062306,1.200000,7678.3704,0.000000
8,KOKX20000825_102856,17.218,0.233,368.784,71.068,26.294,-72.450,41.895,13147.191,20000825_062856,1.200000,8218.4896,0.000000
8,KOKX20000825_103446,23.051,0.145,368.725,72.365,30.398,-72.450,41.890,15199.183,20000825_063446,1.200000,7598.5583,0.000000
8,KOKX20000825_104037,28.901,0.136,367.540,74.647,35.883,-72.458,41.879,17941.462,20000825_064037,1.200000,7569.3381,0.000000
5,KOKX20000825_095941,-12.032,0.061,253.825,229.519,5.393,-73.140,41.183,2696.621,20000825_055941,1.200000,1455.8557,0.000000
5,KOKX20000825_100533,-6.165,0.332,253.257,230.027,12.621,-73.143,41.180,6310.473,20000825_060533,1.200000,4662.8465,0.000000
6,KOKX20000825_100533,-6.165,0.163,423.557,254.042,8.912,-72.129,41.070,4456.089,20000825_060533,1.200000,517.2603,0.000000
6,KOKX20000825_101123,-0.332,0.338,423.380,254.508,15.071,-72.130,41.068,7535.624,20000825_061123,1.200000,814.6738,0.000000
6,KOKX20000825_101714,5.518,0.055,421.030,256.911,13.523,-72.145,41.057,6761.692,20000825_061714,1.200000,935.9881,0.000000
3,KOKX20000825_095941,-12.032,0.565,394.111,243.108,5.942,-72.304,41.120,2971.245,20000825_055941,1.200000,1294.4155,0.000000
4,KOKX20000825_095941,-12.032,0.070,372.423,243.904,9.763,-72.433,41.117,4881.550,20000825_055941,1.200000,2115.2206,0.000000
9,KOKX20000825_101123,-0.332,0.053,357.815,277.461,12.946,-72.521,40.967,6472.916,20000825_061123,1.200000,7255.1747,0.000000
10,KOKX20000825_101714,5.518,0.067,15.793,294.833,16.915,-74.550,40.877,8457.532,20000825_061714,1.200000,1664.3168,0.000000
12,KOKX20000825_102856,17.218,0.065,184.355,41.309,25.152,-73.563,42.028,12576.031,20000825_062856,1.200000,5985.5134,0.000000
13,KOKX20000825_112133,69.835,0.068,26.466,279.112,29.089,-74.489,40.948,14544.521,20000825_072133,1.200000,3195.7500,0.000000
14,KOKX20000825_113420,82.618,0.130,308.190,518.524,21.449,-72.817,39.882,10724.647,20000825_073420,1.200000,1090.0160,0.000000
1,KOKX20000826_094957,-22.755,0.291,385.883,211.059,3.037,-72.352,41.265,1518.570,20000826_054957,1.200000,486.8905,0.000000
1,KOKX20000826_095547,-16.921,0.160,385.767,211.599,12.243,-72.353,41.262,6121.622,20000826_055547,1.200000,3460.7174,0.000000
1,KOKX20000826_100139,-11.055,0.962,387.750,211.979,17.470,-72.341,41.261,8735.105,20000826_060139,1.200000,10871.6218,0.000000
1,KOKX20000826_100730,-5.205,0.968,389.944,207.672,17.454,-72.328,41.280,8727.091,20000826_060730,1.200000,24064.5893,0.000000
1,KOKX20000826_101322,0.662,0.977,390.921,210.492,20.801,-72.322,41.267,10400.594,20000826_061322,1.200000,27953.6563,0.000000
1,KOKX20000826_101913,6.512,0.986,395.703,215.192,23.388,-72.294,41.246,11693.873,20000826_061913,1.200000,22075.7481,0.000000
1,KOKX20000826_102505,12.379,0.979,396.608,214.516,27.650,-72.288,41.249,13825.174,20000826_062505,1.200000,22034.2476,0.000000
1,KOKX20000826_103057,18.245,0.721,399.759,214.623,28.711,-72.269,41.248,14355.611,20000826_063057,1.200000,20883.0673,0.000000
6,KOKX20000826_100730,-5.205,0.072,386.246,233.050,5.509,-72.351,41.166,2754.559,20000826_060730,1.200000,1322.3580,0.000000
6,KOKX20000826_101322,0.662,0.229,385.852,234.895,13.141,-72.353,41.158,6570.705,20000826_061322,1.200000,3273.5338,0.000000
6,KOKX20000826_101913,6.512,0.113,385.123,244.241,14.781,-72.358,41.115,7390.334,20000826_061913,1.200000,2303.8817,0.000000
6,KOKX20000826_102505,12.379,0.245,387.918,253.079,14.965,-72.341,41.076,7482.702,20000826_062505,1.200000,1659.0363,0.000000
11,KOKX20000826_102505,12.379,0.072,33.070,415.297,11.536,-74.435,40.336,5767.954,20000826_062505,1.200000,8250.0868,0.000000
11,KOKX20000826_103057,18.245,0.274,34.093,415.807,18.966,-74.429,40.333,9482.887,20000826_063057,1.200000,25747.9788,0.000000
11,KOKX20000826_103648,24.095,0.579,37.340,416.289,21.221,-74.410,40.332,10610.324,20000826_063648,1.200000,51258.5871,0.000000
11,KOKX20000826_104239,29.945,0.094,35.827,417.616,29.740,-74.419,40.325,14870.128,20000826_064239,1.200000,179146.4621,0.007786
8,KOKX20000826_101913,6.512,0.460,347.896,96.249,21.199,-72.576,41.783,10599.403,20000826_061913,1.200000,2293.1071,0.000000
8,KOKX20000826_102505,12.379,0.883,347.814,96.350,27.513,-72.577,41.782,13756.588,20000826_062505,1.200000,2986.8004,0.000000
8,KOKX20000826_103057,18.245,0.496,348.750,96.668,29.894,-72.571,41.781,14946.829,20000826_063057,1.200000,2269.6288,0.000000
8,KOKX20000826_103648,24.095,0.178,360.347,80.802,51.245,-72.501,41.852,25622.303,20000826_063648,1.200000,5552.3149,0.000000
8,KOKX20000826_104239,29.945,0.053,359.593,82.626,59.500,-72.506,41.844,29749.860,20000826_064239,1.200000,5969.7478,0.000000
17,KOKX20000826_104939,36.945,0.180,415.614,341.964,10.296,-72.181,40.675,5148.073,20000826_064939,1.200000,2858.9529,0.000000
17,KOKX20000826_105530,42.795,0.077,417.168,348.423,19.071,-72.172,40.645,9535.458,20000826_065530,1.200000,3941.7247,0.000000
18,KOKX20000826_105530,42.795,0.463,301.199,481.340,14.998,-72.857,40.049,7498.796,20000826_065530,1.200000,21311.2593,0.000000
18,KOKX20000826_110120,48.629,0.126,301.812,482.302,21.132,-72.854,40.045,10566.072,20000826_070120,1.200000,11300.2368,0.000000
19,KOKX20000826_105530,42.795,0.069,41.938,322.691,45.386,-74.392,40.753,22693.100,20000826_065530,1.200000,4909.5531,0.000000
19,KOKX20000826_110120,48.629,0.166,41.160,324.506,52.451,-74.397,40.745,26225.652,20000826_070120,1.200000,9531.1973,0.000000
3,KOKX20000826_100139,-11.055,0.378,316.692,280.568,6.148,-72.765,40.953,3073.875,20000826_060139,1.200000,2326.7615,0.004822
7,KOKX20000826_100730,-5.205,0.060,384.715,429.349,6.523,-72.366,40.282,3261.402,20000826_060730,1.200000,757.6477,0.000000
9,KOKX20000826_101913,6.512,0.178,345.565,274.600,12.012,-72.594,40.980,6006.084,20000826_061913,1.200000,3633.2938,0.000000
12,KOKX20000826_102505,12.379,0.065,462.966,116.468,10.747,-71.886,41.688,5373.726,20000826_062505,1.200000,726.0711,0.000000
13,KOKX20000826_103057,18.245,0.408,384.337,70.465,25.074,-72.356,41.898,12537.197,20000826_063057,1.200000,1248.0280,0.000000
16,KOKX20000826_103648,24.095,0.088,47.603,300.518,39.779,-74.361,40.854,19889.626,20000826_063648,1.200000,21286.3033,0.002369
20,KOKX20000826_113624,83.695,0.324,379.083,430.987,15.097,-72.400,40.275,7548.464,20000826_073624,1.200000,25456.4851,0.005982
2,KOKX20000827_095358,-19.727,0.878,389.494,204.699,11.643,-72.330,41.293,5821.255,20000827_055358,1.200000,10204.9060,0.000000
2,KOKX20000827_100454,-8.793,0.978,393.749,201.170,20.544,-72.305,41.309,10271.864,20000827_060454,1.200000,13471.4897,0.000000
2,KOKX20000827_101445,1.057,0.978,400.541,199.845,28.851,-72.264,41.315,14425.641,20000827_061445,1.200000,29301.3923,0.005807
2,KOKX20000827_102437,10.923,0.941,404.474,197.143,35.547,-72.240,41.327,17773.675,20000827_062437,1.200000,42452.8726,0.007352
2,KOKX20000827_103428,20.773,0.079,402.539,199.318,38.920,-72.252,41.317,19460.132,20000827_063428,1.200000,28549.5698,0.005845
1,KOKX20000827_094406,-29.593,0.051,166.513,362.065,2.900,-73.653,40.583,1449.972,20000827_054406,1.200000,3474.3849,0.111111
4,KOKX20000827_095358,-19.727,0.153,75.123,404.537,5.943,-74.189,40.387,2971.474,20000827_055358,1.200000,4939.6368,0.000000
5,KOKX20000827_100454,-8.793,0.172,475.882,173.063,16.595,-71.812,41.432,8297.390,20000827_060454,1.200000,10981.9731,0.000000
6,KOKX20000827_101445,1.057,0.061,340.475,295.948,29.685,-72.624,40.884,14842.392,20000827_061445,1.200000,9425.7966,0.005005
7,KOKX20000827_102437,10.923,0.104,179.377,314.726,19.883,-73.579,40.797,9941.481,20000827_062437,1.200000,4746.4682,0.000000
8,KOKX20000827_104420,30.640,0.147,364.117,316.893,32.277,-72.485,40.789,16138.475,20000827_064420,1.200000,10812.8373,0.000000
9,KOKX20000827_110522,51.673,0.064,238.140,331.093,41.787,-73.231,40.725,20893.387,20000827_070522,1.200000,13526.4148,0.001071
10,KOKX20000827_111514,61.540,0.086,391.090,348.778,22.108,-72.326,40.645,11054.005,20000827_071514,1.200000,7782.3385,0.000000
5,KOKX20000828_104030,25.819,0.074,323.775,154.266,37.775,-72.722,41.522,18887.577,20000828_064030,1.200000,8492.5113,0.000000
5,KOKX20000828_104621,31.669,0.089,323.901,155.269,45.273,-72.721,41.517,22636.347,20000828_064621,1.200000,12233.9134,0.000000
5,KOKX20000828_105212,37.519,0.059,322.782,157.857,44.123,-72.728,41.505,22061.531,20000828_065212,1.200000,10431.3252,0.000000
4,KOKX20000828_102847,14.102,0.597,375.804,63.989,18.297,-72.408,41.927,9148.266,20000828_062847,1.200000,2167.4813,0.000000
4,KOKX20000828_103439,19.969,0.545,375.032,65.038,27.316,-72.412,41.922,13657.804,20000828_063439,1.200000,1905.9890,0.000000
7,KOKX20000828_111536,60.919,0.639,391.873,283.736,12.368,-72.319,40.937,6184.177,20000828_071536,1.200000,461.0265,0.000000
7,KOKX20000828_112128,66.785,0.894,393.632,284.332,14.871,-72.309,40.935,7435.645,20000828_072128,1.200000,578.5268,0.000000
1,KOKX20000828_095341,-20.998,0.075,134.605,339.812,7.693,-73.843,40.682,3846.310,20000828_055341,1.200000,20079.5719,0.192982
2,KOKX20000828_095932,-15.148,0.055,249.517,350.534,2.166,-73.163,40.638,1082.994,20000828_055932,1.200000,450.8929,0.000000
3,KOKX20000828_101114,-3.448,0.198,313.990,282.568,8.098,-72.781,40.944,4048.786,20000828_061114,1.200000,2323.7947,0.013725
6,KOKX20000828_105212,37.519,0.255,206.479,176.664,15.085,-73.424,41.419,7542.585,20000828_065212,1.200000,5922.5554,0.000000
2,KOKX20000829_095932,-16.135,0.911,380.183,206.883,10.793,-72.386,41.284,5396.641,20000829_055932,1.200000,11200.4785,0.000000
2,KOKX20000829_100524,-10.269,0.983,379.211,204.232,15.009,-72.392,41.296,7504.559,20000829_060524,1.200000,48686.7489,0.000000
2,KOKX20000829_101114,-4.435,0.969,376.334,201.119,19.459,-72.409,41.310,9729.596,20000829_061114,1.200000,54556.8856,0.000000
2,KOKX20000829_101705,1.415,0.970,376.266,198.538,24.012,-72.409,41.321,12005.763,20000829_061705,1.200000,75257.0107,0.000000
2,KOKX20000829_102257,7.281,0.979,373.634,195.803,25.505,-72.425,41.334,12752.607,20000829_062257,1.200000,72192.0737,0.000000
2,KOKX20000829_102848,13.131,0.979,372.147,194.247,28.886,-72.433,41.341,14442.819,20000829_062848,1.200000,94077.8072,0.000000
2,KOKX20000829_103439,18.981,0.967,372.083,193.873,29.896,-72.434,41.343,14947.924,20000829_063439,1.200000,77891.2768,0.000000
2,KOKX20000829_104031,24.848,0.939,372.944,194.804,30.199,-72.429,41.338,15099.650,20000829_064031,1.200000,83158.9901,0.000000
2,KOKX20000829_104622,30.698,0.906,372.469,193.621,32.841,-72.432,41.344,16420.715,20000829_064622,1.200000,54956.8362,0.000000
2,KOKX20000829_105213,36.548,0.776,376.891,196.533,34.628,-72.405,41.330,17313.845,20000829_065213,1.200000,52642.9494,0.000000
2,KOKX20000829_105804,42.398,0.190,381.265,194.392,42.016,-72.379,41.340,21007.909,20000829_065804,1.200000,80012.8874,0.000000
2,KOKX20000829_110354,48.231,0.072,384.098,193.661,48.061,-72.362,41.343,24030.475,20000829_070354,1.200000,106816.5626,0.000000
19,KOKX20000829_103439,18.981,0.334,381.250,284.255,14.078,-72.382,40.935,7039.242,20000829_063439,1.200000,3169.1098,0.000000
19,KOKX20000829_104031,24.848,0.921,382.357,283.666,16.809,-72.375,40.938,8404.325,20000829_064031,1.200000,3503.0112,0.000000
19,KOKX20000829_104622,30.698,0.667,382.888,282.679,15.916,-72.372,40.942,7958.009,20000829_064622,1.200000,3607.6274,0.000000
19,KOKX20000829_105213,36.548,0.788,380.371,281.504,17.226,-72.387,40.948,8612.925,20000829_065213,1.200000,3774.9090,0.000000
19,KOKX20000829_105804,42.398,0.926,379.577,281.853,17.825,-72.392,40.946,8912.435,20000829_065804,1.200000,4410.8654,0.000000
19,KOKX20000829_110354,48.231,0.752,379.505,281.370,18.598,-72.392,40.948,9299.048,20000829_070354,1.200000,4233.3492,0.000000
19,KOKX20000829_110945,54.081,0.124,380.831,283.765,17.859,-72.385,40.938,8929.257,20000829_070945,1.200000,3206.7371,0.000000
19,KOKX20000829_111536,59.931,0.066,376.814,279.913,22.676,-72.408,40.955,11337.780,20000829_071536,1.200000,3557.1499,0.000000
18,KOKX20000829_102848,13.131,0.626,373.385,57.049,16.810,-72.422,41.958,8404.770,20000829_062848,1.200000,25021.4658,0.032432
18,KOKX20000829_103439,18.981,0.389,375.413,56.315,22.832,-72.410,41.962,11416.025,20000829_063439,1.200000,10947.9166,0.005136
18,KOKX20000829_104031,24.848,0.602,381.183,56.305,22.781,-72.375,41.962,11390.389,20000829_064031,1.200000,11619.3322,0.005939
18,KOKX20000829_104622,30.698,0.679,385.776,55.974,24.463,-72.347,41.963,12231.457,20000829_064622,1.200000,7753.9141,0.000000
18,KOKX20000829_105213,36.548,0.492,387.566,55.966,28.742,-72.336,41.963,14370.942,20000829_065213,1.200000,12687.3927,0.002818
20,KOKX20000829_112718,71.631,0.275,432.770,577.611,15.124,-72.091,39.613,7562.170,20000829_072718,1.200000,90844.2751,0.060241
20,KOKX20000829_113309,77.481,0.286,431.672,576.537,21.962,-72.098,39.618,10980.773,20000829_073309,1.200000,60445.9308,0.026692
20,KOKX20000829_113859,83.315,0.362,429.885,575.388,23.278,-72.108,39.623,11638.978,20000829_073859,1.200000,43286.0547,0.017632
12,KOKX20000829_101705,1.415,0.557,332.813,82.216,13.593,-72.667,41.846,6796.516,20000829_061705,1.200000,4595.3050,0.000000
12,KOKX20000829_102257,7.281,0.299,333.203,82.352,20.879,-72.665,41.845,10439.266,20000829_062257,1.200000,7138.9900,0.000000
1,KOKX20000829_095341,-21.985,0.188,373.939,76.331,6.040,-72.419,41.872,3020.126,20000829_055341,1.200000,3271.9130,0.107843
5,KOKX20000829_100524,-10.269,0.168,394.574,240.777,2.104,-72.301,41.131,1051.865,20000829_060524,1.200000,148.5445,0.000000
6,KOKX20000829_100524,-10.269,0.127,421.859,249.406,3.641,-72.139,41.091,1820.583,20000829_060524,1.200000,457.2174,0.000000
10,KOKX20000829_101114,-4.435,0.102,331.130,306.177,16.394,-72.680,40.838,8197.037,20000829_061114,1.200000,2600.7167,0.014312
21,KOKX20000829_113309,77.481,0.073,409.830,209.898,29.745,-72.209,41.269,14872.284,20000829_073309,1.200000,41268.2841,0.000000
22,KOKX20000829_113309,77.481,0.056,379.582,282.861,19.267,-72.392,40.942,9633.438,20000829_073309,1.200000,1774.4353,0.000000
22,KOKX20000829_113859,83.315,0.061,384.197,286.766,13.862,-72.365,40.924,6930.813,20000829_073859,1.200000,1361.0856,0.000000
5,KOKX20000830_101406,-2.555,0.857,380.742,207.913,14.471,-72.383,41.279,7235.329,20000830_061406,1.200000,2975.7951,0.000000
5,KOKX20000830_101958,3.312,0.951,383.789,206.137,19.576,-72.364,41.287,9788.059,20000830_061958,1.200000,5801.0446,0.000000
5,KOKX20000830_102549,9.162,0.953,383.448,204.873,22.021,-72.366,41.293,11010.486,20000830_062549,1.200000,8117.8538,0.000000
5,KOKX20000830_103141,15.028,0.945,381.346,197.397,30.139,-72.379,41.326,15069.258,20000830_063141,1.200000,8655.7027,0.000000
5,KOKX20000830_103731,20.862,0.938,379.446,195.903,34.152,-72.390,41.333,17076.194,20000830_063731,1.200000,8693.1685,0.000000
5,KOKX20000830_104322,26.712,0.902,378.091,195.364,37.516,-72.398,41.336,18758.234,20000830_064322,1.200000,8385.8550,0.000000
5,KOKX20000830_104913,32.562,0.923,378.662,192.249,42.353,-72.394,41.350,21176.511,20000830_064913,1.200000,8130.4093,0.000000
5,KOKX20000830_105505,38.428,0.905,373.813,188.233,45.382,-72.423,41.368,22691.030,20000830_065505,1.200000,5949.9115,0.000000
5,KOKX20000830_110056,44.278,0.585,366.112,179.001,58.960,-72.469,41.410,29479.806,20000830_070056,1.200000,5805.7511,0.000000
5,KOKX20000830_110648,50.145,0.104,365.125,184.415,60.137,-72.475,41.385,30068.561,20000830_070648,1.200000,5444.8910,0.000000
1,KOKX20000830_095044,-25.922,0.650,184.159,83.770,20.221,-73.562,41.837,10110.580,20000830_055044,1.200000,10273.0419,0.000000
1,KOKX20000830_095634,-20.088,0.438,183.512,84.072,25.305,-73.566,41.836,12652.425,20000830_055634,1.200000,7819.2543,0.000000
1,KOKX20000830_100225,-14.238,0.064,183.510,79.580,18.465,-73.566,41.856,9232.424,20000830_060225,1.200000,4433.3411,0.000000
2,KOKX20000830_095044,-25.922,0.262,136.231,355.705,13.527,-73.832,40.611,6763.677,20000830_055044,1.200000,3325.9481,0.000000
2,KOKX20000830_095634,-20.088,0.085,135.782,355.294,19.979,-73.835,40.613,9989.497,20000830_055634,1.200000,2385.0664,0.000000
3,KOKX20000830_095044,-25.922,0.073,238.584,289.126,11.547,-73.229,40.914,5773.651,20000830_055044,1.200000,523.3031,0.000000
7,KOKX20000830_113603,79.395,0.068,32.380,251.079,29.289,-74.457,41.075,14644.572,20000830_073603,1.200000,9663.0581,0.000000
1,KOKX20000901_100300,-15.625,0.060,385.704,211.010,2.685,-72.353,41.265,1342.251,20000901_060300,1.200000,128.9357,0.000000
1,KOKX20000901_100852,-9.759,0.445,385.970,211.351,9.818,-72.351,41.264,4908.885,20000901_060852,1.200000,400.6567,0.000000
1,KOKX20000901_101442,-3.925,0.716,388.719,206.332,14.345,-72.335,41.286,7172.590,20000901_061442,1.200000,738.3494,0.000000
1,KOKX20000901_102034,1.941,0.201,389.907,204.709,20.779,-72.328,41.293,10389.410,20000901_062034,1.200000,1585.4241,0.000000
1,KOKX20000902_101843,-0.893,0.728,385.124,210.494,8.308,-72.357,41.267,4153.996,20000902_061843,1.200000,172.4909,0.000000
1,KOKX20000902_102434,4.957,0.790,386.482,208.587,17.411,-72.348,41.276,8705.585,20000902_062434,1.200000,601.5748,0.000000
1,KOKX20000902_103026,10.824,0.920,388.330,211.695,19.385,-72.337,41.262,9692.273,20000902_063026,1.200000,1230.2914,0.000000
1,KOKX20000902_103618,16.691,0.882,390.525,212.268,24.638,-72.324,41.259,12318.907,20000902_063618,1.200000,2050.5647,0.000000
1,KOKX20000902_104210,22.557,0.591,389.793,208.604,30.578,-72.329,41.276,15288.920,20000902_064210,1.200000,2055.2475,0.000000
9,KOKX20000902_114044,81.124,0.183,401.455,73.169,19.359,-72.253,41.885,9679.409,20000902_074044,1.200000,239512.9948,0.000000
9,KOKX20000902_114636,86.991,0.167,397.977,78.710,30.217,-72.274,41.860,15108.531,20000902_074636,1.200000,296697.8488,0.000000
3,KOKX20000904_100803,-13.524,0.743,390.965,206.292,9.253,-72.321,41.286,4626.297,20000904_060803,1.200000,1276.0398,0.000000
3,KOKX20000904_101355,-7.658,0.965,393.058,203.693,12.530,-72.309,41.298,6265.109,20000904_061355,1.200000,2587.1503,0.000000
3,KOKX20000904_101946,-1.808,0.988,396.565,201.802,16.270,-72.288,41.306,8134.932,20000904_061946,1.200000,3389.4765,0.000000
3,KOKX20000904_102537,4.042,0.980,400.171,199.401,24.170,-72.266,41.317,12085.166,20000904_062537,1.200000,5152.9758,0.000000
3,KOKX20000904_103127,9.876,0.908,401.354,199.118,28.237,-72.259,41.318,14118.662,20000904_063127,1.200000,5815.6818,0.000000
3,KOKX20000904_103717,15.709,0.818,404.116,201.967,29.839,-72.243,41.305,14919.391,20000904_063717,1.200000,5237.0794,0.000000
3,KOKX20000904_104309,21.576,0.112,406.815,204.553,31.278,-72.227,41.294,15638.988,20000904_064309,1.200000,4484.3655,0.000000
10,KOKX20000904_103127,9.876,0.182,355.554,267.518,8.447,-72.534,41.011,4223.663,20000904_063127,1.200000,1357.9377,0.000000
10,KOKX20000904_103717,15.709,0.438,356.361,267.886,15.567,-72.529,41.010,7783.385,20000904_063717,1.200000,2216.4395,0.000000
10,KOKX20000904_104309,21.576,0.407,357.666,269.787,17.059,-72.522,41.001,8529.327,20000904_064309,1.200000,1736.9268,0.000000
1,KOKX20000904_095619,-25.258,0.140,276.556,388.008,11.621,-73.003,40.469,5810.379,20000904_055619,1.200000,3591.0462,0.000000
1,KOKX20000904_100211,-19.391,0.304,277.227,388.014,18.017,-72.999,40.469,9008.642,20000904_060211,1.200000,2596.1530,0.000000
1,KOKX20000904_100803,-13.524,0.524,279.941,388.149,13.349,-72.983,40.469,6674.576,20000904_060803,1.200000,1489.3095,0.000000
1,KOKX20000904_101355,-7.658,0.289,280.369,388.800,19.606,-72.980,40.466,9802.866,20000904_061355,1.200000,961.5100,0.000000
7,KOKX20000904_101355,-7.658,0.297,365.333,273.460,7.764,-72.476,40.984,3881.954,20000904_061355,1.200000,494.3563,0.000000
7,KOKX20000904_101946,-1.808,0.066,366.182,276.550,17.429,-72.471,40.970,8714.731,20000904_061946,1.200000,1758.5368,0.000000
2,KOKX20000904_095619,-25.258,0.134,166.557,72.910,10.417,-73.668,41.885,5208.534,20000904_055619,1.200000,6377.3798,0.000000
8,KOKX20000904_101946,-1.808,0.062,316.073,281.266,8.532,-72.769,40.950,4266.144,20000904_061946,1.200000,3963.1452,0.015640
9,KOKX20000904_103127,9.876,0.209,431.058,245.298,12.807,-72.084,41.109,6403.347,20000904_063127,1.200000,840.1894,0.000000
12,KOKX20000904_104309,21.576,0.052,131.717,332.943,21.146,-73.860,40.713,10572.790,20000904_064309,1.200000,26187.9066,0.000000
13,KOKX20000904_110045,39.176,0.166,84.888,393.287,23.099,-74.132,40.439,11549.736,20000904_070045,1.200000,1164.6440,0.000000
13,KOKX20000904_110635,45.009,-1.000,84.888,393.287,32.374,-74.132,40.439,16187.236,20000904_070635,1.200000,2224.4423,0.000000
13,KOKX20000904_111227,50.876,0.092,95.058,408.477,19.737,-74.071,40.371,9868.619,20000904_071227,1.200000,2232.4954,0.000000
14,KOKX20000904_110635,45.009,0.100,65.438,283.200,43.003,-74.257,40.933,21501.541,20000904_070635,1.200000,26550.9363,0.000754
16,KOKX20000904_113001,68.442,0.237,229.450,77.581,29.840,-73.289,41.866,14920.004,20000904_073001,1.200000,6499.3257,0.000000
17,KOKX20000904_114144,80.159,0.067,324.628,390.487,14.370,-72.719,40.458,7185.061,20000904_074144,1.200000,5402.3256,0.002028
2,KOKX20000911_101252,-15.567,0.675,386.215,199.104,5.427,-72.350,41.319,2713.402,20000911_061252,1.200000,4071.0350,0.000000
2,KOKX20000911_102243,-5.717,0.083,386.344,198.613,13.049,-72.349,41.321,6524.645,20000911_062243,1.200000,55618.0909,0.028005
2,KOKX20000911_103234,4.133,0.967,385.278,195.671,17.912,-72.355,41.334,8956.186,20000911_063234,1.200000,45507.4160,0.000000
2,KOKX20000911_104225,13.983,0.974,385.636,194.586,27.378,-72.353,41.339,13689.005,20000911_064225,1.200000,48068.9306,0.000269
2,KOKX20000911_105216,23.833,0.907,382.437,190.800,33.854,-72.372,41.356,16926.838,20000911_065216,1.200000,62354.0386,0.000000
2,KOKX20000911_110208,33.699,0.833,383.879,182.024,49.241,-72.363,41.396,24620.741,20000911_070208,1.200000,72364.2194,0.000000
2,KOKX20000911_111159,43.549,0.598,384.764,178.632,58.117,-72.358,41.411,29058.502,20000911_071159,1.200000,76672.7953,0.000000
2,KOKX20000911_112150,53.399,-1.000,385.673,174.892,67.404,-72.352,41.428,33701.849,20000911_072150,1.200000,79102.1067,0.000000
2,KOKX20000911_113142,63.266,0.061,426.161,176.752,90.926,-72.110,41.418,45462.952,20000911_073142,1.200000,121846.0291,0.000000
10,KOKX20000911_102243,-5.717,0.137,211.346,350.138,9.878,-73.388,40.639,4938.791,20000911_062243,1.200000,1184.8474,0.000000
10,KOKX20000911_103234,4.133,0.968,207.740,349.001,11.231,-73.410,40.644,5615.593,20000911_063234,1.200000,2594.6782,0.000000
10,KOKX20000911_104225,13.983,0.876,210.365,350.637,11.088,-73.394,40.636,5544.041,20000911_064225,1.200000,3171.1716,0.000000
10,KOKX20000911_105216,23.833,0.956,213.005,350.960,13.749,-73.379,40.635,6874.388,20000911_065216,1.200000,3331.3285,0.000000
10,KOKX20000911_110208,33.699,0.913,214.517,355.100,16.450,-73.370,40.616,8224.995,20000911_070208,1.200000,4006.1584,0.000000
10,KOKX20000911_111159,43.549,0.623,219.108,356.166,21.237,-73.342,40.612,10618.323,20000911_071159,1.200000,3764.0192,0.000000
10,KOKX20000911_112150,53.399,0.079,220.148,353.587,24.373,-73.336,40.623,12186.532,20000911_072150,1.200000,3358.8619,0.000000
10,KOKX20000911_113142,63.266,0.060,224.976,341.877,21.009,-73.308,40.676,10504.412,20000911_073142,1.200000,2084.1918,0.000000
1,KOKX20000911_100301,-25.417,0.094,384.041,197.904,1.946,-72.363,41.324,972.893,20000911_060301,1.200000,362.3314,0.000000
1,KOKX20000911_101252,-15.567,0.269,384.738,197.852,13.561,-72.358,41.324,6780.365,20000911_061252,1.200000,4494.7916,0.000000
1,KOKX20000911_102243,-5.717,-1.000,385.394,197.804,25.411,-72.354,41.325,12705.673,20000911_062243,1.200000,72959.5483,0.007335
1,KOKX20000911_103234,4.133,0.118,391.503,215.103,28.069,-72.319,41.247,14034.712,20000911_063234,1.200000,55734.1064,0.000000
1,KOKX20000911_104225,13.983,0.908,395.791,231.252,26.272,-72.294,41.174,13136.020,20000911_064225,1.200000,22532.2043,0.000000
1,KOKX20000911_105216,23.833,0.717,393.880,226.439,35.861,-72.305,41.195,17930.311,20000911_065216,1.200000,57169.9358,0.000000
1,KOKX20000911_110208,33.699,0.086,396.985,231.182,40.576,-72.287,41.174,20287.806,20000911_070208,1.200000,60102.4562,0.000000
11,KOKX20000911_103234,4.133,0.500,313.534,280.045,5.785,-72.784,40.955,2892.441,20000911_063234,1.200000,1882.0901,0.003188
11,KOKX20000911_104225,13.983,0.050,312.043,281.823,14.643,-72.793,40.947,7321.430,20000911_064225,1.200000,2413.9243,0.010306
20,KOKX20000911_111159,43.549,0.127,99.811,407.744,16.630,-74.043,40.374,8314.897,20000911_071159,1.200000,1491.7224,0.000000
20,KOKX20000911_112150,53.399,0.078,100.766,407.491,27.384,-74.037,40.376,13691.852,20000911_072150,1.200000,1953.4191,0.000000
17,KOKX20000911_110208,33.699,0.104,75.664,414.338,29.251,-74.185,40.343,14625.675,20000911_070208,1.200000,5088.3487,0.000000
21,KOKX20000911_111159,43.549,0.101,465.017,192.614,44.165,-71.879,41.345,22082.493,20000911_071159,1.200000,57428.5320,0.000000
22,KOKX20000911_112150,53.399,0.646,342.402,84.476,12.992,-72.609,41.836,6496.174,20000911_072150,1.200000,7156.4941,0.000000
5,KOKX20000912_102800,-1.413,0.738,401.343,233.654,9.072,-72.261,41.163,4536.015,20000912_062800,1.200000,994.4996,0.000000
5,KOKX20000912_103352,4.453,0.802,404.228,232.969,15.593,-72.243,41.166,7796.280,20000912_063352,1.200000,4162.0288,0.000000
5,KOKX20000912_103944,10.320,0.790,408.885,230.938,20.273,-72.216,41.175,10136.281,20000912_063944,1.200000,10226.5604,0.000000
5,KOKX20000912_104536,16.187,0.801,415.871,230.431,19.446,-72.174,41.177,9722.779,20000912_064536,1.200000,20594.0570,0.000000
5,KOKX20000912_105127,22.037,0.584,416.748,228.864,22.737,-72.169,41.184,11368.473,20000912_065127,1.200000,29349.0929,0.000000
5,KOKX20000912_105719,27.903,0.082,413.120,223.785,23.648,-72.190,41.207,11823.822,20000912_065719,1.200000,43114.3931,0.000000
5,KOKX20000912_110311,33.770,0.952,406.002,200.838,29.658,-72.232,41.310,14829.242,20000912_070311,1.200000,42664.8622,0.000000
5,KOKX20000912_110902,39.620,0.874,403.053,194.963,36.107,-72.249,41.337,18053.402,20000912_070902,1.200000,29893.4432,0.000000
5,KOKX20000912_111453,45.470,0.640,402.299,188.790,41.762,-72.253,41.365,20881.114,20000912_071453,1.200000,16723.2797,0.000000
5,KOKX20000912_112045,51.337,0.183,406.945,185.356,47.208,-72.225,41.380,23604.143,20000912_072045,1.200000,8764.5899,0.000000
3,KOKX20000912_102208,-7.280,0.744,209.051,348.734,10.662,-73.402,40.645,5330.774,20000912_062208,1.200000,4919.0397,0.000000
3,KOKX20000912_102800,-1.413,0.947,213.084,347.424,12.274,-73.378,40.651,6136.966,20000912_062800,1.200000,6095.7481,0.000000
3,KOKX20000912_103352,4.453,0.913,215.009,346.020,16.727,-73.367,40.657,8363.704,20000912_063352,1.200000,4796.7376,0.000000
3,KOKX20000912_103944,10.320,0.887,215.819,339.994,21.755,-73.362,40.684,10877.707,20000912_063944,1.200000,5727.9909,0.000000
3,KOKX20000912_104536,16.187,0.416,219.815,336.455,26.247,-73.339,40.700,13123.368,20000912_064536,1.200000,6865.4704,0.000000
3,KOKX20000912_105127,22.037,0.170,223.057,332.939,30.201,-73.320,40.716,15100.550,20000912_065127,1.200000,8442.8599,0.000000
7,KOKX20000912_103944,10.320,0.212,392.537,208.738,12.019,-72.312,41.275,6009.525,20000912_063944,1.200000,4600.3434,0.000000
7,KOKX20000912_104536,16.187,0.199,393.715,208.689,17.852,-72.305,41.275,8926.216,20000912_064536,1.200000,17031.3398,0.000000
7,KOKX20000912_105127,22.037,0.872,394.320,196.922,26.724,-72.301,41.328,13362.102,20000912_065127,1.200000,28274.7299,0.000000
7,KOKX20000912_105719,27.903,0.938,401.500,199.882,28.238,-72.258,41.315,14119.164,20000912_065719,1.200000,43752.3238,0.000000
1,KOKX20000912_100434,-24.847,0.307,350.225,77.061,10.919,-72.562,41.869,5459.557,20000912_060434,1.200000,31430.9706,0.000000
10,KOKX20000912_104536,16.187,0.311,361.572,188.240,14.763,-72.496,41.368,7381.317,20000912_064536,1.200000,134.5676,0.000000
4,KOKX20001005_104756,-4.576,0.525,383.622,199.515,3.760,-72.365,41.317,1880.131,20001005_064756,1.200000,5231.5470,0.000000
4,KOKX20001005_105349,1.307,0.977,380.856,201.843,10.520,-72.382,41.306,5259.775,20001005_065349,1.200000,3582.3340,0.000000
4,KOKX20001005_105942,7.190,0.831,376.889,203.214,18.059,-72.405,41.300,9029.693,20001005_065942,1.200000,2386.5419,0.000000
4,KOKX20001005_110535,13.074,0.581,375.228,202.995,28.035,-72.415,41.301,14017.476,20001005_070535,1.200000,5675.4126,0.000000
6,KOKX20001005_105942,7.190,0.232,329.447,98.634,19.009,-72.687,41.772,9504.490,20001005_065942,1.200000,227.9226,0.000000
6,KOKX20001005_110535,13.074,0.818,330.235,100.090,28.723,-72.683,41.765,14361.469,20001005_070535,1.200000,436.6907,0.000000
6,KOKX20001005_111127,18.940,0.418,328.983,102.902,31.948,-72.690,41.753,15973.799,20001005_071127,1.200000,569.7208,0.000000
6,KOKX20001005_111719,24.807,0.073,328.823,105.004,33.330,-72.691,41.743,16665.018,20001005_071719,1.200000,448.3584,0.000000
1,KOKX20001005_102427,-28.060,0.162,30.468,434.371,6.320,-74.448,40.250,3160.203,20001005_062427,1.200000,4922.7114,0.000000
1,KOKX20001005_103019,-22.193,0.056,28.991,434.191,17.290,-74.457,40.250,8644.771,20001005_063019,1.200000,1524.2662,0.000000
1,KOKX20001005_103611,-16.326,0.082,26.575,430.198,31.356,-74.472,40.268,15678.131,20001005_063611,1.200000,982.1473,0.000000
2,KOKX20001005_102427,-28.060,0.134,383.452,263.251,12.665,-72.368,41.030,6332.676,20001005_062427,1.200000,26217.9710,0.000846
2,KOKX20001005_103019,-22.193,0.132,384.829,262.844,21.611,-72.360,41.032,10805.331,20001005_063019,1.200000,40268.9422,0.000000
7,KOKX20001005_110535,13.074,0.058,113.925,307.358,20.945,-73.967,40.827,10472.627,20001005_070535,1.200000,4437.6438,0.000000
8,KOKX20001005_111719,24.807,0.058,379.849,267.440,14.272,-72.390,41.011,7136.127,20001005_071719,1.200000,344.7914,0.000000
9,KOKX20001005_112311,30.674,0.065,372.005,191.138,17.643,-72.434,41.355,8821.529,20001005_072311,1.200000,2751.6718,0.000000
10,KOKX20001005_114047,48.274,0.595,367.159,195.057,21.230,-72.463,41.337,10614.834,20001005_074047,1.200000,4522.5717,0.000000
3,KOKX20001228_130312,47.882,0.560,348.398,315.955,17.520,-72.578,40.793,8759.888,20001228_080312,1.200000,4373.4907,0.000000
3,KOKX20001228_131303,57.732,0.082,351.525,320.086,25.058,-72.559,40.775,12528.759,20001228_081303,1.200000,20197.1340,0.000120
3,KOKX20001228_132255,67.598,0.470,365.692,301.082,30.124,-72.475,40.860,15061.797,20001228_082255,1.200000,34764.2076,0.000518
3,KOKX20001228_133246,77.448,0.931,372.897,307.161,28.558,-72.432,40.833,14279.019,20001228_083246,1.200000,35082.5964,0.000000
3,KOKX20001228_134238,87.315,0.806,379.455,313.344,29.502,-72.394,40.805,14751.048,20001228_084238,1.200000,36404.2092,0.000000
1,KOKX20001228_115305,-22.235,0.061,189.466,376.956,2.414,-73.517,40.517,1207.077,20001228_065305,1.200000,125.3504,0.000000
2,KOKX20001228_121248,-2.518,0.093,388.268,288.667,44.226,-72.341,40.915,22112.801,20001228_071248,1.200000,1169.4333,0.000000
3,KOKX20001230_120837,-7.134,0.179,356.144,337.473,33.958,-72.532,40.696,16979.197,20001230_070837,1.200000,385429.0971,0.357354
3,KOKX20001230_121428,-1.284,0.192,353.606,333.301,39.423,-72.547,40.715,19711.289,20001230_071428,1.200000,450761.1123,0.322378
1,KOKX20001230_115658,-18.784,0.115,293.588,389.098,6.018,-72.902,40.464,3009.169,20001230_065658,1.200000,2909.0468,0.955720
4,KOKX20001230_122018,4.549,0.057,351.118,420.004,17.883,-72.564,40.325,8941.578,20001230_072018,1.200000,217340.5752,0.013982
5,KOKX20001230_125518,39.549,0.070,337.452,361.466,43.274,-72.643,40.589,21637.089,20001230_075518,1.200000,758036.1370,0.526489
6,KOKX20001230_133609,80.399,0.098,385.214,237.439,59.637,-72.357,41.146,29818.455,20001230_083609,1.200000,356448.2647,0.140275
5,KOKX20001231_124912,33.289,0.755,124.047,68.567,43.065,-73.925,41.903,21532.433,20001231_074912,1.200000,7388.6717,0.000000
5,KOKX20001231_125502,39.122,0.738,126.086,72.078,46.617,-73.912,41.887,23308.747,20001231_075502,1.200000,10723.2401,0.000000
5,KOKX20001231_130052,44.955,0.485,134.367,76.653,51.183,-73.862,41.867,25591.371,20001231_080052,1.200000,12298.6291,0.000000
5,KOKX20001231_130642,50.789,0.090,134.820,74.250,57.662,-73.859,41.878,28830.799,20001231_080642,1.200000,15475.5350,0.000000
5,KOKX20001231_131232,56.622,0.097,84.530,94.248,21.454,-74.160,41.785,10726.820,20001231_081232,1.200000,12548.2752,0.000000
5,KOKX20001231_131822,62.455,0.171,84.246,96.344,28.461,-74.162,41.775,14230.499,20001231_081822,1.200000,20067.2599,0.000000
5,KOKX20001231_132412,68.289,0.063,84.385,99.968,29.011,-74.161,41.759,14505.629,20001231_082412,1.200000,27051.9339,0.000000
1,KOKX20001231_115640,-19.245,0.050,131.086,381.707,24.607,-73.861,40.493,12303.748,20001231_065640,1.200000,1474.2235,0.000000
1,KOKX20001231_120230,-13.411,0.087,133.028,382.108,30.892,-73.849,40.492,15445.929,20001231_070230,1.200000,1240.6806,0.000000
1,KOKX20001231_120820,-7.578,0.165,145.274,387.081,26.026,-73.777,40.470,13013.231,20001231_070820,1.200000,987.0199,0.000000
1,KOKX20001231_121411,-1.728,0.152,156.035,385.612,19.812,-73.713,40.477,9905.977,20001231_071411,1.200000,597.5581,0.000000
4,KOKX20001231_123730,21.589,0.189,279.977,427.900,23.947,-72.982,40.290,11973.513,20001231_073730,1.200000,121.2451,0.000000
4,KOKX20001231_124322,27.455,0.600,285.484,429.153,29.507,-72.950,40.284,14753.740,20001231_074322,1.200000,105.9255,0.000000
4,KOKX20001231_124912,33.289,0.421,303.865,433.150,24.861,-72.842,40.266,12430.254,20001231_074912,1.200000,51.4048,0.000000
4,KOKX20001231_125502,39.122,0.054,305.577,433.872,31.912,-72.832,40.263,15955.964,20001231_075502,1.200000,24.6922,0.000000
9,KOKX20001231_131232,56.622,0.079,123.262,99.650,33.518,-73.927,41.763,16759.197,20001231_081232,1.200000,17935.0300,0.000000
9,KOKX20001231_131822,62.455,-1.000,123.262,99.650,42.793,-73.927,41.763,21396.697,20001231_081822,1.200000,25450.6061,0.000000
9,KOKX20001231_132412,68.289,0.096,140.760,109.489,44.139,-73.821,41.719,22069.566,20001231_082412,1.200000,25576.5896,0.000000
7,KOKX20001231_130052,44.955,0.075,464.565,283.179,29.763,-71.887,40.937,14881.741,20001231_080052,1.200000,557.9930,0.000000
10,KOKX20001231_131822,62.455,0.067,128.666,105.357,25.491,-73.894,41.737,12745.448,20001231_081822,1.200000,9957.1125,0.000000
