track_id,filename,from_sunrise,det_score,x,y,r,lon,lat,radius,geo_dist,local_time
1,KAPX20230601_093014_V06,-25.694,0.080,537.886,459.462,42.738,-83.232,44.180,21369.213,143193.806,20230601_053014
2,KAPX20230601_094434_V06,-11.360,0.160,407.651,391.368,9.248,-84.043,44.494,4623.753,70598.823,20230601_054434
5,KAPX20230602_104654_V06,51.506,0.067,206.229,467.661,5.683,-85.306,44.151,2841.435,96050.991,20230602_064654
3,KAPX20230605_094444_V06,-9.287,0.056,25.734,185.307,27.872,-86.472,45.410,13935.999,148640.922,20230605_054444
3,KAPX20230605_094958_V06,-4.054,0.110,26.234,188.330,34.431,-86.468,45.396,17215.563,147832.731,20230605_054958
4,KAPX20230605_101009_V06,16.129,0.166,37.957,260.087,57.718,-86.384,45.075,28859.053,132532.617,20230605_061009
4,KAPX20230605_101512_V06,21.179,0.124,36.397,261.919,62.662,-86.393,45.066,31330.839,133169.796,20230605_061512
1,KAPX20230605_093802_V06,-15.987,0.055,31.208,179.693,36.145,-86.437,45.436,18072.659,147243.832,20230605_053802
2,KAPX20230605_094444_V06,-9.287,0.060,332.168,126.873,27.683,-84.513,45.686,13841.499,88045.064,20230605_054444
2,KAPX20230610_092424_V06,-28.098,0.153,316.929,349.207,3.105,-84.613,44.686,1552.601,26018.628,20230610_052424
2,KAPX20230610_093114_V06,-21.264,0.091,318.714,350.060,10.017,-84.602,44.682,5008.382,26721.679,20230610_053114
2,KAPX20230610_093804_V06,-14.431,0.398,327.070,352.333,10.248,-84.549,44.672,5123.822,29460.018,20230610_053804
2,KAPX20230610_094454_V06,-7.598,0.081,331.375,351.967,13.557,-84.522,44.673,6778.557,30352.198,20230610_054454
7,KAPX20230613_105110_V06,59.116,0.053,234.823,145.474,18.362,-85.137,45.602,9181.030,83854.614,20230613_065110
1,KAPX20230619_100405_V06,11.886,0.452,207.169,466.435,6.922,-85.300,44.157,3460.757,95286.820,20230619_060405
1,KAPX20230619_101056_V06,18.736,0.540,206.772,467.315,12.420,-85.302,44.153,6209.783,95767.673,20230619_061056
6,KAPX20230619_110759_V06,75.786,0.466,206.663,466.975,6.355,-85.303,44.154,3177.589,95645.777,20230619_070759
6,KAPX20230619_111509_V06,82.953,0.089,207.076,467.165,13.792,-85.300,44.154,6896.183,95628.093,20230619_071509
1,KAPX20230621_092521_V06,-27.197,0.122,206.512,382.436,5.065,-85.308,44.535,2532.677,62321.326,20230621_052521
2,KAPX20230621_092521_V06,-27.197,0.057,31.112,140.249,30.029,-86.443,45.613,15014.470,156381.760,20230621_052521
2,KAPX20230621_093231_V06,-20.030,-1.000,31.112,140.249,41.424,-86.443,45.613,20711.970,156381.760,20230621_053231
2,KAPX20230621_093941_V06,-12.864,0.341,31.229,128.428,30.379,-86.444,45.666,15189.487,159432.408,20230621_053941
3,KAPX20230621_093231_V06,-20.030,0.148,215.975,455.371,12.878,-85.245,44.207,6439.037,88318.281,20230621_053231
6,KAPX20230621_100823_V06,15.836,0.153,247.724,446.473,15.428,-85.047,44.248,7713.930,77761.132,20230621_060823
7,KAPX20230621_100823_V06,15.836,0.063,34.763,123.007,35.822,-86.422,45.691,17911.201,159434.346,20230621_060823
8,KAPX20230621_103701_V06,44.470,0.133,167.951,144.897,7.688,-85.566,45.602,3843.819,101850.365,20230621_063701
2,KAPX20230623_102959_V06,36.941,0.110,33.979,418.036,52.915,-86.388,44.364,26457.724,145515.935,20230623_062959
2,KAPX20230623_103709_V06,44.108,0.081,35.620,419.041,59.581,-86.378,44.359,29790.508,144972.140,20230623_063709
2,KAPX20230623_104139_V06,48.608,0.140,37.885,411.490,51.860,-86.365,44.394,25930.054,142420.481,20230623_064139
4,KAPX20230623_102959_V06,36.941,0.068,539.506,458.691,31.576,-83.222,44.183,15788.025,143654.031,20230623_062959
1,KAPX20230624_092733_V06,-25.793,0.238,380.108,358.687,8.132,-84.215,44.642,4066.147,49652.580,20230624_052733
1,KAPX20230625_092902_V06,-24.645,0.102,32.370,229.848,54.361,-86.423,45.210,27180.273,138335.837,20230625_052902
1,KAPX20230625_093339_V06,-20.029,-1.000,32.370,229.848,61.701,-86.423,45.210,30850.523,138335.837,20230625_053339
1,KAPX20230625_093814_V06,-15.445,0.073,31.621,221.546,60.943,-86.429,45.247,30471.276,139805.567,20230625_053814
3,KAPX20230625_111507_V06,81.438,0.140,38.546,459.701,39.677,-86.355,44.177,19838.448,153184.925,20230625_071507
4,KAPX20230627_093859_V06,-15.469,0.058,540.344,476.127,31.525,-83.219,44.105,15762.549,148984.831,20230627_053859
17,KAPX20230627_110936_V06,75.147,0.064,334.359,398.073,28.370,-84.504,44.466,14184.952,51958.964,20230627_070936
1,KAPX20230630_092812_V06,-27.660,0.195,298.036,422.195,11.995,-84.732,44.357,5997.566,61105.590,20230630_052812
6,KAPX20230630_093502_V06,-20.827,0.075,550.163,245.370,30.440,-83.129,45.142,15220.207,128029.502,20230630_053502
1,KAPX20230701_093642_V06,-19.693,0.163,336.566,136.001,2.175,-84.485,45.645,1087.372,84012.948,20230701_053642
2,KAPX20230701_093642_V06,-19.693,0.124,292.408,400.853,13.770,-84.767,44.453,6885.010,50569.300,20230701_053642
4,KAPX20230701_094332_V06,-12.860,0.203,371.538,425.104,13.732,-84.271,44.343,6866.135,72056.807,20230701_054332
5,KAPX20230701_094332_V06,-12.860,0.166,345.676,280.660,12.668,-84.430,44.994,6334.229,24800.985,20230701_054332
5,KAPX20230701_095027_V06,-5.943,0.121,345.173,279.030,11.101,-84.433,45.001,5550.575,24901.646,20230701_055027
7,KAPX20230701_094332_V06,-12.860,0.133,304.556,365.911,4.281,-84.691,44.611,2140.392,33034.242,20230701_054332
14,KAPX20230701_095027_V06,-5.943,0.084,381.563,349.947,12.642,-84.205,44.681,6320.793,47820.352,20230701_055027
3,KAPX20230702_100830_V06,11.544,0.621,341.048,395.482,15.963,-84.462,44.477,7981.628,51965.930,20230702_060830
3,KAPX20230702_101528_V06,18.510,-1.000,341.048,395.482,27.040,-84.462,44.477,13520.128,51965.930,20230702_061528
3,KAPX20230702_102226_V06,25.477,0.058,324.480,381.130,31.508,-84.566,44.542,15753.841,42371.371,20230702_062226
1,KAPX20230702_094707_V06,-9.840,0.147,355.888,379.220,15.419,-84.368,44.550,7709.599,48474.934,20230702_054707
2,KAPX20230702_100830_V06,11.544,0.771,304.141,402.293,24.295,-84.694,44.447,12147.594,51188.451,20230702_060830
7,KAPX20230702_111805_V06,81.127,0.051,207.381,468.535,7.838,-85.299,44.147,3919.109,96154.198,20230702_071805
1,KAPX20230703_092957_V06,-27.600,0.075,267.767,411.248,12.704,-84.922,44.406,6351.974,57911.678,20230703_052957
2,KAPX20230703_093707_V06,-20.433,0.201,424.909,338.781,6.404,-83.931,44.730,3202.087,65395.392,20230703_053707
4,KAPX20230703_094417_V06,-13.266,0.086,356.830,146.858,6.386,-84.356,45.596,3193.077,81673.120,20230703_054417
5,KAPX20230703_094417_V06,-13.266,0.058,357.913,140.228,2.222,-84.348,45.625,1110.962,84972.155,20230703_054417
6,KAPX20230703_100547_V06,8.234,0.059,265.474,396.373,17.369,-84.937,44.473,8684.689,51185.386,20230703_060547
7,KAPX20230703_102716_V06,29.717,0.092,256.832,367.579,9.315,-84.992,44.603,4657.326,40094.759,20230703_062716
1,KAPX20230704_093156_V06,-26.239,0.182,369.559,315.692,4.805,-84.280,44.836,2402.466,35653.692,20230704_053156
1,KAPX20230704_093846_V06,-19.405,-1.000,369.559,315.692,15.670,-84.280,44.836,7834.966,35653.692,20230704_053846
1,KAPX20230704_094535_V06,-12.589,0.107,347.118,307.041,27.092,-84.422,44.875,13545.957,23820.593,20230704_054535
3,KAPX20230704_100627_V06,8.278,0.057,406.279,345.782,22.062,-84.049,44.699,11030.794,57859.916,20230704_060627
5,KAPX20230704_111758_V06,79.795,0.253,395.064,326.467,7.817,-84.119,44.787,3908.638,49339.907,20230704_071758
1,KAPX20230705_104440_V06,45.843,0.078,368.235,356.179,5.577,-84.290,44.654,2788.471,44193.118,20230705_064440
1,KAPX20230707_094015_V06,-19.959,0.135,457.937,64.345,7.421,-83.701,45.963,3710.342,141842.857,20230707_054015
5,KAPX20230708_101413_V06,13.274,0.068,280.774,415.561,4.589,-84.840,44.387,2294.399,58574.705,20230708_061413
5,KAPX20230708_101837_V06,17.674,0.114,280.751,415.421,10.019,-84.841,44.388,5009.561,58507.357,20230708_061837
12,KAPX20230708_111721_V06,76.407,0.191,22.637,166.028,36.245,-86.494,45.496,18122.656,154011.913,20230708_071721
12,KAPX20230708_112325_V06,82.474,0.110,26.694,168.320,45.470,-86.468,45.486,22734.822,151686.988,20230708_072325
7,KAPX20230708_102300_V06,22.057,0.120,348.113,283.076,5.016,-84.415,44.983,2507.896,25501.370,20230708_062300
11,KAPX20230708_111115_V06,70.307,0.083,29.847,164.421,42.440,-86.448,45.504,21220.146,151132.646,20230708_071115
1,KAPX20230709_093724_V06,-24.302,0.204,348.264,280.063,6.421,-84.414,44.997,3210.732,26109.912,20230709_053724
1,KAPX20230710_094426_V06,-18.053,0.541,351.349,281.476,8.076,-84.394,44.990,4037.796,27294.075,20230710_054426
1,KAPX20230710_094924_V06,-13.086,0.517,350.972,281.192,12.920,-84.397,44.991,6459.765,27165.816,20230710_054924
4,KAPX20230710_102239_V06,20.164,0.125,39.601,65.233,44.031,-86.399,45.951,22015.535,175301.933,20230710_062239
1,KAPX20230711_093739_V06,-25.645,0.057,293.848,369.512,45.841,-84.758,44.594,22920.601,34891.809,20230711_053739
11,KAPX20230711_103901_V06,35.722,0.157,405.029,449.061,13.458,-84.062,44.235,6729.179,91173.185,20230711_063901
2,KAPX20230712_100325_V06,-0.710,0.102,34.554,310.904,45.854,-86.399,44.846,22926.823,132835.060,20230712_060325
2,KAPX20230712_100802_V06,3.906,0.053,36.915,313.613,53.163,-86.383,44.834,26581.276,131718.731,20230712_060802
1,KAPX20230713_094333_V06,-21.432,0.155,348.722,285.701,7.509,-84.411,44.971,3754.318,25388.498,20230713_054333
1,KAPX20230713_095037_V06,-14.365,0.212,348.855,285.731,14.170,-84.410,44.971,7085.036,25447.903,20230713_055037
3,KAPX20230713_101851_V06,13.868,0.131,300.816,565.913,35.678,-84.715,43.711,17838.943,132957.229,20230713_061851
2,KAPX20230714_094612_V06,-19.659,0.158,348.815,283.183,8.158,-84.410,44.982,4079.094,25815.299,20230714_054612
2,KAPX20230714_095213_V06,-13.642,-1.000,348.815,283.183,17.725,-84.410,44.982,8862.344,25815.299,20230714_055213
2,KAPX20230714_100149_V06,-4.042,0.472,349.757,279.383,6.680,-84.404,45.000,3340.233,26929.803,20230714_060149
9,KAPX20230715_105127_V06,44.694,0.053,31.461,307.064,29.272,-86.419,44.863,14636.085,134315.742,20230715_065127
10,KAPX20230715_110332_V06,56.777,0.217,271.681,340.899,13.332,-84.898,44.723,6665.873,24873.179,20230715_070332
2,KAPX20230718_094105_V06,-28.481,0.063,495.632,519.049,3.051,-83.502,43.915,1525.414,146845.310,20230718_054105
6,KAPX20230718_094813_V06,-21.347,0.092,169.489,143.437,8.098,-85.556,45.609,4049.023,101912.998,20230718_054813
9,KAPX20230718_102523_V06,15.819,0.061,272.176,420.972,2.052,-84.894,44.363,1025.776,62065.069,20230718_062523
1,KAPX20230721_094357_V06,-28.577,0.092,359.995,356.043,6.155,-84.342,44.654,3077.419,41049.599,20230721_054357
1,KAPX20230721_095101_V06,-21.511,0.134,358.452,357.028,12.789,-84.351,44.650,6394.745,40831.203,20230721_055101
6,KAPX20230721_102622_V06,13.839,0.140,280.237,336.060,17.953,-84.844,44.745,8976.318,20560.500,20230721_062622
1,KAPX20230722_100429_V06,-9.062,0.070,350.367,282.379,2.383,-84.400,44.986,1191.315,26680.493,20230722_060429
4,KAPX20230722_110223_V06,48.838,0.059,163.772,71.279,5.723,-85.598,45.933,2861.660,133108.523,20230722_070223
1,KAPX20230723_102107_V06,6.539,0.381,300.448,410.449,5.381,-84.717,44.410,2690.464,55225.201,20230723_062107
3,KAPX20230723_102107_V06,6.539,0.101,41.713,202.835,45.581,-86.367,45.333,22790.630,137979.329,20230723_062107
7,KAPX20230723_103010_V06,15.589,0.065,349.739,339.880,4.286,-84.406,44.727,2142.792,31876.372,20230723_063010
9,KAPX20230723_103442_V06,20.123,0.061,63.676,458.706,47.267,-86.198,44.183,23633.423,142334.566,20230723_063442
9,KAPX20230723_103914_V06,24.656,0.325,71.803,452.832,39.359,-86.147,44.211,19679.329,137324.051,20230723_063914
14,KAPX20230723_110751_V06,53.273,0.060,371.233,296.628,19.267,-84.269,44.922,9633.400,35656.310,20230723_070751
1,KAPX20230724_095205_V06,-23.539,0.075,441.602,288.074,8.926,-83.822,44.957,4463.181,71051.495,20230724_055205
2,KAPX20230724_102722_V06,11.744,0.070,460.190,378.600,4.993,-83.712,44.549,2496.265,89217.058,20230724_062722
2,KAPX20230726_111844_V06,60.985,0.054,26.949,320.879,30.784,-86.445,44.800,15392.222,136924.282,20230726_071844
1,KAPX20230727_100051_V06,-17.978,0.051,358.713,348.329,4.901,-84.349,44.689,2450.607,38022.685,20230727_060051
5,KAPX20230727_102144_V06,2.906,0.621,64.171,432.419,18.021,-86.197,44.302,9010.529,135231.171,20230727_062144
1,KAPX20230728_095129_V06,-28.434,0.182,343.950,282.943,12.579,-84.441,44.984,6289.658,23571.876,20230728_055129
1,KAPX20230728_100135_V06,-18.334,0.052,353.402,281.301,23.699,-84.381,44.991,11849.255,28290.384,20230728_060135
11,KAPX20230728_102026_V06,0.516,0.463,81.603,436.067,14.649,-86.088,44.287,7324.379,128658.172,20230728_062026
11,KAPX20230728_102510_V06,5.249,0.105,83.195,436.448,22.294,-86.078,44.285,11147.117,128084.357,20230728_062510
4,KAPX20230728_100135_V06,-18.334,0.070,534.594,206.806,41.444,-83.224,45.317,20721.794,126213.595,20230728_060135
4,KAPX20230728_100618_V06,-13.617,0.055,541.191,198.440,36.649,-83.181,45.354,18324.493,130850.517,20230728_060618
8,KAPX20230728_101101_V06,-8.901,0.073,188.422,325.997,8.004,-85.425,44.788,4001.842,57283.414,20230728_061101
12,KAPX20230728_102026_V06,0.516,0.166,379.793,71.730,19.734,-84.205,45.933,9866.924,120906.972,20230728_062026
15,KAPX20230728_102026_V06,0.516,0.050,290.821,430.666,28.556,-84.777,44.319,14277.855,65493.980,20230728_062026
18,KAPX20230728_113950_V06,79.916,0.065,208.284,467.037,6.323,-85.293,44.154,3161.331,95280.081,20230728_073950
1,KAPX20230730_101944_V06,-2.390,0.203,61.636,433.486,15.160,-86.213,44.297,7580.187,136597.821,20230730_061944
1,KAPX20230730_102654_V06,4.776,0.754,62.481,436.465,24.495,-86.208,44.283,12247.670,136965.039,20230730_062654
1,KAPX20230730_103403_V06,11.926,0.091,62.296,441.563,31.923,-86.208,44.260,15961.391,138332.085,20230730_063403
2,KAPX20230730_104108_V06,19.010,0.116,352.260,286.589,7.730,-84.389,44.967,3865.227,26976.786,20230730_064108
1,KAPX20230731_102533_V06,2.311,0.803,68.256,427.671,24.446,-86.172,44.323,12222.977,132292.684,20230731_062533
1,KAPX20230731_103244_V06,9.494,0.501,69.211,433.811,31.467,-86.166,44.296,15733.737,133387.421,20230731_063244
2,KAPX20230731_103954_V06,16.661,0.059,355.619,284.171,5.288,-84.367,44.978,2644.058,28913.897,20230731_063954
2,KAPX20230801_102008_V06,-4.229,0.190,459.778,578.581,21.378,-83.730,43.649,10688.779,160574.368,20230801_062008
2,KAPX20230801_102451_V06,0.487,0.388,461.104,577.739,27.413,-83.721,43.653,13706.503,160540.912,20230801_062451
2,KAPX20230801_102934_V06,5.204,0.438,465.558,574.275,29.445,-83.693,43.668,14722.477,160184.420,20230801_062934
2,KAPX20230801_103417_V06,9.921,0.253,469.308,572.890,30.856,-83.670,43.674,15428.174,160572.550,20230801_063417
3,KAPX20230801_102934_V06,5.204,0.789,68.922,422.682,14.943,-86.169,44.346,7471.550,130812.769,20230801_062934
3,KAPX20230801_103417_V06,9.921,0.831,70.540,424.624,20.146,-86.158,44.337,10073.118,130559.261,20230801_063417
1,KAPX20230802_102331_V06,-1.977,0.436,74.406,424.658,16.444,-86.134,44.338,8221.909,128872.311,20230802_062331
2,KAPX20230802_105126_V06,25.940,0.069,535.786,561.057,32.752,-83.257,43.723,16375.996,175887.729,20230802_065126
3,KAPX20230802_110054_V06,35.407,0.052,373.989,314.329,2.219,-84.252,44.842,1109.520,37682.026,20230802_070054
5,KAPX20230803_104042_V06,14.070,0.152,34.230,405.834,58.620,-86.388,44.419,29310.154,143033.638,20230803_064042
6,KAPX20230803_104733_V06,20.920,0.073,361.875,285.525,5.867,-84.328,44.972,2933.525,31772.798,20230803_064733
4,KAPX20230804_104144_V06,13.959,0.074,29.796,166.601,46.894,-86.448,45.494,23446.772,150669.500,20230804_064144
5,KAPX20230804_110314_V06,35.459,0.114,200.996,367.650,8.974,-85.343,44.601,4486.912,59954.812,20230804_070314
2,KAPX20230805_103754_V06,8.977,0.062,36.482,397.719,60.257,-86.375,44.455,30128.521,140526.462,20230805_063754
3,KAPX20230805_112038_V06,51.710,0.052,440.452,572.333,26.413,-83.849,43.678,13206.710,153208.898,20230805_072038
1,KAPX20230806_101852_V06,-11.212,0.522,447.622,576.963,21.838,-83.805,43.657,10919.058,156924.052,20230806_061852
1,KAPX20230806_102335_V06,-6.495,0.931,448.860,575.372,25.831,-83.797,43.664,12915.407,156515.814,20230806_062335
1,KAPX20230806_102818_V06,-1.778,0.944,447.323,570.822,30.190,-83.806,43.685,15095.024,154149.704,20230806_062818
1,KAPX20230806_103302_V06,2.955,0.935,448.882,567.540,36.228,-83.796,43.700,18114.211,153088.057,20230806_063302
1,KAPX20230806_103745_V06,7.672,0.845,448.825,562.544,39.864,-83.796,43.722,19932.224,150895.867,20230806_063745
1,KAPX20230806_104229_V06,12.405,0.763,450.659,559.245,43.764,-83.785,43.737,21881.785,149921.725,20230806_064229
1,KAPX20230806_104712_V06,17.122,0.261,448.668,553.668,49.585,-83.797,43.762,24792.385,147011.670,20230806_064712
5,KAPX20230806_103745_V06,7.672,0.835,39.280,433.495,23.944,-86.353,44.295,11971.784,146454.799,20230806_063745
5,KAPX20230806_104229_V06,12.405,0.891,34.509,434.082,31.652,-86.383,44.292,15826.067,148714.028,20230806_064229
5,KAPX20230806_104712_V06,17.122,0.385,32.342,433.459,37.181,-86.397,44.294,18590.297,149542.683,20230806_064712
4,KAPX20230806_103302_V06,2.955,0.496,288.975,299.190,10.220,-84.790,44.911,5109.756,5527.540,20230806_063302
4,KAPX20230806_103745_V06,7.672,0.118,288.826,299.052,15.877,-84.790,44.911,7938.582,5607.270,20230806_063745
4,KAPX20230806_104229_V06,12.405,0.092,292.210,299.222,10.715,-84.769,44.911,5357.269,3914.256,20230806_064229
2,KAPX20230806_101852_V06,-11.212,0.067,287.580,299.072,11.631,-84.798,44.911,5815.453,6227.531,20230806_061852
3,KAPX20230806_101852_V06,-11.212,0.062,450.831,493.024,16.344,-83.779,44.035,8171.944,122482.856,20230806_061852
6,KAPX20230807_103145_V06,0.512,0.226,44.057,434.152,22.363,-86.323,44.292,11181.301,144485.174,20230807_063145
6,KAPX20230807_103628_V06,5.228,0.439,40.126,434.732,30.653,-86.348,44.289,15326.433,146361.957,20230807_063628
6,KAPX20230807_104114_V06,9.995,0.423,35.911,439.356,35.613,-86.374,44.268,17806.596,149300.998,20230807_064114
6,KAPX20230807_104557_V06,14.712,0.221,33.822,439.978,40.797,-86.387,44.265,20398.620,150369.774,20230807_064557
6,KAPX20230807_105039_V06,19.412,0.139,34.044,445.155,39.856,-86.385,44.242,19928.233,151494.661,20230807_065039
6,KAPX20230807_105523_V06,24.145,0.079,35.674,451.674,41.343,-86.374,44.213,20671.701,152375.685,20230807_065523
7,KAPX20230807_103145_V06,0.512,0.065,376.851,518.900,46.929,-84.241,43.921,23464.357,115999.092,20230807_063145
7,KAPX20230807_103628_V06,5.228,0.095,378.048,519.344,52.444,-84.234,43.919,26221.769,116408.161,20230807_063628
4,KAPX20230807_102702_V06,-4.205,0.118,325.981,382.631,18.806,-84.556,44.535,9402.809,43309.659,20230807_062702
13,KAPX20230807_105039_V06,19.412,0.066,344.643,384.666,65.597,-84.439,44.526,32798.294,47857.404,20230807_065039
2,KAPX20230808_103803_V06,5.647,0.051,374.298,344.396,5.234,-84.251,44.707,2617.090,43275.830,20230808_063803
3,KAPX20230808_105202_V06,19.631,0.124,392.105,303.930,18.968,-84.137,44.888,9483.879,46094.318,20230808_065202
2,KAPX20230809_103029_V06,-3.088,0.205,72.526,424.425,20.504,-86.146,44.338,10251.841,129639.769,20230809_063029
2,KAPX20230809_103502_V06,1.462,0.763,73.096,427.338,24.715,-86.142,44.325,12357.296,130096.625,20230809_063502
2,KAPX20230809_103938_V06,6.062,0.685,78.116,429.770,28.490,-86.110,44.315,14244.922,128522.902,20230809_063938
2,KAPX20230809_104416_V06,10.695,0.147,83.696,430.093,34.076,-86.075,44.314,17037.772,126205.860,20230809_064416
1,KAPX20230809_102553_V06,-7.688,0.301,473.729,581.563,20.777,-83.643,43.635,10388.595,165423.200,20230809_062553
1,KAPX20230809_103029_V06,-3.088,0.345,475.056,580.292,27.653,-83.635,43.641,13826.549,165233.488,20230809_063029
3,KAPX20230809_113508_V06,61.562,0.162,210.319,464.266,7.789,-85.280,44.167,3894.428,93576.311,20230809_073508
2,KAPX20230810_103310_V06,-1.578,0.540,60.029,428.929,12.241,-86.224,44.317,6120.335,136206.338,20230810_063310
2,KAPX20230810_103747_V06,3.039,0.257,59.226,429.113,17.586,-86.229,44.316,8793.240,136603.540,20230810_063747
2,KAPX20230811_103455_V06,-1.003,0.214,313.458,307.885,8.386,-84.635,44.872,4193.176,7798.829,20230811_063455
3,KAPX20230811_104905_V06,13.163,0.076,32.895,404.438,61.815,-86.397,44.425,30907.503,143398.360,20230811_064905
4,KAPX20230811_113916_V06,63.347,0.070,29.461,418.929,45.435,-86.417,44.359,22717.281,147762.974,20230811_073916
5,KAPX20230811_113916_V06,63.347,0.060,167.508,143.780,8.110,-85.569,45.607,4055.241,102419.294,20230811_073916
6,KAPX20230812_103729_V06,0.384,0.609,74.863,424.669,18.848,-86.131,44.337,9423.872,128675.232,20230812_063729
6,KAPX20230812_104036_V06,3.501,0.244,75.884,425.460,23.485,-86.125,44.334,11742.701,128421.342,20230812_064036
6,KAPX20230812_104344_V06,6.634,0.818,85.340,429.522,26.393,-86.065,44.316,13196.382,125354.109,20230812_064344
6,KAPX20230812_104651_V06,9.751,0.703,95.120,430.063,29.359,-86.004,44.315,14679.333,121338.664,20230812_064651
6,KAPX20230812_104959_V06,12.884,0.669,102.905,428.891,34.834,-85.955,44.321,17417.122,117749.178,20230812_064959
6,KAPX20230812_105306_V06,16.001,0.063,110.405,428.912,37.466,-85.908,44.321,18733.058,114634.885,20230812_065306
3,KAPX20230812_102155_V06,-15.182,0.276,489.595,583.432,18.201,-83.545,43.626,9100.347,170499.234,20230812_062155
3,KAPX20230812_102503_V06,-12.049,0.269,490.124,583.132,22.149,-83.542,43.627,11074.342,170521.761,20230812_062503
4,KAPX20230812_102503_V06,-12.049,0.113,278.627,152.695,30.708,-84.857,45.570,15353.798,74423.599,20230812_062503
8,KAPX20230812_103729_V06,0.384,0.416,279.946,80.186,20.568,-84.849,45.896,10283.798,110363.323,20230812_063729
5,KAPX20230813_104235_V06,4.303,0.660,78.784,438.030,26.590,-86.105,44.278,13295.017,130373.245,20230813_064235
5,KAPX20230813_104925_V06,11.136,0.625,79.041,440.731,31.783,-86.103,44.266,15891.658,130984.834,20230813_064925
5,KAPX20230813_110315_V06,24.970,0.115,87.059,452.588,40.160,-86.052,44.213,20079.962,130983.448,20230813_070315
5,KAPX20230813_111019_V06,32.036,0.396,87.362,460.733,42.645,-86.049,44.176,21322.512,133276.144,20230813_071019
5,KAPX20230813_111729_V06,39.203,0.193,89.321,469.530,45.419,-86.036,44.137,22709.724,135208.942,20230813_071729
1,KAPX20230814_102710_V06,-12.297,0.378,458.310,582.837,19.043,-83.739,43.630,9521.421,162063.790,20230814_062710
1,KAPX20230814_103400_V06,-5.464,0.327,460.105,579.573,29.110,-83.728,43.645,14555.164,161086.176,20230814_063400
1,KAPX20230814_104051_V06,1.386,0.071,467.674,572.252,33.092,-83.680,43.677,16545.960,159871.482,20230814_064051
2,KAPX20230814_104750_V06,8.370,0.652,46.967,425.100,26.525,-86.306,44.333,13262.541,141134.683,20230814_064750
2,KAPX20230814_110142_V06,22.236,0.362,47.312,438.544,52.426,-86.302,44.273,26213.230,144088.198,20230814_070142
3,KAPX20230815_104405_V06,3.434,0.178,45.455,429.800,12.709,-86.315,44.312,6354.676,142864.638,20230815_064405
3,KAPX20230815_104843_V06,8.068,-1.000,45.455,429.800,20.076,-86.315,44.312,10038.176,142864.638,20230815_064843
3,KAPX20230815_105321_V06,12.701,-1.000,45.455,429.800,27.443,-86.315,44.312,13721.676,142864.638,20230815_065321
3,KAPX20230815_110234_V06,21.918,0.326,32.478,444.976,30.789,-86.394,44.243,15394.547,152139.932,20230815_070234
1,KAPX20230815_101617_V06,-24.366,0.062,261.581,317.704,17.560,-84.963,44.827,8779.831,21151.242,20230815_061617
2,KAPX20230815_102530_V06,-15.149,0.150,282.306,343.858,20.737,-84.831,44.710,10368.332,23646.434,20230815_062530
5,KAPX20230815_111631_V06,35.868,0.079,285.886,371.977,6.302,-84.809,44.583,3150.951,36674.010,20230815_071631
6,KAPX20230815_111631_V06,35.868,0.067,188.983,291.704,20.485,-85.423,44.942,10242.336,55663.220,20230815_071631
2,KAPX20230816_104359_V06,2.148,0.188,80.527,422.134,28.848,-86.096,44.349,14423.843,125583.711,20230816_064359
2,KAPX20230816_104829_V06,6.648,0.129,80.427,422.554,34.433,-86.097,44.347,17216.530,125729.658,20230816_064829
2,KAPX20230816_105253_V06,11.048,0.149,84.018,422.774,34.714,-86.074,44.347,17357.007,124219.237,20230816_065253
4,KAPX20230816_110207_V06,20.281,0.066,361.066,310.283,29.202,-84.333,44.860,14600.975,30962.748,20230816_070207
5,KAPX20230816_110651_V06,25.015,0.084,27.449,259.161,44.110,-86.451,45.078,22054.882,137796.998,20230816_070651
1,KAPX20230818_101546_V06,-28.445,0.074,291.230,296.073,33.526,-84.775,44.925,16763.031,4804.647,20230818_061546
1,KAPX20230818_102257_V06,-21.262,0.057,291.283,297.260,40.676,-84.775,44.920,20338.203,4568.516,20230818_062257
3,KAPX20230818_105131_V06,7.305,0.401,61.493,445.441,16.863,-86.213,44.243,8431.468,139676.816,20230818_065131
3,KAPX20230818_110538_V06,21.422,0.204,60.405,451.566,22.634,-86.219,44.215,11317.129,141755.177,20230818_070538
2,KAPX20230818_101546_V06,-28.445,0.052,479.528,224.937,30.086,-83.576,45.239,15042.854,97294.412,20230818_061546
1,KAPX20230820_101822_V06,-28.223,0.059,313.377,374.359,15.426,-84.636,44.573,7713.203,37776.485,20230820_061822
2,KAPX20230820_101822_V06,-28.223,0.054,308.660,352.137,15.794,-84.665,44.673,7896.894,26425.619,20230820_061822
1,KAPX20230821_111421_V06,26.571,0.070,350.437,329.137,6.594,-84.401,44.776,3297.050,29123.875,20230821_071421
6,KAPX20230821_120821_V06,80.571,0.128,251.836,199.195,12.207,-85.027,45.360,6103.504,55860.276,20230821_080821
2,KAPX20230822_103014_V06,-18.734,0.120,66.752,371.757,61.373,-86.188,44.575,30686.579,122018.036,20230822_063014
7,KAPX20230822_104859_V06,0.016,0.069,164.489,509.799,21.495,-85.564,43.960,10747.467,124878.800,20230822_064859
8,KAPX20230822_104859_V06,0.016,0.060,220.518,541.811,39.377,-85.214,43.818,19688.370,127269.326,20230822_064859
13,KAPX20230822_111406_V06,25.132,0.062,79.474,296.174,16.612,-86.116,44.916,8306.166,110279.635,20230822_071406
16,KAPX20230822_113914_V06,50.266,0.112,26.041,202.489,26.888,-86.467,45.333,13443.938,145397.700,20230822_073914
2,KAPX20230824_110359_V06,12.639,0.221,33.893,373.638,60.651,-86.395,44.564,30325.260,138053.907,20230824_070359
2,KAPX20230824_111108_V06,19.789,0.238,36.086,380.526,70.969,-86.380,44.533,35484.264,137962.733,20230824_071108
6,KAPX20230824_115408_V06,62.789,0.057,232.999,409.801,15.348,-85.140,44.412,7674.187,64314.387,20230824_075408
6,KAPX20230824_120425_V06,73.072,0.226,247.006,411.901,25.895,-85.052,44.403,12947.504,61907.859,20230824_080425
1,KAPX20230824_104940_V06,-1.678,0.063,26.079,458.217,28.890,-86.433,44.182,14444.838,158165.725,20230824_064940
4,KAPX20230824_114659_V06,55.639,0.095,208.610,388.148,5.069,-85.294,44.509,2534.668,63486.639,20230824_074659
1,KAPX20230825_110236_V06,10.068,0.373,456.826,583.326,24.703,-83.748,43.628,12351.607,161916.542,20230825_070236
1,KAPX20230825_110948_V06,17.268,-1.000,456.826,583.326,36.151,-83.748,43.628,18075.607,161916.542,20230825_070948
1,KAPX20230825_111657_V06,24.418,0.057,467.961,578.119,31.950,-83.679,43.651,15974.907,162450.912,20230825_071657
2,KAPX20230825_110236_V06,10.068,0.248,360.931,335.143,14.203,-84.335,44.748,7101.736,35169.594,20230825_070236
7,KAPX20230826_121548_V06,82.082,0.389,34.282,390.911,56.075,-86.390,44.486,28037.285,140419.891,20230826_081548
7,KAPX20230826_122258_V06,89.249,0.058,39.968,393.082,66.056,-86.354,44.477,33027.922,138095.012,20230826_082258
3,KAPX20230826_105004_V06,-3.651,0.174,467.108,585.712,21.071,-83.685,43.617,10535.616,165496.488,20230826_065004
5,KAPX20230826_111827_V06,24.732,0.066,406.322,382.606,28.022,-84.051,44.534,14011.124,67320.529,20230826_071827
1,KAPX20230827_104651_V06,-8.054,0.117,454.245,581.699,22.442,-83.764,43.636,11221.249,160581.703,20230827_064651
1,KAPX20230827_110101_V06,6.113,0.283,461.076,577.620,31.883,-83.721,43.654,15941.494,160482.405,20230827_070101
1,KAPX20230827_110811_V06,13.279,0.750,467.759,572.995,30.206,-83.680,43.674,15102.950,160210.266,20230827_070811
1,KAPX20230827_111520_V06,20.429,0.759,469.816,568.950,32.663,-83.667,43.692,16331.532,159037.341,20230827_071520
1,KAPX20230827_112234_V06,27.663,0.511,475.070,565.723,37.611,-83.634,43.706,18805.743,159105.233,20230827_072234
1,KAPX20230827_112944_V06,34.829,0.104,477.260,564.468,38.465,-83.620,43.712,19232.385,159188.871,20230827_072944
2,KAPX20230827_113655_V06,42.013,0.050,520.704,569.333,29.792,-83.351,43.687,14896.184,174105.267,20230827_073655
1,KAPX20230828_110533_V06,9.461,0.170,254.913,429.727,2.821,-85.002,44.323,1410.624,68669.619,20230828_070533
1,KAPX20230828_111243_V06,16.628,0.112,251.893,429.892,10.336,-85.021,44.322,5167.768,69257.223,20230828_071243
3,KAPX20230828_110533_V06,9.461,0.055,324.757,385.224,11.321,-84.564,44.524,5660.561,44373.387,20230828_070533
5,KAPX20230828_112705_V06,30.995,0.065,244.730,83.828,12.978,-85.076,45.879,6488.888,111562.607,20230828_072705
7,KAPX20230828_120257_V06,66.861,0.064,446.661,233.124,21.394,-83.786,45.204,10697.212,80594.351,20230828_080257
3,KAPX20230901_120052_V06,60.045,0.067,356.301,292.278,16.374,-84.363,44.941,8187.050,28414.255,20230901_080052
3,KAPX20230902_104333_V06,-18.454,0.204,324.003,148.106,39.260,-84.566,45.590,19629.951,76889.418,20230902_064333
3,KAPX20230902_104641_V06,-15.321,-1.000,324.003,148.106,44.242,-84.566,45.590,22120.951,76889.418,20230902_064641
3,KAPX20230902_104949_V06,-12.187,0.135,325.193,151.429,44.390,-84.558,45.576,22195.225,75345.809,20230902_064949
3,KAPX20230902_105255_V06,-9.087,0.110,325.728,150.989,45.460,-84.555,45.577,22729.806,75608.009,20230902_065255
3,KAPX20230902_105602_V06,-5.971,0.084,329.401,154.720,42.773,-84.531,45.561,21386.562,74112.767,20230902_065602
3,KAPX20230902_110215_V06,0.246,0.067,334.094,152.119,45.172,-84.501,45.572,22585.869,75880.270,20230902_070215
3,KAPX20230902_110523_V06,3.379,0.605,345.521,149.947,46.676,-84.428,45.582,23337.886,78402.884,20230902_070523
3,KAPX20230902_110830_V06,6.496,0.361,349.147,153.461,46.691,-84.405,45.566,23345.437,77280.451,20230902_070830
3,KAPX20230902_111138_V06,9.629,0.364,351.727,155.718,47.577,-84.388,45.556,23788.497,76636.864,20230902_071138
3,KAPX20230902_111445_V06,12.746,-1.000,355.154,157.775,48.262,-84.367,45.547,24131.073,76272.396,20230902_071445
3,KAPX20230902_111751_V06,15.846,0.090,339.846,167.364,36.106,-84.465,45.504,18053.177,69245.943,20230902_071751
2,KAPX20230902_104026_V06,-21.571,0.087,179.846,131.345,24.401,-85.491,45.663,12200.466,103538.967,20230902_064026
2,KAPX20230902_104333_V06,-18.454,-1.000,179.846,131.345,29.356,-85.491,45.663,14678.216,103538.967,20230902_064333
2,KAPX20230902_104641_V06,-15.321,0.067,174.228,132.687,32.755,-85.527,45.657,16377.694,104656.681,20230902_064641
11,KAPX20230902_114247_V06,40.779,0.064,458.861,174.672,16.967,-83.704,45.467,8483.559,101173.163,20230902_074247
11,KAPX20230902_114555_V06,43.913,0.122,458.982,174.926,21.109,-83.703,45.465,10554.421,101141.931,20230902_074555
11,KAPX20230902_114903_V06,47.046,0.081,459.890,173.328,16.641,-83.697,45.473,8320.595,101993.389,20230902_074903
11,KAPX20230902_115209_V06,50.146,0.594,459.477,174.213,20.916,-83.700,45.469,10458.223,101557.254,20230902_075209
4,KAPX20230902_110215_V06,0.246,0.082,173.991,137.856,22.001,-85.528,45.634,11000.626,102675.286,20230902_070215
5,KAPX20230902_111138_V06,9.629,0.102,250.708,319.590,14.378,-85.031,44.819,7189.037,26521.156,20230902_071138
7,KAPX20230902_112059_V06,18.979,0.054,254.525,326.034,12.621,-85.007,44.790,6310.532,26199.770,20230902_072059
8,KAPX20230902_112059_V06,18.979,0.051,238.787,254.382,22.767,-85.109,45.112,11383.377,38170.931,20230902_072059
9,KAPX20230902_113022_V06,28.363,0.067,258.759,341.686,20.465,-84.980,44.719,10232.267,29319.319,20230902_073022
15,KAPX20230902_120745_V06,65.746,0.136,271.026,341.976,25.492,-84.903,44.718,12746.174,25502.374,20230902_080745
1,KAPX20230903_104440_V06,-18.519,0.063,323.678,355.270,8.228,-84.570,44.658,4113.811,30064.309,20230903_064440
4,KAPX20230905_120358_V06,58.416,0.138,270.380,364.489,15.647,-84.906,44.617,7823.627,35482.846,20230905_080358
4,KAPX20230905_121107_V06,65.566,0.052,272.723,363.960,23.459,-84.892,44.619,11729.552,34766.589,20230905_081107
2,KAPX20230905_112808_V06,22.583,0.194,198.337,405.286,26.767,-85.358,44.432,13383.411,73179.026,20230905_072808
3,KAPX20230905_112808_V06,22.583,0.054,447.134,509.035,17.802,-83.803,43.963,8900.930,127812.458,20230905_072808
5,KAPX20230906_110758_V06,1.234,0.052,386.378,149.223,24.062,-84.166,45.584,12030.937,86883.293,20230906_070758
5,KAPX20230906_111241_V06,5.950,0.231,387.696,153.937,31.164,-84.158,45.563,15582.243,85183.514,20230906_071241
5,KAPX20230906_111724_V06,10.667,0.165,378.610,164.916,13.348,-84.217,45.514,6673.897,78146.253,20230906_071724
5,KAPX20230906_112206_V06,15.367,0.129,379.876,164.938,19.563,-84.209,45.514,9781.497,78457.088,20230906_072206
14,KAPX20230906_113646_V06,30.034,0.076,33.713,460.111,48.340,-86.385,44.175,24170.048,155357.667,20230906_073646
14,KAPX20230906_114201_V06,35.284,0.054,33.604,463.656,54.062,-86.385,44.159,27030.933,156324.936,20230906_074201
22,KAPX20230906_121619_V06,69.584,0.050,375.063,289.468,22.356,-84.244,44.954,11178.047,37899.329,20230906_081619
4,KAPX20230907_111306_V06,5.184,0.080,387.139,264.114,21.758,-84.166,45.067,10879.158,47119.458,20230907_071306
4,KAPX20230907_111748_V06,9.884,0.256,386.036,264.529,28.061,-84.174,45.066,14030.291,46530.440,20230907_071748
12,KAPX20230907_113159_V06,24.067,0.054,78.027,279.636,25.659,-86.127,44.990,12829.462,111452.549,20230907_073159
12,KAPX20230907_113643_V06,28.801,0.077,77.066,279.864,32.113,-86.133,44.989,16056.632,111920.801,20230907_073643
24,KAPX20230907_121445_V06,66.834,0.362,377.246,294.454,18.197,-84.230,44.931,9098.625,38722.537,20230907_081445
24,KAPX20230907_121945_V06,71.834,0.141,377.479,292.268,26.637,-84.229,44.941,13318.365,38932.151,20230907_081945
30,KAPX20230907_121945_V06,71.834,0.077,281.380,128.725,21.176,-84.839,45.678,10588.158,86141.903,20230907_081945
30,KAPX20230907_122443_V06,76.801,0.487,283.042,130.598,26.305,-84.829,45.669,13152.603,85124.256,20230907_082443
1,KAPX20230907_104002_V06,-27.883,0.147,416.780,338.212,7.459,-83.983,44.733,3729.317,61436.311,20230907_064002
11,KAPX20230907_112715_V06,19.334,0.057,124.364,150.547,58.493,-85.845,45.574,29246.311,115308.335,20230907_072715
13,KAPX20230907_113643_V06,28.801,0.100,475.250,304.928,15.951,-83.611,44.880,7975.510,87659.798,20230907_073643
21,KAPX20230907_120502_V06,57.117,0.084,268.734,112.597,19.276,-84.921,45.750,9637.869,94996.618,20230907_080502
2,KAPX20230908_111013_V06,1.117,0.082,231.739,388.786,15.228,-85.149,44.507,7613.945,55996.701,20230908_071013
3,KAPX20230909_112019_V06,10.033,0.160,455.316,572.714,25.361,-83.757,43.676,12680.264,156920.382,20230909_072019
3,KAPX20230909_112728_V06,17.183,0.830,456.630,569.413,32.396,-83.748,43.691,16197.919,155817.431,20230909_072728
3,KAPX20230909_113438_V06,24.350,0.343,459.738,564.909,37.021,-83.729,43.711,18510.712,154671.380,20230909_073438
1,KAPX20230909_110559_V06,-4.300,0.097,272.477,421.752,1.941,-84.892,44.359,970.741,62411.898,20230909_070559
2,KAPX20230909_110559_V06,-4.300,0.060,323.082,422.369,41.876,-84.575,44.357,20937.805,62263.432,20230909_070559
4,KAPX20230909_112019_V06,10.033,0.077,532.006,458.799,39.426,-83.269,44.183,19712.917,140573.801,20230909_072019
5,KAPX20230909_112728_V06,17.183,0.068,334.428,406.411,44.896,-84.504,44.428,22448.044,55920.736,20230909_072728
7,KAPX20230909_121739_V06,67.367,0.066,298.968,338.971,15.974,-84.726,44.732,7987.238,19492.532,20230909_081739
2,KAPX20230910_115136_V06,40.132,0.053,36.861,435.888,49.051,-86.368,44.284,24525.530,148077.617,20230910_075136
2,KAPX20230910_120048_V06,49.332,-1.000,36.861,435.888,63.679,-86.368,44.284,31839.530,148077.617,20230910_080048
2,KAPX20230910_120525_V06,53.949,0.069,33.914,416.612,51.858,-86.389,44.370,25928.949,145258.337,20230910_080525
2,KAPX20230911_105522_V06,-17.286,0.105,529.730,139.824,17.674,-83.247,45.618,8836.990,140028.972,20230911_065522
2,KAPX20230911_110449_V06,-7.836,-1.000,529.730,139.824,32.699,-83.247,45.618,16349.740,140028.972,20230911_070449
2,KAPX20230911_110934_V06,-3.086,0.068,533.014,137.264,21.955,-83.226,45.630,10977.516,142107.796,20230911_070934
4,KAPX20230911_110934_V06,-3.086,0.083,309.121,194.051,12.684,-84.661,45.384,6341.805,53170.417,20230911_070934
2,KAPX20230913_105056_V06,-24.092,0.068,34.672,280.876,40.931,-86.402,44.981,20465.332,133008.096,20230913_065056
5,KAPX20230913_112611_V06,11.158,0.057,48.383,310.858,57.604,-86.311,44.847,28801.947,125925.551,20230913_072611
9,KAPX20230913_121610_V06,61.141,0.053,50.835,320.271,48.043,-86.295,44.805,24021.460,124994.242,20230913_081610
10,KAPX20230913_123740_V06,82.641,0.051,47.288,329.940,55.287,-86.316,44.761,27643.478,127239.565,20230913_083740
3,KAPX20230917_111309_V06,-6.632,0.671,349.054,294.619,29.355,-84.409,44.931,14677.322,24674.035,20230917_071309
3,KAPX20230917_111739_V06,-2.132,0.839,350.728,297.796,31.412,-84.398,44.917,15706.091,25388.161,20230917_071739
3,KAPX20230917_112210_V06,2.385,0.611,350.263,300.129,31.568,-84.402,44.906,15783.919,25131.558,20230917_072210
3,KAPX20230917_112643_V06,6.935,0.639,353.268,303.478,30.174,-84.383,44.891,15086.952,26690.637,20230917_072643
3,KAPX20230917_113114_V06,11.452,0.451,357.761,312.658,25.664,-84.354,44.850,12832.085,29565.773,20230917_073114
1,KAPX20230917_105029_V06,-29.298,0.142,327.875,431.993,16.593,-84.545,44.313,8296.276,67451.941,20230917_065029
2,KAPX20230917_105501_V06,-24.765,0.060,204.988,356.089,24.644,-85.319,44.653,12321.985,55166.170,20230917_065501
1,KAPX20230918_105136_V06,-29.374,0.154,460.123,326.960,26.620,-83.708,44.781,13309.975,81188.148,20230918_065136
4,KAPX20230918_112651_V06,5.876,0.056,193.614,369.731,24.402,-85.390,44.592,12200.844,63601.152,20230918_072651
16,KAPX20230918_123834_V06,77.593,0.060,282.523,369.274,8.068,-84.830,44.595,4033.852,35722.480,20230918_083834
1,KAPX20230921_111624_V06,-8.159,0.074,425.286,517.871,36.854,-83.940,43.924,18426.779,125662.732,20230921_071624
2,KAPX20230921_112334_V06,-0.992,0.051,378.551,344.964,15.448,-84.224,44.704,7723.917,45254.915,20230921_072334
1,KAPX20230922_111214_V06,-13.523,0.078,352.121,326.736,7.863,-84.390,44.786,3931.435,29289.381,20230922_071214
1,KAPX20230922_111925_V06,-6.340,0.092,355.561,328.858,6.046,-84.369,44.777,3022.766,31304.377,20230922_071925
3,KAPX20230922_114804_V06,22.310,0.056,437.473,320.706,6.634,-83.851,44.811,3317.009,69511.621,20230922_074804
4,KAPX20230922_120933_V06,43.793,0.066,83.641,265.278,30.213,-86.093,45.055,15106.520,109563.784,20230922_080933
5,KAPX20230923_112627_V06,-0.507,0.072,143.365,390.304,2.454,-85.704,44.497,1226.879,90400.779,20230923_072627
5,KAPX20230923_113331_V06,6.560,-1.000,143.365,390.304,13.690,-85.704,44.497,6844.879,90400.779,20230923_073331
5,KAPX20230923_114034_V06,13.610,0.058,151.276,401.407,16.698,-85.654,44.447,8349.238,90002.981,20230923_074034
5,KAPX20230923_114738_V06,20.677,-1.000,157.291,409.850,21.699,-85.616,44.409,10849.374,90045.350,20230923_074738
5,KAPX20230923_120141_V06,34.727,0.076,178.512,389.745,33.855,-85.484,44.501,16927.494,75520.552,20230923_080141
5,KAPX20230923_120844_V06,41.777,-1.000,187.767,385.208,39.621,-85.426,44.522,19810.724,70457.095,20230923_080844
5,KAPX20230923_121554_V06,48.943,0.134,168.357,400.443,12.713,-85.547,44.452,6356.556,82792.872,20230923_081554
3,KAPX20230923_112627_V06,-0.507,0.144,164.420,387.601,4.652,-85.572,44.510,2325.871,80709.008,20230923_072627
3,KAPX20230923_113331_V06,6.560,0.493,158.237,390.418,20.403,-85.611,44.497,10201.419,84071.887,20230923_073331
4,KAPX20230923_112627_V06,-0.507,0.134,456.177,372.412,7.920,-83.737,44.577,3960.056,86073.533,20230923_072627
4,KAPX20230923_113331_V06,6.560,-1.000,456.177,372.412,19.156,-83.737,44.577,9578.056,86073.533,20230923_073331
4,KAPX20230923_114034_V06,13.610,0.061,468.269,356.190,27.003,-83.659,44.649,13501.619,88701.624,20230923_074034
7,KAPX20230923_114738_V06,20.677,0.388,397.547,185.966,19.795,-84.097,45.419,9897.293,75031.975,20230923_074738
7,KAPX20230923_120141_V06,34.727,0.139,395.454,184.605,26.895,-84.110,45.425,13447.607,74878.991,20230923_080141
13,KAPX20230923_120844_V06,41.777,0.137,250.755,167.711,13.459,-85.035,45.502,6729.454,70578.928,20230923_080844
13,KAPX20230923_121554_V06,48.943,0.141,253.262,167.245,21.279,-85.019,45.504,10639.568,70371.340,20230923_081554
1,KAPX20230923_111923_V06,-7.573,0.071,414.243,169.411,17.461,-83.989,45.492,8730.591,86754.121,20230923_071923
1,KAPX20230923_112627_V06,-0.507,0.190,423.352,181.545,12.296,-83.931,45.437,6148.132,85509.123,20230923_072627
10,KAPX20230923_120141_V06,34.727,0.057,257.888,164.830,15.552,-84.989,45.515,7775.850,70789.291,20230923_080141
12,KAPX20230923_120844_V06,41.777,0.138,376.097,317.056,20.320,-84.239,44.829,10159.943,38992.644,20230923_080844
15,KAPX20230923_122955_V06,62.960,0.184,368.842,331.489,15.059,-84.285,44.765,7529.297,37850.816,20230923_082955
15,KAPX20230923_123705_V06,70.127,-1.000,368.842,331.489,26.454,-84.285,44.765,13226.797,37850.816,20230923_083705
15,KAPX20230923_124416_V06,77.310,0.249,369.434,335.138,17.918,-84.281,44.748,8959.000,38909.459,20230923_084416
1,KAPX20230925_110534_V06,-23.796,0.079,207.543,465.914,7.453,-85.298,44.159,3726.261,94968.068,20230925_070534
1,KAPX20230925_111224_V06,-16.963,-1.000,207.543,465.914,18.318,-85.298,44.159,9158.761,94968.068,20230925_071224
1,KAPX20230925_111916_V06,-10.096,0.123,207.488,466.362,7.152,-85.298,44.157,3576.229,95177.472,20230925_071916
14,KAPX20230926_122010_V06,49.597,0.069,30.142,316.085,31.817,-86.426,44.822,15908.694,135168.412,20230926_082010
2,KAPX20230927_124657_V06,75.171,0.051,35.867,293.649,47.212,-86.393,44.924,23606.178,132104.796,20230927_084657
2,KAPX20230927_125134_V06,79.788,0.171,35.758,293.665,52.893,-86.393,44.923,26446.618,132158.928,20230927_085134
2,KAPX20230927_130048_V06,89.021,0.057,34.970,291.802,50.668,-86.399,44.932,25333.958,132578.284,20230927_090048
4,KAPX20230928_112724_V06,-5.591,0.112,359.441,387.746,12.942,-84.346,44.512,6471.230,52991.759,20230928_072724
1,KAPX20231001_110651_V06,-29.798,0.131,41.056,409.388,57.904,-86.345,44.403,28951.967,140550.561,20231001_070651
1,KAPX20231002_110800_V06,-29.875,0.291,45.249,168.369,33.974,-86.349,45.488,16987.034,143374.450,20231002_070800
1,KAPX20231002_111243_V06,-25.158,0.668,43.162,169.374,40.721,-86.362,45.483,20360.399,144073.748,20231002_071243
1,KAPX20231002_111727_V06,-20.425,-1.000,41.512,170.168,47.652,-86.373,45.479,23825.915,144630.623,20231002_071727
1,KAPX20231002_112211_V06,-15.692,0.148,83.181,171.492,20.562,-86.106,45.477,10281.223,126020.592,20231002_072211
6,KAPX20231002_121522_V06,37.492,0.075,259.874,204.294,16.520,-84.976,45.338,8259.903,51888.546,20231002_081522
7,KAPX20231002_122934_V06,51.692,0.059,372.930,319.416,27.519,-84.259,44.819,13759.354,37735.005,20231002_082934
1,KAPX20231003_124532_V06,66.427,0.162,207.716,467.429,7.534,-85.296,44.152,3766.979,95588.809,20231003_084532
1,KAPX20231003_125237_V06,73.510,0.082,208.207,468.405,16.319,-85.293,44.148,8159.462,95898.863,20231003_085237
7,KAPX20231005_122342_V06,42.118,0.082,220.234,133.025,28.329,-85.231,45.657,14164.673,92524.647,20231005_082342
7,KAPX20231005_122937_V06,48.034,0.092,220.014,133.415,34.702,-85.233,45.656,17351.102,92396.277,20231005_082937
1,KAPX20231005_121131_V06,29.934,0.141,160.257,259.638,36.592,-85.607,45.085,18295.971,72727.413,20231005_081131
2,KAPX20231005_121725_V06,35.834,0.053,372.462,151.250,30.358,-84.256,45.576,15179.062,82730.273,20231005_081725
4,KAPX20231005_122342_V06,42.118,0.546,384.202,104.789,30.237,-84.178,45.784,15118.668,106298.159,20231005_082342
5,KAPX20231005_122342_V06,42.118,0.143,229.203,374.216,30.784,-85.165,44.572,15392.233,51283.989,20231005_082342
8,KAPX20231005_122937_V06,48.034,0.171,135.904,283.139,56.389,-85.760,44.978,28194.473,82479.868,20231005_082937
10,KAPX20231005_124633_V06,64.968,0.295,224.436,138.013,29.267,-85.204,45.635,14633.461,89372.460,20231005_084633
13,KAPX20231005_130243_V06,81.134,0.097,330.716,174.007,15.649,-84.523,45.474,7824.570,64841.394,20231005_090243
6,KAPX20231006_130455_V06,82.089,0.057,134.400,524.396,30.346,-85.750,43.893,15172.947,139442.892,20231006_090455
10,KAPX20231007_114147_V06,-2.294,0.057,200.698,364.885,25.363,-85.345,44.614,12681.709,59310.782,20231007_074147
10,KAPX20231007_114705_V06,3.006,0.204,202.516,367.276,32.227,-85.334,44.603,16113.419,59222.648,20231007_074705
10,KAPX20231007_115223_V06,8.306,0.091,213.686,375.835,32.972,-85.263,44.565,16486.080,57447.962,20231007_075223
4,KAPX20231007_112107_V06,-22.961,0.221,399.004,260.017,17.715,-84.091,45.085,8857.658,53386.431,20231007_072107
4,KAPX20231007_112615_V06,-17.828,-1.000,399.004,260.017,25.877,-84.091,45.085,12938.658,53386.431,20231007_072615
4,KAPX20231007_113123_V06,-12.694,0.057,408.384,264.614,21.808,-84.032,45.064,10904.015,57007.092,20231007_073123
13,KAPX20231007_120331_V06,19.439,0.080,261.857,59.012,45.165,-84.966,45.991,22582.483,121993.765,20231007_080331
1,KAPX20231008_114543_V06,0.384,0.068,368.255,297.742,14.434,-84.288,44.917,7216.835,34146.317,20231008_074543
34,KAPX20231009_130147_V06,75.190,0.060,393.690,194.630,17.139,-84.122,45.380,8569.443,70499.128,20231009_090147
34,KAPX20231009_130630_V06,79.907,0.074,393.232,193.985,24.734,-84.125,45.383,12366.955,70589.328,20231009_090630
1,KAPX20231009_111757_V06,-28.643,0.069,200.063,454.222,30.462,-85.345,44.212,15231.117,91885.538,20231009_071757
11,KAPX20231009_120059_V06,14.390,0.322,318.560,205.429,44.830,-84.601,45.333,22415.184,48187.756,20231009_080059
12,KAPX20231009_120059_V06,14.390,0.106,148.941,517.665,43.489,-85.660,43.924,21744.429,132473.245,20231009_080059
22,KAPX20231009_123649_V06,50.223,0.066,336.830,233.483,29.364,-84.485,45.206,14682.098,38016.183,20231009_083649
31,KAPX20231009_130147_V06,75.190,0.214,275.189,88.630,36.577,-84.879,45.858,18288.513,106410.774,20231009_090147
33,KAPX20231009_130147_V06,75.190,0.084,342.837,431.574,22.124,-84.451,44.315,11061.859,69185.769,20231009_090147
6,KAPX20231010_115823_V06,10.524,0.061,14.599,447.904,17.930,-86.506,44.228,8965.231,160724.363,20231010_075823
6,KAPX20231010_120534_V06,17.708,-1.000,14.599,447.904,29.352,-86.506,44.228,14675.981,160724.363,20231010_080534
6,KAPX20231010_121243_V06,24.858,0.135,26.229,470.196,41.226,-86.430,44.128,20612.971,161181.163,20231010_081243
6,KAPX20231010_121953_V06,32.024,0.237,31.515,475.922,49.301,-86.396,44.103,24650.506,160493.611,20231010_081953
6,KAPX20231010_122702_V06,39.174,0.416,33.253,475.657,49.993,-86.386,44.105,24996.720,159694.704,20231010_082702
6,KAPX20231010_123413_V06,46.358,0.534,36.142,476.395,51.290,-86.367,44.102,25645.002,158694.982,20231010_083413
6,KAPX20231010_124121_V06,53.491,0.443,44.779,481.639,55.492,-86.313,44.079,27746.236,156628.729,20231010_084121
6,KAPX20231010_124832_V06,60.674,0.236,48.806,483.619,55.617,-86.288,44.070,27808.332,155574.940,20231010_084832
7,KAPX20231010_120534_V06,17.708,0.067,26.964,477.995,33.135,-86.425,44.093,16567.404,162965.612,20231010_080534
10,KAPX20231010_122702_V06,39.174,0.236,330.196,122.679,22.552,-84.526,45.705,11275.879,89936.931,20231010_082702
13,KAPX20231011_124759_V06,58.854,0.058,404.288,304.288,13.759,-84.060,44.886,6879.433,52188.290,20231011_084759
13,KAPX20231011_125241_V06,63.554,0.167,405.585,308.261,20.852,-84.052,44.868,10426.166,52953.862,20231011_085241
18,KAPX20231011_130325_V06,74.287,0.076,255.958,97.872,12.544,-85.003,45.816,6272.215,103435.132,20231011_090325
19,KAPX20231011_130325_V06,74.287,0.050,427.487,315.209,12.350,-83.914,44.836,6175.179,64195.262,20231011_090325
1,KAPX20231012_120739_V06,17.244,0.213,546.493,455.745,45.754,-83.178,44.196,22876.972,145787.124,20231012_080739
1,KAPX20231012_121450_V06,24.428,0.311,545.222,457.692,52.460,-83.186,44.187,26230.001,145774.201,20231012_081450
1,KAPX20231012_122200_V06,31.594,0.171,541.912,456.518,42.647,-83.207,44.193,21323.601,144065.607,20231012_082200
20,KAPX20231013_124824_V06,56.713,0.194,119.433,542.019,17.025,-85.842,43.813,8512.697,150978.214,20231013_084824
20,KAPX20231013_125347_V06,62.096,0.297,123.539,542.301,23.029,-85.816,43.812,11514.505,149873.482,20231013_085347
20,KAPX20231013_130449_V06,73.130,0.063,156.833,543.941,22.639,-85.609,43.806,11319.329,141425.070,20231013_090449
9,KAPX20231013_120223_V06,10.696,0.060,286.570,332.176,10.467,-84.805,44.762,5233.345,17433.298,20231013_080223
9,KAPX20231013_120716_V06,15.580,0.053,285.817,331.184,17.463,-84.809,44.767,8731.741,17128.780,20231013_080716
12,KAPX20231013_120716_V06,15.580,0.059,38.724,433.017,45.195,-86.357,44.297,22597.282,146593.843,20231013_080716
12,KAPX20231013_121208_V06,20.446,0.118,38.657,434.080,51.419,-86.357,44.292,25709.323,146865.339,20231013_081208
21,KAPX20231013_124824_V06,56.713,0.192,168.659,505.271,30.688,-85.538,43.981,15344.173,121846.833,20231013_084824
21,KAPX20231013_125347_V06,62.096,0.073,172.240,506.158,36.915,-85.516,43.977,18457.677,121267.946,20231013_085347
11,KAPX20231013_120716_V06,15.580,0.120,137.474,506.709,42.602,-85.732,43.973,21300.762,131475.472,20231013_080716
15,KAPX20231013_122714_V06,35.546,0.139,24.086,534.212,27.072,-86.435,43.840,13536.016,180958.438,20231013_082714
16,KAPX20231013_122714_V06,35.546,0.056,118.992,464.060,19.527,-85.851,44.163,9763.358,122147.138,20231013_082714
18,KAPX20231013_124301_V06,51.330,0.225,163.569,512.580,37.515,-85.569,43.947,18757.320,126297.082,20231013_084301
8,KAPX20231014_123533_V06,42.576,0.055,31.193,435.270,38.221,-86.404,44.286,19110.550,150462.158,20231014_083533
9,KAPX20231014_125153_V06,58.910,0.052,37.786,381.438,49.508,-86.369,44.529,24754.045,137284.628,20231014_085153
10,KAPX20231014_130533_V06,72.576,0.143,22.331,494.484,20.893,-86.451,44.019,10446.699,169502.263,20231014_090533
1,KAPX20231017_114911_V06,-7.680,0.093,340.109,373.513,6.102,-84.467,44.576,3051.071,41871.621,20231017_074911
2,KAPX20231017_120330_V06,6.636,0.119,353.370,290.682,18.794,-84.382,44.949,9396.759,27088.849,20231017_080330
1,KAPX20231018_130050_V06,62.663,0.135,35.852,210.228,55.218,-86.404,45.299,27609.051,139492.841,20231018_090050
5,KAPX20231020_121305_V06,12.285,0.069,34.043,203.167,56.509,-86.416,45.330,28254.467,141518.270,20231020_081305
5,KAPX20231020_121843_V06,17.918,0.052,34.067,206.422,63.395,-86.416,45.316,31697.501,140958.625,20231020_081843
5,KAPX20231020_122416_V06,23.468,0.176,31.621,216.895,61.630,-86.430,45.268,30815.242,140475.826,20231020_082416
5,KAPX20231020_122948_V06,29.001,0.087,30.584,189.668,41.375,-86.440,45.391,20687.332,145566.212,20231020_082948
1,KAPX20231021_114516_V06,-16.853,0.068,19.050,507.907,28.755,-86.470,43.958,14377.643,174755.513,20231021_074516
2,KAPX20231021_120817_V06,6.164,0.181,349.721,309.707,28.010,-84.405,44.863,14005.203,25329.754,20231021_080817
4,KAPX20231021_120817_V06,6.164,0.063,231.764,353.066,13.221,-85.150,44.668,6610.722,43220.636,20231021_080817
4,KAPX20231021_121247_V06,10.664,-1.000,231.764,353.066,20.376,-85.150,44.668,10188.222,43220.636,20231021_081247
4,KAPX20231021_121719_V06,15.197,0.132,231.552,352.715,14.263,-85.151,44.669,7131.685,43197.128,20231021_081719
8,KAPX20231021_123526_V06,33.314,0.103,202.632,307.064,11.531,-85.336,44.874,5765.553,48812.187,20231021_083526
9,KAPX20231021_124430_V06,42.381,0.081,30.967,508.816,40.169,-86.396,43.955,20084.557,170281.455,20231021_084430
5,KAPX20231022_131851_V06,75.405,0.072,352.459,356.217,16.256,-84.389,44.654,8128.178,38445.651,20231022_091851
5,KAPX20231022_132601_V06,82.572,0.069,352.237,360.611,23.481,-84.391,44.634,11740.745,40007.338,20231022_092601
1,KAPX20231022_122841_V06,25.239,0.078,350.075,374.371,16.225,-84.405,44.572,8112.480,44828.899,20231022_082841
2,KAPX20231022_125010_V06,46.722,0.562,533.652,485.532,36.761,-83.262,44.063,18380.545,149177.527,20231022_085010
3,KAPX20231022_125010_V06,46.722,0.055,348.547,399.739,8.111,-84.415,44.458,4055.355,55463.500,20231022_085010
15,KAPX20231025_131153_V06,64.437,0.075,224.348,558.610,28.409,-85.189,43.743,14204.693,134724.226,20231025_091153
1,KAPX20231026_113921_V06,-29.438,0.129,29.472,441.254,44.022,-86.414,44.259,22010.860,152592.904,20231026_073921
1,KAPX20231026_114430_V06,-24.288,0.276,29.280,441.026,50.318,-86.415,44.260,25158.825,152624.854,20231026_074430
1,KAPX20231026_114952_V06,-18.921,0.088,31.139,434.765,54.934,-86.404,44.288,27466.827,150372.892,20231026_074952
1,KAPX20231026_120039_V06,-8.138,0.067,38.692,423.284,52.171,-86.358,44.341,26085.431,144465.357,20231026_080039
3,KAPX20231026_121820_V06,9.546,0.202,15.939,410.678,16.200,-86.503,44.395,8100.069,152430.622,20231026_081820
2,KAPX20231027_114801_V06,-22.117,0.061,447.572,86.265,16.187,-83.770,45.865,8093.483,129865.417,20231027_074801
31,KAPX20231028_122907_V06,17.634,0.052,170.985,440.108,34.024,-85.528,44.274,17011.753,95230.167,20231028_082907
31,KAPX20231028_123339_V06,22.167,0.108,171.466,441.787,40.456,-85.525,44.266,20227.860,95687.788,20231028_083339
31,KAPX20231028_123806_V06,26.617,0.169,177.715,443.791,31.067,-85.485,44.258,15533.596,94379.041,20231028_083806
31,KAPX20231028_124509_V06,33.667,0.050,177.597,446.472,39.252,-85.486,44.246,19626.214,95441.926,20231028_084509
31,KAPX20231028_125213_V06,40.734,0.194,183.273,440.389,14.513,-85.451,44.273,7256.344,91288.186,20231028_085213
53,KAPX20231028_131331_V06,62.034,0.062,327.854,328.751,23.676,-84.544,44.778,11838.097,20015.398,20231028_091331
53,KAPX20231028_132144_V06,70.251,0.084,329.684,333.935,30.572,-84.532,44.754,15286.009,22542.696,20231028_092144
53,KAPX20231028_132848_V06,77.317,0.139,349.431,342.014,16.929,-84.408,44.718,8464.640,32436.677,20231028_092848
2,KAPX20231028_114308_V06,-28.349,0.259,308.889,103.520,41.535,-84.663,45.791,20767.532,98340.366,20231028_074308
14,KAPX20231028_120113_V06,-10.266,0.104,475.615,292.676,15.098,-83.607,44.935,7548.958,87883.745,20231028_080113
24,KAPX20231028_121941_V06,8.201,0.070,174.147,445.912,30.139,-85.508,44.248,15069.355,96344.822,20231028_081941
32,KAPX20231028_123339_V06,22.167,0.642,397.695,289.794,18.154,-84.101,44.951,9076.866,49113.170,20231028_083339
40,KAPX20231028_124509_V06,33.667,0.180,325.989,455.878,26.298,-84.557,44.206,13148.784,79014.738,20231028_084509
45,KAPX20231028_125213_V06,40.734,0.081,373.320,360.740,13.723,-84.258,44.633,6861.420,47605.804,20231028_085213
50,KAPX20231028_130632_V06,55.051,0.055,314.167,328.131,28.776,-84.630,44.781,14387.947,15748.323,20231028_090632
54,KAPX20231028_131331_V06,62.034,0.051,387.189,373.204,11.271,-84.171,44.577,5635.448,56922.599,20231028_091331
56,KAPX20231028_132144_V06,70.251,0.126,443.509,267.607,14.757,-83.809,45.049,7378.616,73559.798,20231028_092144
58,KAPX20231028_132144_V06,70.251,0.063,232.261,384.725,25.181,-85.146,44.525,12590.622,54237.802,20231028_092144
61,KAPX20231028_132848_V06,77.317,0.099,271.940,169.786,25.459,-84.899,45.493,12729.446,66601.614,20231028_092848
72,KAPX20231029_131627_V06,63.614,0.152,43.224,469.357,45.204,-86.324,44.134,22601.772,153798.469,20231029_091627
72,KAPX20231029_132449_V06,71.981,0.089,40.433,461.476,54.978,-86.343,44.169,27489.231,152847.438,20231029_092449
72,KAPX20231029_133159_V06,79.148,0.058,47.231,444.221,59.466,-86.302,44.247,29733.071,145509.356,20231029_093159
8,KAPX20231029_114314_V06,-29.602,0.058,98.331,295.829,32.976,-85.997,44.919,16487.776,100856.255,20231029_074314
8,KAPX20231029_115023_V06,-22.452,0.060,98.100,295.418,40.333,-85.998,44.921,20166.279,100976.027,20231029_075023
8,KAPX20231029_120443_V06,-8.119,-1.000,97.686,294.680,55.926,-86.001,44.924,27962.774,101191.930,20231029_080443
8,KAPX20231029_121153_V06,-0.952,0.052,105.671,298.183,31.056,-85.950,44.909,15528.027,97168.606,20231029_081153
11,KAPX20231029_115023_V06,-22.452,0.316,315.428,361.596,4.703,-84.623,44.630,2351.723,31749.314,20231029_075023
11,KAPX20231029_120443_V06,-8.119,0.179,341.967,352.141,11.859,-84.455,44.672,5929.315,33465.876,20231029_080443
3,KAPX20231029_114314_V06,-29.602,0.168,374.982,269.137,10.087,-84.244,45.045,5043.747,40542.930,20231029_074314
23,KAPX20231029_121153_V06,-0.952,0.601,50.036,335.179,18.032,-86.298,44.738,9016.044,126213.720,20231029_081153
37,KAPX20231029_122614_V06,13.398,0.060,236.448,360.304,30.342,-85.120,44.635,15171.173,43804.739,20231029_082614
56,KAPX20231029_124746_V06,34.931,0.105,241.288,358.462,28.165,-85.090,44.644,14082.567,41427.665,20231029_084746
82,KAPX20231029_133159_V06,79.148,0.098,273.406,469.771,14.190,-84.886,44.143,7095.032,85920.634,20231029_093159
39,KAPX20231030_133357_V06,79.758,0.110,95.608,369.052,22.228,-86.007,44.589,11113.981,107870.456,20231030_093357
39,KAPX20231030_134106_V06,86.908,0.079,98.957,369.420,29.157,-85.986,44.588,14578.501,106345.247,20231030_094106
6,KAPX20231030_115222_V06,-21.825,0.108,277.005,425.520,50.031,-84.864,44.342,25015.255,63804.628,20231030_075222
8,KAPX20231030_120642_V06,-7.492,0.052,272.772,50.725,31.028,-84.896,46.029,15514.114,125378.769,20231030_080642
35,KAPX20231030_131823_V06,64.191,0.078,87.111,360.621,13.906,-86.061,44.627,6952.976,110675.896,20231030_091823
13,KAPX20231031_120859_V06,-6.568,0.077,119.351,515.966,37.707,-85.845,43.930,18853.386,140779.735,20231031_080859
13,KAPX20231031_121609_V06,0.598,0.183,120.400,518.949,45.784,-85.838,43.916,22892.194,141593.299,20231031_081609
13,KAPX20231031_122320_V06,7.782,0.166,129.730,517.559,39.508,-85.780,43.923,19754.204,138133.719,20231031_082320
38,KAPX20231031_132040_V06,65.115,0.180,41.671,380.229,34.905,-86.345,44.535,17452.492,135250.491,20231031_092040
38,KAPX20231031_132749_V06,72.265,-1.000,41.671,380.229,46.273,-86.345,44.535,23136.742,135250.491,20231031_092749
38,KAPX20231031_133613_V06,80.665,-1.000,41.671,380.229,59.629,-86.345,44.535,29814.742,135250.491,20231031_093613
38,KAPX20231031_134325_V06,87.865,0.085,51.146,367.985,57.037,-86.287,44.591,28518.580,128986.752,20231031_094325
4,KAPX20231031_114740_V06,-27.885,0.107,445.267,355.101,56.966,-83.804,44.656,28483.177,77683.341,20231031_074740
19,KAPX20231031_121609_V06,0.598,0.084,52.515,295.334,34.795,-86.287,44.917,17397.682,123764.670,20231031_081609
31,KAPX20231031_123739_V06,22.098,0.052,233.026,121.159,24.814,-85.150,45.711,12407.116,95485.306,20231031_083739
33,KAPX20231031_124450_V06,29.282,0.087,355.001,99.427,29.387,-84.366,45.809,14693.516,103988.984,20231031_084450
49,KAPX20231031_133613_V06,80.665,0.221,47.340,376.693,32.519,-86.310,44.551,16259.558,132021.663,20231031_093613
