track_id,filename,sweep_idx,sweep_angle,count_scaling,n_roost_pixels,n_weather_pixels,n_highZ_pixels_60,n_highZ_pixels_40,n_animals,n_animals_60,n_animals_40
KSJT20020101-5,KSJT20020102_005027,0,0.500,1.200,3195,nan,0,0,16162.182,16162.182,16162.182
KSJT20020101-5,KSJT20020102_005027,2,1.400,1.200,3192,nan,0,0,34468.742,34468.742,34468.742
KSJT20020101-5,KSJT20020102_005027,4,2.300,1.200,3462,nan,0,0,183.851,183.851,183.851
KSJT20020101-5,KSJT20020102_005621,0,0.500,1.200,5454,nan,0,0,28589.793,28589.793,28589.793
KSJT20020101-5,KSJT20020102_005621,2,1.400,1.200,5446,nan,0,0,43935.789,43935.789,43935.789
KSJT20020101-5,KSJT20020102_005621,4,2.400,1.200,5457,nan,0,0,1508.552,1508.552,1508.552
KSJT20020101-5,KSJT20020102_010216,0,0.500,1.200,5904,nan,0,0,44015.374,44015.374,44015.374
KSJT20020101-5,KSJT20020102_010216,2,1.500,1.200,5870,nan,0,0,34568.266,34568.266,34568.266
KSJT20020101-1,KSJT20020101_231557,0,0.500,1.200,7455,nan,0,0,37884.778,37884.778,37884.778
KSJT20020101-1,KSJT20020101_231557,2,1.500,1.200,7128,nan,0,0,24834.365,24834.365,24834.365
KSJT20020101-1,KSJT20020101_231557,4,2.400,1.200,7128,nan,0,0,9287.151,9287.151,9287.151
KSJT20020101-1,KSJT20020101_231557,5,3.400,1.200,7135,nan,0,0,2074.031,2074.031,2074.031
KSJT20020101-1,KSJT20020101_231557,6,4.200,1.200,7145,nan,0,0,482.282,482.282,482.282
KSJT20020101-1,KSJT20020101_231557,7,5.800,1.200,7158,nan,0,0,855.372,855.372,855.372
KSJT20020101-2,KSJT20020101_232151,0,0.500,1.200,3408,nan,0,0,41056.277,41056.277,41056.277
KSJT20020101-2,KSJT20020101_232151,2,1.400,1.200,3407,nan,0,0,25944.496,25944.496,25944.496
KSJT20020101-2,KSJT20020101_232151,4,2.400,1.200,3405,nan,0,0,7033.409,7033.409,7033.409
KSJT20020101-2,KSJT20020101_232151,5,3.400,1.200,3402,nan,0,0,4799.688,4799.688,4799.688
KSJT20020101-2,KSJT20020101_232151,6,4.400,1.200,3575,nan,0,0,965.512,965.512,965.512
KSJT20020101-3,KSJT20020102_001501,0,0.500,1.200,2501,nan,0,0,54734.804,54734.804,54734.804
KSJT20020101-3,KSJT20020102_001501,2,1.400,1.200,2487,nan,0,0,28952.426,28952.426,28952.426
KSJT20020101-3,KSJT20020102_001501,4,2.400,1.200,2527,nan,0,0,3600.284,3600.284,3600.284
KSJT20020101-3,KSJT20020102_001501,5,3.300,1.200,2518,nan,0,0,92.445,92.445,92.445
KSJT20020101-3,KSJT20020102_001501,6,4.200,1.200,2501,nan,0,0,6.351,6.351,6.351
KSJT20020101-4,KSJT20020102_005027,0,0.500,1.200,2155,nan,0,0,1130.409,1130.409,1130.409
KSJT20020101-4,KSJT20020102_005027,2,1.400,1.200,2159,nan,0,0,1485.449,1485.449,1485.449
KSJT20020101-6,KSJT20020102_014337,0,0.500,1.200,2645,nan,0,0,480753.249,480753.249,480753.249
KSJT20020101-6,KSJT20020102_014337,2,1.400,1.200,3011,nan,0,0,3586.713,3586.713,3586.713
KSJT20020104-3,KSJT20020104_235847,0,0.500,1.200,16576,nan,0,0,57789.728,57789.728,57789.728
KSJT20020104-3,KSJT20020104_235847,2,1.500,1.200,16554,nan,0,0,58488.808,58488.808,58488.808
KSJT20020104-3,KSJT20020104_235847,4,2.400,1.200,16546,nan,0,0,56202.630,56202.630,56202.630
KSJT20020104-3,KSJT20020104_235847,5,3.300,1.200,16291,nan,0,0,102202.765,102202.765,102202.765
KSJT20020104-3,KSJT20020104_235847,6,4.300,1.200,16314,nan,0,0,27968.218,27968.218,27968.218
KSJT20020104-3,KSJT20020104_235847,7,5.800,1.200,16335,nan,0,0,6522.323,6522.323,6522.323
KSJT20020104-3,KSJT20020104_235847,8,9.900,1.200,16444,nan,0,0,4329.763,4329.763,4329.763
KSJT20020104-3,KSJT20020104_235847,9,14.700,1.200,16657,nan,0,0,4335.439,4335.439,4335.439
KSJT20020104-3,KSJT20020105_000442,0,0.500,1.200,28576,nan,0,4,56756.934,56756.934,56746.340
KSJT20020104-3,KSJT20020105_000442,2,1.400,1.200,28749,nan,0,0,60676.051,60676.051,60676.051
KSJT20020104-3,KSJT20020105_000442,4,2.400,1.200,28647,nan,0,0,126802.130,126802.130,126802.130
KSJT20020104-3,KSJT20020105_000442,5,3.300,1.200,28853,nan,0,0,61394.381,61394.381,61394.381
KSJT20020104-3,KSJT20020105_000442,6,4.400,1.200,28802,nan,0,0,27611.900,27611.900,27611.900
KSJT20020104-3,KSJT20020105_000442,7,5.800,1.200,28792,nan,0,0,9501.549,9501.549,9501.549
KSJT20020104-3,KSJT20020105_000442,8,9.900,1.200,28801,nan,0,0,13090.652,13090.652,13090.652
KSJT20020104-3,KSJT20020105_000442,9,14.800,1.200,29155,nan,0,0,2919.424,2919.424,2919.424
KSJT20020104-3,KSJT20020105_001037,0,0.500,1.200,11443,nan,0,0,59988.185,59988.185,59988.185
KSJT20020104-3,KSJT20020105_001037,2,1.400,1.200,11450,nan,0,0,92803.169,92803.169,92803.169
KSJT20020104-3,KSJT20020105_001037,4,2.500,1.200,11442,nan,0,12,408946.755,408946.755,360150.127
KSJT20020104-3,KSJT20020105_001037,5,3.300,1.200,11458,nan,0,0,37921.638,37921.638,37921.638
KSJT20020104-3,KSJT20020105_001037,6,4.300,1.200,11688,nan,0,0,20298.686,20298.686,20298.686
KSJT20020104-3,KSJT20020105_001037,7,5.800,1.200,11960,nan,0,0,25177.832,25177.832,25177.832
KSJT20020104-3,KSJT20020105_001037,8,10.000,1.200,12005,nan,0,0,8610.137,8610.137,8610.137
KSJT20020104-7,KSJT20020105_005748,0,0.500,1.200,1240,nan,0,0,34643.777,34643.777,34643.777
KSJT20020104-7,KSJT20020105_005748,2,1.500,1.200,1236,nan,0,0,41505.329,41505.329,41505.329
KSJT20020104-7,KSJT20020105_005748,4,2.500,1.200,1238,nan,0,0,29080.537,29080.537,29080.537
KSJT20020104-7,KSJT20020105_010342,0,0.500,1.200,2586,nan,0,0,52040.066,52040.066,52040.066
KSJT20020104-7,KSJT20020105_010342,2,1.500,1.200,2583,nan,0,0,127776.437,127776.437,127776.437
KSJT20020104-7,KSJT20020105_010342,4,2.400,1.200,2589,nan,0,0,128179.706,128179.706,128179.706
KSJT20020104-7,KSJT20020105_010938,0,0.500,1.200,1917,nan,0,0,34238.413,34238.413,34238.413
KSJT20020104-7,KSJT20020105_010938,2,1.500,1.200,2109,nan,0,0,135339.598,135339.598,135339.598
KSJT20020104-7,KSJT20020105_010938,4,2.500,1.200,1918,nan,0,0,84469.109,84469.109,84469.109
KSJT20020104-9,KSJT20020105_010938,0,0.500,1.200,2440,nan,0,0,3275.305,3275.305,3275.305
KSJT20020104-9,KSJT20020105_010938,2,1.500,1.200,2451,nan,0,0,17932.808,17932.808,17932.808
KSJT20020104-9,KSJT20020105_010938,4,2.500,1.200,2450,nan,0,0,14671.021,14671.021,14671.021
KSJT20020104-9,KSJT20020105_010938,5,3.300,1.200,2445,nan,0,0,8659.403,8659.403,8659.403
KSJT20020104-9,KSJT20020105_011532,0,0.500,1.200,5486,nan,0,0,7807.973,7807.973,7807.973
KSJT20020104-9,KSJT20020105_011532,2,1.500,1.200,5120,nan,0,0,13641.031,13641.031,13641.031
KSJT20020104-9,KSJT20020105_011532,4,2.400,1.200,5116,nan,0,0,19757.670,19757.670,19757.670
KSJT20020104-9,KSJT20020105_011532,5,3.300,1.200,5130,nan,0,0,12926.208,12926.208,12926.208
KSJT20020104-13,KSJT20020105_020417,0,0.500,1.200,7416,nan,0,0,46269.994,46269.994,46269.994
KSJT20020104-13,KSJT20020105_020417,2,1.400,1.200,7417,nan,0,0,49268.606,49268.606,49268.606
KSJT20020104-13,KSJT20020105_020417,4,2.500,1.200,7415,nan,0,0,37465.516,37465.516,37465.516
KSJT20020104-13,KSJT20020105_020417,5,3.300,1.200,7430,nan,0,0,33470.215,33470.215,33470.215
KSJT20020104-13,KSJT20020105_020417,6,4.400,1.200,7426,nan,0,0,24764.397,24764.397,24764.397
KSJT20020104-13,KSJT20020105_020417,7,5.800,1.200,7457,nan,0,0,8321.806,8321.806,8321.806
KSJT20020104-13,KSJT20020105_020417,8,10.000,1.200,7663,nan,0,0,3318.850,3318.850,3318.850
KSJT20020104-13,KSJT20020105_021012,0,0.500,1.200,14578,nan,0,0,53829.316,53829.316,53829.316
KSJT20020104-13,KSJT20020105_021012,2,1.400,1.200,14584,nan,0,0,36982.177,36982.177,36982.177
KSJT20020104-13,KSJT20020105_021012,4,2.400,1.200,14596,nan,0,0,29689.374,29689.374,29689.374
KSJT20020104-13,KSJT20020105_021012,5,3.300,1.200,14604,nan,0,0,28722.983,28722.983,28722.983
KSJT20020104-13,KSJT20020105_021012,6,4.300,1.200,14611,nan,0,0,26759.392,26759.392,26759.392
KSJT20020104-13,KSJT20020105_021012,7,5.800,1.200,14653,nan,0,0,19698.993,19698.993,19698.993
KSJT20020104-13,KSJT20020105_021012,8,9.900,1.200,14769,nan,0,0,10436.994,10436.994,10436.994
KSJT20020104-13,KSJT20020105_021607,0,0.500,1.200,6738,nan,0,0,54357.383,54357.383,54357.383
KSJT20020104-13,KSJT20020105_021607,2,1.500,1.200,6515,nan,0,0,27309.977,27309.977,27309.977
KSJT20020104-13,KSJT20020105_021607,4,2.500,1.200,6518,nan,0,0,25611.302,25611.302,25611.302
KSJT20020104-13,KSJT20020105_021607,5,3.300,1.200,6526,nan,0,0,24501.816,24501.816,24501.816
KSJT20020104-13,KSJT20020105_021607,6,4.300,1.200,6540,nan,0,0,26047.767,26047.767,26047.767
KSJT20020104-13,KSJT20020105_021607,7,5.800,1.200,6551,nan,0,0,16727.135,16727.135,16727.135
KSJT20020104-13,KSJT20020105_021607,8,9.900,1.200,6602,nan,0,0,24458.249,24458.249,24458.249
KSJT20020104-1,KSJT20020104_223013,0,0.500,1.200,1127,nan,0,0,7800.972,7800.972,7800.972
KSJT20020104-1,KSJT20020104_223013,2,1.500,1.200,1133,nan,0,0,8888.009,8888.009,8888.009
KSJT20020104-1,KSJT20020104_223013,4,2.500,1.200,1127,nan,0,0,22086.739,22086.739,22086.739
KSJT20020104-1,KSJT20020104_223013,5,3.300,1.200,1138,nan,0,0,7029.200,7029.200,7029.200
KSJT20020104-2,KSJT20020104_224202,0,0.500,1.200,2755,nan,0,0,24370.164,24370.164,24370.164
KSJT20020104-2,KSJT20020104_224202,2,1.400,1.200,2559,nan,0,0,75022.657,75022.657,75022.657
KSJT20020104-2,KSJT20020104_224202,4,2.500,1.200,2539,nan,0,2,665970.653,665970.653,658626.002
KSJT20020104-2,KSJT20020104_224202,5,3.300,1.200,2558,nan,0,47,939405.758,939405.758,840312.433
KSJT20020104-2,KSJT20020104_224202,6,4.300,1.200,2562,nan,0,0,289339.522,289339.522,289339.522
KSJT20020104-2,KSJT20020104_224202,7,5.800,1.200,2570,nan,0,0,50814.078,50814.078,50814.078
KSJT20020104-5,KSJT20020105_005153,0,0.500,1.200,56,nan,0,0,696.867,696.867,696.867
KSJT20020104-5,KSJT20020105_005153,2,1.500,1.200,55,nan,0,0,2441.412,2441.412,2441.412
KSJT20020104-5,KSJT20020105_005153,4,2.400,1.200,54,nan,0,0,1082.027,1082.027,1082.027
KSJT20020104-5,KSJT20020105_005153,5,3.300,1.200,54,nan,0,0,580.890,580.890,580.890
KSJT20020104-8,KSJT20020105_010342,0,0.500,1.200,3453,nan,0,0,1153.423,1153.423,1153.423
KSJT20020104-8,KSJT20020105_010342,2,1.500,1.200,3455,nan,0,0,4153.335,4153.335,4153.335
KSJT20020104-8,KSJT20020105_010342,4,2.400,1.200,3428,nan,0,0,3533.809,3533.809,3533.809
KSJT20020104-11,KSJT20020105_011532,0,0.500,1.200,1279,nan,0,0,156859.691,156859.691,156859.691
KSJT20020104-12,KSJT20020105_015229,0,0.500,1.200,52,nan,0,0,204.308,204.308,204.308
KSJT20020104-12,KSJT20020105_015229,2,1.500,1.200,55,nan,0,0,1049.915,1049.915,1049.915
KSJT20020104-12,KSJT20020105_015229,4,2.400,1.200,53,nan,0,0,603.126,603.126,603.126
KSJT20020108-2,KSJT20020109_015731,0,0.500,1.200,2408,nan,0,0,11240.488,11240.488,11240.488
KSJT20020108-2,KSJT20020109_020726,0,0.500,1.200,3598,nan,0,0,11340.671,11340.671,11340.671
KSJT20020108-1,KSJT20020108_234157,0,0.500,1.200,3736,nan,0,0,1055.920,1055.920,1055.920
KSJT20020108-1,KSJT20020108_234157,2,1.400,1.200,3738,nan,0,0,1.461,1.461,1.461
KSJT20020108-1,KSJT20020108_234157,4,2.500,1.200,3727,nan,0,0,0.442,0.442,0.442
KSJT20020108-1,KSJT20020108_234157,5,3.500,1.200,3735,nan,0,0,0.444,0.444,0.444
KSJT20020108-1,KSJT20020108_234157,6,4.500,1.200,3740,nan,0,0,0.446,0.446,0.446
