track_id,filename,sweep_idx,sweep_angle,count_scaling,n_roost_pixels,n_weather_pixels,n_highZ_pixels_60,n_highZ_pixels_40,n_animals,n_animals_60,n_animals_40
KDFX20041129-6,KDFX20041129_234540,0,0.400,1.200,2153,nan,0,0,382400.241,382400.241,382400.241
KDFX20041129-6,KDFX20041129_234540,2,1.600,1.200,2154,nan,0,0,10374.172,10374.172,10374.172
KDFX20041129-6,KDFX20041129_234540,4,2.400,1.200,2163,nan,0,0,0.724,0.724,0.724
KDFX20041129-6,KDFX20041129_234540,5,3.200,1.200,2164,nan,0,0,0.726,0.726,0.726
KDFX20041129-6,KDFX20041129_234540,6,4.200,1.200,2168,nan,0,0,0.729,0.729,0.729
KDFX20041129-6,KDFX20041129_235127,0,0.400,1.200,4524,nan,0,0,308532.881,308532.881,308532.881
KDFX20041129-6,KDFX20041129_235127,2,1.500,1.200,4531,nan,0,0,6048.878,6048.878,6048.878
KDFX20041129-6,KDFX20041129_235127,4,2.500,1.200,4912,nan,0,0,1.609,1.609,1.609
KDFX20041129-6,KDFX20041129_235127,5,3.300,1.200,4951,nan,0,0,1.644,1.644,1.644
KDFX20041129-6,KDFX20041129_235127,6,4.200,1.200,4747,nan,0,0,1.565,1.565,1.565
KDFX20041129-6,KDFX20041129_235715,0,0.400,1.200,6584,nan,0,0,204198.641,204198.641,204198.641
KDFX20041129-6,KDFX20041129_235715,2,1.500,1.200,6575,nan,0,0,6413.893,6413.893,6413.893
KDFX20041129-6,KDFX20041129_235715,4,2.400,1.200,6550,nan,0,0,1.808,1.808,1.808
KDFX20041129-6,KDFX20041129_235715,5,3.300,1.200,6560,nan,0,0,1.779,1.779,1.779
KDFX20041129-6,KDFX20041129_235715,6,4.300,1.200,6571,nan,0,0,1.785,1.785,1.785
KDFX20041129-6,KDFX20041130_000405,0,0.200,1.200,6696,nan,0,0,196165.690,196165.690,196165.690
KDFX20041129-6,KDFX20041130_000405,2,1.500,1.200,6419,nan,0,0,4860.022,4860.022,4860.022
KDFX20041129-6,KDFX20041130_000405,4,2.400,1.200,6384,nan,0,0,3.118,3.118,3.118
KDFX20041129-6,KDFX20041130_000405,5,3.300,1.200,6397,nan,0,0,1.405,1.405,1.405
KDFX20041129-6,KDFX20041130_000405,6,4.200,1.200,6397,nan,0,0,1.409,1.409,1.409
KDFX20041129-6,KDFX20041130_000953,0,0.400,1.200,7189,nan,0,0,224873.485,224873.485,224873.485
KDFX20041129-6,KDFX20041130_000953,2,1.600,1.200,7194,nan,0,0,8702.846,8702.846,8702.846
KDFX20041129-6,KDFX20041130_000953,4,2.400,1.200,7156,nan,0,0,34.753,34.753,34.753
KDFX20041129-6,KDFX20041130_000953,5,3.400,1.200,7163,nan,0,0,1.568,1.568,1.568
KDFX20041129-6,KDFX20041130_000953,6,4.200,1.200,7166,nan,0,0,1.712,1.712,1.712
KDFX20041129-6,KDFX20041130_000953,7,5.900,1.200,7196,nan,0,0,1.321,1.321,1.321
KDFX20041129-6,KDFX20041130_001540,0,0.400,1.200,14796,nan,0,16,260525.735,260525.735,247074.633
KDFX20041129-6,KDFX20041130_001540,2,1.500,1.200,14812,nan,0,0,27816.606,27816.606,27816.606
KDFX20041129-6,KDFX20041130_001540,4,2.400,1.200,14848,nan,0,0,2315.834,2315.834,2315.834
KDFX20041129-6,KDFX20041130_001540,5,3.300,1.200,14858,nan,0,0,52.699,52.699,52.699
KDFX20041129-6,KDFX20041130_001540,6,4.300,1.200,14869,nan,0,0,9.298,9.298,9.298
KDFX20041129-6,KDFX20041130_001540,7,5.900,1.200,14900,nan,0,0,5.189,5.189,5.189
KDFX20041129-6,KDFX20041130_002127,0,0.400,1.200,21845,nan,0,10,271955.548,271955.548,259286.293
KDFX20041129-6,KDFX20041130_002127,2,1.500,1.200,21857,nan,0,0,39695.010,39695.010,39695.010
KDFX20041129-6,KDFX20041130_002127,4,2.400,1.200,21999,nan,0,0,4519.983,4519.983,4519.983
KDFX20041129-6,KDFX20041130_002127,5,3.400,1.200,22118,nan,0,0,416.597,416.597,416.597
KDFX20041129-6,KDFX20041130_002127,6,4.200,1.200,22377,nan,0,0,46.456,46.456,46.456
KDFX20041129-6,KDFX20041130_002127,7,6.000,1.200,22675,nan,0,0,9.215,9.215,9.215
KDFX20041129-6,KDFX20041130_002716,0,0.400,1.200,29296,nan,0,67,284777.850,284777.850,260141.515
KDFX20041129-6,KDFX20041130_002716,2,1.500,1.200,29301,nan,0,0,52830.430,52830.430,52830.430
KDFX20041129-6,KDFX20041130_002716,4,2.400,1.200,29317,nan,0,0,6435.005,6435.005,6435.005
KDFX20041129-6,KDFX20041130_002716,5,3.400,1.200,29340,nan,0,0,1530.117,1530.117,1530.117
KDFX20041129-6,KDFX20041130_002716,6,4.200,1.200,29369,nan,0,0,420.574,420.574,420.574
KDFX20041129-6,KDFX20041130_002716,7,5.900,1.200,29451,nan,0,0,113.208,113.208,113.208
KDFX20041129-6,KDFX20041130_003303,0,0.400,1.200,35371,nan,0,140,344766.492,344766.492,322421.241
KDFX20041129-6,KDFX20041130_003303,2,1.600,1.200,35458,nan,0,0,56851.509,56851.509,56851.509
KDFX20041129-6,KDFX20041130_003303,4,2.400,1.200,35577,nan,0,0,6292.403,6292.403,6292.403
KDFX20041129-6,KDFX20041130_003303,5,3.300,1.200,35588,nan,0,0,1438.272,1438.272,1438.272
KDFX20041129-6,KDFX20041130_003303,6,4.300,1.200,35493,nan,0,0,421.326,421.326,421.326
KDFX20041129-6,KDFX20041130_003303,7,5.900,1.200,35548,nan,0,0,126.130,126.130,126.130
KDFX20041129-6,KDFX20041130_003851,0,0.400,1.200,37798,nan,0,209,309505.414,309505.414,259721.505
KDFX20041129-6,KDFX20041130_003851,2,1.600,1.200,37826,nan,0,0,56821.478,56821.478,56821.478
KDFX20041129-6,KDFX20041130_003851,4,2.400,1.200,37830,nan,0,0,4374.414,4374.414,4374.414
KDFX20041129-6,KDFX20041130_003851,5,3.400,1.200,37884,nan,0,0,1096.497,1096.497,1096.497
KDFX20041129-6,KDFX20041130_003851,6,4.200,1.200,37997,nan,0,0,287.417,287.417,287.417
KDFX20041129-6,KDFX20041130_003851,7,5.900,1.200,38083,nan,0,0,92.662,92.662,92.662
KDFX20041129-6,KDFX20041130_004439,0,0.400,1.200,41408,nan,0,188,286185.923,286185.923,256983.836
KDFX20041129-6,KDFX20041130_004439,2,1.600,1.200,41257,nan,0,0,61170.912,61170.912,61170.912
KDFX20041129-6,KDFX20041130_004439,4,2.400,1.200,41276,nan,0,0,4743.682,4743.682,4743.682
KDFX20041129-6,KDFX20041130_004439,5,3.400,1.200,41083,nan,0,0,946.623,946.623,946.623
KDFX20041129-6,KDFX20041130_004439,6,4.200,1.200,40911,nan,0,0,412.734,412.734,412.734
KDFX20041129-6,KDFX20041130_004439,7,5.900,1.200,40962,nan,0,0,148.560,148.560,148.560
KDFX20041129-6,KDFX20041130_005027,0,0.400,1.200,43588,nan,0,314,375704.031,375704.031,242879.909
KDFX20041129-6,KDFX20041130_005027,2,1.500,1.200,43593,nan,0,0,65851.021,65851.021,65851.021
KDFX20041129-6,KDFX20041130_005027,4,2.400,1.200,43611,nan,0,0,11763.157,11763.157,11763.157
KDFX20041129-6,KDFX20041130_005027,5,3.400,1.200,43666,nan,0,0,1352.129,1352.129,1352.129
KDFX20041129-6,KDFX20041130_005027,6,4.300,1.200,43734,nan,0,0,605.189,605.189,605.189
KDFX20041129-6,KDFX20041130_005027,7,5.900,1.200,43886,nan,0,0,112.432,112.432,112.432
KDFX20041129-2,KDFX20041129_225918,0,0.400,1.200,538,nan,0,0,1904.520,1904.520,1904.520
KDFX20041129-2,KDFX20041129_225918,2,1.500,1.200,575,nan,0,0,0.597,0.597,0.597
KDFX20041129-2,KDFX20041129_230505,0,0.400,1.200,1404,nan,0,0,5782.685,5782.685,5782.685
KDFX20041129-2,KDFX20041129_230505,2,1.600,1.200,1406,nan,0,0,15.754,15.754,15.754
KDFX20041129-2,KDFX20041129_231054,0,0.400,1.200,2409,nan,0,0,11962.771,11962.771,11962.771
KDFX20041129-2,KDFX20041129_231054,2,1.500,1.200,2410,nan,0,0,7.475,7.475,7.475
KDFX20041129-2,KDFX20041129_231642,0,0.400,1.200,3035,nan,0,0,23920.028,23920.028,23920.028
KDFX20041129-2,KDFX20041129_231642,2,1.500,1.200,3029,nan,0,0,312.980,312.980,312.980
KDFX20041129-2,KDFX20041129_232230,0,0.400,1.200,2864,nan,0,0,32317.706,32317.706,32317.706
KDFX20041129-2,KDFX20041129_232230,2,1.500,1.200,2865,nan,0,0,2503.636,2503.636,2503.636
KDFX20041129-2,KDFX20041129_232230,4,2.400,1.200,2870,nan,0,0,156.063,156.063,156.063
KDFX20041129-2,KDFX20041129_232816,0,0.400,1.200,3602,nan,0,0,42917.114,42917.114,42917.114
KDFX20041129-2,KDFX20041129_232816,2,1.600,1.200,3601,nan,0,0,11788.839,11788.839,11788.839
KDFX20041129-2,KDFX20041129_232816,4,2.400,1.200,3604,nan,0,0,187.540,187.540,187.540
KDFX20041129-2,KDFX20041129_233404,0,0.400,1.200,5398,nan,0,0,72258.422,72258.422,72258.422
KDFX20041129-2,KDFX20041129_233404,2,1.500,1.200,5405,nan,0,0,29144.459,29144.459,29144.459
KDFX20041129-2,KDFX20041129_233404,4,2.400,1.200,5416,nan,0,0,21.004,21.004,21.004
KDFX20041129-2,KDFX20041129_234540,0,0.400,1.200,6794,nan,0,0,48512.396,48512.396,48512.396
KDFX20041129-2,KDFX20041129_234540,2,1.600,1.200,6797,nan,0,0,375.613,375.613,375.613
KDFX20041129-2,KDFX20041129_234540,4,2.400,1.200,6817,nan,0,0,5.378,5.378,5.378
KDFX20041129-2,KDFX20041129_235127,0,0.400,1.200,9428,nan,0,0,45117.278,45117.278,45117.278
KDFX20041129-2,KDFX20041129_235127,2,1.500,1.200,9456,nan,0,0,548.981,548.981,548.981
KDFX20041129-2,KDFX20041129_235127,4,2.500,1.200,9479,nan,0,0,7.406,7.406,7.406
KDFX20041129-2,KDFX20041129_235715,0,0.400,1.200,10701,nan,0,0,40691.564,40691.564,40691.564
KDFX20041129-2,KDFX20041129_235715,2,1.500,1.200,10762,nan,0,0,9657.827,9657.827,9657.827
KDFX20041129-2,KDFX20041129_235715,4,2.400,1.200,10650,nan,0,0,7.937,7.937,7.937
KDFX20041129-2,KDFX20041130_000405,0,0.200,1.200,13282,nan,0,0,71640.540,71640.540,71640.540
KDFX20041129-2,KDFX20041130_000405,2,1.500,1.200,13303,nan,0,0,36203.608,36203.608,36203.608
KDFX20041129-2,KDFX20041130_000405,4,2.400,1.200,13235,nan,0,0,14.735,14.735,14.735
KDFX20041129-7,KDFX20041129_235127,0,0.400,1.200,577,nan,0,0,2721.536,2721.536,2721.536
KDFX20041129-7,KDFX20041129_235127,2,1.500,1.200,569,nan,0,0,94.659,94.659,94.659
KDFX20041129-7,KDFX20041129_235127,4,2.500,1.200,569,nan,0,0,7.556,7.556,7.556
KDFX20041129-7,KDFX20041129_235127,5,3.300,1.200,572,nan,0,0,0.095,0.095,0.095
KDFX20041129-7,KDFX20041129_235127,6,4.200,1.200,575,nan,0,0,0.095,0.095,0.095
KDFX20041129-7,KDFX20041129_235127,7,5.900,1.200,582,nan,0,0,0.097,0.097,0.097
KDFX20041129-7,KDFX20041129_235715,0,0.400,1.200,2056,nan,0,0,10847.156,10847.156,10847.156
KDFX20041129-7,KDFX20041129_235715,2,1.500,1.200,2058,nan,0,0,208.509,208.509,208.509
KDFX20041129-7,KDFX20041129_235715,4,2.400,1.200,2042,nan,0,0,9.614,9.614,9.614
KDFX20041129-7,KDFX20041129_235715,5,3.300,1.200,2043,nan,0,0,0.489,0.489,0.489
KDFX20041129-7,KDFX20041129_235715,6,4.300,1.200,2047,nan,0,0,0.330,0.330,0.330
KDFX20041129-7,KDFX20041129_235715,7,5.900,1.200,2048,nan,0,0,0.332,0.332,0.332
KDFX20041129-7,KDFX20041130_000405,0,0.200,1.200,4046,nan,0,0,14848.888,14848.888,14848.888
KDFX20041129-7,KDFX20041130_000405,2,1.500,1.200,4043,nan,0,0,322.167,322.167,322.167
KDFX20041129-7,KDFX20041130_000405,4,2.400,1.200,4022,nan,0,0,13.688,13.688,13.688
KDFX20041129-7,KDFX20041130_000405,5,3.300,1.200,4028,nan,0,0,2.777,2.777,2.777
KDFX20041129-7,KDFX20041130_000405,6,4.200,1.200,4029,nan,0,0,0.568,0.568,0.568
KDFX20041129-7,KDFX20041130_000405,7,5.900,1.200,4036,nan,0,0,0.572,0.572,0.572
KDFX20041129-7,KDFX20041130_000953,0,0.400,1.200,3863,nan,0,0,16685.451,16685.451,16685.451
KDFX20041129-7,KDFX20041130_000953,2,1.600,1.200,4116,nan,0,0,201.496,201.496,201.496
KDFX20041129-7,KDFX20041130_000953,4,2.400,1.200,4128,nan,0,0,11.603,11.603,11.603
KDFX20041129-7,KDFX20041130_000953,5,3.400,1.200,4002,nan,0,0,1.145,1.145,1.145
KDFX20041129-7,KDFX20041130_000953,6,4.200,1.200,3858,nan,0,0,0.595,0.595,0.595
KDFX20041129-7,KDFX20041130_000953,7,5.900,1.200,3872,nan,0,0,0.600,0.600,0.600
KDFX20041129-18,KDFX20041130_000405,0,0.200,1.200,394,nan,0,0,1963.299,1963.299,1963.299
KDFX20041129-18,KDFX20041130_000405,2,1.500,1.200,393,nan,0,0,36.523,36.523,36.523
KDFX20041129-18,KDFX20041130_000405,4,2.400,1.200,391,nan,0,0,0.626,0.626,0.626
KDFX20041129-18,KDFX20041130_000405,5,3.300,1.200,393,nan,0,0,0.100,0.100,0.100
KDFX20041129-18,KDFX20041130_000405,6,4.200,1.200,393,nan,0,0,0.100,0.100,0.100
KDFX20041129-18,KDFX20041130_000953,0,0.400,1.200,1305,nan,0,0,3369.624,3369.624,3369.624
KDFX20041129-18,KDFX20041130_000953,2,1.600,1.200,1293,nan,0,0,52.743,52.743,52.743
KDFX20041129-18,KDFX20041130_000953,4,2.400,1.200,1293,nan,0,0,1.437,1.437,1.437
KDFX20041129-18,KDFX20041130_000953,5,3.400,1.200,1293,nan,0,0,0.334,0.334,0.334
KDFX20041129-18,KDFX20041130_000953,6,4.200,1.200,1292,nan,0,0,0.334,0.334,0.334
KDFX20041129-18,KDFX20041130_001540,0,0.400,1.200,1538,nan,0,0,4983.806,4983.806,4983.806
KDFX20041129-18,KDFX20041130_001540,2,1.500,1.200,1542,nan,0,0,53.113,53.113,53.113
KDFX20041129-18,KDFX20041130_001540,4,2.400,1.200,1545,nan,0,0,3.183,3.183,3.183
KDFX20041129-18,KDFX20041130_001540,5,3.300,1.200,1546,nan,0,0,0.415,0.415,0.415
KDFX20041129-18,KDFX20041130_001540,6,4.300,1.200,1551,nan,0,0,0.417,0.417,0.417
KDFX20041129-18,KDFX20041130_002127,0,0.400,1.200,2886,nan,0,0,15970.959,15970.959,15970.959
KDFX20041129-18,KDFX20041130_002127,2,1.500,1.200,2883,nan,0,0,103.274,103.274,103.274
KDFX20041129-18,KDFX20041130_002127,4,2.400,1.200,2889,nan,0,0,28.463,28.463,28.463
KDFX20041129-18,KDFX20041130_002127,5,3.400,1.200,2889,nan,0,0,0.866,0.866,0.866
KDFX20041129-18,KDFX20041130_002127,6,4.200,1.200,2892,nan,0,0,0.868,0.868,0.868
KDFX20041129-14,KDFX20041129_235715,0,0.400,1.200,493,nan,0,0,4159.004,4159.004,4159.004
KDFX20041129-14,KDFX20041129_235715,2,1.500,1.200,491,nan,0,0,364.700,364.700,364.700
KDFX20041129-14,KDFX20041129_235715,4,2.400,1.200,487,nan,0,0,3.655,3.655,3.655
KDFX20041129-14,KDFX20041129_235715,5,3.300,1.200,493,nan,0,0,0.790,0.790,0.790
KDFX20041129-14,KDFX20041129_235715,6,4.300,1.200,491,nan,0,0,5.579,5.579,5.579
KDFX20041129-14,KDFX20041129_235715,7,5.900,1.200,492,nan,0,0,5.356,5.356,5.356
KDFX20041129-14,KDFX20041129_235715,8,10.200,1.200,499,nan,0,0,0.023,0.023,0.023
KDFX20041129-14,KDFX20041130_000405,0,0.200,1.200,1917,nan,0,0,3637.945,3637.945,3637.945
KDFX20041129-14,KDFX20041130_000405,2,1.500,1.200,1925,nan,0,0,1782.727,1782.727,1782.727
KDFX20041129-14,KDFX20041130_000405,4,2.400,1.200,1910,nan,0,0,864.149,864.149,864.149
KDFX20041129-14,KDFX20041130_000405,5,3.300,1.200,1913,nan,0,0,92.280,92.280,92.280
KDFX20041129-14,KDFX20041130_000405,6,4.200,1.200,1914,nan,0,0,35.465,35.465,35.465
KDFX20041129-14,KDFX20041130_000405,7,5.900,1.200,2003,nan,0,0,25.662,25.662,25.662
KDFX20041129-14,KDFX20041130_000405,8,10.100,1.200,2115,nan,0,0,1.868,1.868,1.868
KDFX20041129-14,KDFX20041130_000953,0,0.400,1.200,2377,nan,0,2,4995.709,4995.709,4269.574
KDFX20041129-14,KDFX20041130_000953,2,1.600,1.200,2370,nan,0,0,3718.891,3718.891,3718.891
KDFX20041129-14,KDFX20041130_000953,4,2.400,1.200,2367,nan,0,0,2474.583,2474.583,2474.583
KDFX20041129-14,KDFX20041130_000953,5,3.400,1.200,2368,nan,0,0,137.082,137.082,137.082
KDFX20041129-14,KDFX20041130_000953,6,4.200,1.200,2368,nan,0,0,44.715,44.715,44.715
KDFX20041129-14,KDFX20041130_000953,7,5.900,1.200,2373,nan,0,0,35.033,35.033,35.033
KDFX20041129-14,KDFX20041130_000953,8,10.100,1.200,2410,nan,0,0,0.611,0.611,0.611
KDFX20041129-11,KDFX20041129_235715,0,0.400,1.200,383,nan,0,0,5207.726,5207.726,5207.726
KDFX20041129-11,KDFX20041129_235715,2,1.500,1.200,384,nan,0,0,40.870,40.870,40.870
KDFX20041129-11,KDFX20041129_235715,4,2.400,1.200,384,nan,0,0,17.165,17.165,17.165
KDFX20041129-11,KDFX20041129_235715,5,3.300,1.200,380,nan,0,0,0.116,0.116,0.116
KDFX20041129-11,KDFX20041129_235715,6,4.300,1.200,382,nan,0,0,0.116,0.116,0.116
KDFX20041129-11,KDFX20041130_000405,0,0.200,1.200,943,nan,0,0,24924.092,24924.092,24924.092
KDFX20041129-11,KDFX20041130_000405,2,1.500,1.200,945,nan,0,0,122.205,122.205,122.205
KDFX20041129-11,KDFX20041130_000405,4,2.400,1.200,1084,nan,0,0,58.000,58.000,58.000
KDFX20041129-11,KDFX20041130_000405,5,3.300,1.200,944,nan,0,0,0.809,0.809,0.809
KDFX20041129-11,KDFX20041130_000405,6,4.200,1.200,944,nan,0,0,0.279,0.279,0.279
KDFX20041129-11,KDFX20041130_000953,0,0.400,1.200,1715,nan,0,0,21560.478,21560.478,21560.478
KDFX20041129-11,KDFX20041130_000953,2,1.600,1.200,1725,nan,0,0,330.205,330.205,330.205
KDFX20041129-11,KDFX20041130_000953,4,2.400,1.200,1741,nan,0,0,119.822,119.822,119.822
KDFX20041129-11,KDFX20041130_000953,5,3.400,1.200,1734,nan,0,0,1.894,1.894,1.894
KDFX20041129-11,KDFX20041130_000953,6,4.200,1.200,1739,nan,0,0,0.504,0.504,0.504
KDFX20041129-11,KDFX20041130_001540,0,0.400,1.200,3828,nan,0,0,33812.243,33812.243,33812.243
KDFX20041129-11,KDFX20041130_001540,2,1.500,1.200,3562,nan,0,0,697.617,697.617,697.617
KDFX20041129-11,KDFX20041130_001540,4,2.400,1.200,3568,nan,0,0,137.261,137.261,137.261
KDFX20041129-11,KDFX20041130_001540,5,3.300,1.200,3574,nan,0,0,7.693,7.693,7.693
KDFX20041129-11,KDFX20041130_001540,6,4.300,1.200,3577,nan,0,0,1.088,1.088,1.088
KDFX20041129-16,KDFX20041130_000405,0,0.200,1.200,1129,nan,0,0,8409.686,8409.686,8409.686
KDFX20041129-16,KDFX20041130_000405,2,1.500,1.200,1127,nan,0,0,1.111,1.111,1.111
KDFX20041129-16,KDFX20041130_000405,4,2.400,1.200,1119,nan,0,0,0.476,0.476,0.476
KDFX20041129-16,KDFX20041130_000405,5,3.300,1.200,1121,nan,0,0,0.477,0.477,0.477
KDFX20041129-16,KDFX20041130_000953,0,0.400,1.200,1969,nan,0,0,13631.768,13631.768,13631.768
KDFX20041129-16,KDFX20041130_000953,2,1.600,1.200,1978,nan,0,0,1.947,1.947,1.947
KDFX20041129-16,KDFX20041130_000953,4,2.400,1.200,1966,nan,0,0,0.857,0.857,0.857
KDFX20041129-16,KDFX20041130_000953,5,3.400,1.200,1964,nan,0,0,0.858,0.858,0.858
KDFX20041129-16,KDFX20041130_001540,0,0.400,1.200,1481,nan,0,0,13350.115,13350.115,13350.115
KDFX20041129-16,KDFX20041130_001540,2,1.500,1.200,1489,nan,0,0,0.688,0.688,0.688
KDFX20041129-16,KDFX20041130_001540,4,2.400,1.200,1490,nan,0,0,1.597,1.597,1.597
KDFX20041129-16,KDFX20041130_001540,5,3.300,1.200,1490,nan,0,0,0.690,0.690,0.690
KDFX20041129-16,KDFX20041130_002127,0,0.400,1.200,3113,nan,0,0,19832.617,19832.617,19832.617
KDFX20041129-16,KDFX20041130_002127,2,1.500,1.200,3119,nan,0,0,22.797,22.797,22.797
KDFX20041129-16,KDFX20041130_002127,4,2.400,1.200,3128,nan,0,0,4.268,4.268,4.268
KDFX20041129-16,KDFX20041130_002127,5,3.400,1.200,3132,nan,0,0,1.427,1.427,1.427
KDFX20041129-16,KDFX20041130_002716,0,0.400,1.200,2234,nan,0,0,19130.920,19130.920,19130.920
KDFX20041129-16,KDFX20041130_002716,2,1.500,1.200,2244,nan,0,0,27.795,27.795,27.795
KDFX20041129-16,KDFX20041130_002716,4,2.400,1.200,2445,nan,0,0,1.132,1.132,1.132
KDFX20041129-16,KDFX20041130_002716,5,3.400,1.200,2529,nan,0,0,1.177,1.177,1.177
KDFX20041129-16,KDFX20041130_003303,0,0.400,1.200,3929,nan,0,0,27190.843,27190.843,27190.843
KDFX20041129-16,KDFX20041130_003303,2,1.600,1.200,3942,nan,0,0,112.096,112.096,112.096
KDFX20041129-16,KDFX20041130_003303,4,2.400,1.200,3947,nan,0,0,1.845,1.845,1.845
KDFX20041129-16,KDFX20041130_003303,5,3.300,1.200,3942,nan,0,0,1.847,1.847,1.847
KDFX20041129-1,KDFX20041129_224742,0,0.400,1.200,4071,nan,0,0,8337.360,8337.360,8337.360
KDFX20041129-1,KDFX20041129_224742,2,1.500,1.200,4079,nan,0,0,170.836,170.836,170.836
KDFX20041129-1,KDFX20041129_224742,4,2.400,1.200,4054,nan,0,0,2.706,2.706,2.706
KDFX20041129-1,KDFX20041129_224742,5,3.400,1.200,4056,nan,0,0,1.735,1.735,1.735
KDFX20041129-10,KDFX20041129_235127,0,0.400,1.200,219,nan,0,0,1847.649,1847.649,1847.649
KDFX20041129-10,KDFX20041129_235127,2,1.500,1.200,212,nan,0,0,102.110,102.110,102.110
KDFX20041129-10,KDFX20041129_235127,4,2.500,1.200,210,nan,0,0,3.874,3.874,3.874
KDFX20041129-10,KDFX20041129_235127,5,3.300,1.200,215,nan,0,0,5.681,5.681,5.681
KDFX20041129-10,KDFX20041129_235127,6,4.200,1.200,211,nan,0,0,0.107,0.107,0.107
KDFX20041129-10,KDFX20041129_235127,7,5.900,1.200,221,nan,0,0,0.025,0.025,0.025
KDFX20041129-24,KDFX20041130_002716,0,0.400,1.200,6657,nan,0,0,66665.723,66665.723,66665.723
KDFX20041129-24,KDFX20041130_002716,2,1.500,1.200,6670,nan,0,0,73713.459,73713.459,73713.459
KDFX20041129-26,KDFX20041130_005615,0,0.400,1.200,2774,nan,0,0,41668.240,41668.240,41668.240
KDFX20041129-26,KDFX20041130_005615,2,1.500,1.200,2781,nan,0,0,35715.926,35715.926,35715.926
KDFX20041202-2,KDFX20041203_000636,0,0.400,1.200,403,nan,0,0,441.879,441.879,441.879
KDFX20041202-2,KDFX20041203_000636,2,1.600,1.200,404,nan,0,0,0.727,0.727,0.727
KDFX20041202-2,KDFX20041203_000636,4,2.500,1.200,404,nan,0,0,0.136,0.136,0.136
KDFX20041202-2,KDFX20041203_000636,5,3.500,1.200,406,nan,0,0,0.137,0.137,0.137
KDFX20041202-2,KDFX20041203_000636,6,4.400,1.200,404,nan,0,0,0.137,0.137,0.137
KDFX20041202-2,KDFX20041203_001623,0,0.400,1.200,1436,nan,0,0,2650.771,2650.771,2650.771
KDFX20041202-2,KDFX20041203_001623,2,1.600,1.200,1436,nan,0,0,35.225,35.225,35.225
KDFX20041202-2,KDFX20041203_001623,4,2.400,1.200,1438,nan,0,0,0.482,0.482,0.482
KDFX20041202-2,KDFX20041203_001623,5,3.500,1.200,1437,nan,0,0,0.482,0.482,0.482
KDFX20041202-2,KDFX20041203_001623,6,4.500,1.200,1441,nan,0,0,0.485,0.485,0.485
KDFX20041202-2,KDFX20041203_002608,0,0.400,1.200,3407,nan,0,0,2641.275,2641.275,2641.275
KDFX20041202-2,KDFX20041203_002608,2,1.400,1.200,3405,nan,0,0,98.831,98.831,98.831
KDFX20041202-2,KDFX20041203_002608,4,2.500,1.200,3412,nan,0,0,1.103,1.103,1.103
KDFX20041202-2,KDFX20041203_002608,5,3.500,1.200,3412,nan,0,0,1.105,1.105,1.105
KDFX20041202-2,KDFX20041203_002608,6,4.500,1.200,3416,nan,0,0,1.109,1.109,1.109
KDFX20041202-2,KDFX20041203_003556,0,0.400,1.200,6403,nan,0,0,4993.985,4993.985,4993.985
KDFX20041202-2,KDFX20041203_003556,2,1.400,1.200,6394,nan,0,0,916.916,916.916,916.916
KDFX20041202-2,KDFX20041203_003556,4,2.500,1.200,6398,nan,0,0,6.462,6.462,6.462
KDFX20041202-2,KDFX20041203_003556,5,3.500,1.200,6444,nan,0,0,2.016,2.016,2.016
KDFX20041202-2,KDFX20041203_003556,6,4.500,1.200,6623,nan,0,0,2.073,2.073,2.073
KDFX20041202-2,KDFX20041203_004541,0,0.400,1.200,8208,nan,0,0,9397.344,9397.344,9397.344
KDFX20041202-2,KDFX20041203_004541,2,1.600,1.200,7769,nan,0,0,4606.000,4606.000,4606.000
KDFX20041202-2,KDFX20041203_004541,4,2.400,1.200,7775,nan,0,0,82.092,82.092,82.092
KDFX20041202-2,KDFX20041203_004541,5,3.400,1.200,7782,nan,0,0,2.397,2.397,2.397
KDFX20041202-2,KDFX20041203_004541,6,4.500,1.200,7796,nan,0,0,2.408,2.408,2.408
KDFX20041202-1,KDFX20041202_225814,0,0.400,1.200,144,nan,0,0,647.438,647.438,647.438
KDFX20041202-1,KDFX20041202_225814,2,1.600,1.200,143,nan,0,0,0.035,0.035,0.035
KDFX20041202-1,KDFX20041202_225814,4,2.400,1.200,145,nan,0,0,0.035,0.035,0.035
KDFX20041202-1,KDFX20041202_225814,5,3.500,1.200,145,nan,0,0,0.035,0.035,0.035
KDFX20041202-1,KDFX20041202_225814,6,4.500,1.200,144,nan,0,0,0.035,0.035,0.035
KDFX20041202-3,KDFX20041203_013538,0,0.400,1.200,3576,nan,0,0,12445.854,12445.854,12445.854
KDFX20041202-3,KDFX20041203_013538,2,1.600,1.200,3572,nan,0,0,5386.906,5386.906,5386.906
KDFX20041202-3,KDFX20041203_013538,4,2.500,1.200,3571,nan,0,0,159.652,159.652,159.652
KDFX20041202-3,KDFX20041203_013538,5,3.500,1.200,3585,nan,0,0,2.487,2.487,2.487
KDFX20041202-3,KDFX20041203_013538,6,4.400,1.200,3587,nan,0,0,1.152,1.152,1.152
KDFX20041204-7,KDFX20041205_015409,0,0.400,1.200,2324,nan,0,0,739309.229,739309.229,739309.229
KDFX20041204-7,KDFX20041205_015409,2,1.500,1.200,2303,nan,0,0,537896.241,537896.241,537896.241
KDFX20041204-7,KDFX20041205_015956,0,0.400,1.200,3681,nan,0,0,967706.138,967706.138,967706.138
KDFX20041204-7,KDFX20041205_015956,2,1.400,1.200,3696,nan,0,0,877291.418,877291.418,877291.418
KDFX20041204-7,KDFX20041205_020544,0,0.400,1.200,6393,nan,0,0,1214301.969,1214301.969,1214301.969
KDFX20041204-7,KDFX20041205_020544,2,1.600,1.200,6415,nan,0,0,1541261.692,1541261.692,1541261.692
KDFX20041204-7,KDFX20041205_021132,0,0.400,1.200,9738,nan,0,0,1290291.292,1290291.292,1290291.292
KDFX20041204-7,KDFX20041205_021132,2,1.500,1.200,9297,nan,0,0,1643139.841,1643139.841,1643139.841
KDFX20041204-5,KDFX20041204_224737,0,0.400,1.200,1555,nan,0,0,342007.731,342007.731,342007.731
KDFX20041204-5,KDFX20041204_225324,0,0.400,1.200,2800,nan,0,0,1052943.693,1052943.693,1052943.693
KDFX20041204-5,KDFX20041204_225324,2,1.600,1.200,2810,nan,0,0,447236.453,447236.453,447236.453
KDFX20041204-1,KDFX20041204_221250,0,0.400,1.200,821,nan,0,0,1460.539,1460.539,1460.539
KDFX20041204-1,KDFX20041204_221250,2,1.400,1.200,824,nan,0,0,6415.203,6415.203,6415.203
KDFX20041204-2,KDFX20041204_221838,0,0.400,1.200,2019,nan,0,0,348.710,348.710,348.710
KDFX20041204-2,KDFX20041204_221838,2,1.400,1.200,2031,nan,0,0,1548.691,1548.691,1548.691
KDFX20041204-2,KDFX20041204_221838,4,2.400,1.200,2015,nan,0,0,10425.051,10425.051,10425.051
KDFX20041204-2,KDFX20041204_221838,5,3.300,1.200,2268,nan,0,0,27563.617,27563.617,27563.617
KDFX20041204-2,KDFX20041204_221838,6,4.200,1.200,2274,nan,0,0,20184.583,20184.583,20184.583
KDFX20041204-3,KDFX20041204_223601,0,0.400,1.200,4021,nan,0,0,22762.112,22762.112,22762.112
KDFX20041204-3,KDFX20041204_223601,2,1.400,1.200,4030,nan,0,0,84955.632,84955.632,84955.632
KDFX20041204-4,KDFX20041204_224149,0,0.400,1.200,425,nan,0,0,1412.692,1412.692,1412.692
KDFX20041204-4,KDFX20041204_224149,2,1.600,1.200,415,nan,0,0,6464.273,6464.273,6464.273
KDFX20041204-6,KDFX20041204_234534,0,0.400,1.200,4574,nan,0,0,265340.414,265340.414,265340.414
KDFX20041204-6,KDFX20041204_234534,2,1.600,1.200,4602,nan,0,0,477828.880,477828.880,477828.880
KDFX20041205-10,KDFX20041206_013118,0,0.400,1.200,1467,nan,0,0,16827.507,16827.507,16827.507
KDFX20041205-10,KDFX20041206_013118,2,1.500,1.200,1480,nan,0,0,548879.963,548879.963,548879.963
KDFX20041205-10,KDFX20041206_013705,0,0.400,1.200,2442,nan,0,0,54925.511,54925.511,54925.511
KDFX20041205-10,KDFX20041206_013705,2,1.400,1.200,2429,nan,0,0,893189.054,893189.054,893189.054
KDFX20041205-10,KDFX20041206_014254,0,0.400,1.200,3039,nan,0,0,105460.381,105460.381,105460.381
KDFX20041205-10,KDFX20041206_014254,2,1.500,1.200,2657,nan,0,0,648207.145,648207.145,648207.145
KDFX20041205-10,KDFX20041206_014842,0,0.400,1.200,2661,nan,0,0,147639.643,147639.643,147639.643
KDFX20041205-10,KDFX20041206_014842,2,1.400,1.200,2673,nan,0,0,563592.622,563592.622,563592.622
KDFX20041205-10,KDFX20041206_015429,0,0.400,1.200,2774,nan,0,0,79268.536,79268.536,79268.536
KDFX20041205-10,KDFX20041206_015429,2,1.400,1.200,2779,nan,0,0,532714.319,532714.319,532714.319
KDFX20041205-10,KDFX20041206_020018,0,0.400,1.200,2895,nan,0,0,72426.788,72426.788,72426.788
KDFX20041205-10,KDFX20041206_020018,2,1.400,1.200,2895,nan,0,0,1209686.015,1209686.015,1209686.015
KDFX20041205-10,KDFX20041206_020604,0,0.400,1.200,3022,nan,0,0,92955.618,92955.618,92955.618
KDFX20041205-10,KDFX20041206_020604,2,1.400,1.200,3017,nan,0,0,1302124.879,1302124.879,1302124.879
KDFX20041205-10,KDFX20041206_021153,0,0.400,1.200,2878,nan,0,0,265630.432,265630.432,265630.432
KDFX20041205-10,KDFX20041206_021153,2,1.400,1.200,2811,nan,0,0,933069.825,933069.825,933069.825
KDFX20041205-12,KDFX20041206_015429,0,0.400,1.200,9794,nan,0,0,82203.546,82203.546,82203.546
KDFX20041205-12,KDFX20041206_015429,2,1.400,1.200,9818,nan,0,0,802329.352,802329.352,802329.352
KDFX20041205-12,KDFX20041206_020018,0,0.400,1.200,12707,nan,0,0,79033.275,79033.275,79033.275
KDFX20041205-12,KDFX20041206_020018,2,1.400,1.200,12723,nan,0,0,1777540.417,1777540.417,1777540.417
KDFX20041205-12,KDFX20041206_020604,0,0.400,1.200,12671,nan,0,0,105195.802,105195.802,105195.802
KDFX20041205-12,KDFX20041206_020604,2,1.400,1.200,12654,nan,0,0,1823664.544,1823664.544,1823664.544
KDFX20041205-2,KDFX20041206_002735,0,0.400,1.200,607,nan,0,0,19810.263,19810.263,19810.263
KDFX20041205-2,KDFX20041206_002735,2,1.400,1.200,631,nan,0,0,239890.305,239890.305,239890.305
KDFX20041205-2,KDFX20041206_003322,0,0.400,1.200,1464,nan,0,0,9242.743,9242.743,9242.743
KDFX20041205-2,KDFX20041206_003322,2,1.400,1.200,1442,nan,0,0,502378.296,502378.296,502378.296
KDFX20041205-3,KDFX20041206_002735,0,0.400,1.200,863,nan,0,0,67321.097,67321.097,67321.097
KDFX20041205-3,KDFX20041206_002735,2,1.400,1.200,890,nan,0,0,428317.426,428317.426,428317.426
KDFX20041205-3,KDFX20041206_003322,0,0.400,1.200,1746,nan,0,0,91861.624,91861.624,91861.624
KDFX20041205-3,KDFX20041206_003322,2,1.400,1.200,1757,nan,0,0,611777.248,611777.248,611777.248
KDFX20041205-5,KDFX20041206_003322,0,0.400,1.200,4094,nan,0,0,136725.348,136725.348,136725.348
KDFX20041205-5,KDFX20041206_003322,2,1.400,1.200,4094,nan,0,0,666240.305,666240.305,666240.305
KDFX20041205-5,KDFX20041206_003911,0,0.400,1.200,6001,nan,0,0,366668.805,366668.805,366668.805
KDFX20041205-5,KDFX20041206_003911,2,1.400,1.200,6001,nan,0,0,1024520.980,1024520.980,1024520.980
KDFX20041205-5,KDFX20041206_004458,0,0.400,1.200,8311,nan,0,0,624004.439,624004.439,624004.439
KDFX20041205-5,KDFX20041206_004458,2,1.400,1.200,8330,nan,0,0,1408252.016,1408252.016,1408252.016
KDFX20041205-5,KDFX20041206_005046,0,0.400,1.200,2695,nan,0,0,241732.673,241732.673,241732.673
KDFX20041205-5,KDFX20041206_005046,2,1.400,1.200,2696,nan,0,0,788641.198,788641.198,788641.198
KDFX20041205-8,KDFX20041206_010221,0,0.400,1.200,2732,nan,0,0,2157.078,2157.078,2157.078
KDFX20041205-8,KDFX20041206_010221,2,1.400,1.200,2728,nan,0,0,181320.304,181320.304,181320.304
KDFX20041205-8,KDFX20041206_010808,0,0.400,1.200,3968,nan,0,0,2623.388,2623.388,2623.388
KDFX20041205-8,KDFX20041206_010808,2,1.400,1.200,3969,nan,0,0,204403.172,204403.172,204403.172
KDFX20041205-1,KDFX20041205_235142,0,0.400,1.200,1400,nan,0,0,338.375,338.375,338.375
KDFX20041205-1,KDFX20041205_235142,2,1.400,1.200,1405,nan,0,0,0.846,0.846,0.846
KDFX20041205-1,KDFX20041205_235142,4,2.500,1.200,1408,nan,0,0,0.612,0.612,0.612
KDFX20041205-1,KDFX20041205_235142,5,3.300,1.200,1412,nan,0,0,0.299,0.299,0.299
KDFX20041205-1,KDFX20041205_235142,6,4.200,1.200,1411,nan,0,0,0.336,0.336,0.336
KDFX20041205-1,KDFX20041205_235142,7,5.900,1.200,1410,nan,0,0,0.261,0.261,0.261
KDFX20041205-1,KDFX20041205_235142,8,10.100,1.200,1420,nan,0,0,51.793,51.793,51.793
KDFX20041205-4,KDFX20041206_002735,0,0.400,1.200,6423,nan,0,0,109924.566,109924.566,109924.566
KDFX20041205-4,KDFX20041206_002735,2,1.400,1.200,6433,nan,0,0,890697.460,890697.460,890697.460
KDFX20041205-7,KDFX20041206_005633,0,0.400,1.200,3819,nan,0,0,1681.345,1681.345,1681.345
KDFX20041205-7,KDFX20041206_005633,2,1.400,1.200,3821,nan,0,0,530584.783,530584.783,530584.783
KDFX20041205-11,KDFX20041206_014254,0,0.400,1.200,704,nan,0,0,19.588,19.588,19.588
KDFX20041205-11,KDFX20041206_014254,2,1.500,1.200,703,nan,0,0,25.262,25.262,25.262
KDFX20041205-11,KDFX20041206_014254,4,2.500,1.200,705,nan,0,0,16.291,16.291,16.291
KDFX20041205-11,KDFX20041206_014254,5,3.300,1.200,702,nan,0,0,45.592,45.592,45.592
KDFX20041205-11,KDFX20041206_014254,6,4.200,1.200,704,nan,0,0,230.301,230.301,230.301
KDFX20041205-11,KDFX20041206_014254,7,6.000,1.200,706,nan,0,0,6435.196,6435.196,6435.196
KDFX20041206-12,KDFX20041207_001234,0,0.400,1.200,513,nan,0,0,736.738,736.738,736.738
KDFX20041206-12,KDFX20041207_001234,2,1.000,1.200,517,nan,0,0,7.058,7.058,7.058
KDFX20041206-12,KDFX20041207_001234,4,1.400,1.200,512,nan,0,0,2.101,2.101,2.101
KDFX20041206-12,KDFX20041207_001234,6,1.800,1.200,511,nan,0,0,0.212,0.212,0.212
KDFX20041206-12,KDFX20041207_001234,7,2.400,1.200,511,nan,0,0,0.212,0.212,0.212
KDFX20041206-12,KDFX20041207_001234,8,2.900,1.200,514,nan,0,0,0.214,0.214,0.214
KDFX20041206-12,KDFX20041207_001234,9,3.900,1.200,508,nan,0,0,0.212,0.212,0.212
KDFX20041206-12,KDFX20041207_001652,0,0.400,1.200,1219,nan,0,0,1675.160,1675.160,1675.160
KDFX20041206-12,KDFX20041207_001652,2,1.000,1.200,1214,nan,0,0,72.973,72.973,72.973
KDFX20041206-12,KDFX20041207_001652,6,1.800,1.200,1411,nan,0,0,0.579,0.579,0.579
KDFX20041206-12,KDFX20041207_001652,7,2.400,1.200,1203,nan,0,0,2.486,2.486,2.486
KDFX20041206-12,KDFX20041207_001652,8,2.900,1.200,1206,nan,0,0,0.498,0.498,0.498
KDFX20041206-12,KDFX20041207_001652,9,3.900,1.200,1210,nan,0,0,0.502,0.502,0.502
KDFX20041206-12,KDFX20041207_002110,0,0.400,1.200,1260,nan,0,0,2778.677,2778.677,2778.677
KDFX20041206-12,KDFX20041207_002110,2,1.000,1.200,1264,nan,0,0,231.088,231.088,231.088
KDFX20041206-12,KDFX20041207_002110,4,1.400,1.200,1264,nan,0,0,19.071,19.071,19.071
KDFX20041206-12,KDFX20041207_002110,6,1.800,1.200,1263,nan,0,0,3.418,3.418,3.418
KDFX20041206-12,KDFX20041207_002110,7,2.300,1.200,1258,nan,0,0,2.294,2.294,2.294
KDFX20041206-12,KDFX20041207_002110,8,2.900,1.200,1255,nan,0,0,0.515,0.515,0.515
KDFX20041206-12,KDFX20041207_002110,9,3.900,1.200,1256,nan,0,0,1.341,1.341,1.341
KDFX20041206-12,KDFX20041207_002527,0,0.400,1.200,1614,nan,0,0,4068.589,4068.589,4068.589
KDFX20041206-12,KDFX20041207_002527,2,1.000,1.200,1618,nan,0,0,536.666,536.666,536.666
KDFX20041206-12,KDFX20041207_002527,4,1.400,1.200,1616,nan,0,0,98.102,98.102,98.102
KDFX20041206-12,KDFX20041207_002527,6,1.800,1.200,1611,nan,0,0,0.662,0.662,0.662
KDFX20041206-12,KDFX20041207_002527,7,2.400,1.200,1607,nan,0,0,0.661,0.661,0.661
KDFX20041206-12,KDFX20041207_002527,8,2.900,1.200,1608,nan,0,0,0.662,0.662,0.662
KDFX20041206-12,KDFX20041207_002527,9,3.900,1.200,1609,nan,0,0,0.665,0.665,0.665
KDFX20041206-1,KDFX20041206_221548,0,0.400,1.200,1227,nan,0,0,24041.105,24041.105,24041.105
KDFX20041206-1,KDFX20041206_221548,2,1.000,1.200,1228,nan,0,0,14700.014,14700.014,14700.014
KDFX20041206-1,KDFX20041206_221548,6,1.600,1.200,1272,nan,0,0,1026.519,1026.519,1026.519
KDFX20041206-1,KDFX20041206_222004,0,0.400,1.200,1858,nan,0,0,10899.004,10899.004,10899.004
KDFX20041206-1,KDFX20041206_222004,2,1.000,1.200,1850,nan,0,0,8614.338,8614.338,8614.338
KDFX20041206-1,KDFX20041206_222004,4,1.400,1.200,1852,nan,0,0,3256.854,3256.854,3256.854
KDFX20041206-1,KDFX20041206_222004,6,1.700,1.200,1847,nan,0,0,587.707,587.707,587.707
KDFX20041206-4,KDFX20041206_230711,0,0.400,1.200,2107,nan,0,0,5940.714,5940.714,5940.714
KDFX20041206-4,KDFX20041206_230711,2,0.900,1.200,2095,nan,0,0,6925.283,6925.283,6925.283
KDFX20041206-4,KDFX20041206_230711,4,1.400,1.200,2103,nan,0,0,6252.450,6252.450,6252.450
KDFX20041206-4,KDFX20041206_230711,6,1.700,1.200,2144,nan,0,0,3934.271,3934.271,3934.271
KDFX20041206-4,KDFX20041206_230711,7,2.400,1.200,2111,nan,0,0,2809.137,2809.137,2809.137
KDFX20041206-4,KDFX20041206_230711,8,2.900,1.200,2077,nan,0,0,1835.602,1835.602,1835.602
KDFX20041206-4,KDFX20041206_230711,9,3.900,1.200,2285,nan,0,0,1170.633,1170.633,1170.633
KDFX20041206-4,KDFX20041206_230711,10,5.100,1.200,2183,nan,0,0,633.357,633.357,633.357
KDFX20041206-4,KDFX20041206_230711,11,6.300,1.200,2170,nan,0,0,154.247,154.247,154.247
KDFX20041206-4,KDFX20041206_231128,0,0.400,1.200,3722,nan,0,0,5297.344,5297.344,5297.344
KDFX20041206-4,KDFX20041206_231128,2,0.900,1.200,3954,nan,0,0,9469.043,9469.043,9469.043
KDFX20041206-4,KDFX20041206_231128,4,1.400,1.200,3726,nan,0,0,7970.846,7970.846,7970.846
KDFX20041206-4,KDFX20041206_231128,6,1.700,1.200,3728,nan,0,0,6262.025,6262.025,6262.025
KDFX20041206-4,KDFX20041206_231128,7,2.300,1.200,3699,nan,0,0,5721.817,5721.817,5721.817
KDFX20041206-4,KDFX20041206_231128,8,2.900,1.200,3706,nan,0,0,4640.279,4640.279,4640.279
KDFX20041206-4,KDFX20041206_231128,9,4.000,1.200,3697,nan,0,0,3259.092,3259.092,3259.092
KDFX20041206-4,KDFX20041206_231128,10,5.100,1.200,3775,nan,0,0,2026.777,2026.777,2026.777
KDFX20041206-4,KDFX20041206_231128,11,6.300,1.200,3788,nan,0,0,590.075,590.075,590.075
KDFX20041206-7,KDFX20041206_233708,0,0.400,1.200,1611,nan,0,0,1428.539,1428.539,1428.539
KDFX20041206-7,KDFX20041206_233708,2,1.000,1.200,1608,nan,0,0,1181.017,1181.017,1181.017
KDFX20041206-7,KDFX20041206_233708,4,1.400,1.200,1763,nan,0,0,773.436,773.436,773.436
KDFX20041206-7,KDFX20041206_233708,6,1.700,1.200,1607,nan,0,0,436.103,436.103,436.103
KDFX20041206-7,KDFX20041206_233708,7,2.500,1.200,1603,nan,0,0,189.680,189.680,189.680
KDFX20041206-7,KDFX20041206_233708,8,3.000,1.200,1612,nan,0,0,84.758,84.758,84.758
KDFX20041206-7,KDFX20041206_233708,9,3.900,1.200,1605,nan,0,0,51.795,51.795,51.795
KDFX20041206-7,KDFX20041206_233708,10,5.100,1.200,1637,nan,0,0,25.280,25.280,25.280
KDFX20041206-7,KDFX20041206_233708,11,6.400,1.200,1637,nan,0,0,16.891,16.891,16.891
KDFX20041206-7,KDFX20041206_234127,0,0.400,1.200,3499,nan,0,0,608.972,608.972,608.972
KDFX20041206-7,KDFX20041206_234127,2,1.000,1.200,3495,nan,0,0,462.662,462.662,462.662
KDFX20041206-7,KDFX20041206_234127,6,1.800,1.200,3498,nan,0,0,150.230,150.230,150.230
KDFX20041206-7,KDFX20041206_234127,7,2.400,1.200,3475,nan,0,0,61.023,61.023,61.023
KDFX20041206-7,KDFX20041206_234127,8,3.000,1.200,3477,nan,0,0,24.143,24.143,24.143
KDFX20041206-7,KDFX20041206_234127,9,3.900,1.200,3475,nan,0,0,11.416,11.416,11.416
KDFX20041206-7,KDFX20041206_234127,10,5.000,1.200,3546,nan,0,0,15.388,15.388,15.388
KDFX20041206-7,KDFX20041206_234127,11,6.300,1.200,3564,nan,0,0,18.516,18.516,18.516
KDFX20041206-8,KDFX20041206_234127,0,0.400,1.200,1861,nan,0,0,819.810,819.810,819.810
KDFX20041206-8,KDFX20041206_234127,2,1.000,1.200,1858,nan,0,0,635.374,635.374,635.374
KDFX20041206-8,KDFX20041206_234127,6,1.800,1.200,1861,nan,0,0,170.343,170.343,170.343
KDFX20041206-8,KDFX20041206_234127,7,2.400,1.200,1852,nan,0,0,113.368,113.368,113.368
KDFX20041206-8,KDFX20041206_234127,8,3.000,1.200,1856,nan,0,0,82.825,82.825,82.825
KDFX20041206-8,KDFX20041206_234127,9,3.900,1.200,1855,nan,0,0,16.232,16.232,16.232
KDFX20041206-8,KDFX20041206_234127,10,5.000,1.200,2057,nan,0,0,27.780,27.780,27.780
KDFX20041206-8,KDFX20041206_234544,0,0.400,1.200,3623,nan,0,0,132.602,132.602,132.602
KDFX20041206-8,KDFX20041206_234544,2,1.000,1.200,3589,nan,0,0,139.380,139.380,139.380
KDFX20041206-8,KDFX20041206_234544,4,1.400,1.200,3894,nan,0,0,91.674,91.674,91.674
KDFX20041206-8,KDFX20041206_234544,6,1.700,1.200,3622,nan,0,0,32.955,32.955,32.955
KDFX20041206-8,KDFX20041206_234544,7,2.300,1.200,3602,nan,0,0,17.399,17.399,17.399
KDFX20041206-8,KDFX20041206_234544,8,3.000,1.200,3609,nan,0,0,23.743,23.743,23.743
KDFX20041206-8,KDFX20041206_234544,9,4.000,1.200,3613,nan,0,0,14.390,14.390,14.390
KDFX20041206-8,KDFX20041206_234544,10,5.100,1.200,3681,nan,0,0,11.278,11.278,11.278
KDFX20041206-10,KDFX20041206_235000,0,0.400,1.200,2054,nan,0,0,5169.327,5169.327,5169.327
KDFX20041206-10,KDFX20041206_235000,2,1.000,1.200,2056,nan,0,0,5621.182,5621.182,5621.182
KDFX20041206-10,KDFX20041206_235000,6,1.700,1.200,2052,nan,0,0,2716.880,2716.880,2716.880
KDFX20041206-10,KDFX20041206_235000,7,2.300,1.200,2042,nan,0,0,2787.545,2787.545,2787.545
KDFX20041206-10,KDFX20041206_235000,8,3.000,1.200,2034,nan,0,0,2551.551,2551.551,2551.551
KDFX20041206-10,KDFX20041206_235000,9,3.900,1.200,2045,nan,0,0,851.858,851.858,851.858
KDFX20041206-10,KDFX20041206_235000,10,5.000,1.200,2313,nan,0,0,73.019,73.019,73.019
KDFX20041206-10,KDFX20041206_235418,0,0.400,1.200,3374,nan,0,0,4444.486,4444.486,4444.486
KDFX20041206-10,KDFX20041206_235418,2,1.000,1.200,3352,nan,0,0,4798.537,4798.537,4798.537
KDFX20041206-10,KDFX20041206_235418,4,1.400,1.200,3679,nan,0,0,5029.063,5029.063,5029.063
KDFX20041206-10,KDFX20041206_235418,6,1.800,1.200,3375,nan,0,0,3307.846,3307.846,3307.846
KDFX20041206-10,KDFX20041206_235418,7,2.300,1.200,3358,nan,0,0,2537.257,2537.257,2537.257
KDFX20041206-10,KDFX20041206_235418,8,3.000,1.200,3364,nan,0,0,641.651,641.651,641.651
KDFX20041206-10,KDFX20041206_235418,9,4.000,1.200,3358,nan,0,0,119.455,119.455,119.455
KDFX20041206-10,KDFX20041206_235418,10,5.100,1.200,3423,nan,0,0,18.498,18.498,18.498
KDFX20041206-14,KDFX20041207_002527,0,0.400,1.200,2814,nan,0,0,856.974,856.974,856.974
KDFX20041206-14,KDFX20041207_002527,2,1.000,1.200,2815,nan,0,0,294.016,294.016,294.016
KDFX20041206-14,KDFX20041207_002527,4,1.400,1.200,2818,nan,0,0,98.699,98.699,98.699
KDFX20041206-14,KDFX20041207_002527,6,1.800,1.200,2818,nan,0,0,9.145,9.145,9.145
KDFX20041206-14,KDFX20041207_002527,7,2.400,1.200,2792,nan,0,0,1.677,1.677,1.677
KDFX20041206-14,KDFX20041207_002527,8,2.900,1.200,3012,nan,0,0,1.516,1.516,1.516
KDFX20041206-14,KDFX20041207_002527,9,3.900,1.200,2845,nan,0,0,2.879,2.879,2.879
KDFX20041206-14,KDFX20041207_002527,10,5.000,1.200,2859,nan,0,0,0.229,0.229,0.229
KDFX20041206-14,KDFX20041207_002527,11,6.400,1.200,2866,nan,0,0,0.319,0.319,0.319
KDFX20041206-14,KDFX20041207_002527,12,7.900,1.200,2841,nan,0,0,3.313,3.313,3.313
KDFX20041206-14,KDFX20041207_002943,0,0.400,1.200,5963,nan,0,0,1725.558,1725.558,1725.558
KDFX20041206-14,KDFX20041207_002943,2,1.000,1.200,5807,nan,0,0,665.381,665.381,665.381
KDFX20041206-14,KDFX20041207_002943,4,1.400,1.200,5713,nan,0,0,219.971,219.971,219.971
KDFX20041206-14,KDFX20041207_002943,6,1.800,1.200,5702,nan,0,0,30.775,30.775,30.775
KDFX20041206-14,KDFX20041207_002943,7,2.400,1.200,5678,nan,0,0,4.584,4.584,4.584
KDFX20041206-14,KDFX20041207_002943,8,3.000,1.200,5691,nan,0,0,2.348,2.348,2.348
KDFX20041206-14,KDFX20041207_002943,9,3.900,1.200,5680,nan,0,0,5.022,5.022,5.022
KDFX20041206-14,KDFX20041207_002943,10,5.100,1.200,5790,nan,0,0,0.772,0.772,0.772
KDFX20041206-14,KDFX20041207_002943,11,6.300,1.200,5814,nan,0,0,1.922,1.922,1.922
KDFX20041206-14,KDFX20041207_002943,12,7.900,1.200,5767,nan,0,0,6.122,6.122,6.122
KDFX20041206-2,KDFX20041206_223255,0,0.400,1.200,2171,nan,0,0,8309.000,8309.000,8309.000
KDFX20041206-2,KDFX20041206_223255,2,1.000,1.200,2161,nan,0,0,9301.209,9301.209,9301.209
KDFX20041206-2,KDFX20041206_223255,4,1.400,1.200,2162,nan,0,0,8402.707,8402.707,8402.707
KDFX20041206-2,KDFX20041206_223255,6,1.700,1.200,2169,nan,0,0,4960.365,4960.365,4960.365
KDFX20041206-2,KDFX20041206_223255,7,2.400,1.200,2332,nan,0,0,4359.762,4359.762,4359.762
KDFX20041206-2,KDFX20041206_223255,8,2.900,1.200,2320,nan,0,0,8009.685,8009.685,8009.685
KDFX20041206-2,KDFX20041206_223255,9,3.900,1.200,2166,nan,0,0,2456.109,2456.109,2456.109
KDFX20041206-2,KDFX20041206_223255,10,5.000,1.200,2203,nan,0,0,684.913,684.913,684.913
KDFX20041206-2,KDFX20041206_223255,11,6.300,1.200,2207,nan,0,0,132.391,132.391,132.391
KDFX20041206-3,KDFX20041206_230254,0,0.400,1.200,13144,nan,0,113,61766.340,61766.340,22872.044
KDFX20041206-3,KDFX20041206_230254,2,1.100,1.200,13138,nan,0,0,4379.841,4379.841,4379.841
KDFX20041206-3,KDFX20041206_230254,6,1.700,1.200,13188,nan,0,0,186.600,186.600,186.600
KDFX20041206-3,KDFX20041206_230254,7,2.400,1.200,13152,nan,0,0,149.124,149.124,149.124
KDFX20041206-3,KDFX20041206_230254,8,2.900,1.200,13222,nan,0,0,130.356,130.356,130.356
KDFX20041206-3,KDFX20041206_230254,9,3.900,1.200,13317,nan,0,0,127.755,127.755,127.755
KDFX20041206-3,KDFX20041206_230254,10,5.000,1.200,13567,nan,0,0,232.722,232.722,232.722
KDFX20041206-3,KDFX20041206_230254,11,6.300,1.200,13591,nan,0,0,222.369,222.369,222.369
KDFX20041206-3,KDFX20041206_230254,12,7.900,1.200,13420,nan,0,0,142.580,142.580,142.580
KDFX20041206-3,KDFX20041206_230254,13,9.900,1.200,13444,nan,0,0,69.385,69.385,69.385
KDFX20041206-3,KDFX20041206_230254,14,12.300,1.200,13443,nan,0,0,14.254,14.254,14.254
KDFX20041206-3,KDFX20041206_230254,15,15.500,1.200,13617,nan,0,0,6.623,6.623,6.623
KDFX20041206-3,KDFX20041206_230254,16,19.500,1.200,13921,nan,0,0,3.653,3.653,3.653
KDFX20041206-5,KDFX20041206_230711,0,0.400,1.200,3171,nan,0,0,4756.135,4756.135,4756.135
KDFX20041206-5,KDFX20041206_230711,2,0.900,1.200,3156,nan,0,0,7532.166,7532.166,7532.166
KDFX20041206-5,KDFX20041206_230711,4,1.400,1.200,3407,nan,0,0,15592.454,15592.454,15592.454
KDFX20041206-5,KDFX20041206_230711,6,1.700,1.200,3176,nan,0,0,22424.219,22424.219,22424.219
KDFX20041206-5,KDFX20041206_230711,7,2.400,1.200,3154,nan,0,0,39170.393,39170.393,39170.393
KDFX20041206-5,KDFX20041206_230711,8,2.900,1.200,3155,nan,0,0,43032.501,43032.501,43032.501
KDFX20041206-5,KDFX20041206_230711,9,3.900,1.200,3156,nan,0,0,57950.769,57950.769,57950.769
KDFX20041206-5,KDFX20041206_230711,10,5.100,1.200,3217,nan,0,0,24094.429,24094.429,24094.429
KDFX20041206-11,KDFX20041207_000401,0,0.300,1.200,2559,nan,0,0,547.010,547.010,547.010
KDFX20041206-11,KDFX20041207_000401,2,1.000,1.200,2558,nan,0,0,480.277,480.277,480.277
KDFX20041206-11,KDFX20041207_000401,4,1.400,1.200,2539,nan,0,0,392.186,392.186,392.186
KDFX20041206-11,KDFX20041207_000401,6,1.700,1.200,2729,nan,0,0,230.705,230.705,230.705
KDFX20041206-11,KDFX20041207_000401,7,2.300,1.200,2692,nan,0,0,197.681,197.681,197.681
KDFX20041206-11,KDFX20041207_000401,8,3.000,1.200,2538,nan,0,0,143.458,143.458,143.458
KDFX20041206-11,KDFX20041207_000401,9,3.900,1.200,2547,nan,0,0,101.143,101.143,101.143
KDFX20041206-11,KDFX20041207_000401,10,5.100,1.200,2598,nan,0,0,92.255,92.255,92.255
KDFX20041206-11,KDFX20041207_000401,11,6.300,1.200,2596,nan,0,0,31.069,31.069,31.069
KDFX20041206-11,KDFX20041207_000401,12,7.900,1.200,2579,nan,0,0,21.145,21.145,21.145
KDFX20041206-11,KDFX20041207_000401,13,10.000,1.200,2616,nan,0,0,11.392,11.392,11.392
KDFX20041206-15,KDFX20041207_005941,0,0.400,1.200,1455,nan,0,0,55015.086,55015.086,55015.086
KDFX20041206-16,KDFX20041207_005941,0,0.400,1.200,903,nan,0,0,17538.513,17538.513,17538.513
KDFX20041206-16,KDFX20041207_005941,2,1.000,1.200,882,nan,0,0,255.722,255.722,255.722
KDFX20041206-16,KDFX20041207_005941,4,1.400,1.200,946,nan,0,0,1.736,1.736,1.736
KDFX20041206-16,KDFX20041207_010359,0,0.400,1.200,1649,nan,0,0,45092.523,45092.523,45092.523
KDFX20041206-16,KDFX20041207_010359,2,1.000,1.200,1679,nan,0,0,4109.196,4109.196,4109.196
KDFX20041206-16,KDFX20041207_010816,0,0.400,1.200,6573,nan,0,0,74218.054,74218.054,74218.054
KDFX20041206-16,KDFX20041207_010816,2,1.000,1.200,6581,nan,0,0,15283.436,15283.436,15283.436
KDFX20041206-16,KDFX20041207_010816,4,1.400,1.200,6560,nan,0,0,1519.314,1519.314,1519.314
KDFX20041207-1,KDFX20041208_000543,0,0.300,1.200,96,nan,0,0,2147.201,2147.201,2147.201
KDFX20041207-1,KDFX20041208_000543,2,1.600,1.200,97,nan,0,0,3.840,3.840,3.840
KDFX20041207-1,KDFX20041208_000543,4,2.500,1.200,96,nan,0,0,0.011,0.011,0.011
KDFX20041207-1,KDFX20041208_000543,5,3.500,1.200,95,nan,0,0,0.011,0.011,0.011
KDFX20041207-1,KDFX20041208_000543,6,4.500,1.200,91,nan,0,0,0.010,0.010,0.010
KDFX20041207-1,KDFX20041208_001529,0,0.400,1.200,2078,nan,0,0,1169.814,1169.814,1169.814
KDFX20041207-1,KDFX20041208_001529,2,1.600,1.200,1892,nan,0,0,64.240,64.240,64.240
KDFX20041207-1,KDFX20041208_001529,4,2.500,1.200,1890,nan,0,0,6.749,6.749,6.749
KDFX20041207-1,KDFX20041208_001529,5,3.500,1.200,1893,nan,0,0,0.411,0.411,0.411
KDFX20041207-1,KDFX20041208_001529,6,4.500,1.200,1894,nan,0,0,0.216,0.216,0.216
KDFX20041207-1,KDFX20041208_002515,0,0.400,1.200,4423,nan,0,8,15184.535,15184.535,9060.277
KDFX20041207-1,KDFX20041208_002515,2,1.600,1.200,4423,nan,0,0,1264.612,1264.612,1264.612
KDFX20041207-1,KDFX20041208_002515,4,2.400,1.200,4420,nan,0,0,72.205,72.205,72.205
KDFX20041207-1,KDFX20041208_002515,5,3.400,1.200,4427,nan,0,0,6.969,6.969,6.969
KDFX20041207-1,KDFX20041208_002515,6,4.500,1.200,4428,nan,0,0,9.889,9.889,9.889
KDFX20041207-2,KDFX20041208_000543,0,0.300,1.200,1154,nan,0,0,3902.572,3902.572,3902.572
KDFX20041207-2,KDFX20041208_000543,2,1.600,1.200,1156,nan,0,0,913.682,913.682,913.682
KDFX20041207-2,KDFX20041208_000543,4,2.500,1.200,1159,nan,0,0,0.947,0.947,0.947
KDFX20041207-2,KDFX20041208_000543,5,3.500,1.200,1158,nan,0,0,1.450,1.450,1.450
KDFX20041207-2,KDFX20041208_000543,6,4.500,1.200,1157,nan,0,0,0.250,0.250,0.250
KDFX20041207-2,KDFX20041208_001529,0,0.400,1.200,3565,nan,0,0,9829.368,9829.368,9829.368
KDFX20041207-2,KDFX20041208_001529,2,1.600,1.200,3594,nan,0,0,1561.072,1561.072,1561.072
KDFX20041207-2,KDFX20041208_001529,4,2.500,1.200,3491,nan,0,0,34.492,34.492,34.492
KDFX20041207-2,KDFX20041208_001529,5,3.500,1.200,3487,nan,0,0,3.180,3.180,3.180
KDFX20041207-2,KDFX20041208_001529,6,4.500,1.200,3428,nan,0,0,1.887,1.887,1.887
KDFX20041207-4,KDFX20041208_003501,0,0.400,1.200,2932,nan,0,0,4077.183,4077.183,4077.183
KDFX20041207-4,KDFX20041208_003501,2,1.600,1.200,2930,nan,0,0,89.535,89.535,89.535
KDFX20041207-4,KDFX20041208_003501,4,2.400,1.200,2931,nan,0,0,1.260,1.260,1.260
KDFX20041207-4,KDFX20041208_003501,5,3.500,1.200,2939,nan,0,0,1.266,1.266,1.266
KDFX20041207-4,KDFX20041208_004448,0,0.400,1.200,5313,nan,0,0,4687.401,4687.401,4687.401
KDFX20041207-4,KDFX20041208_004448,2,1.600,1.200,5186,nan,0,0,105.388,105.388,105.388
KDFX20041207-4,KDFX20041208_004448,4,2.400,1.200,5185,nan,0,0,5.426,5.426,5.426
KDFX20041207-4,KDFX20041208_004448,5,3.500,1.200,5181,nan,0,0,2.157,2.157,2.157
KDFX20041207-4,KDFX20041208_005432,0,0.400,1.200,2394,nan,0,0,3910.690,3910.690,3910.690
KDFX20041207-4,KDFX20041208_005432,2,1.600,1.200,2388,nan,0,0,68.645,68.645,68.645
KDFX20041207-4,KDFX20041208_005432,4,2.400,1.200,2393,nan,0,0,3.058,3.058,3.058
KDFX20041207-4,KDFX20041208_005432,5,3.500,1.200,2398,nan,0,0,1.054,1.054,1.054
KDFX20041207-5,KDFX20041208_004448,0,0.400,1.200,2026,nan,0,0,3213.793,3213.793,3213.793
KDFX20041207-5,KDFX20041208_004448,2,1.600,1.200,2026,nan,0,0,24.846,24.846,24.846
KDFX20041207-5,KDFX20041208_004448,4,2.400,1.200,2182,nan,0,0,1.851,1.851,1.851
KDFX20041207-5,KDFX20041208_005432,0,0.400,1.200,5475,nan,0,0,7111.288,7111.288,7111.288
KDFX20041207-5,KDFX20041208_005432,2,1.600,1.200,5472,nan,0,0,306.062,306.062,306.062
KDFX20041207-5,KDFX20041208_005432,4,2.400,1.200,5468,nan,0,0,4.615,4.615,4.615
KDFX20041207-5,KDFX20041208_010420,0,0.400,1.200,5689,nan,0,0,6223.083,6223.083,6223.083
KDFX20041207-5,KDFX20041208_010420,2,1.600,1.200,5689,nan,0,0,245.256,245.256,245.256
KDFX20041208-2,KDFX20041209_002441,0,0.400,1.200,827,nan,0,0,1382.468,1382.468,1382.468
KDFX20041208-2,KDFX20041209_002441,2,1.600,1.200,825,nan,0,0,81.751,81.751,81.751
KDFX20041208-2,KDFX20041209_002441,4,2.400,1.200,830,nan,0,0,0.271,0.271,0.271
KDFX20041208-2,KDFX20041209_002441,5,3.500,1.200,822,nan,0,0,0.269,0.269,0.269
KDFX20041208-2,KDFX20041209_002441,6,4.500,1.200,827,nan,0,0,0.271,0.271,0.271
KDFX20041208-2,KDFX20041209_003428,0,0.400,1.200,3067,nan,0,0,2160.202,2160.202,2160.202
KDFX20041208-2,KDFX20041209_003428,2,1.600,1.200,3075,nan,0,0,462.908,462.908,462.908
KDFX20041208-2,KDFX20041209_003428,4,2.400,1.200,3070,nan,0,0,1.037,1.037,1.037
KDFX20041208-2,KDFX20041209_003428,5,3.500,1.200,3076,nan,0,0,1.041,1.041,1.041
KDFX20041208-2,KDFX20041209_003428,6,4.500,1.200,3077,nan,0,0,1.044,1.044,1.044
KDFX20041208-2,KDFX20041209_004414,0,0.400,1.200,4577,nan,0,0,2743.525,2743.525,2743.525
KDFX20041208-2,KDFX20041209_004414,2,1.600,1.200,4599,nan,0,0,668.893,668.893,668.893
KDFX20041208-2,KDFX20041209_004414,4,2.400,1.200,4250,nan,0,0,2.657,2.657,2.657
KDFX20041208-2,KDFX20041209_004414,5,3.500,1.200,4253,nan,0,0,1.361,1.361,1.361
KDFX20041208-2,KDFX20041209_004414,6,4.500,1.200,4253,nan,0,0,1.366,1.366,1.366
KDFX20041208-1,KDFX20041209_001455,0,0.400,1.200,941,nan,0,0,1309.339,1309.339,1309.339
KDFX20041208-1,KDFX20041209_001455,2,1.600,1.200,943,nan,0,0,0.377,0.377,0.377
KDFX20041208-1,KDFX20041209_001455,4,2.400,1.200,936,nan,0,0,14.838,14.838,14.838
KDFX20041208-1,KDFX20041209_001455,5,3.500,1.200,939,nan,0,0,0.377,0.377,0.377
KDFX20041208-3,KDFX20041209_004414,0,0.400,1.200,6167,nan,0,0,45286.563,45286.563,45286.563
KDFX20041208-4,KDFX20041209_015238,0,0.400,1.200,576,nan,0,0,183.905,183.905,183.905
KDFX20041208-4,KDFX20041209_015238,2,1.600,1.200,576,nan,0,0,208.383,208.383,208.383
KDFX20041208-4,KDFX20041209_015238,4,2.400,1.200,579,nan,0,0,158.591,158.591,158.591
KDFX20041208-4,KDFX20041209_015238,5,3.500,1.200,581,nan,0,0,3.669,3.669,3.669
KDFX20041208-4,KDFX20041209_015238,6,4.500,1.200,579,nan,0,0,0.242,0.242,0.242
KDFX20041209-1,KDFX20041210_000727,0,0.400,1.200,1039,nan,0,0,1681.967,1681.967,1681.967
KDFX20041209-1,KDFX20041210_000727,3,1.400,1.200,1049,nan,0,0,0.176,0.176,0.176
KDFX20041209-1,KDFX20041210_000727,2,1.700,1.200,1051,nan,0,0,26.383,26.383,26.383
KDFX20041209-1,KDFX20041210_000727,4,2.400,1.200,1042,nan,0,0,0.175,0.175,0.175
KDFX20041209-1,KDFX20041210_000727,5,3.500,1.200,1054,nan,0,0,0.178,0.178,0.178
KDFX20041209-1,KDFX20041210_000727,6,4.500,1.200,1058,nan,0,0,0.179,0.179,0.179
KDFX20041209-1,KDFX20041210_001713,0,0.400,1.200,2923,nan,0,0,8554.135,8554.135,8554.135
KDFX20041209-1,KDFX20041210_001713,2,1.600,1.200,2925,nan,0,0,728.918,728.918,728.918
KDFX20041209-1,KDFX20041210_001713,4,2.400,1.200,3078,nan,0,0,3.827,3.827,3.827
KDFX20041209-1,KDFX20041210_001713,5,3.500,1.200,3166,nan,0,0,0.406,0.406,0.406
KDFX20041209-1,KDFX20041210_001713,6,4.400,1.200,3181,nan,0,0,0.374,0.374,0.374
KDFX20041209-1,KDFX20041210_002659,0,0.400,1.200,3976,nan,0,0,9819.641,9819.641,9819.641
KDFX20041209-1,KDFX20041210_002659,2,1.600,1.200,3861,nan,0,0,2103.390,2103.390,2103.390
KDFX20041209-1,KDFX20041210_002659,4,2.500,1.200,3861,nan,0,0,53.487,53.487,53.487
KDFX20041209-1,KDFX20041210_002659,5,3.400,1.200,3867,nan,0,0,8.392,8.392,8.392
KDFX20041209-1,KDFX20041210_002659,6,4.500,1.200,3871,nan,0,0,1.242,1.242,1.242
KDFX20041209-1,KDFX20041210_003645,0,0.400,1.200,8070,nan,0,14,32538.955,32538.955,13099.243
KDFX20041209-1,KDFX20041210_003645,3,1.400,1.200,8073,nan,0,0,0.886,0.886,0.886
KDFX20041209-1,KDFX20041210_003645,2,1.700,1.200,8073,nan,0,0,2721.313,2721.313,2721.313
KDFX20041209-1,KDFX20041210_003645,4,2.500,1.200,8079,nan,0,0,202.274,202.274,202.274
KDFX20041209-1,KDFX20041210_003645,5,3.500,1.200,8087,nan,0,0,47.557,47.557,47.557
KDFX20041209-1,KDFX20041210_003645,6,4.500,1.200,8100,nan,0,0,13.963,13.963,13.963
KDFX20041209-4,KDFX20041210_000727,0,0.400,1.200,368,nan,0,0,1652.899,1652.899,1652.899
KDFX20041209-4,KDFX20041210_000727,3,1.400,1.200,368,nan,0,0,0.154,0.154,0.154
KDFX20041209-4,KDFX20041210_000727,2,1.700,1.200,368,nan,0,0,4.884,4.884,4.884
KDFX20041209-4,KDFX20041210_000727,4,2.400,1.200,370,nan,0,0,1.246,1.246,1.246
KDFX20041209-4,KDFX20041210_000727,5,3.500,1.200,369,nan,0,0,0.155,0.155,0.155
KDFX20041209-4,KDFX20041210_001713,0,0.400,1.200,2896,nan,0,0,5533.495,5533.495,5533.495
KDFX20041209-4,KDFX20041210_001713,2,1.600,1.200,2892,nan,0,0,107.289,107.289,107.289
KDFX20041209-4,KDFX20041210_001713,4,2.400,1.200,2894,nan,0,0,27.642,27.642,27.642
KDFX20041209-4,KDFX20041210_001713,5,3.500,1.200,2903,nan,0,0,1.220,1.220,1.220
KDFX20041209-4,KDFX20041210_002659,0,0.400,1.200,2845,nan,0,0,10014.606,10014.606,10014.606
KDFX20041209-4,KDFX20041210_002659,2,1.600,1.200,2854,nan,0,0,410.211,410.211,410.211
KDFX20041209-4,KDFX20041210_002659,4,2.500,1.200,2856,nan,0,0,126.824,126.824,126.824
KDFX20041209-4,KDFX20041210_002659,5,3.400,1.200,2863,nan,0,0,1.243,1.243,1.243
KDFX20041209-3,KDFX20041210_000727,0,0.400,1.200,3233,nan,0,0,1763.092,1763.092,1763.092
KDFX20041209-3,KDFX20041210_000727,3,1.400,1.200,3238,nan,0,0,0.331,0.331,0.331
KDFX20041209-3,KDFX20041210_000727,2,1.700,1.200,3238,nan,0,0,117.969,117.969,117.969
KDFX20041209-3,KDFX20041210_000727,4,2.400,1.200,3235,nan,0,0,0.574,0.574,0.574
KDFX20041209-3,KDFX20041210_000727,5,3.500,1.200,3241,nan,0,0,0.332,0.332,0.332
KDFX20041209-3,KDFX20041210_000727,6,4.500,1.200,3246,nan,0,0,0.545,0.545,0.545
KDFX20041209-5,KDFX20041210_001713,0,0.400,1.200,1018,nan,0,0,1523.969,1523.969,1523.969
KDFX20041209-5,KDFX20041210_001713,2,1.600,1.200,1018,nan,0,0,53.149,53.149,53.149
KDFX20041209-5,KDFX20041210_001713,4,2.400,1.200,1025,nan,0,0,0.568,0.568,0.568
KDFX20041209-5,KDFX20041210_001713,5,3.500,1.200,1023,nan,0,0,4.612,4.612,4.612
KDFX20041209-5,KDFX20041210_001713,6,4.400,1.200,1025,nan,0,0,0.137,0.137,0.137
KDFX20041209-6,KDFX20041210_002659,0,0.400,1.200,3759,nan,0,0,9499.638,9499.638,9499.638
KDFX20041209-6,KDFX20041210_002659,2,1.600,1.200,3759,nan,0,0,1291.781,1291.781,1291.781
KDFX20041209-6,KDFX20041210_002659,4,2.500,1.200,3751,nan,0,0,3.110,3.110,3.110
KDFX20041209-6,KDFX20041210_002659,5,3.400,1.200,3750,nan,0,0,3.017,3.017,3.017
KDFX20041209-6,KDFX20041210_002659,6,4.500,1.200,3763,nan,0,0,0.656,0.656,0.656
KDFX20041210-4,KDFX20041210_232750,0,0.400,1.200,1176,nan,0,0,28263.998,28263.998,28263.998
KDFX20041210-4,KDFX20041210_232750,2,1.700,1.200,993,nan,0,0,1451.273,1451.273,1451.273
KDFX20041210-4,KDFX20041210_232750,4,2.500,1.200,997,nan,0,0,1.374,1.374,1.374
KDFX20041210-4,KDFX20041210_232750,5,3.500,1.200,990,nan,0,0,0.315,0.315,0.315
KDFX20041210-4,KDFX20041210_232750,6,4.500,1.200,1000,nan,0,0,0.319,0.319,0.319
KDFX20041210-4,KDFX20041210_233737,0,0.400,1.200,2042,nan,0,0,18625.237,18625.237,18625.237
KDFX20041210-4,KDFX20041210_233737,2,1.500,1.200,2043,nan,0,0,1128.297,1128.297,1128.297
KDFX20041210-4,KDFX20041210_233737,4,2.600,1.200,2039,nan,0,0,2.055,2.055,2.055
KDFX20041210-4,KDFX20041210_233737,5,3.500,1.200,2045,nan,0,0,0.620,0.620,0.620
KDFX20041210-4,KDFX20041210_233737,6,4.300,1.200,2054,nan,0,0,0.625,0.625,0.625
KDFX20041210-4,KDFX20041210_234723,0,0.400,1.200,5135,nan,0,0,14283.733,14283.733,14283.733
KDFX20041210-4,KDFX20041210_234723,2,1.600,1.200,5157,nan,0,0,1832.815,1832.815,1832.815
KDFX20041210-4,KDFX20041210_234723,4,2.500,1.200,5144,nan,0,0,1.597,1.597,1.597
KDFX20041210-4,KDFX20041210_234723,5,3.500,1.200,5152,nan,0,0,1.423,1.423,1.423
KDFX20041210-4,KDFX20041210_234723,6,4.500,1.200,5161,nan,0,0,1.431,1.431,1.431
KDFX20041210-4,KDFX20041210_235709,0,0.400,1.200,7905,nan,0,0,11158.437,11158.437,11158.437
KDFX20041210-4,KDFX20041210_235709,2,1.500,1.200,7908,nan,0,0,157.102,157.102,157.102
KDFX20041210-4,KDFX20041210_235709,4,2.500,1.200,7913,nan,0,0,2.149,2.149,2.149
KDFX20041210-4,KDFX20041210_235709,5,3.500,1.200,7918,nan,0,0,2.153,2.153,2.153
KDFX20041210-4,KDFX20041210_235709,6,4.500,1.200,7924,nan,0,0,2.161,2.161,2.161
KDFX20041210-4,KDFX20041211_000655,0,0.400,1.200,9637,nan,0,0,3971.291,3971.291,3971.291
KDFX20041210-4,KDFX20041211_000655,2,1.500,1.200,9792,nan,0,0,45.211,45.211,45.211
KDFX20041210-4,KDFX20041211_000655,4,2.500,1.200,9950,nan,0,0,3.527,3.527,3.527
KDFX20041210-4,KDFX20041211_000655,5,3.500,1.200,10253,nan,0,0,3.255,3.255,3.255
KDFX20041210-4,KDFX20041211_000655,6,4.500,1.200,10237,nan,0,0,2.753,2.753,2.753
KDFX20041210-2,KDFX20041210_222810,0,0.400,1.200,385,nan,0,0,2405.877,2405.877,2405.877
KDFX20041210-2,KDFX20041210_222810,2,1.600,1.200,385,nan,0,0,0.415,0.415,0.415
KDFX20041210-2,KDFX20041210_223756,0,0.400,1.200,1067,nan,0,0,7679.780,7679.780,7679.780
KDFX20041210-2,KDFX20041210_223756,2,1.600,1.200,1069,nan,0,0,4.963,4.963,4.963
KDFX20041210-2,KDFX20041210_224846,0,0.300,1.200,2639,nan,0,0,12035.782,12035.782,12035.782
KDFX20041210-2,KDFX20041210_224846,2,1.600,1.200,2643,nan,0,0,14.523,14.523,14.523
KDFX20041210-2,KDFX20041210_225831,0,0.400,1.200,5816,nan,0,0,12194.149,12194.149,12194.149
KDFX20041210-2,KDFX20041210_225831,2,1.700,1.200,5809,nan,0,0,56.489,56.489,56.489
KDFX20041210-12,KDFX20041211_000655,0,0.400,1.200,1815,nan,0,0,13346.703,13346.703,13346.703
KDFX20041210-12,KDFX20041211_000655,2,1.500,1.200,1819,nan,0,0,338.265,338.265,338.265
KDFX20041210-12,KDFX20041211_000655,4,2.500,1.200,1818,nan,0,0,0.139,0.139,0.139
KDFX20041210-12,KDFX20041211_000655,5,3.500,1.200,1814,nan,0,0,0.106,0.106,0.106
KDFX20041210-12,KDFX20041211_000655,6,4.500,1.200,1818,nan,0,0,0.113,0.113,0.113
KDFX20041210-12,KDFX20041211_001641,0,0.400,1.200,4849,nan,0,18,40194.347,40194.347,20566.975
KDFX20041210-12,KDFX20041211_001641,2,1.400,1.200,4844,nan,0,0,570.960,570.960,570.960
KDFX20041210-12,KDFX20041211_001641,4,2.600,1.200,4853,nan,0,0,12.784,12.784,12.784
KDFX20041210-12,KDFX20041211_001641,5,3.500,1.200,4857,nan,0,0,1.533,1.533,1.533
KDFX20041210-12,KDFX20041211_001641,6,4.500,1.200,4858,nan,0,0,0.732,0.732,0.732
KDFX20041210-12,KDFX20041211_002628,0,0.400,1.200,9820,nan,0,63,121897.935,121897.935,25990.988
KDFX20041210-12,KDFX20041211_002628,2,1.500,1.200,10078,nan,0,0,1377.059,1377.059,1377.059
KDFX20041210-12,KDFX20041211_002628,4,2.600,1.200,10026,nan,0,0,41.502,41.502,41.502
KDFX20041210-12,KDFX20041211_002628,5,3.500,1.200,10234,nan,0,0,12.076,12.076,12.076
KDFX20041210-12,KDFX20041211_002628,6,4.500,1.200,10184,nan,0,0,4.112,4.112,4.112
KDFX20041210-12,KDFX20041211_003614,0,0.400,1.200,10971,nan,0,87,186082.850,186082.850,23908.919
KDFX20041210-12,KDFX20041211_003614,2,1.600,1.200,10945,nan,0,0,1476.192,1476.192,1476.192
KDFX20041210-12,KDFX20041211_003614,4,2.400,1.200,10943,nan,0,0,33.812,33.812,33.812
KDFX20041210-12,KDFX20041211_003614,5,3.500,1.200,10959,nan,0,0,9.849,9.849,9.849
KDFX20041210-12,KDFX20041211_003614,6,4.400,1.200,10969,nan,0,0,2.244,2.244,2.244
KDFX20041210-6,KDFX20041210_233737,0,0.400,1.200,2550,nan,0,0,15288.765,15288.765,15288.765
KDFX20041210-6,KDFX20041210_233737,2,1.500,1.200,2562,nan,0,0,41.132,41.132,41.132
KDFX20041210-6,KDFX20041210_234723,0,0.400,1.200,4286,nan,0,0,11237.430,11237.430,11237.430
KDFX20041210-6,KDFX20041210_234723,2,1.600,1.200,4292,nan,0,0,106.873,106.873,106.873
KDFX20041210-6,KDFX20041210_235709,0,0.400,1.200,9090,nan,0,0,5169.757,5169.757,5169.757
KDFX20041210-6,KDFX20041210_235709,2,1.500,1.200,9096,nan,0,0,102.584,102.584,102.584
KDFX20041210-8,KDFX20041210_235709,0,0.400,1.200,107,nan,0,0,801.230,801.230,801.230
KDFX20041210-8,KDFX20041210_235709,2,1.500,1.200,107,nan,0,0,0.045,0.045,0.045
KDFX20041210-8,KDFX20041210_235709,4,2.500,1.200,106,nan,0,0,2.050,2.050,2.050
KDFX20041210-8,KDFX20041210_235709,5,3.500,1.200,104,nan,0,0,0.043,0.043,0.043
KDFX20041210-8,KDFX20041211_000655,0,0.400,1.200,2020,nan,0,0,3080.759,3080.759,3080.759
KDFX20041210-8,KDFX20041211_000655,2,1.500,1.200,2017,nan,0,0,3.985,3.985,3.985
KDFX20041210-8,KDFX20041211_000655,4,2.500,1.200,2023,nan,0,0,20.477,20.477,20.477
KDFX20041210-8,KDFX20041211_000655,5,3.500,1.200,2022,nan,0,0,0.846,0.846,0.846
KDFX20041210-8,KDFX20041211_001641,0,0.400,1.200,2294,nan,0,0,3760.335,3760.335,3760.335
KDFX20041210-8,KDFX20041211_001641,2,1.400,1.200,2299,nan,0,0,4.209,4.209,4.209
KDFX20041210-8,KDFX20041211_001641,4,2.600,1.200,2298,nan,0,0,21.112,21.112,21.112
KDFX20041210-8,KDFX20041211_001641,5,3.500,1.200,2298,nan,0,0,0.929,0.929,0.929
KDFX20041210-1,KDFX20041210_221823,0,0.400,1.200,392,nan,0,0,435.045,435.045,435.045
KDFX20041210-1,KDFX20041210_221823,2,1.500,1.200,392,nan,0,0,0.146,0.146,0.146
KDFX20041210-1,KDFX20041210_221823,4,2.600,1.200,396,nan,0,0,0.148,0.148,0.148
KDFX20041210-1,KDFX20041210_221823,5,3.400,1.200,398,nan,0,0,0.148,0.148,0.148
KDFX20041210-13,KDFX20041211_000655,0,0.400,1.200,623,nan,0,0,944.498,944.498,944.498
KDFX20041210-13,KDFX20041211_000655,2,1.500,1.200,622,nan,0,0,0.258,0.258,0.258
KDFX20041210-13,KDFX20041211_000655,4,2.500,1.200,623,nan,0,0,0.082,0.082,0.082
KDFX20041210-13,KDFX20041211_000655,5,3.500,1.200,623,nan,0,0,0.082,0.082,0.082
KDFX20041210-13,KDFX20041211_000655,6,4.500,1.200,624,nan,0,0,0.082,0.082,0.082
KDFX20041210-13,KDFX20041211_001641,0,0.400,1.200,5182,nan,0,0,9812.748,9812.748,9812.748
KDFX20041210-13,KDFX20041211_001641,2,1.400,1.200,5178,nan,0,0,184.454,184.454,184.454
KDFX20041210-13,KDFX20041211_001641,4,2.600,1.200,5186,nan,0,0,0.881,0.881,0.881
KDFX20041210-13,KDFX20041211_001641,5,3.500,1.200,5183,nan,0,0,1.689,1.689,1.689
KDFX20041210-13,KDFX20041211_001641,6,4.500,1.200,5192,nan,0,0,0.687,0.687,0.687
KDFX20041210-13,KDFX20041211_002628,0,0.400,1.200,1276,nan,0,0,6570.930,6570.930,6570.930
KDFX20041210-13,KDFX20041211_002628,2,1.500,1.200,1187,nan,0,0,27.977,27.977,27.977
KDFX20041210-13,KDFX20041211_002628,4,2.600,1.200,1125,nan,0,0,0.156,0.156,0.156
KDFX20041210-13,KDFX20041211_002628,5,3.500,1.200,1125,nan,0,0,0.231,0.231,0.231
KDFX20041210-13,KDFX20041211_002628,6,4.500,1.200,1128,nan,0,0,0.157,0.157,0.157
KDFX20041211-1,KDFX20041212_001536,0,0.400,1.200,399,nan,0,0,909.062,909.062,909.062
KDFX20041211-1,KDFX20041212_001536,2,1.600,1.200,403,nan,0,0,0.145,0.145,0.145
KDFX20041211-1,KDFX20041212_001536,4,2.400,1.200,397,nan,0,0,3.043,3.043,3.043
KDFX20041211-1,KDFX20041212_001536,5,3.400,1.200,404,nan,0,0,0.146,0.146,0.146
KDFX20041211-1,KDFX20041212_001536,6,4.200,1.200,402,nan,0,0,0.145,0.145,0.145
KDFX20041212-1,KDFX20041213_013908,0,0.400,1.200,2854,nan,0,0,6953.054,6953.054,6953.054
KDFX20041212-1,KDFX20041213_013908,2,1.600,1.200,2862,nan,0,0,4.701,4.701,4.701
KDFX20041212-1,KDFX20041213_014854,0,0.400,1.200,4853,nan,0,0,10269.827,10269.827,10269.827
KDFX20041212-1,KDFX20041213_014854,2,1.600,1.200,5443,nan,0,0,23.548,23.548,23.548
KDFX20041216-1,KDFX20041216_231057,0,0.400,1.200,3298,nan,0,0,74.913,74.913,74.913
KDFX20041216-1,KDFX20041216_231057,3,1.400,1.200,3294,nan,0,0,0.501,0.501,0.501
KDFX20041216-1,KDFX20041216_231057,2,1.700,1.200,3299,nan,0,0,8.426,8.426,8.426
KDFX20041216-1,KDFX20041216_231057,4,2.500,1.200,3300,nan,0,0,2.790,2.790,2.790
KDFX20041216-1,KDFX20041216_231057,5,3.500,1.200,3295,nan,0,0,8.998,8.998,8.998
KDFX20041216-1,KDFX20041216_231057,6,4.500,1.200,3303,nan,0,0,2.152,2.152,2.152
KDFX20041217-6,KDFX20041218_005351,0,0.300,1.200,5437,nan,0,0,10501.549,10501.549,10501.549
KDFX20041217-6,KDFX20041218_005351,2,1.600,1.200,5457,nan,0,0,8.830,8.830,8.830
KDFX20041217-6,KDFX20041218_005938,0,0.400,1.200,7411,nan,0,0,11954.868,11954.868,11954.868
KDFX20041217-6,KDFX20041218_005938,2,1.600,1.200,7425,nan,0,0,11.818,11.818,11.818
KDFX20041217-6,KDFX20041218_010527,0,0.400,1.200,8145,nan,0,0,12721.783,12721.783,12721.783
KDFX20041217-6,KDFX20041218_010527,2,1.600,1.200,8143,nan,0,0,12.203,12.203,12.203
KDFX20041217-6,KDFX20041218_011114,0,0.400,1.200,9127,nan,0,0,13041.251,13041.251,13041.251
KDFX20041217-6,KDFX20041218_011114,2,1.400,1.200,8662,nan,0,0,13.123,13.123,13.123
KDFX20041217-2,KDFX20041217_221617,0,0.400,1.200,1834,nan,0,0,103308.646,103308.646,103308.646
KDFX20041217-2,KDFX20041217_221617,2,1.600,1.200,1832,nan,0,0,440488.262,440488.262,440488.262
KDFX20041217-2,KDFX20041217_221617,4,2.400,1.200,2133,nan,0,0,117691.272,117691.272,117691.272
KDFX20041217-2,KDFX20041217_222204,0,0.400,1.200,3644,nan,0,0,133655.269,133655.269,133655.269
KDFX20041217-2,KDFX20041217_222204,2,1.500,1.200,3643,nan,0,0,542937.569,542937.569,542937.569
KDFX20041217-2,KDFX20041217_222204,4,2.400,1.200,3627,nan,0,0,231341.885,231341.885,231341.885
KDFX20041217-2,KDFX20041217_222753,0,0.400,1.200,4783,nan,0,0,121971.584,121971.584,121971.584
KDFX20041217-2,KDFX20041217_222753,2,1.600,1.200,4441,nan,0,0,400251.655,400251.655,400251.655
KDFX20041217-2,KDFX20041217_222753,4,2.400,1.200,4425,nan,0,0,224429.378,224429.378,224429.378
KDFX20041217-2,KDFX20041217_223339,0,0.400,1.200,5679,nan,0,0,116897.232,116897.232,116897.232
KDFX20041217-2,KDFX20041217_223339,2,1.600,1.200,5686,nan,0,0,352471.018,352471.018,352471.018
KDFX20041217-2,KDFX20041217_223339,4,2.400,1.200,5659,nan,0,0,184513.554,184513.554,184513.554
KDFX20041217-2,KDFX20041217_223927,0,0.400,1.200,4301,nan,0,0,126015.799,126015.799,126015.799
KDFX20041217-2,KDFX20041217_223927,2,1.500,1.200,4299,nan,0,0,308014.113,308014.113,308014.113
KDFX20041217-2,KDFX20041217_223927,4,2.400,1.200,4303,nan,0,0,159515.030,159515.030,159515.030
KDFX20041217-5,KDFX20041217_225650,0,0.400,1.200,3075,nan,0,0,132778.730,132778.730,132778.730
KDFX20041217-5,KDFX20041217_225650,2,1.500,1.200,3087,nan,0,0,205320.572,205320.572,205320.572
KDFX20041217-5,KDFX20041217_225650,4,2.400,1.200,3467,nan,0,0,135987.432,135987.432,135987.432
KDFX20041217-5,KDFX20041217_230238,0,0.400,1.200,5240,nan,0,0,107412.474,107412.474,107412.474
KDFX20041217-5,KDFX20041217_230238,2,1.600,1.200,5236,nan,0,0,305091.000,305091.000,305091.000
KDFX20041217-5,KDFX20041217_230238,4,2.400,1.200,5213,nan,0,0,147863.281,147863.281,147863.281
KDFX20041217-5,KDFX20041217_230825,0,0.400,1.200,5395,nan,0,0,114884.321,114884.321,114884.321
KDFX20041217-5,KDFX20041217_230825,2,1.600,1.200,5372,nan,0,0,352151.990,352151.990,352151.990
KDFX20041217-5,KDFX20041217_231413,0,0.400,1.200,4775,nan,0,0,106224.146,106224.146,106224.146
KDFX20041217-5,KDFX20041217_231413,2,1.600,1.200,4776,nan,0,0,298439.068,298439.068,298439.068
KDFX20041217-1,KDFX20041217_221617,0,0.400,1.200,885,nan,0,0,9367.785,9367.785,9367.785
KDFX20041217-1,KDFX20041217_221617,2,1.600,1.200,883,nan,0,0,45958.942,45958.942,45958.942
KDFX20041217-1,KDFX20041217_221617,4,2.400,1.200,875,nan,0,0,7972.689,7972.689,7972.689
KDFX20041217-1,KDFX20041217_221617,5,3.300,1.200,879,nan,0,0,764.284,764.284,764.284
KDFX20041217-3,KDFX20041217_222204,0,0.400,1.200,579,nan,0,0,8997.785,8997.785,8997.785
KDFX20041217-3,KDFX20041217_222204,2,1.500,1.200,577,nan,0,0,17283.018,17283.018,17283.018
KDFX20041218-1,KDFX20041218_231656,0,0.400,1.200,6548,nan,0,0,289.985,289.985,289.985
KDFX20041218-1,KDFX20041218_231656,2,1.700,1.200,6482,nan,0,0,13.455,13.455,13.455
KDFX20041218-1,KDFX20041218_231656,4,2.300,1.200,6484,nan,0,0,1.914,1.914,1.914
KDFX20041218-1,KDFX20041218_231656,5,3.500,1.200,6495,nan,0,0,0.790,0.790,0.790
KDFX20041218-1,KDFX20041218_231656,6,4.500,1.200,6500,nan,0,0,0.769,0.769,0.769
KDFX20041218-2,KDFX20041219_002628,0,0.400,1.200,1478,nan,0,0,1085.590,1085.590,1085.590
KDFX20041218-2,KDFX20041219_002628,2,1.600,1.200,1480,nan,0,0,24.894,24.894,24.894
KDFX20041218-2,KDFX20041219_002628,4,2.300,1.200,1476,nan,0,0,2.476,2.476,2.476
KDFX20041218-2,KDFX20041219_002628,5,3.500,1.200,1480,nan,0,0,0.531,0.531,0.531
KDFX20041218-2,KDFX20041219_002628,6,4.500,1.200,1484,nan,0,0,0.108,0.108,0.108
KDFX20041218-3,KDFX20041219_010532,0,0.400,1.200,8129,nan,0,0,61694.314,61694.314,61694.314
KDFX20041218-3,KDFX20041219_010532,2,1.600,1.200,8138,nan,0,0,159.549,159.549,159.549
KDFX20041219-1,KDFX20041219_222018,0,0.400,1.200,666,nan,0,0,24993.845,24993.845,24993.845
KDFX20041219-1,KDFX20041219_222018,2,1.600,1.200,675,nan,0,0,3682.874,3682.874,3682.874
KDFX20041219-1,KDFX20041219_222018,4,2.400,1.200,673,nan,0,0,0.180,0.180,0.180
KDFX20041219-1,KDFX20041219_222018,5,3.500,1.200,667,nan,0,0,0.179,0.179,0.179
KDFX20041219-1,KDFX20041219_222018,6,4.500,1.200,679,nan,0,0,0.183,0.183,0.183
KDFX20041219-1,KDFX20041219_223003,0,0.400,1.200,1057,nan,0,0,11093.485,11093.485,11093.485
KDFX20041219-1,KDFX20041219_223003,2,1.600,1.200,1058,nan,0,0,571.471,571.471,571.471
KDFX20041219-1,KDFX20041219_223003,4,2.400,1.200,1054,nan,0,0,0.273,0.273,0.273
KDFX20041219-1,KDFX20041219_223003,5,3.500,1.200,1054,nan,0,0,0.274,0.274,0.274
KDFX20041219-1,KDFX20041219_223003,6,4.400,1.200,1057,nan,0,0,0.276,0.276,0.276
KDFX20041219-1,KDFX20041219_223951,0,0.400,1.200,1703,nan,0,0,6539.241,6539.241,6539.241
KDFX20041219-1,KDFX20041219_223951,2,1.400,1.200,1707,nan,0,0,78.710,78.710,78.710
KDFX20041219-1,KDFX20041219_223951,4,2.400,1.200,1707,nan,0,0,0.430,0.430,0.430
KDFX20041219-1,KDFX20041219_223951,5,3.400,1.200,1711,nan,0,0,0.432,0.432,0.432
KDFX20041219-1,KDFX20041219_223951,6,4.500,1.200,1712,nan,0,0,0.433,0.433,0.433
KDFX20041219-1,KDFX20041219_224937,0,0.400,1.200,1698,nan,0,0,6042.778,6042.778,6042.778
KDFX20041219-1,KDFX20041219_224937,2,1.600,1.200,1703,nan,0,0,125.780,125.780,125.780
KDFX20041219-1,KDFX20041219_224937,4,2.300,1.200,1827,nan,0,0,0.429,0.429,0.429
KDFX20041219-1,KDFX20041219_224937,5,3.500,1.200,1924,nan,0,0,0.456,0.456,0.456
KDFX20041219-1,KDFX20041219_224937,6,4.500,1.200,1930,nan,0,0,0.460,0.460,0.460
KDFX20041220-1,KDFX20041220_221927,0,0.400,1.200,29,nan,0,0,244.257,244.257,244.257
KDFX20041220-1,KDFX20041220_221927,2,1.600,1.200,29,nan,0,0,0.017,0.017,0.017
KDFX20041220-1,KDFX20041220_221927,4,2.400,1.200,36,nan,0,0,0.021,0.021,0.021
KDFX20041220-2,KDFX20041221_002730,0,0.400,1.200,895,nan,0,0,1294.574,1294.574,1294.574
KDFX20041220-2,KDFX20041221_002730,2,1.600,1.200,892,nan,0,0,4.336,4.336,4.336
KDFX20041220-2,KDFX20041221_002730,4,2.300,1.200,894,nan,0,0,60.967,60.967,60.967
KDFX20041220-2,KDFX20041221_002730,5,3.500,1.200,896,nan,0,0,1.213,1.213,1.213
KDFX20041221-4,KDFX20041222_002652,0,0.400,1.200,985,nan,0,0,2306.735,2306.735,2306.735
KDFX20041221-4,KDFX20041222_002652,2,1.600,1.200,992,nan,0,0,57.672,57.672,57.672
KDFX20041221-4,KDFX20041222_002652,4,2.300,1.200,994,nan,0,0,5.939,5.939,5.939
KDFX20041221-4,KDFX20041222_002652,5,3.500,1.200,996,nan,0,0,0.128,0.128,0.128
KDFX20041221-4,KDFX20041222_002652,6,4.500,1.200,999,nan,0,0,0.128,0.128,0.128
KDFX20041221-4,KDFX20041222_003639,0,0.400,1.200,2035,nan,0,0,4219.676,4219.676,4219.676
KDFX20041221-4,KDFX20041222_003639,2,1.600,1.200,2032,nan,0,0,248.443,248.443,248.443
KDFX20041221-4,KDFX20041222_003639,4,2.300,1.200,2032,nan,0,0,4.711,4.711,4.711
KDFX20041221-4,KDFX20041222_003639,5,3.400,1.200,2239,nan,0,0,0.330,0.330,0.330
KDFX20041221-4,KDFX20041222_003639,6,4.500,1.200,2252,nan,0,0,0.304,0.304,0.304
KDFX20041221-4,KDFX20041222_004625,0,0.400,1.200,2459,nan,0,0,4696.062,4696.062,4696.062
KDFX20041221-4,KDFX20041222_004625,2,1.600,1.200,2463,nan,0,0,281.527,281.527,281.527
KDFX20041221-4,KDFX20041222_004625,4,2.300,1.200,2462,nan,0,0,9.196,9.196,9.196
KDFX20041221-4,KDFX20041222_004625,5,3.300,1.200,2466,nan,0,0,0.338,0.338,0.338
KDFX20041221-4,KDFX20041222_004625,6,4.500,1.200,2472,nan,0,0,0.309,0.309,0.309
KDFX20041221-4,KDFX20041222_005611,0,0.400,1.200,10456,nan,0,0,23725.758,23725.758,23725.758
KDFX20041221-4,KDFX20041222_005611,2,1.700,1.200,10458,nan,0,0,868.644,868.644,868.644
KDFX20041221-4,KDFX20041222_005611,4,2.400,1.200,10466,nan,0,0,148.053,148.053,148.053
KDFX20041221-4,KDFX20041222_005611,5,3.500,1.200,10467,nan,0,0,17.696,17.696,17.696
KDFX20041221-4,KDFX20041222_005611,6,4.500,1.200,10486,nan,0,0,3.055,3.055,3.055
KDFX20041221-4,KDFX20041222_010558,0,0.400,1.200,21939,nan,0,18,54920.832,54920.832,18934.070
KDFX20041221-4,KDFX20041222_010558,2,1.600,1.200,21950,nan,0,0,1546.182,1546.182,1546.182
KDFX20041221-4,KDFX20041222_010558,4,2.300,1.200,21963,nan,0,0,178.503,178.503,178.503
KDFX20041221-4,KDFX20041222_010558,5,3.400,1.200,21982,nan,0,0,28.465,28.465,28.465
KDFX20041221-4,KDFX20041222_010558,6,4.500,1.200,22012,nan,0,0,16.801,16.801,16.801
KDFX20041221-4,KDFX20041222_011543,0,0.400,1.200,8648,nan,0,0,17660.583,17660.583,17660.583
KDFX20041221-4,KDFX20041222_011543,2,1.700,1.200,8649,nan,0,0,710.620,710.620,710.620
KDFX20041221-4,KDFX20041222_011543,4,2.400,1.200,8658,nan,0,0,75.824,75.824,75.824
KDFX20041221-4,KDFX20041222_011543,5,3.500,1.200,8679,nan,0,0,3.979,3.979,3.979
KDFX20041221-4,KDFX20041222_011543,6,4.500,1.200,8806,nan,0,0,2.768,2.768,2.768
KDFX20041221-4,KDFX20041222_012530,0,0.400,1.200,14955,nan,0,0,12041.650,12041.650,12041.650
KDFX20041221-4,KDFX20041222_012530,2,1.600,1.200,14987,nan,0,0,840.660,840.660,840.660
KDFX20041221-4,KDFX20041222_012530,4,2.400,1.200,14564,nan,0,0,125.058,125.058,125.058
KDFX20041221-4,KDFX20041222_012530,5,3.500,1.200,14553,nan,0,0,13.778,13.778,13.778
KDFX20041221-4,KDFX20041222_012530,6,4.500,1.200,14487,nan,0,0,3.267,3.267,3.267
KDFX20041221-4,KDFX20041222_013517,0,0.400,1.200,3326,nan,0,0,4913.901,4913.901,4913.901
KDFX20041221-4,KDFX20041222_013517,2,1.700,1.200,3328,nan,0,0,283.493,283.493,283.493
KDFX20041221-4,KDFX20041222_013517,4,2.400,1.200,3327,nan,0,0,11.543,11.543,11.543
KDFX20041221-4,KDFX20041222_013517,5,3.600,1.200,3331,nan,0,0,0.577,0.577,0.577
KDFX20041221-4,KDFX20041222_013517,6,4.500,1.200,3332,nan,0,0,0.510,0.510,0.510
KDFX20041221-4,KDFX20041222_014503,0,0.400,1.200,8206,nan,0,0,6596.515,6596.515,6596.515
KDFX20041221-4,KDFX20041222_014503,3,1.400,1.200,8206,nan,0,0,1.401,1.401,1.401
KDFX20041221-4,KDFX20041222_014503,2,1.700,1.200,8206,nan,0,0,374.889,374.889,374.889
KDFX20041221-4,KDFX20041222_014503,4,2.400,1.200,8209,nan,0,0,9.043,9.043,9.043
KDFX20041221-4,KDFX20041222_014503,5,3.500,1.200,8222,nan,0,0,1.628,1.628,1.628
KDFX20041221-4,KDFX20041222_014503,6,4.500,1.200,8240,nan,0,0,1.416,1.416,1.416
KDFX20041221-4,KDFX20041222_015449,0,0.400,1.200,4618,nan,0,0,3834.386,3834.386,3834.386
KDFX20041221-4,KDFX20041222_015449,2,1.600,1.200,4631,nan,0,0,147.577,147.577,147.577
KDFX20041221-4,KDFX20041222_015449,4,2.400,1.200,4624,nan,0,0,5.097,5.097,5.097
KDFX20041221-4,KDFX20041222_015449,5,3.500,1.200,4626,nan,0,0,1.611,1.611,1.611
KDFX20041221-4,KDFX20041222_015449,6,4.500,1.200,4638,nan,0,0,0.790,0.790,0.790
KDFX20041221-5,KDFX20041222_002652,0,0.400,1.200,2369,nan,0,0,3066.390,3066.390,3066.390
KDFX20041221-5,KDFX20041222_002652,2,1.600,1.200,2371,nan,0,0,779.828,779.828,779.828
KDFX20041221-5,KDFX20041222_002652,4,2.300,1.200,2372,nan,0,0,39.653,39.653,39.653
KDFX20041221-5,KDFX20041222_002652,5,3.500,1.200,2377,nan,0,0,3.538,3.538,3.538
KDFX20041221-5,KDFX20041222_002652,6,4.500,1.200,2378,nan,0,0,1.294,1.294,1.294
KDFX20041221-5,KDFX20041222_003639,0,0.400,1.200,6537,nan,0,49,93352.805,93352.805,14010.754
KDFX20041221-5,KDFX20041222_003639,2,1.600,1.200,6538,nan,0,0,1271.354,1271.354,1271.354
KDFX20041221-5,KDFX20041222_003639,4,2.300,1.200,6543,nan,0,0,62.834,62.834,62.834
KDFX20041221-5,KDFX20041222_003639,5,3.400,1.200,6550,nan,0,0,34.643,34.643,34.643
KDFX20041221-5,KDFX20041222_003639,6,4.500,1.200,6601,nan,0,0,8.022,8.022,8.022
KDFX20041221-5,KDFX20041222_004625,0,0.400,1.200,15081,nan,0,175,211085.402,211085.402,25366.458
KDFX20041221-5,KDFX20041222_004625,2,1.600,1.200,15002,nan,0,0,1293.671,1293.671,1293.671
KDFX20041221-5,KDFX20041222_004625,4,2.300,1.200,14813,nan,0,0,54.865,54.865,54.865
KDFX20041221-5,KDFX20041222_004625,5,3.300,1.200,14924,nan,0,0,10.878,10.878,10.878
KDFX20041221-5,KDFX20041222_004625,6,4.500,1.200,14787,nan,0,0,3.740,3.740,3.740
KDFX20041221-5,KDFX20041222_005611,0,0.400,1.200,12012,nan,0,72,92973.189,92973.189,24815.473
KDFX20041221-5,KDFX20041222_005611,2,1.700,1.200,12025,nan,0,0,1164.736,1164.736,1164.736
KDFX20041221-5,KDFX20041222_005611,4,2.400,1.200,12020,nan,0,0,35.504,35.504,35.504
KDFX20041221-5,KDFX20041222_005611,5,3.500,1.200,12030,nan,0,0,10.685,10.685,10.685
KDFX20041221-5,KDFX20041222_005611,6,4.500,1.200,12047,nan,0,0,5.725,5.725,5.725
KDFX20041221-5,KDFX20041222_010558,0,0.400,1.200,14794,nan,0,88,125334.461,125334.461,21746.622
KDFX20041221-5,KDFX20041222_010558,2,1.600,1.200,14801,nan,0,0,975.975,975.975,975.975
KDFX20041221-5,KDFX20041222_010558,4,2.300,1.200,14801,nan,0,0,40.464,40.464,40.464
KDFX20041221-5,KDFX20041222_010558,5,3.400,1.200,14818,nan,0,0,10.223,10.223,10.223
KDFX20041221-5,KDFX20041222_010558,6,4.500,1.200,14834,nan,0,0,8.121,8.121,8.121
KDFX20041221-5,KDFX20041222_011543,0,0.400,1.200,15047,nan,0,106,145044.640,145044.640,21539.856
KDFX20041221-5,KDFX20041222_011543,2,1.700,1.200,15047,nan,0,0,673.535,673.535,673.535
KDFX20041221-5,KDFX20041222_011543,4,2.400,1.200,15053,nan,0,0,61.647,61.647,61.647
KDFX20041221-5,KDFX20041222_011543,5,3.500,1.200,15062,nan,0,0,11.687,11.687,11.687
KDFX20041221-5,KDFX20041222_011543,6,4.500,1.200,15085,nan,0,0,6.884,6.884,6.884
KDFX20041221-7,KDFX20041222_003639,0,0.400,1.200,1880,nan,0,0,36857.370,36857.370,36857.370
KDFX20041221-7,KDFX20041222_003639,2,1.600,1.200,1883,nan,0,0,120.563,120.563,120.563
KDFX20041221-7,KDFX20041222_003639,4,2.300,1.200,1879,nan,0,0,1.529,1.529,1.529
KDFX20041221-8,KDFX20041222_004625,0,0.400,1.200,3884,nan,0,0,5039.439,5039.439,5039.439
KDFX20041221-8,KDFX20041222_004625,2,1.600,1.200,3880,nan,0,0,898.430,898.430,898.430
KDFX20041221-8,KDFX20041222_004625,4,2.300,1.200,3691,nan,0,0,18.435,18.435,18.435
KDFX20041221-8,KDFX20041222_004625,5,3.300,1.200,3642,nan,0,0,2.914,2.914,2.914
KDFX20041221-8,KDFX20041222_004625,6,4.500,1.200,3643,nan,0,0,0.335,0.335,0.335
KDFX20041221-12,KDFX20041222_014503,0,0.400,1.200,4790,nan,0,0,1438.696,1438.696,1438.696
KDFX20041221-12,KDFX20041222_014503,3,1.400,1.200,4798,nan,0,0,0.819,0.819,0.819
KDFX20041221-12,KDFX20041222_014503,2,1.700,1.200,4796,nan,0,0,143.625,143.625,143.625
KDFX20041221-12,KDFX20041222_014503,4,2.400,1.200,4799,nan,0,0,4.893,4.893,4.893
KDFX20041221-12,KDFX20041222_014503,5,3.500,1.200,4803,nan,0,0,0.823,0.823,0.823
KDFX20041221-12,KDFX20041222_014503,6,4.500,1.200,4814,nan,0,0,0.828,0.828,0.828
KDFX20041224-1,KDFX20041224_223256,0,0.400,1.200,8212,nan,0,0,7894.352,7894.352,7894.352
KDFX20041224-1,KDFX20041224_223256,2,1.500,1.200,8218,nan,0,0,79283.993,79283.993,79283.993
KDFX20041224-1,KDFX20041224_224243,0,0.400,1.200,12709,nan,0,0,9591.811,9591.811,9591.811
KDFX20041224-1,KDFX20041224_224243,2,1.400,1.200,12714,nan,0,0,106091.486,106091.486,106091.486
KDFX20041224-2,KDFX20041224_230215,0,0.400,1.200,4608,nan,0,0,34275.849,34275.849,34275.849
KDFX20041224-2,KDFX20041224_230215,2,1.400,1.200,4602,nan,0,0,7313.722,7313.722,7313.722
KDFX20041224-2,KDFX20041224_231202,0,0.400,1.200,6008,nan,0,0,31817.156,31817.156,31817.156
KDFX20041224-2,KDFX20041224_231202,2,1.600,1.200,6012,nan,0,0,9371.666,9371.666,9371.666
KDFX20041227-1,KDFX20041227_222453,0,0.300,1.200,219,nan,0,0,1119.996,1119.996,1119.996
KDFX20041227-1,KDFX20041227_222453,2,1.500,1.200,217,nan,0,0,16.366,16.366,16.366
KDFX20041227-1,KDFX20041227_222453,4,2.400,1.200,219,nan,0,0,0.072,0.072,0.072
KDFX20041227-1,KDFX20041227_222453,5,3.400,1.200,221,nan,0,0,0.073,0.073,0.073
KDFX20041227-1,KDFX20041227_222453,6,4.200,1.200,220,nan,0,0,0.073,0.073,0.073
KDFX20041228-1,KDFX20041228_222619,0,0.400,1.200,18,nan,0,0,74.792,74.792,74.792
KDFX20041228-1,KDFX20041228_222619,2,1.500,1.200,18,nan,0,0,0.816,0.816,0.816
KDFX20041228-1,KDFX20041228_222619,4,2.300,1.200,18,nan,0,0,0.007,0.007,0.007
KDFX20041228-1,KDFX20041228_222619,5,3.300,1.200,18,nan,0,0,0.007,0.007,0.007
KDFX20041228-1,KDFX20041228_222619,6,4.300,1.200,18,nan,0,0,0.007,0.007,0.007
KDFX20041231-1,KDFX20050101_014540,0,0.400,1.200,1211,nan,0,10,847516.793,847516.793,733475.696
KDFX20041231-1,KDFX20050101_014540,2,1.500,1.200,1211,nan,0,0,56.840,56.840,56.840
KDFX20041231-1,KDFX20050101_014540,4,2.400,1.200,1432,nan,0,0,111.624,111.624,111.624
