track_id,filename,sweep_idx,sweep_angle,count_scaling,n_roost_pixels,n_overthresh_pixels,n_animals
6,KDFX20041129_234540,0,0.400,1.200,2153,0,382400.157
6,KDFX20041129_234540,2,1.600,1.200,2154,0,10374.170
6,KDFX20041129_234540,4,2.400,1.200,2163,0,0.724
6,KDFX20041129_234540,5,3.200,1.200,2164,0,0.726
6,KDFX20041129_234540,6,4.200,1.200,2168,0,0.729
6,KDFX20041129_235127,0,0.400,1.200,4524,0,308532.823
6,KDFX20041129_235127,2,1.500,1.200,4531,0,6048.878
6,KDFX20041129_235127,4,2.500,1.200,4912,0,1.609
6,KDFX20041129_235127,5,3.300,1.200,4951,0,1.644
6,KDFX20041129_235127,6,4.200,1.200,4747,0,1.565
6,KDFX20041129_235715,0,0.400,1.200,6584,0,204198.607
6,KDFX20041129_235715,2,1.500,1.200,6575,0,6413.892
6,KDFX20041129_235715,4,2.400,1.200,6550,0,1.808
6,KDFX20041129_235715,5,3.300,1.200,6560,0,1.779
6,KDFX20041129_235715,6,4.300,1.200,6571,0,1.785
6,KDFX20041130_000405,0,0.200,1.200,6696,0,196165.657
6,KDFX20041130_000405,2,1.500,1.200,6419,0,4860.021
6,KDFX20041130_000405,4,2.400,1.200,6384,0,3.118
6,KDFX20041130_000405,5,3.300,1.200,6397,0,1.405
6,KDFX20041130_000405,6,4.200,1.200,6397,0,1.409
6,KDFX20041130_000953,0,0.400,1.200,7189,0,224873.442
6,KDFX20041130_000953,2,1.600,1.200,7194,0,8702.845
6,KDFX20041130_000953,4,2.400,1.200,7156,0,34.753
6,KDFX20041130_000953,5,3.400,1.200,7163,0,1.568
6,KDFX20041130_000953,6,4.200,1.200,7166,0,1.712
6,KDFX20041130_000953,7,5.900,1.200,7196,0,1.321
6,KDFX20041130_001540,0,0.400,1.200,14796,0,260525.667
6,KDFX20041130_001540,2,1.500,1.200,14812,0,27816.600
6,KDFX20041130_001540,4,2.400,1.200,14848,0,2315.833
6,KDFX20041130_001540,5,3.300,1.200,14858,0,52.699
6,KDFX20041130_001540,6,4.300,1.200,14869,0,9.298
6,KDFX20041130_001540,7,5.900,1.200,14900,0,5.189
6,KDFX20041130_002127,0,0.400,1.200,21845,0,271955.479
6,KDFX20041130_002127,2,1.500,1.200,21857,0,39695.001
6,KDFX20041130_002127,4,2.400,1.200,21999,0,4519.982
6,KDFX20041130_002127,5,3.400,1.200,22118,0,416.597
6,KDFX20041130_002127,6,4.200,1.200,22377,0,46.456
6,KDFX20041130_002127,7,6.000,1.200,22675,0,9.215
6,KDFX20041130_002716,0,0.400,1.200,29296,0,284777.756
6,KDFX20041130_002716,2,1.500,1.200,29301,0,52830.418
6,KDFX20041130_002716,4,2.400,1.200,29317,0,6435.004
6,KDFX20041130_002716,5,3.400,1.200,29340,0,1530.117
6,KDFX20041130_002716,6,4.200,1.200,29369,0,420.574
6,KDFX20041130_002716,7,5.900,1.200,29451,0,113.208
6,KDFX20041130_003303,0,0.400,1.200,35371,0,344766.408
6,KDFX20041130_003303,2,1.600,1.200,35458,0,56851.496
6,KDFX20041130_003303,4,2.400,1.200,35577,0,6292.402
6,KDFX20041130_003303,5,3.300,1.200,35588,0,1438.272
6,KDFX20041130_003303,6,4.300,1.200,35493,0,421.326
6,KDFX20041130_003303,7,5.900,1.200,35548,0,126.130
6,KDFX20041130_003851,0,0.400,1.200,37798,0,309505.339
6,KDFX20041130_003851,2,1.600,1.200,37826,0,56821.466
6,KDFX20041130_003851,4,2.400,1.200,37830,0,4374.413
6,KDFX20041130_003851,5,3.400,1.200,37884,0,1096.497
6,KDFX20041130_003851,6,4.200,1.200,37997,0,287.417
6,KDFX20041130_003851,7,5.900,1.200,38083,0,92.662
6,KDFX20041130_004439,0,0.400,1.200,41408,0,286185.866
6,KDFX20041130_004439,2,1.600,1.200,41257,0,61170.898
6,KDFX20041130_004439,4,2.400,1.200,41276,0,4743.682
6,KDFX20041130_004439,5,3.400,1.200,41083,0,946.623
6,KDFX20041130_004439,6,4.200,1.200,40911,0,412.734
6,KDFX20041130_004439,7,5.900,1.200,40962,0,148.560
6,KDFX20041130_005027,0,0.400,1.200,43588,0,375703.945
6,KDFX20041130_005027,2,1.500,1.200,43593,0,65851.006
6,KDFX20041130_005027,4,2.400,1.200,43611,0,11763.154
6,KDFX20041130_005027,5,3.400,1.200,43666,0,1352.128
6,KDFX20041130_005027,6,4.300,1.200,43734,0,605.189
6,KDFX20041130_005027,7,5.900,1.200,43886,0,112.432
2,KDFX20041129_225918,0,0.400,1.200,538,0,1904.520
2,KDFX20041129_225918,2,1.500,1.200,575,0,0.597
2,KDFX20041129_230505,0,0.400,1.200,1404,0,5782.685
2,KDFX20041129_230505,2,1.600,1.200,1406,0,15.754
2,KDFX20041129_231054,0,0.400,1.200,2409,0,11962.769
2,KDFX20041129_231054,2,1.500,1.200,2410,0,7.475
2,KDFX20041129_231642,0,0.400,1.200,3035,0,23920.025
2,KDFX20041129_231642,2,1.500,1.200,3029,0,312.980
2,KDFX20041129_232230,0,0.400,1.200,2864,0,32317.702
2,KDFX20041129_232230,2,1.500,1.200,2865,0,2503.635
2,KDFX20041129_232230,4,2.400,1.200,2870,0,156.063
2,KDFX20041129_232816,0,0.400,1.200,3602,0,42917.106
2,KDFX20041129_232816,2,1.600,1.200,3601,0,11788.837
2,KDFX20041129_232816,4,2.400,1.200,3604,0,187.540
2,KDFX20041129_233404,0,0.400,1.200,5398,0,72258.410
2,KDFX20041129_233404,2,1.500,1.200,5405,0,29144.455
2,KDFX20041129_233404,4,2.400,1.200,5416,0,21.004
2,KDFX20041129_234540,0,0.400,1.200,6794,0,48512.385
2,KDFX20041129_234540,2,1.600,1.200,6797,0,375.613
2,KDFX20041129_234540,4,2.400,1.200,6817,0,5.378
2,KDFX20041129_235127,0,0.400,1.200,9428,0,45117.268
2,KDFX20041129_235127,2,1.500,1.200,9456,0,548.981
2,KDFX20041129_235127,4,2.500,1.200,9479,0,7.406
2,KDFX20041129_235715,0,0.400,1.200,10701,0,40691.559
2,KDFX20041129_235715,2,1.500,1.200,10762,0,9657.824
2,KDFX20041129_235715,4,2.400,1.200,10650,0,7.937
2,KDFX20041130_000405,0,0.200,1.200,13282,0,71640.524
2,KDFX20041130_000405,2,1.500,1.200,13303,0,36203.603
2,KDFX20041130_000405,4,2.400,1.200,13235,0,14.735
7,KDFX20041129_235127,0,0.400,1.200,577,0,2721.536
7,KDFX20041129_235127,2,1.500,1.200,569,0,94.659
7,KDFX20041129_235127,4,2.500,1.200,569,0,7.556
7,KDFX20041129_235127,5,3.300,1.200,572,0,0.095
7,KDFX20041129_235127,6,4.200,1.200,575,0,0.095
7,KDFX20041129_235127,7,5.900,1.200,582,0,0.097
7,KDFX20041129_235715,0,0.400,1.200,2056,0,10847.154
7,KDFX20041129_235715,2,1.500,1.200,2058,0,208.509
7,KDFX20041129_235715,4,2.400,1.200,2042,0,9.614
7,KDFX20041129_235715,5,3.300,1.200,2043,0,0.489
7,KDFX20041129_235715,6,4.300,1.200,2047,0,0.330
7,KDFX20041129_235715,7,5.900,1.200,2048,0,0.332
7,KDFX20041130_000405,0,0.200,1.200,4046,0,14848.884
7,KDFX20041130_000405,2,1.500,1.200,4043,0,322.167
7,KDFX20041130_000405,4,2.400,1.200,4022,0,13.688
7,KDFX20041130_000405,5,3.300,1.200,4028,0,2.777
7,KDFX20041130_000405,6,4.200,1.200,4029,0,0.568
7,KDFX20041130_000405,7,5.900,1.200,4036,0,0.572
7,KDFX20041130_000953,0,0.400,1.200,3863,0,16685.449
7,KDFX20041130_000953,2,1.600,1.200,4116,0,201.496
7,KDFX20041130_000953,4,2.400,1.200,4128,0,11.603
7,KDFX20041130_000953,5,3.400,1.200,4002,0,1.145
7,KDFX20041130_000953,6,4.200,1.200,3858,0,0.595
7,KDFX20041130_000953,7,5.900,1.200,3872,0,0.600
18,KDFX20041130_000405,0,0.200,1.200,394,0,1963.298
18,KDFX20041130_000405,2,1.500,1.200,393,0,36.523
18,KDFX20041130_000405,4,2.400,1.200,391,0,0.626
18,KDFX20041130_000405,5,3.300,1.200,393,0,0.100
18,KDFX20041130_000405,6,4.200,1.200,393,0,0.100
18,KDFX20041130_000953,0,0.400,1.200,1305,0,3369.623
18,KDFX20041130_000953,2,1.600,1.200,1293,0,52.743
18,KDFX20041130_000953,4,2.400,1.200,1293,0,1.437
18,KDFX20041130_000953,5,3.400,1.200,1293,0,0.334
18,KDFX20041130_000953,6,4.200,1.200,1292,0,0.334
18,KDFX20041130_001540,0,0.400,1.200,1538,0,4983.805
18,KDFX20041130_001540,2,1.500,1.200,1542,0,53.113
18,KDFX20041130_001540,4,2.400,1.200,1545,0,3.183
18,KDFX20041130_001540,5,3.300,1.200,1546,0,0.415
18,KDFX20041130_001540,6,4.300,1.200,1551,0,0.417
18,KDFX20041130_002127,0,0.400,1.200,2886,0,15970.957
18,KDFX20041130_002127,2,1.500,1.200,2883,0,103.274
18,KDFX20041130_002127,4,2.400,1.200,2889,0,28.463
18,KDFX20041130_002127,5,3.400,1.200,2889,0,0.866
18,KDFX20041130_002127,6,4.200,1.200,2892,0,0.868
14,KDFX20041129_235715,0,0.400,1.200,493,0,4159.003
14,KDFX20041129_235715,2,1.500,1.200,491,0,364.700
14,KDFX20041129_235715,4,2.400,1.200,487,0,3.655
14,KDFX20041129_235715,5,3.300,1.200,493,0,0.790
14,KDFX20041129_235715,6,4.300,1.200,491,0,5.579
14,KDFX20041129_235715,7,5.900,1.200,492,0,5.356
14,KDFX20041129_235715,8,10.200,1.200,499,0,0.023
14,KDFX20041130_000405,0,0.200,1.200,1917,0,3637.944
14,KDFX20041130_000405,2,1.500,1.200,1925,0,1782.726
14,KDFX20041130_000405,4,2.400,1.200,1910,0,864.148
14,KDFX20041130_000405,5,3.300,1.200,1913,0,92.280
14,KDFX20041130_000405,6,4.200,1.200,1914,0,35.465
14,KDFX20041130_000405,7,5.900,1.200,2003,0,25.662
14,KDFX20041130_000405,8,10.100,1.200,2115,0,1.868
14,KDFX20041130_000953,0,0.400,1.200,2377,0,4995.708
14,KDFX20041130_000953,2,1.600,1.200,2370,0,3718.890
14,KDFX20041130_000953,4,2.400,1.200,2367,0,2474.583
14,KDFX20041130_000953,5,3.400,1.200,2368,0,137.082
14,KDFX20041130_000953,6,4.200,1.200,2368,0,44.715
14,KDFX20041130_000953,7,5.900,1.200,2373,0,35.033
14,KDFX20041130_000953,8,10.100,1.200,2410,0,0.611
11,KDFX20041129_235715,0,0.400,1.200,383,0,5207.725
11,KDFX20041129_235715,2,1.500,1.200,384,0,40.870
11,KDFX20041129_235715,4,2.400,1.200,384,0,17.165
11,KDFX20041129_235715,5,3.300,1.200,380,0,0.116
11,KDFX20041129_235715,6,4.300,1.200,382,0,0.116
11,KDFX20041130_000405,0,0.200,1.200,943,0,24924.087
11,KDFX20041130_000405,2,1.500,1.200,945,0,122.205
11,KDFX20041130_000405,4,2.400,1.200,1084,0,58.000
11,KDFX20041130_000405,5,3.300,1.200,944,0,0.809
11,KDFX20041130_000405,6,4.200,1.200,944,0,0.279
11,KDFX20041130_000953,0,0.400,1.200,1715,0,21560.473
11,KDFX20041130_000953,2,1.600,1.200,1725,0,330.205
11,KDFX20041130_000953,4,2.400,1.200,1741,0,119.822
11,KDFX20041130_000953,5,3.400,1.200,1734,0,1.894
11,KDFX20041130_000953,6,4.200,1.200,1739,0,0.504
11,KDFX20041130_001540,0,0.400,1.200,3828,0,33812.235
11,KDFX20041130_001540,2,1.500,1.200,3562,0,697.617
11,KDFX20041130_001540,4,2.400,1.200,3568,0,137.261
11,KDFX20041130_001540,5,3.300,1.200,3574,0,7.693
11,KDFX20041130_001540,6,4.300,1.200,3577,0,1.088
16,KDFX20041130_000405,0,0.200,1.200,1129,0,8409.684
16,KDFX20041130_000405,2,1.500,1.200,1127,0,1.111
16,KDFX20041130_000405,4,2.400,1.200,1119,0,0.476
16,KDFX20041130_000405,5,3.300,1.200,1121,0,0.477
16,KDFX20041130_000953,0,0.400,1.200,1969,0,13631.765
16,KDFX20041130_000953,2,1.600,1.200,1978,0,1.947
16,KDFX20041130_000953,4,2.400,1.200,1966,0,0.857
16,KDFX20041130_000953,5,3.400,1.200,1964,0,0.858
16,KDFX20041130_001540,0,0.400,1.200,1481,0,13350.112
16,KDFX20041130_001540,2,1.500,1.200,1489,0,0.688
16,KDFX20041130_001540,4,2.400,1.200,1490,0,1.597
16,KDFX20041130_001540,5,3.300,1.200,1490,0,0.690
16,KDFX20041130_002127,0,0.400,1.200,3113,0,19832.614
16,KDFX20041130_002127,2,1.500,1.200,3119,0,22.797
16,KDFX20041130_002127,4,2.400,1.200,3128,0,4.268
16,KDFX20041130_002127,5,3.400,1.200,3132,0,1.427
16,KDFX20041130_002716,0,0.400,1.200,2234,0,19130.917
16,KDFX20041130_002716,2,1.500,1.200,2244,0,27.795
16,KDFX20041130_002716,4,2.400,1.200,2445,0,1.132
16,KDFX20041130_002716,5,3.400,1.200,2529,0,1.177
16,KDFX20041130_003303,0,0.400,1.200,3929,0,27190.840
16,KDFX20041130_003303,2,1.600,1.200,3942,0,112.096
16,KDFX20041130_003303,4,2.400,1.200,3947,0,1.845
16,KDFX20041130_003303,5,3.300,1.200,3942,0,1.847
1,KDFX20041129_224742,0,0.400,1.200,4071,0,8337.360
1,KDFX20041129_224742,2,1.500,1.200,4079,0,170.836
1,KDFX20041129_224742,4,2.400,1.200,4054,0,2.706
1,KDFX20041129_224742,5,3.400,1.200,4056,0,1.735
10,KDFX20041129_235127,0,0.400,1.200,219,0,1847.649
10,KDFX20041129_235127,2,1.500,1.200,212,0,102.110
10,KDFX20041129_235127,4,2.500,1.200,210,0,3.874
10,KDFX20041129_235127,5,3.300,1.200,215,0,5.681
10,KDFX20041129_235127,6,4.200,1.200,211,0,0.107
10,KDFX20041129_235127,7,5.900,1.200,221,0,0.025
24,KDFX20041130_002716,0,0.400,1.200,6657,0,66665.711
24,KDFX20041130_002716,2,1.500,1.200,6670,0,73713.444
2,KDFX20041203_000636,0,0.400,1.200,403,0,441.879
2,KDFX20041203_000636,2,1.600,1.200,404,0,0.727
2,KDFX20041203_000636,4,2.500,1.200,404,0,0.136
2,KDFX20041203_000636,5,3.500,1.200,406,0,0.137
2,KDFX20041203_000636,6,4.400,1.200,404,0,0.137
2,KDFX20041203_001623,0,0.400,1.200,1436,0,2650.771
2,KDFX20041203_001623,2,1.600,1.200,1436,0,35.225
2,KDFX20041203_001623,4,2.400,1.200,1438,0,0.482
2,KDFX20041203_001623,5,3.500,1.200,1437,0,0.482
2,KDFX20041203_001623,6,4.500,1.200,1441,0,0.485
2,KDFX20041203_002608,0,0.400,1.200,3407,0,2641.275
2,KDFX20041203_002608,2,1.400,1.200,3405,0,98.831
2,KDFX20041203_002608,4,2.500,1.200,3412,0,1.103
2,KDFX20041203_002608,5,3.500,1.200,3412,0,1.105
2,KDFX20041203_002608,6,4.500,1.200,3416,0,1.109
2,KDFX20041203_003556,0,0.400,1.200,6403,0,4993.985
2,KDFX20041203_003556,2,1.400,1.200,6394,0,916.916
2,KDFX20041203_003556,4,2.500,1.200,6398,0,6.462
2,KDFX20041203_003556,5,3.500,1.200,6444,0,2.016
2,KDFX20041203_003556,6,4.500,1.200,6623,0,2.073
2,KDFX20041203_004541,0,0.400,1.200,8208,0,9397.343
2,KDFX20041203_004541,2,1.600,1.200,7769,0,4605.999
2,KDFX20041203_004541,4,2.400,1.200,7775,0,82.092
2,KDFX20041203_004541,5,3.400,1.200,7782,0,2.397
2,KDFX20041203_004541,6,4.500,1.200,7796,0,2.408
1,KDFX20041202_225814,0,0.400,1.200,144,0,647.438
1,KDFX20041202_225814,2,1.600,1.200,143,0,0.035
1,KDFX20041202_225814,4,2.400,1.200,145,0,0.035
1,KDFX20041202_225814,5,3.500,1.200,145,0,0.035
1,KDFX20041202_225814,6,4.500,1.200,144,0,0.035
3,KDFX20041203_013538,0,0.400,1.200,3576,0,12445.849
3,KDFX20041203_013538,2,1.600,1.200,3572,0,5386.906
3,KDFX20041203_013538,4,2.500,1.200,3571,0,159.652
3,KDFX20041203_013538,5,3.500,1.200,3585,0,2.487
3,KDFX20041203_013538,6,4.400,1.200,3587,0,1.152
7,KDFX20041205_015409,0,0.400,1.200,2324,0,739308.996
7,KDFX20041205_015409,2,1.500,1.200,2303,0,537896.086
7,KDFX20041205_015956,0,0.400,1.200,3681,0,967705.847
7,KDFX20041205_015956,2,1.400,1.200,3696,0,877291.209
7,KDFX20041205_020544,0,0.400,1.200,6393,0,1214301.639
7,KDFX20041205_020544,2,1.600,1.200,6415,0,1541261.231
7,KDFX20041205_021132,0,0.400,1.200,9738,0,1290290.972
7,KDFX20041205_021132,2,1.500,1.200,9297,0,1643139.439
5,KDFX20041204_224737,0,0.400,1.200,1555,0,342007.647
5,KDFX20041204_225324,0,0.400,1.200,2800,0,1052943.448
5,KDFX20041204_225324,2,1.600,1.200,2810,0,447236.342
1,KDFX20041204_221250,0,0.400,1.200,821,0,1460.539
1,KDFX20041204_221250,2,1.400,1.200,824,0,6415.202
2,KDFX20041204_221838,0,0.400,1.200,2019,0,348.710
2,KDFX20041204_221838,2,1.400,1.200,2031,0,1548.691
2,KDFX20041204_221838,4,2.400,1.200,2015,0,10425.049
2,KDFX20041204_221838,5,3.300,1.200,2268,0,27563.610
2,KDFX20041204_221838,6,4.200,1.200,2274,0,20184.578
4,KDFX20041204_224149,0,0.400,1.200,425,0,1412.692
4,KDFX20041204_224149,2,1.600,1.200,415,0,6464.273
6,KDFX20041204_234534,0,0.400,1.200,4574,0,265340.356
6,KDFX20041204_234534,2,1.600,1.200,4602,0,477828.761
10,KDFX20041206_013118,0,0.400,1.200,1467,0,16827.505
10,KDFX20041206_013118,2,1.500,1.200,1480,0,548879.801
10,KDFX20041206_013705,0,0.400,1.200,2442,0,54925.498
10,KDFX20041206_013705,2,1.400,1.200,2429,0,893188.774
10,KDFX20041206_014254,0,0.400,1.200,3039,0,105460.359
10,KDFX20041206_014254,2,1.500,1.200,2657,0,648206.943
10,KDFX20041206_014842,0,0.400,1.200,2661,0,147639.607
10,KDFX20041206_014842,2,1.400,1.200,2673,0,563592.501
10,KDFX20041206_015429,0,0.400,1.200,2774,0,79268.521
10,KDFX20041206_015429,2,1.400,1.200,2779,0,532714.173
10,KDFX20041206_020018,0,0.400,1.200,2895,0,72426.771
10,KDFX20041206_020018,2,1.400,1.200,2895,0,1209685.726
10,KDFX20041206_020604,0,0.400,1.200,3022,0,92955.597
10,KDFX20041206_020604,2,1.400,1.200,3017,0,1302124.579
10,KDFX20041206_021153,0,0.400,1.200,2878,0,265630.370
10,KDFX20041206_021153,2,1.400,1.200,2811,0,933069.539
12,KDFX20041206_015429,0,0.400,1.200,9794,0,82203.531
12,KDFX20041206_015429,2,1.400,1.200,9818,0,802329.155
12,KDFX20041206_020018,0,0.400,1.200,12707,0,79033.257
12,KDFX20041206_020018,2,1.400,1.200,12723,0,1777540.009
12,KDFX20041206_020604,0,0.400,1.200,12671,0,105195.780
12,KDFX20041206_020604,2,1.400,1.200,12654,0,1823664.110
2,KDFX20041206_002735,0,0.400,1.200,607,0,19810.258
2,KDFX20041206_002735,2,1.400,1.200,631,0,239890.243
2,KDFX20041206_003322,0,0.400,1.200,1464,0,9242.741
2,KDFX20041206_003322,2,1.400,1.200,1442,0,502378.162
3,KDFX20041206_002735,0,0.400,1.200,863,0,67321.083
3,KDFX20041206_002735,2,1.400,1.200,890,0,428317.287
3,KDFX20041206_003322,0,0.400,1.200,1746,0,91861.608
3,KDFX20041206_003322,2,1.400,1.200,1757,0,611777.058
5,KDFX20041206_003322,0,0.400,1.200,4094,0,136725.325
5,KDFX20041206_003322,2,1.400,1.200,4094,0,666240.139
5,KDFX20041206_003911,0,0.400,1.200,6001,0,366668.718
5,KDFX20041206_003911,2,1.400,1.200,6001,0,1024520.690
5,KDFX20041206_004458,0,0.400,1.200,8311,0,624004.272
5,KDFX20041206_004458,2,1.400,1.200,8330,0,1408251.535
5,KDFX20041206_005046,0,0.400,1.200,2695,0,241732.613
5,KDFX20041206_005046,2,1.400,1.200,2696,0,788640.981
8,KDFX20041206_010221,0,0.400,1.200,2732,0,2157.078
8,KDFX20041206_010221,2,1.400,1.200,2728,0,181320.263
8,KDFX20041206_010808,0,0.400,1.200,3968,0,2623.388
8,KDFX20041206_010808,2,1.400,1.200,3969,0,204403.126
1,KDFX20041205_235142,0,0.400,1.200,1400,0,338.375
1,KDFX20041205_235142,2,1.400,1.200,1405,0,0.846
1,KDFX20041205_235142,4,2.500,1.200,1408,0,0.612
1,KDFX20041205_235142,5,3.300,1.200,1412,0,0.299
1,KDFX20041205_235142,6,4.200,1.200,1411,0,0.336
1,KDFX20041205_235142,7,5.900,1.200,1410,0,0.261
1,KDFX20041205_235142,8,10.100,1.200,1420,0,51.793
4,KDFX20041206_002735,0,0.400,1.200,6423,0,109924.547
4,KDFX20041206_002735,2,1.400,1.200,6433,0,890697.278
7,KDFX20041206_005633,0,0.400,1.200,3819,0,1681.345
7,KDFX20041206_005633,2,1.400,1.200,3821,0,530584.635
11,KDFX20041206_014254,0,0.400,1.200,704,0,19.588
11,KDFX20041206_014254,2,1.500,1.200,703,0,25.262
11,KDFX20041206_014254,4,2.500,1.200,705,0,16.291
11,KDFX20041206_014254,5,3.300,1.200,702,0,45.592
11,KDFX20041206_014254,6,4.200,1.200,704,0,230.301
11,KDFX20041206_014254,7,6.000,1.200,706,0,6435.195
12,KDFX20041207_001234,0,0.400,1.200,513,0,736.738
12,KDFX20041207_001234,2,1.000,1.200,517,0,7.058
12,KDFX20041207_001234,4,1.400,1.200,512,0,2.101
12,KDFX20041207_001234,6,1.800,1.200,511,0,0.212
12,KDFX20041207_001234,7,2.400,1.200,511,0,0.212
12,KDFX20041207_001234,8,2.900,1.200,514,0,0.214
12,KDFX20041207_001234,9,3.900,1.200,508,0,0.212
12,KDFX20041207_001652,0,0.400,1.200,1219,0,1675.160
12,KDFX20041207_001652,2,1.000,1.200,1214,0,72.973
12,KDFX20041207_001652,6,1.800,1.200,1411,0,0.579
12,KDFX20041207_001652,7,2.400,1.200,1203,0,2.486
12,KDFX20041207_001652,8,2.900,1.200,1206,0,0.498
12,KDFX20041207_001652,9,3.900,1.200,1210,0,0.502
12,KDFX20041207_002110,0,0.400,1.200,1260,0,2778.677
12,KDFX20041207_002110,2,1.000,1.200,1264,0,231.089
12,KDFX20041207_002110,4,1.400,1.200,1264,0,19.071
12,KDFX20041207_002110,6,1.800,1.200,1263,0,3.418
12,KDFX20041207_002110,7,2.300,1.200,1258,0,2.294
12,KDFX20041207_002110,8,2.900,1.200,1255,0,0.515
12,KDFX20041207_002110,9,3.900,1.200,1256,0,1.341
12,KDFX20041207_002527,0,0.400,1.200,1614,0,4068.589
12,KDFX20041207_002527,2,1.000,1.200,1618,0,536.666
12,KDFX20041207_002527,4,1.400,1.200,1616,0,98.102
12,KDFX20041207_002527,6,1.800,1.200,1611,0,0.662
12,KDFX20041207_002527,7,2.400,1.200,1607,0,0.661
12,KDFX20041207_002527,8,2.900,1.200,1608,0,0.662
12,KDFX20041207_002527,9,3.900,1.200,1609,0,0.665
1,KDFX20041206_221548,0,0.400,1.200,1227,0,24041.100
1,KDFX20041206_221548,2,1.000,1.200,1228,0,14700.012
1,KDFX20041206_221548,6,1.600,1.200,1272,0,1026.519
1,KDFX20041206_222004,0,0.400,1.200,1858,0,10899.003
1,KDFX20041206_222004,2,1.000,1.200,1850,0,8614.337
1,KDFX20041206_222004,4,1.400,1.200,1852,0,3256.853
1,KDFX20041206_222004,6,1.700,1.200,1847,0,587.707
4,KDFX20041206_230711,0,0.400,1.200,2107,0,5940.712
4,KDFX20041206_230711,2,0.900,1.200,2095,0,6925.282
4,KDFX20041206_230711,4,1.400,1.200,2103,0,6252.449
4,KDFX20041206_230711,6,1.700,1.200,2144,0,3934.271
4,KDFX20041206_230711,7,2.400,1.200,2111,0,2809.137
4,KDFX20041206_230711,8,2.900,1.200,2077,0,1835.602
4,KDFX20041206_230711,9,3.900,1.200,2285,0,1170.633
4,KDFX20041206_230711,10,5.100,1.200,2183,0,633.357
4,KDFX20041206_230711,11,6.300,1.200,2170,0,154.247
4,KDFX20041206_231128,0,0.400,1.200,3722,0,5297.343
4,KDFX20041206_231128,2,0.900,1.200,3954,0,9469.041
4,KDFX20041206_231128,4,1.400,1.200,3726,0,7970.844
4,KDFX20041206_231128,6,1.700,1.200,3728,0,6262.023
4,KDFX20041206_231128,7,2.300,1.200,3699,0,5721.816
4,KDFX20041206_231128,8,2.900,1.200,3706,0,4640.277
4,KDFX20041206_231128,9,4.000,1.200,3697,0,3259.092
4,KDFX20041206_231128,10,5.100,1.200,3775,0,2026.777
4,KDFX20041206_231128,11,6.300,1.200,3788,0,590.075
7,KDFX20041206_233708,0,0.400,1.200,1611,0,1428.538
7,KDFX20041206_233708,2,1.000,1.200,1608,0,1181.017
7,KDFX20041206_233708,4,1.400,1.200,1763,0,773.436
7,KDFX20041206_233708,6,1.700,1.200,1607,0,436.103
7,KDFX20041206_233708,7,2.500,1.200,1603,0,189.680
7,KDFX20041206_233708,8,3.000,1.200,1612,0,84.758
7,KDFX20041206_233708,9,3.900,1.200,1605,0,51.795
7,KDFX20041206_233708,10,5.100,1.200,1637,0,25.280
7,KDFX20041206_233708,11,6.400,1.200,1637,0,16.891
7,KDFX20041206_234127,0,0.400,1.200,3499,0,608.972
7,KDFX20041206_234127,2,1.000,1.200,3495,0,462.662
7,KDFX20041206_234127,6,1.800,1.200,3498,0,150.230
7,KDFX20041206_234127,7,2.400,1.200,3475,0,61.023
7,KDFX20041206_234127,8,3.000,1.200,3477,0,24.143
7,KDFX20041206_234127,9,3.900,1.200,3475,0,11.416
7,KDFX20041206_234127,10,5.000,1.200,3546,0,15.388
7,KDFX20041206_234127,11,6.300,1.200,3564,0,18.516
8,KDFX20041206_234127,0,0.400,1.200,1861,0,819.810
8,KDFX20041206_234127,2,1.000,1.200,1858,0,635.374
8,KDFX20041206_234127,6,1.800,1.200,1861,0,170.343
8,KDFX20041206_234127,7,2.400,1.200,1852,0,113.368
8,KDFX20041206_234127,8,3.000,1.200,1856,0,82.825
8,KDFX20041206_234127,9,3.900,1.200,1855,0,16.232
8,KDFX20041206_234127,10,5.000,1.200,2057,0,27.780
8,KDFX20041206_234544,0,0.400,1.200,3622,0,132.601
8,KDFX20041206_234544,2,1.000,1.200,3589,0,139.380
8,KDFX20041206_234544,4,1.400,1.200,3894,0,91.674
8,KDFX20041206_234544,6,1.700,1.200,3622,0,32.955
8,KDFX20041206_234544,7,2.300,1.200,3602,0,17.399
8,KDFX20041206_234544,8,3.000,1.200,3609,0,23.743
8,KDFX20041206_234544,9,4.000,1.200,3613,0,14.390
8,KDFX20041206_234544,10,5.100,1.200,3681,0,11.278
10,KDFX20041206_235000,0,0.400,1.200,2054,0,5169.326
10,KDFX20041206_235000,2,1.000,1.200,2056,0,5621.181
10,KDFX20041206_235000,6,1.700,1.200,2052,0,2716.879
10,KDFX20041206_235000,7,2.300,1.200,2042,0,2787.544
10,KDFX20041206_235000,8,3.000,1.200,2034,0,2551.551
10,KDFX20041206_235000,9,3.900,1.200,2045,0,851.857
10,KDFX20041206_235000,10,5.000,1.200,2313,0,73.019
10,KDFX20041206_235418,0,0.400,1.200,3374,0,4444.485
10,KDFX20041206_235418,2,1.000,1.200,3352,0,4798.536
10,KDFX20041206_235418,4,1.400,1.200,3679,0,5029.062
10,KDFX20041206_235418,6,1.800,1.200,3375,0,3307.846
10,KDFX20041206_235418,7,2.300,1.200,3358,0,2537.256
10,KDFX20041206_235418,8,3.000,1.200,3364,0,641.651
10,KDFX20041206_235418,9,4.000,1.200,3358,0,119.455
10,KDFX20041206_235418,10,5.100,1.200,3423,0,18.498
14,KDFX20041207_002527,0,0.400,1.200,2814,0,856.974
14,KDFX20041207_002527,2,1.000,1.200,2815,0,294.016
14,KDFX20041207_002527,4,1.400,1.200,2818,0,98.699
14,KDFX20041207_002527,6,1.800,1.200,2818,0,9.145
14,KDFX20041207_002527,7,2.400,1.200,2792,0,1.677
14,KDFX20041207_002527,8,2.900,1.200,3012,0,1.516
14,KDFX20041207_002527,9,3.900,1.200,2845,0,2.879
14,KDFX20041207_002527,10,5.000,1.200,2859,0,0.229
14,KDFX20041207_002527,11,6.400,1.200,2866,0,0.319
14,KDFX20041207_002527,12,7.900,1.200,2841,0,3.313
14,KDFX20041207_002943,0,0.400,1.200,5963,0,1725.558
14,KDFX20041207_002943,2,1.000,1.200,5807,0,665.381
14,KDFX20041207_002943,4,1.400,1.200,5713,0,219.971
14,KDFX20041207_002943,6,1.800,1.200,5702,0,30.775
14,KDFX20041207_002943,7,2.400,1.200,5678,0,4.584
14,KDFX20041207_002943,8,3.000,1.200,5691,0,2.348
14,KDFX20041207_002943,9,3.900,1.200,5680,0,5.022
14,KDFX20041207_002943,10,5.100,1.200,5790,0,0.772
14,KDFX20041207_002943,11,6.300,1.200,5814,0,1.922
14,KDFX20041207_002943,12,7.900,1.200,5767,0,6.122
2,KDFX20041206_223255,0,0.400,1.200,2171,0,8308.997
2,KDFX20041206_223255,2,1.000,1.200,2161,0,9301.207
2,KDFX20041206_223255,4,1.400,1.200,2162,0,8402.705
2,KDFX20041206_223255,6,1.700,1.200,2169,0,4960.364
2,KDFX20041206_223255,7,2.400,1.200,2332,0,4359.762
2,KDFX20041206_223255,8,2.900,1.200,2320,0,8009.685
2,KDFX20041206_223255,9,3.900,1.200,2166,0,2456.108
2,KDFX20041206_223255,10,5.000,1.200,2203,0,684.913
2,KDFX20041206_223255,11,6.300,1.200,2207,0,132.391
3,KDFX20041206_230254,0,0.400,1.200,13144,0,61766.315
3,KDFX20041206_230254,2,1.100,1.200,13138,0,4379.840
3,KDFX20041206_230254,6,1.700,1.200,13188,0,186.600
3,KDFX20041206_230254,7,2.400,1.200,13152,0,149.124
3,KDFX20041206_230254,8,2.900,1.200,13222,0,130.356
3,KDFX20041206_230254,9,3.900,1.200,13317,0,127.755
3,KDFX20041206_230254,10,5.000,1.200,13567,0,232.722
3,KDFX20041206_230254,11,6.300,1.200,13591,0,222.369
3,KDFX20041206_230254,12,7.900,1.200,13420,0,142.580
3,KDFX20041206_230254,13,9.900,1.200,13444,0,69.385
3,KDFX20041206_230254,14,12.300,1.200,13443,0,14.254
3,KDFX20041206_230254,15,15.500,1.200,13617,0,6.623
3,KDFX20041206_230254,16,19.500,1.200,13921,0,3.653
5,KDFX20041206_230711,0,0.400,1.200,3171,0,4756.134
5,KDFX20041206_230711,2,0.900,1.200,3156,0,7532.164
5,KDFX20041206_230711,4,1.400,1.200,3407,0,15592.449
5,KDFX20041206_230711,6,1.700,1.200,3176,0,22424.215
5,KDFX20041206_230711,7,2.400,1.200,3154,0,39170.386
5,KDFX20041206_230711,8,2.900,1.200,3155,0,43032.492
5,KDFX20041206_230711,9,3.900,1.200,3156,0,57950.755
5,KDFX20041206_230711,10,5.100,1.200,3217,0,24094.424
11,KDFX20041207_000401,0,0.300,1.200,2559,0,547.010
11,KDFX20041207_000401,2,1.000,1.200,2558,0,480.277
11,KDFX20041207_000401,4,1.400,1.200,2539,0,392.186
11,KDFX20041207_000401,6,1.700,1.200,2729,0,230.705
11,KDFX20041207_000401,7,2.300,1.200,2692,0,197.681
11,KDFX20041207_000401,8,3.000,1.200,2538,0,143.458
11,KDFX20041207_000401,9,3.900,1.200,2547,0,101.143
11,KDFX20041207_000401,10,5.100,1.200,2598,0,92.255
11,KDFX20041207_000401,11,6.300,1.200,2596,0,31.069
11,KDFX20041207_000401,12,7.900,1.200,2579,0,21.145
11,KDFX20041207_000401,13,10.000,1.200,2616,0,11.392
15,KDFX20041207_005941,0,0.400,1.200,1455,0,55015.077
16,KDFX20041207_005941,0,0.400,1.200,903,0,17538.510
16,KDFX20041207_005941,2,1.000,1.200,882,0,255.722
16,KDFX20041207_005941,4,1.400,1.200,946,0,1.736
16,KDFX20041207_010359,0,0.400,1.200,1649,0,45092.514
16,KDFX20041207_010359,2,1.000,1.200,1679,0,4109.196
16,KDFX20041207_010816,0,0.400,1.200,6573,0,74218.038
16,KDFX20041207_010816,2,1.000,1.200,6581,0,15283.435
16,KDFX20041207_010816,4,1.400,1.200,6560,0,1519.314
1,KDFX20041208_000543,0,0.300,1.200,96,0,2147.201
1,KDFX20041208_000543,2,1.600,1.200,97,0,3.840
1,KDFX20041208_000543,4,2.500,1.200,96,0,0.011
1,KDFX20041208_000543,5,3.500,1.200,95,0,0.011
1,KDFX20041208_000543,6,4.500,1.200,91,0,0.010
1,KDFX20041208_001529,0,0.400,1.200,2078,0,1169.814
1,KDFX20041208_001529,2,1.600,1.200,1892,0,64.240
1,KDFX20041208_001529,4,2.500,1.200,1890,0,6.749
1,KDFX20041208_001529,5,3.500,1.200,1893,0,0.411
1,KDFX20041208_001529,6,4.500,1.200,1894,0,0.216
1,KDFX20041208_002515,0,0.400,1.200,4423,0,15184.531
1,KDFX20041208_002515,2,1.600,1.200,4423,0,1264.612
1,KDFX20041208_002515,4,2.400,1.200,4420,0,72.205
1,KDFX20041208_002515,5,3.400,1.200,4427,0,6.969
1,KDFX20041208_002515,6,4.500,1.200,4428,0,9.889
2,KDFX20041208_000543,0,0.300,1.200,1154,0,3902.571
2,KDFX20041208_000543,2,1.600,1.200,1156,0,913.682
2,KDFX20041208_000543,4,2.500,1.200,1159,0,0.947
2,KDFX20041208_000543,5,3.500,1.200,1158,0,1.450
2,KDFX20041208_000543,6,4.500,1.200,1157,0,0.250
2,KDFX20041208_001529,0,0.400,1.200,3565,0,9829.365
2,KDFX20041208_001529,2,1.600,1.200,3594,0,1561.072
2,KDFX20041208_001529,4,2.500,1.200,3491,0,34.492
2,KDFX20041208_001529,5,3.500,1.200,3487,0,3.180
2,KDFX20041208_001529,6,4.500,1.200,3428,0,1.887
4,KDFX20041208_003501,0,0.400,1.200,2932,0,4077.182
4,KDFX20041208_003501,2,1.600,1.200,2930,0,89.535
4,KDFX20041208_003501,4,2.400,1.200,2931,0,1.260
4,KDFX20041208_003501,5,3.500,1.200,2939,0,1.266
4,KDFX20041208_004448,0,0.400,1.200,5313,0,4687.400
4,KDFX20041208_004448,2,1.600,1.200,5186,0,105.388
4,KDFX20041208_004448,4,2.400,1.200,5185,0,5.426
4,KDFX20041208_004448,5,3.500,1.200,5181,0,2.157
4,KDFX20041208_005432,0,0.400,1.200,2394,0,3910.690
4,KDFX20041208_005432,2,1.600,1.200,2388,0,68.645
4,KDFX20041208_005432,4,2.400,1.200,2393,0,3.058
4,KDFX20041208_005432,5,3.500,1.200,2398,0,1.054
5,KDFX20041208_004448,0,0.400,1.200,2026,0,3213.792
5,KDFX20041208_004448,2,1.600,1.200,2026,0,24.846
5,KDFX20041208_004448,4,2.400,1.200,2182,0,1.851
5,KDFX20041208_005432,0,0.400,1.200,5475,0,7111.288
5,KDFX20041208_005432,2,1.600,1.200,5472,0,306.062
5,KDFX20041208_005432,4,2.400,1.200,5468,0,4.615
5,KDFX20041208_010420,0,0.400,1.200,5689,0,6223.083
5,KDFX20041208_010420,2,1.600,1.200,5689,0,245.256
2,KDFX20041209_002441,0,0.400,1.200,827,0,1382.468
2,KDFX20041209_002441,2,1.600,1.200,825,0,81.751
2,KDFX20041209_002441,4,2.400,1.200,830,0,0.271
2,KDFX20041209_002441,5,3.500,1.200,822,0,0.269
2,KDFX20041209_002441,6,4.500,1.200,827,0,0.271
2,KDFX20041209_003428,0,0.400,1.200,3067,0,2160.202
2,KDFX20041209_003428,2,1.600,1.200,3075,0,462.908
2,KDFX20041209_003428,4,2.400,1.200,3070,0,1.037
2,KDFX20041209_003428,5,3.500,1.200,3076,0,1.041
2,KDFX20041209_003428,6,4.500,1.200,3077,0,1.044
2,KDFX20041209_004414,0,0.400,1.200,4577,0,2743.525
2,KDFX20041209_004414,2,1.600,1.200,4599,0,668.893
2,KDFX20041209_004414,4,2.400,1.200,4250,0,2.657
2,KDFX20041209_004414,5,3.500,1.200,4253,0,1.361
2,KDFX20041209_004414,6,4.500,1.200,4253,0,1.366
1,KDFX20041209_001455,0,0.400,1.200,941,0,1309.339
1,KDFX20041209_001455,2,1.600,1.200,943,0,0.377
1,KDFX20041209_001455,4,2.400,1.200,936,0,14.838
1,KDFX20041209_001455,5,3.500,1.200,939,0,0.377
3,KDFX20041209_004414,0,0.400,1.200,6167,0,45286.554
4,KDFX20041209_015238,0,0.400,1.200,576,0,183.905
4,KDFX20041209_015238,2,1.600,1.200,576,0,208.383
4,KDFX20041209_015238,4,2.400,1.200,579,0,158.591
4,KDFX20041209_015238,5,3.500,1.200,581,0,3.669
4,KDFX20041209_015238,6,4.500,1.200,579,0,0.242
1,KDFX20041210_000727,0,0.400,1.200,1039,0,1681.967
1,KDFX20041210_000727,3,1.400,1.200,1049,0,0.176
1,KDFX20041210_000727,2,1.700,1.200,1051,0,26.383
1,KDFX20041210_000727,4,2.400,1.200,1042,0,0.175
1,KDFX20041210_000727,5,3.500,1.200,1054,0,0.178
1,KDFX20041210_000727,6,4.500,1.200,1058,0,0.179
1,KDFX20041210_001713,0,0.400,1.200,2923,0,8554.133
1,KDFX20041210_001713,2,1.600,1.200,2925,0,728.918
1,KDFX20041210_001713,4,2.400,1.200,3078,0,3.827
1,KDFX20041210_001713,5,3.500,1.200,3166,0,0.406
1,KDFX20041210_001713,6,4.400,1.200,3181,0,0.374
1,KDFX20041210_002659,0,0.400,1.200,3976,0,9819.640
1,KDFX20041210_002659,2,1.600,1.200,3861,0,2103.390
1,KDFX20041210_002659,4,2.500,1.200,3861,0,53.487
1,KDFX20041210_002659,5,3.400,1.200,3867,0,8.392
1,KDFX20041210_002659,6,4.500,1.200,3871,0,1.242
1,KDFX20041210_003645,0,0.400,1.200,8070,0,32538.951
1,KDFX20041210_003645,3,1.400,1.200,8073,0,0.886
1,KDFX20041210_003645,2,1.700,1.200,8073,0,2721.313
1,KDFX20041210_003645,4,2.500,1.200,8079,0,202.274
1,KDFX20041210_003645,5,3.500,1.200,8087,0,47.557
1,KDFX20041210_003645,6,4.500,1.200,8100,0,13.963
4,KDFX20041210_000727,0,0.400,1.200,368,0,1652.899
4,KDFX20041210_000727,3,1.400,1.200,368,0,0.154
4,KDFX20041210_000727,2,1.700,1.200,368,0,4.884
4,KDFX20041210_000727,4,2.400,1.200,370,0,1.246
4,KDFX20041210_000727,5,3.500,1.200,369,0,0.155
4,KDFX20041210_001713,0,0.400,1.200,2896,0,5533.494
4,KDFX20041210_001713,2,1.600,1.200,2892,0,107.289
4,KDFX20041210_001713,4,2.400,1.200,2894,0,27.642
4,KDFX20041210_001713,5,3.500,1.200,2903,0,1.220
4,KDFX20041210_002659,0,0.400,1.200,2845,0,10014.605
4,KDFX20041210_002659,2,1.600,1.200,2854,0,410.211
4,KDFX20041210_002659,4,2.500,1.200,2856,0,126.824
4,KDFX20041210_002659,5,3.400,1.200,2863,0,1.243
3,KDFX20041210_000727,0,0.400,1.200,3233,0,1763.092
3,KDFX20041210_000727,3,1.400,1.200,3238,0,0.331
3,KDFX20041210_000727,2,1.700,1.200,3238,0,117.969
3,KDFX20041210_000727,4,2.400,1.200,3235,0,0.574
3,KDFX20041210_000727,5,3.500,1.200,3241,0,0.332
3,KDFX20041210_000727,6,4.500,1.200,3246,0,0.545
5,KDFX20041210_001713,0,0.400,1.200,1018,0,1523.969
5,KDFX20041210_001713,2,1.600,1.200,1018,0,53.149
5,KDFX20041210_001713,4,2.400,1.200,1025,0,0.568
5,KDFX20041210_001713,5,3.500,1.200,1023,0,4.612
5,KDFX20041210_001713,6,4.400,1.200,1025,0,0.137
6,KDFX20041210_002659,0,0.400,1.200,3759,0,9499.637
6,KDFX20041210_002659,2,1.600,1.200,3759,0,1291.781
6,KDFX20041210_002659,4,2.500,1.200,3751,0,3.110
6,KDFX20041210_002659,5,3.400,1.200,3750,0,3.017
6,KDFX20041210_002659,6,4.500,1.200,3763,0,0.656
4,KDFX20041210_232750,0,0.400,1.200,1176,0,28263.993
4,KDFX20041210_232750,2,1.700,1.200,993,0,1451.273
4,KDFX20041210_232750,4,2.500,1.200,997,0,1.374
4,KDFX20041210_232750,5,3.500,1.200,990,0,0.315
4,KDFX20041210_232750,6,4.500,1.200,1000,0,0.319
4,KDFX20041210_233737,0,0.400,1.200,2042,0,18625.234
4,KDFX20041210_233737,2,1.500,1.200,2043,0,1128.297
4,KDFX20041210_233737,4,2.600,1.200,2039,0,2.055
4,KDFX20041210_233737,5,3.500,1.200,2045,0,0.620
4,KDFX20041210_233737,6,4.300,1.200,2054,0,0.625
4,KDFX20041210_234723,0,0.400,1.200,5135,0,14283.730
4,KDFX20041210_234723,2,1.600,1.200,5157,0,1832.815
4,KDFX20041210_234723,4,2.500,1.200,5144,0,1.597
4,KDFX20041210_234723,5,3.500,1.200,5152,0,1.423
4,KDFX20041210_234723,6,4.500,1.200,5161,0,1.431
4,KDFX20041211_000655,0,0.400,1.200,9637,0,3971.291
4,KDFX20041211_000655,2,1.500,1.200,9792,0,45.211
4,KDFX20041211_000655,4,2.500,1.200,9950,0,3.527
4,KDFX20041211_000655,5,3.500,1.200,10253,0,3.255
4,KDFX20041211_000655,6,4.500,1.200,10237,0,2.753
2,KDFX20041210_222810,0,0.400,1.200,385,0,2405.877
2,KDFX20041210_222810,2,1.600,1.200,385,0,0.415
2,KDFX20041210_223756,0,0.400,1.200,1067,0,7679.779
2,KDFX20041210_223756,2,1.600,1.200,1069,0,4.963
2,KDFX20041210_224846,0,0.300,1.200,2639,0,12035.782
2,KDFX20041210_224846,2,1.600,1.200,2643,0,14.523
2,KDFX20041210_225831,0,0.400,1.200,5816,0,12194.148
2,KDFX20041210_225831,2,1.700,1.200,5809,0,56.489
12,KDFX20041211_000655,0,0.400,1.200,1815,0,13346.701
12,KDFX20041211_000655,2,1.500,1.200,1819,0,338.265
12,KDFX20041211_000655,4,2.500,1.200,1818,0,0.139
12,KDFX20041211_000655,5,3.500,1.200,1814,0,0.106
12,KDFX20041211_000655,6,4.500,1.200,1818,0,0.113
12,KDFX20041211_001641,0,0.400,1.200,4849,0,40194.340
12,KDFX20041211_001641,2,1.400,1.200,4844,0,570.960
12,KDFX20041211_001641,4,2.600,1.200,4853,0,12.784
12,KDFX20041211_001641,5,3.500,1.200,4857,0,1.533
12,KDFX20041211_001641,6,4.500,1.200,4858,0,0.732
12,KDFX20041211_002628,0,0.400,1.200,9820,0,121897.922
12,KDFX20041211_002628,2,1.500,1.200,10078,0,1377.058
12,KDFX20041211_002628,4,2.600,1.200,10026,0,41.502
12,KDFX20041211_002628,5,3.500,1.200,10234,0,12.076
12,KDFX20041211_002628,6,4.500,1.200,10184,0,4.112
12,KDFX20041211_003614,0,0.400,1.200,10971,0,186082.723
12,KDFX20041211_003614,2,1.600,1.200,10945,0,1476.191
12,KDFX20041211_003614,4,2.400,1.200,10943,0,33.812
12,KDFX20041211_003614,5,3.500,1.200,10959,0,9.849
12,KDFX20041211_003614,6,4.400,1.200,10969,0,2.244
6,KDFX20041210_233737,0,0.400,1.200,2550,0,15288.762
6,KDFX20041210_233737,2,1.500,1.200,2562,0,41.132
6,KDFX20041210_234723,0,0.400,1.200,4286,0,11237.430
6,KDFX20041210_234723,2,1.600,1.200,4292,0,106.873
8,KDFX20041211_000655,0,0.400,1.200,2020,0,3080.759
8,KDFX20041211_000655,2,1.500,1.200,2017,0,3.985
8,KDFX20041211_000655,4,2.500,1.200,2023,0,20.477
8,KDFX20041211_000655,5,3.500,1.200,2022,0,0.846
8,KDFX20041211_001641,0,0.400,1.200,2294,0,3760.335
8,KDFX20041211_001641,2,1.400,1.200,2299,0,4.209
8,KDFX20041211_001641,4,2.600,1.200,2298,0,21.112
8,KDFX20041211_001641,5,3.500,1.200,2298,0,0.929
1,KDFX20041210_221823,0,0.400,1.200,392,0,435.045
1,KDFX20041210_221823,2,1.500,1.200,392,0,0.146
1,KDFX20041210_221823,4,2.600,1.200,396,0,0.148
1,KDFX20041210_221823,5,3.400,1.200,398,0,0.148
13,KDFX20041211_000655,0,0.400,1.200,623,0,944.498
13,KDFX20041211_000655,2,1.500,1.200,622,0,0.258
13,KDFX20041211_000655,4,2.500,1.200,623,0,0.082
13,KDFX20041211_000655,5,3.500,1.200,623,0,0.082
13,KDFX20041211_000655,6,4.500,1.200,624,0,0.082
13,KDFX20041211_001641,0,0.400,1.200,5182,0,9812.746
13,KDFX20041211_001641,2,1.400,1.200,5178,0,184.454
13,KDFX20041211_001641,4,2.600,1.200,5186,0,0.881
13,KDFX20041211_001641,5,3.500,1.200,5183,0,1.689
13,KDFX20041211_001641,6,4.500,1.200,5192,0,0.687
13,KDFX20041211_002628,0,0.400,1.200,1276,0,6570.929
13,KDFX20041211_002628,2,1.500,1.200,1187,0,27.977
13,KDFX20041211_002628,4,2.600,1.200,1125,0,0.156
13,KDFX20041211_002628,5,3.500,1.200,1125,0,0.231
13,KDFX20041211_002628,6,4.500,1.200,1128,0,0.157
1,KDFX20041212_001536,0,0.400,1.200,399,0,909.062
1,KDFX20041212_001536,2,1.600,1.200,403,0,0.145
1,KDFX20041212_001536,4,2.400,1.200,397,0,3.043
1,KDFX20041212_001536,5,3.400,1.200,404,0,0.146
1,KDFX20041212_001536,6,4.200,1.200,402,0,0.145
1,KDFX20041213_013908,0,0.400,1.200,2854,0,6953.054
1,KDFX20041213_013908,2,1.600,1.200,2862,0,4.701
1,KDFX20041213_014854,0,0.400,1.200,4853,0,10269.827
1,KDFX20041213_014854,2,1.600,1.200,5443,0,23.548
1,KDFX20041216_231057,0,0.400,1.200,3298,0,74.913
1,KDFX20041216_231057,3,1.400,1.200,3294,0,0.501
1,KDFX20041216_231057,2,1.700,1.200,3299,0,8.426
1,KDFX20041216_231057,4,2.500,1.200,3300,0,2.790
1,KDFX20041216_231057,5,3.500,1.200,3295,0,8.998
1,KDFX20041216_231057,6,4.500,1.200,3303,0,2.152
6,KDFX20041218_005351,0,0.300,1.200,5437,0,10501.549
6,KDFX20041218_005351,2,1.600,1.200,5457,0,8.830
6,KDFX20041218_005938,0,0.400,1.200,7411,0,11954.868
6,KDFX20041218_005938,2,1.600,1.200,7425,0,11.818
6,KDFX20041218_010527,0,0.400,1.200,8145,0,12721.782
6,KDFX20041218_010527,2,1.600,1.200,8143,0,12.203
6,KDFX20041218_011114,0,0.400,1.200,9127,0,13041.251
6,KDFX20041218_011114,2,1.400,1.200,8662,0,13.123
2,KDFX20041217_221617,0,0.400,1.200,1834,0,103308.622
2,KDFX20041217_221617,2,1.600,1.200,1832,0,440488.162
2,KDFX20041217_221617,4,2.400,1.200,2133,0,117691.242
2,KDFX20041217_222204,0,0.400,1.200,3644,0,133655.232
2,KDFX20041217_222204,2,1.500,1.200,3643,0,542937.383
2,KDFX20041217_222204,4,2.400,1.200,3627,0,231341.836
2,KDFX20041217_222753,0,0.400,1.200,4783,0,121971.550
2,KDFX20041217_222753,2,1.600,1.200,4441,0,400251.528
2,KDFX20041217_222753,4,2.400,1.200,4425,0,224429.325
2,KDFX20041217_223339,0,0.400,1.200,5679,0,116897.201
2,KDFX20041217_223339,2,1.600,1.200,5686,0,352470.948
2,KDFX20041217_223339,4,2.400,1.200,5659,0,184513.524
2,KDFX20041217_223927,0,0.400,1.200,4301,0,126015.769
2,KDFX20041217_223927,2,1.500,1.200,4299,0,308014.057
2,KDFX20041217_223927,4,2.400,1.200,4303,0,159515.003
5,KDFX20041217_225650,0,0.400,1.200,3075,0,132778.708
5,KDFX20041217_225650,2,1.500,1.200,3087,0,205320.525
5,KDFX20041217_225650,4,2.400,1.200,3467,0,135987.398
5,KDFX20041217_230238,0,0.400,1.200,5240,0,107412.453
5,KDFX20041217_230238,2,1.600,1.200,5236,0,305090.927
5,KDFX20041217_230238,4,2.400,1.200,5213,0,147863.252
5,KDFX20041217_230825,0,0.400,1.200,5395,0,114884.297
5,KDFX20041217_230825,2,1.600,1.200,5372,0,352151.913
5,KDFX20041217_231413,0,0.400,1.200,4775,0,106224.121
5,KDFX20041217_231413,2,1.600,1.200,4776,0,298438.987
1,KDFX20041217_221617,0,0.400,1.200,885,0,9367.784
1,KDFX20041217_221617,2,1.600,1.200,883,0,45958.934
1,KDFX20041217_221617,4,2.400,1.200,875,0,7972.686
1,KDFX20041217_221617,5,3.300,1.200,879,0,764.284
3,KDFX20041217_222204,0,0.400,1.200,579,0,8997.783
3,KDFX20041217_222204,2,1.500,1.200,577,0,17283.013
1,KDFX20041218_231656,0,0.400,1.200,6548,0,289.985
1,KDFX20041218_231656,2,1.700,1.200,6482,0,13.455
1,KDFX20041218_231656,4,2.300,1.200,6484,0,1.914
1,KDFX20041218_231656,5,3.500,1.200,6495,0,0.790
1,KDFX20041218_231656,6,4.500,1.200,6500,0,0.769
2,KDFX20041219_002628,0,0.400,1.200,1478,0,1085.590
2,KDFX20041219_002628,2,1.600,1.200,1480,0,24.894
2,KDFX20041219_002628,4,2.300,1.200,1476,0,2.476
2,KDFX20041219_002628,5,3.500,1.200,1480,0,0.531
2,KDFX20041219_002628,6,4.500,1.200,1484,0,0.108
3,KDFX20041219_010532,0,0.400,1.200,8129,0,61694.306
3,KDFX20041219_010532,2,1.600,1.200,8138,0,159.549
1,KDFX20041219_222018,0,0.400,1.200,666,0,24993.839
1,KDFX20041219_222018,2,1.600,1.200,675,0,3682.873
1,KDFX20041219_222018,4,2.400,1.200,673,0,0.180
1,KDFX20041219_222018,5,3.500,1.200,667,0,0.179
1,KDFX20041219_222018,6,4.500,1.200,679,0,0.183
1,KDFX20041219_223003,0,0.400,1.200,1057,0,11093.482
1,KDFX20041219_223003,2,1.600,1.200,1058,0,571.471
1,KDFX20041219_223003,4,2.400,1.200,1054,0,0.273
1,KDFX20041219_223003,5,3.500,1.200,1054,0,0.274
1,KDFX20041219_223003,6,4.400,1.200,1057,0,0.276
1,KDFX20041219_223951,0,0.400,1.200,1703,0,6539.238
1,KDFX20041219_223951,2,1.400,1.200,1707,0,78.710
1,KDFX20041219_223951,4,2.400,1.200,1707,0,0.430
1,KDFX20041219_223951,5,3.400,1.200,1711,0,0.432
1,KDFX20041219_223951,6,4.500,1.200,1712,0,0.433
1,KDFX20041219_224937,0,0.400,1.200,1698,0,6042.777
1,KDFX20041219_224937,2,1.600,1.200,1703,0,125.780
1,KDFX20041219_224937,4,2.300,1.200,1827,0,0.429
1,KDFX20041219_224937,5,3.500,1.200,1924,0,0.456
1,KDFX20041219_224937,6,4.500,1.200,1930,0,0.460
1,KDFX20041220_221927,0,0.400,1.200,29,0,244.257
1,KDFX20041220_221927,2,1.600,1.200,29,0,0.017
1,KDFX20041220_221927,4,2.400,1.200,36,0,0.021
2,KDFX20041221_002730,0,0.400,1.200,895,0,1294.574
2,KDFX20041221_002730,2,1.600,1.200,892,0,4.336
2,KDFX20041221_002730,4,2.300,1.200,894,0,60.967
2,KDFX20041221_002730,5,3.500,1.200,896,0,1.213
4,KDFX20041222_002652,0,0.400,1.200,985,0,2306.735
4,KDFX20041222_002652,2,1.600,1.200,992,0,57.672
4,KDFX20041222_002652,4,2.300,1.200,994,0,5.939
4,KDFX20041222_002652,5,3.500,1.200,996,0,0.128
4,KDFX20041222_002652,6,4.500,1.200,999,0,0.128
4,KDFX20041222_003639,0,0.400,1.200,2035,0,4219.676
4,KDFX20041222_003639,2,1.600,1.200,2032,0,248.443
4,KDFX20041222_003639,4,2.300,1.200,2032,0,4.711
4,KDFX20041222_003639,5,3.400,1.200,2239,0,0.330
4,KDFX20041222_003639,6,4.500,1.200,2252,0,0.304
4,KDFX20041222_004625,0,0.400,1.200,2459,0,4696.061
4,KDFX20041222_004625,2,1.600,1.200,2463,0,281.527
4,KDFX20041222_004625,4,2.300,1.200,2462,0,9.196
4,KDFX20041222_004625,5,3.300,1.200,2466,0,0.338
4,KDFX20041222_004625,6,4.500,1.200,2472,0,0.309
4,KDFX20041222_005611,0,0.400,1.200,10456,0,23725.756
4,KDFX20041222_005611,2,1.700,1.200,10458,0,868.644
4,KDFX20041222_005611,4,2.400,1.200,10466,0,148.053
4,KDFX20041222_005611,5,3.500,1.200,10467,0,17.696
4,KDFX20041222_005611,6,4.500,1.200,10486,0,3.055
4,KDFX20041222_010558,0,0.400,1.200,21939,0,54920.797
4,KDFX20041222_010558,2,1.600,1.200,21950,0,1546.182
4,KDFX20041222_010558,4,2.300,1.200,21963,0,178.503
4,KDFX20041222_010558,5,3.400,1.200,21982,0,28.465
4,KDFX20041222_010558,6,4.500,1.200,22012,0,16.801
4,KDFX20041222_011543,0,0.400,1.200,8648,0,17660.582
4,KDFX20041222_011543,2,1.700,1.200,8649,0,710.620
4,KDFX20041222_011543,4,2.400,1.200,8658,0,75.824
4,KDFX20041222_011543,5,3.500,1.200,8679,0,3.979
4,KDFX20041222_011543,6,4.500,1.200,8806,0,2.768
4,KDFX20041222_012530,0,0.400,1.200,14955,0,12041.649
4,KDFX20041222_012530,2,1.600,1.200,14987,0,840.660
4,KDFX20041222_012530,4,2.400,1.200,14564,0,125.058
4,KDFX20041222_012530,5,3.500,1.200,14553,0,13.778
4,KDFX20041222_012530,6,4.500,1.200,14487,0,3.267
4,KDFX20041222_013517,0,0.400,1.200,3326,0,4913.900
4,KDFX20041222_013517,2,1.700,1.200,3328,0,283.493
4,KDFX20041222_013517,4,2.400,1.200,3327,0,11.543
4,KDFX20041222_013517,5,3.600,1.200,3331,0,0.577
4,KDFX20041222_013517,6,4.500,1.200,3332,0,0.510
4,KDFX20041222_014503,0,0.400,1.200,8206,0,6596.515
4,KDFX20041222_014503,3,1.400,1.200,8206,0,1.401
4,KDFX20041222_014503,2,1.700,1.200,8206,0,374.889
4,KDFX20041222_014503,4,2.400,1.200,8209,0,9.043
4,KDFX20041222_014503,5,3.500,1.200,8222,0,1.628
4,KDFX20041222_014503,6,4.500,1.200,8240,0,1.416
4,KDFX20041222_015449,0,0.400,1.200,4618,0,3834.386
4,KDFX20041222_015449,2,1.600,1.200,4631,0,147.577
4,KDFX20041222_015449,4,2.400,1.200,4624,0,5.097
4,KDFX20041222_015449,5,3.500,1.200,4626,0,1.611
4,KDFX20041222_015449,6,4.500,1.200,4638,0,0.790
5,KDFX20041222_002652,0,0.400,1.200,2369,0,3066.389
5,KDFX20041222_002652,2,1.600,1.200,2371,0,779.828
5,KDFX20041222_002652,4,2.300,1.200,2372,0,39.653
5,KDFX20041222_002652,5,3.500,1.200,2377,0,3.538
5,KDFX20041222_002652,6,4.500,1.200,2378,0,1.294
5,KDFX20041222_003639,0,0.400,1.200,6537,0,93352.780
5,KDFX20041222_003639,2,1.600,1.200,6538,0,1271.354
5,KDFX20041222_003639,4,2.300,1.200,6543,0,62.834
5,KDFX20041222_003639,5,3.400,1.200,6550,0,34.643
5,KDFX20041222_003639,6,4.500,1.200,6601,0,8.022
5,KDFX20041222_004625,0,0.400,1.200,15081,0,211085.334
5,KDFX20041222_004625,2,1.600,1.200,15002,0,1293.671
5,KDFX20041222_004625,4,2.300,1.200,14813,0,54.865
5,KDFX20041222_004625,5,3.300,1.200,14924,0,10.878
5,KDFX20041222_004625,6,4.500,1.200,14787,0,3.740
5,KDFX20041222_005611,0,0.400,1.200,12012,0,92973.129
5,KDFX20041222_005611,2,1.700,1.200,12025,0,1164.736
5,KDFX20041222_005611,4,2.400,1.200,12020,0,35.504
5,KDFX20041222_005611,5,3.500,1.200,12030,0,10.685
5,KDFX20041222_005611,6,4.500,1.200,12047,0,5.725
5,KDFX20041222_010558,0,0.400,1.200,14794,0,125334.409
5,KDFX20041222_010558,2,1.600,1.200,14801,0,975.975
5,KDFX20041222_010558,4,2.300,1.200,14801,0,40.464
5,KDFX20041222_010558,5,3.400,1.200,14818,0,10.223
5,KDFX20041222_010558,6,4.500,1.200,14834,0,8.121
5,KDFX20041222_011543,0,0.400,1.200,15047,0,145044.575
5,KDFX20041222_011543,2,1.700,1.200,15047,0,673.535
5,KDFX20041222_011543,4,2.400,1.200,15053,0,61.647
5,KDFX20041222_011543,5,3.500,1.200,15062,0,11.687
5,KDFX20041222_011543,6,4.500,1.200,15085,0,6.884
7,KDFX20041222_003639,0,0.400,1.200,1880,0,36857.361
7,KDFX20041222_003639,2,1.600,1.200,1883,0,120.563
7,KDFX20041222_003639,4,2.300,1.200,1879,0,1.529
8,KDFX20041222_004625,0,0.400,1.200,3884,0,5039.438
8,KDFX20041222_004625,2,1.600,1.200,3880,0,898.430
8,KDFX20041222_004625,4,2.300,1.200,3691,0,18.435
8,KDFX20041222_004625,5,3.300,1.200,3642,0,2.914
8,KDFX20041222_004625,6,4.500,1.200,3643,0,0.335
12,KDFX20041222_014503,0,0.400,1.200,4790,0,1438.696
12,KDFX20041222_014503,3,1.400,1.200,4798,0,0.819
12,KDFX20041222_014503,2,1.700,1.200,4796,0,143.625
12,KDFX20041222_014503,4,2.400,1.200,4799,0,4.893
12,KDFX20041222_014503,5,3.500,1.200,4803,0,0.823
12,KDFX20041222_014503,6,4.500,1.200,4814,0,0.828
1,KDFX20041224_223256,0,0.400,1.200,8212,0,7894.352
1,KDFX20041224_223256,2,1.500,1.200,8218,0,79283.984
1,KDFX20041224_224243,0,0.400,1.200,12709,0,9591.811
1,KDFX20041224_224243,2,1.400,1.200,12714,0,106091.468
2,KDFX20041224_230215,0,0.400,1.200,4608,0,34275.847
2,KDFX20041224_230215,2,1.400,1.200,4602,0,7313.722
2,KDFX20041224_231202,0,0.400,1.200,6008,0,31817.152
2,KDFX20041224_231202,2,1.600,1.200,6012,0,9371.666
1,KDFX20041227_222453,0,0.300,1.200,219,0,1119.994
1,KDFX20041227_222453,2,1.500,1.200,217,0,16.366
1,KDFX20041227_222453,4,2.400,1.200,219,0,0.072
1,KDFX20041227_222453,5,3.400,1.200,221,0,0.073
1,KDFX20041227_222453,6,4.200,1.200,220,0,0.073
1,KDFX20041228_222619,0,0.400,1.200,18,0,74.792
1,KDFX20041228_222619,2,1.500,1.200,18,0,0.816
1,KDFX20041228_222619,4,2.300,1.200,18,0,0.007
1,KDFX20041228_222619,5,3.300,1.200,18,0,0.007
1,KDFX20041228_222619,6,4.300,1.200,18,0,0.007
1,KDFX20050101_014540,0,0.400,1.200,1211,0,847516.599
1,KDFX20050101_014540,2,1.500,1.200,1211,0,56.840
1,KDFX20050101_014540,4,2.400,1.200,1432,0,111.624
