track_id,filename,sweep_idx,sweep_angle,count_scaling,n_roost_pixels,n_overthresh_pixels,n_animals
KDFX20030310-1,KDFX20030311_012256,0,0.400,1.200,1956,0,9192.687
KDFX20030310-1,KDFX20030311_012256,3,1.400,1.200,1955,0,1.860
KDFX20030310-1,KDFX20030311_012256,2,1.700,1.200,1922,0,313.327
KDFX20030310-1,KDFX20030311_012256,4,2.400,1.200,1875,0,1.787
KDFX20030310-1,KDFX20030311_013247,0,0.400,1.200,2170,0,23614.518
KDFX20030310-1,KDFX20030311_013247,2,1.400,1.200,2138,0,100.167
KDFX20030310-2,KDFX20030311_012256,0,0.400,1.200,1157,0,20690.632
KDFX20030310-2,KDFX20030311_012256,3,1.400,1.200,1158,0,0.508
KDFX20030310-2,KDFX20030311_012256,2,1.700,1.200,1152,0,2901.201
KDFX20030310-2,KDFX20030311_012256,4,2.400,1.200,1156,0,0.508
KDFX20030310-2,KDFX20030311_012256,5,3.600,1.200,1155,0,0.508
KDFX20030310-2,KDFX20030311_013247,0,0.400,1.200,2917,0,24679.884
KDFX20030310-2,KDFX20030311_013247,2,1.400,1.200,2915,0,4552.206
KDFX20030310-2,KDFX20030311_013247,4,2.500,1.200,2914,0,102.333
KDFX20030310-2,KDFX20030311_013247,5,3.500,1.200,2919,0,1.340
KDFX20030313-8,KDFX20030314_001658,0,0.400,1.200,160,0,15258.382
KDFX20030313-8,KDFX20030314_001658,2,1.600,1.200,162,0,2869.136
KDFX20030313-8,KDFX20030314_001658,4,2.300,1.200,161,0,0.053
KDFX20030313-8,KDFX20030314_001658,5,3.200,1.200,160,0,0.052
KDFX20030313-8,KDFX20030314_001658,6,4.200,1.200,161,0,0.053
KDFX20030313-8,KDFX20030314_002248,0,0.400,1.200,798,0,98355.705
KDFX20030313-8,KDFX20030314_002248,2,1.500,1.200,932,0,19005.768
KDFX20030313-8,KDFX20030314_002248,4,2.300,1.200,800,0,0.260
KDFX20030313-8,KDFX20030314_002248,5,3.500,1.200,803,0,0.261
KDFX20030313-8,KDFX20030314_002248,6,4.200,1.200,806,0,0.263
KDFX20030313-8,KDFX20030314_002838,0,0.400,1.200,1556,0,208495.160
KDFX20030313-8,KDFX20030314_002838,2,1.600,1.200,1560,0,49390.193
KDFX20030313-8,KDFX20030314_002838,4,2.400,1.200,1560,0,4.714
KDFX20030313-8,KDFX20030314_002838,5,3.400,1.200,1566,0,0.501
KDFX20030313-8,KDFX20030314_002838,6,4.200,1.200,1569,0,0.503
KDFX20030313-8,KDFX20030314_003428,0,0.400,1.200,2548,0,243570.392
KDFX20030313-8,KDFX20030314_003428,2,1.500,1.200,2557,0,84700.364
KDFX20030313-8,KDFX20030314_003428,4,2.300,1.200,2540,0,11.963
KDFX20030313-8,KDFX20030314_003428,5,3.200,1.200,2545,0,0.767
KDFX20030313-8,KDFX20030314_003428,6,4.300,1.200,2551,0,0.771
KDFX20030313-8,KDFX20030314_004017,0,0.400,1.200,4055,0,231460.347
KDFX20030313-8,KDFX20030314_004017,2,1.500,1.200,4056,0,110217.717
KDFX20030313-8,KDFX20030314_004017,4,2.300,1.200,4154,0,39.874
KDFX20030313-8,KDFX20030314_004017,5,3.300,1.200,4418,0,1.298
KDFX20030313-8,KDFX20030314_004017,6,4.200,1.200,4395,0,1.282
KDFX20030313-8,KDFX20030314_004607,0,0.400,1.200,5387,2,192006.348
KDFX20030313-8,KDFX20030314_004607,2,1.600,1.200,5392,0,104007.641
KDFX20030313-8,KDFX20030314_004607,4,2.300,1.200,5368,0,379.749
KDFX20030313-8,KDFX20030314_004607,5,3.300,1.200,5375,0,2.260
KDFX20030313-8,KDFX20030314_004607,6,4.300,1.200,5386,0,1.978
KDFX20030313-8,KDFX20030314_005156,0,0.400,1.200,7426,0,181508.421
KDFX20030313-8,KDFX20030314_005156,2,1.600,1.200,7427,0,53783.458
KDFX20030313-8,KDFX20030314_005156,4,2.300,1.200,7394,0,394.192
KDFX20030313-8,KDFX20030314_005156,5,3.300,1.200,7404,0,8.074
KDFX20030313-8,KDFX20030314_005156,6,4.300,1.200,7414,0,2.884
KDFX20030313-8,KDFX20030314_005746,0,0.400,1.200,9057,9,178909.365
KDFX20030313-8,KDFX20030314_005746,2,1.500,1.200,9066,0,43050.632
KDFX20030313-8,KDFX20030314_005746,4,2.400,1.200,9010,0,515.967
KDFX20030313-8,KDFX20030314_005746,5,3.300,1.200,9013,0,13.925
KDFX20030313-8,KDFX20030314_005746,6,4.400,1.200,9026,0,3.707
KDFX20030313-8,KDFX20030314_010335,0,0.400,1.200,12329,4,193002.653
KDFX20030313-8,KDFX20030314_010335,2,1.600,1.200,12337,0,24270.679
KDFX20030313-8,KDFX20030314_010335,4,2.400,1.200,12266,0,1016.641
KDFX20030313-8,KDFX20030314_010335,5,3.400,1.200,12284,0,46.960
KDFX20030313-8,KDFX20030314_010335,6,4.200,1.200,12291,0,8.566
KDFX20030313-8,KDFX20030314_010925,0,0.400,1.200,14309,2,182414.669
KDFX20030313-8,KDFX20030314_010925,2,1.500,1.200,14283,0,17353.192
KDFX20030313-8,KDFX20030314_010925,4,2.300,1.200,14222,0,1164.684
KDFX20030313-8,KDFX20030314_010925,5,3.300,1.200,13925,0,93.333
KDFX20030313-8,KDFX20030314_010925,6,4.300,1.200,13777,0,39.047
KDFX20030313-8,KDFX20030314_011514,0,0.400,1.200,16517,3,163310.474
KDFX20030313-8,KDFX20030314_011514,2,1.500,1.200,16533,0,20625.528
KDFX20030313-8,KDFX20030314_011514,4,2.300,1.200,16460,0,3252.775
KDFX20030313-8,KDFX20030314_011514,5,3.400,1.200,16466,0,390.850
KDFX20030313-8,KDFX20030314_011514,6,4.200,1.200,16492,0,257.604
KDFX20030313-8,KDFX20030314_012103,0,0.400,1.200,17039,0,155125.019
KDFX20030313-8,KDFX20030314_012103,2,1.500,1.200,17059,0,25252.570
KDFX20030313-8,KDFX20030314_012103,4,2.400,1.200,16977,0,4995.130
KDFX20030313-8,KDFX20030314_012103,5,3.400,1.200,16995,0,1908.989
KDFX20030313-8,KDFX20030314_012103,6,4.300,1.200,17005,0,2666.514
KDFX20030313-8,KDFX20030314_012653,0,0.400,1.200,18793,0,168699.303
KDFX20030313-8,KDFX20030314_012653,2,1.600,1.200,18943,0,30646.645
KDFX20030313-8,KDFX20030314_012653,4,2.300,1.200,19174,0,11045.687
KDFX20030313-8,KDFX20030314_012653,5,3.300,1.200,19363,0,19242.726
KDFX20030313-8,KDFX20030314_012653,6,4.300,1.200,19377,0,14952.121
KDFX20030313-8,KDFX20030314_013242,0,0.400,1.200,29365,58,224444.441
KDFX20030313-8,KDFX20030314_013242,2,1.600,1.200,29377,1,89562.350
KDFX20030313-8,KDFX20030314_013242,4,2.400,1.200,29213,8,71682.814
KDFX20030313-8,KDFX20030314_013242,5,3.400,1.200,29243,10,106135.491
KDFX20030313-8,KDFX20030314_013242,6,4.200,1.200,29265,0,46697.048
KDFX20030313-8,KDFX20030314_013242,7,5.900,1.200,29342,0,34922.512
KDFX20030313-8,KDFX20030314_013832,0,0.400,1.200,36759,384,368272.333
KDFX20030313-8,KDFX20030314_013832,2,1.500,1.200,36535,17,134958.591
KDFX20030313-8,KDFX20030314_013832,4,2.400,1.200,36204,88,124493.872
KDFX20030313-8,KDFX20030314_013832,5,3.500,1.200,36105,198,134021.929
KDFX20030313-8,KDFX20030314_013832,6,4.200,1.200,35891,283,104733.067
KDFX20030313-8,KDFX20030314_013832,7,6.000,1.200,35976,458,120547.401
KDFX20030313-4,KDFX20030313_235232,0,0.400,1.200,834,3,208709.734
KDFX20030313-4,KDFX20030313_235232,2,1.600,1.200,835,0,28071.951
KDFX20030313-4,KDFX20030313_235232,4,2.300,1.200,840,0,0.267
KDFX20030313-4,KDFX20030313_235232,5,3.200,1.200,839,0,0.267
KDFX20030313-4,KDFX20030313_235232,6,4.300,1.200,842,0,0.269
KDFX20030313-4,KDFX20030313_235824,0,0.400,1.200,1563,0,150041.584
KDFX20030313-4,KDFX20030313_235824,2,1.500,1.200,1561,0,58018.280
KDFX20030313-4,KDFX20030313_235824,4,2.300,1.200,1567,0,5.096
KDFX20030313-4,KDFX20030313_235824,5,3.300,1.200,1569,0,0.487
KDFX20030313-4,KDFX20030313_235824,6,4.300,1.200,1569,0,0.488
KDFX20030313-4,KDFX20030314_000518,0,0.400,1.200,2755,0,116421.687
KDFX20030313-4,KDFX20030314_000518,2,1.600,1.200,2758,0,65570.550
KDFX20030313-4,KDFX20030314_000518,4,2.300,1.200,2762,0,84.415
KDFX20030313-4,KDFX20030314_000518,5,3.300,1.200,2766,0,0.826
KDFX20030313-4,KDFX20030314_000518,6,4.200,1.200,2774,0,0.831
KDFX20030313-4,KDFX20030314_001108,0,0.400,1.200,4240,0,105792.548
KDFX20030313-4,KDFX20030314_001108,2,1.400,1.200,4595,0,81218.685
KDFX20030313-4,KDFX20030314_001108,4,2.500,1.200,4534,0,1298.882
KDFX20030313-4,KDFX20030314_001108,5,3.400,1.200,4253,0,1.284
KDFX20030313-4,KDFX20030314_001108,6,4.200,1.200,4265,0,1.291
KDFX20030313-4,KDFX20030314_001658,0,0.400,1.200,5723,0,118381.513
KDFX20030313-4,KDFX20030314_001658,2,1.600,1.200,5725,0,127499.971
KDFX20030313-4,KDFX20030314_001658,4,2.300,1.200,5737,0,4054.503
KDFX20030313-4,KDFX20030314_001658,5,3.200,1.200,5748,0,1.710
KDFX20030313-4,KDFX20030314_001658,6,4.200,1.200,5754,0,1.716
KDFX20030313-4,KDFX20030314_002248,0,0.400,1.200,7491,0,122199.814
KDFX20030313-4,KDFX20030314_002248,2,1.500,1.200,7496,0,142941.990
KDFX20030313-4,KDFX20030314_002248,4,2.300,1.200,7508,0,3088.150
KDFX20030313-4,KDFX20030314_002248,5,3.500,1.200,7519,0,2.237
KDFX20030313-4,KDFX20030314_002248,6,4.200,1.200,7532,0,2.341
KDFX20030313-4,KDFX20030314_002838,0,0.400,1.200,8861,0,114893.892
KDFX20030313-4,KDFX20030314_002838,2,1.600,1.200,9113,0,128415.315
KDFX20030313-4,KDFX20030314_002838,4,2.400,1.200,9458,0,7803.926
KDFX20030313-4,KDFX20030314_002838,5,3.400,1.200,9411,0,10.252
KDFX20030313-4,KDFX20030314_002838,6,4.200,1.200,9219,0,3.096
KDFX20030313-4,KDFX20030314_003428,0,0.400,1.200,11630,0,163511.697
KDFX20030313-4,KDFX20030314_003428,2,1.500,1.200,11635,0,159867.407
KDFX20030313-4,KDFX20030314_003428,4,2.300,1.200,11568,0,15328.419
KDFX20030313-4,KDFX20030314_003428,5,3.200,1.200,11585,0,18.432
KDFX20030313-4,KDFX20030314_003428,6,4.300,1.200,11597,0,8.876
KDFX20030313-4,KDFX20030314_004017,0,0.400,1.200,11558,0,222679.721
KDFX20030313-4,KDFX20030314_004017,2,1.500,1.200,11558,0,158687.495
KDFX20030313-4,KDFX20030314_004017,4,2.300,1.200,11486,0,9974.910
KDFX20030313-4,KDFX20030314_004017,5,3.300,1.200,11503,0,16.785
KDFX20030313-4,KDFX20030314_004017,6,4.200,1.200,11514,0,4.426
KDFX20030313-4,KDFX20030314_004607,0,0.400,1.200,12876,0,255387.361
KDFX20030313-4,KDFX20030314_004607,2,1.600,1.200,12887,0,136581.683
KDFX20030313-4,KDFX20030314_004607,4,2.300,1.200,12823,0,6037.294
KDFX20030313-4,KDFX20030314_004607,5,3.300,1.200,12906,0,6.560
KDFX20030313-4,KDFX20030314_004607,6,4.300,1.200,13176,0,7.081
KDFX20030313-4,KDFX20030314_005156,0,0.400,1.200,15374,7,282013.214
KDFX20030313-4,KDFX20030314_005156,2,1.600,1.200,15346,0,96225.577
KDFX20030313-4,KDFX20030314_005156,4,2.300,1.200,15277,0,6182.724
KDFX20030313-4,KDFX20030314_005156,5,3.300,1.200,15296,0,42.275
KDFX20030313-4,KDFX20030314_005156,6,4.300,1.200,15369,0,11.465
KDFX20030313-4,KDFX20030314_005746,0,0.400,1.200,17036,8,342229.506
KDFX20030313-4,KDFX20030314_005746,2,1.500,1.200,17011,0,97022.470
KDFX20030313-4,KDFX20030314_005746,4,2.400,1.200,16328,0,2658.700
KDFX20030313-4,KDFX20030314_005746,5,3.300,1.200,16341,0,117.121
KDFX20030313-4,KDFX20030314_005746,6,4.400,1.200,16365,0,19.595
KDFX20030313-4,KDFX20030314_010335,0,0.400,1.200,17642,4,227494.716
KDFX20030313-4,KDFX20030314_010335,2,1.600,1.200,17653,0,60618.002
KDFX20030313-4,KDFX20030314_010335,4,2.400,1.200,17554,0,1791.434
KDFX20030313-4,KDFX20030314_010335,5,3.400,1.200,17580,0,190.912
KDFX20030313-4,KDFX20030314_010335,6,4.200,1.200,17603,0,41.887
KDFX20030313-4,KDFX20030314_010925,0,0.400,1.200,6819,5,224677.694
KDFX20030313-4,KDFX20030314_010925,2,1.500,1.200,6821,0,33504.886
KDFX20030313-4,KDFX20030314_010925,4,2.300,1.200,6791,0,458.967
KDFX20030313-4,KDFX20030314_010925,5,3.300,1.200,6796,0,99.961
KDFX20030313-4,KDFX20030314_010925,6,4.300,1.200,6802,0,28.371
KDFX20030313-4,KDFX20030314_010925,7,5.900,1.200,6819,0,10.026
KDFX20030313-3,KDFX20030313_234642,0,0.400,1.200,195,0,1791.823
KDFX20030313-3,KDFX20030313_234642,2,1.500,1.200,181,0,0.155
KDFX20030313-3,KDFX20030313_234642,4,2.300,1.200,201,0,0.171
KDFX20030313-3,KDFX20030313_235232,0,0.400,1.200,765,0,5214.741
KDFX20030313-3,KDFX20030313_235232,2,1.600,1.200,780,0,8.314
KDFX20030313-3,KDFX20030313_235232,4,2.300,1.200,798,0,0.683
KDFX20030313-3,KDFX20030313_235824,0,0.400,1.200,1792,0,3656.469
KDFX20030313-3,KDFX20030313_235824,2,1.500,1.200,1775,0,5.383
KDFX20030313-3,KDFX20030313_235824,4,2.300,1.200,1784,0,1.525
KDFX20030313-3,KDFX20030314_000518,0,0.400,1.200,1686,0,6635.956
KDFX20030313-3,KDFX20030314_000518,2,1.600,1.200,1760,0,1.729
KDFX20030313-3,KDFX20030314_000518,4,2.300,1.200,1688,0,1.666
KDFX20030313-3,KDFX20030314_001108,0,0.400,1.200,1937,0,8415.860
KDFX20030313-3,KDFX20030314_001108,2,1.400,1.200,1929,0,1.988
KDFX20030313-1,KDFX20030313_234642,0,0.400,1.200,812,0,173117.052
KDFX20030313-1,KDFX20030313_234642,2,1.500,1.200,817,27,462209.889
KDFX20030313-1,KDFX20030313_234642,4,2.300,1.200,819,17,427387.978
KDFX20030313-1,KDFX20030313_235232,0,0.400,1.200,1512,53,337903.961
KDFX20030313-1,KDFX20030313_235232,2,1.600,1.200,1515,44,551111.016
KDFX20030313-1,KDFX20030313_235232,4,2.300,1.200,1776,0,336636.540
KDFX20030313-1,KDFX20030313_235232,5,3.200,1.200,1573,0,153488.088
KDFX20030313-1,KDFX20030313_235824,0,0.400,1.200,1750,12,435733.692
KDFX20030313-1,KDFX20030313_235824,2,1.500,1.200,1745,0,347993.522
KDFX20030313-1,KDFX20030313_235824,4,2.300,1.200,1753,0,103472.202
KDFX20030313-1,KDFX20030313_235824,5,3.300,1.200,1759,0,56346.084
KDFX20030313-22,KDFX20030314_012653,0,0.400,1.200,2308,0,61240.923
KDFX20030313-22,KDFX20030314_012653,2,1.600,1.200,2307,0,1823.417
KDFX20030313-22,KDFX20030314_012653,4,2.300,1.200,2292,0,406.961
KDFX20030313-22,KDFX20030314_012653,5,3.300,1.200,2297,0,6.073
KDFX20030313-22,KDFX20030314_012653,6,4.300,1.200,2297,0,0.731
KDFX20030313-22,KDFX20030314_013242,0,0.400,1.200,4710,0,91248.917
KDFX20030313-22,KDFX20030314_013242,2,1.600,1.200,4713,0,4299.812
KDFX20030313-22,KDFX20030314_013242,4,2.400,1.200,4690,0,973.432
KDFX20030313-22,KDFX20030314_013242,5,3.400,1.200,4694,0,109.262
KDFX20030313-22,KDFX20030314_013242,6,4.200,1.200,4761,0,5.048
KDFX20030313-22,KDFX20030314_013832,0,0.400,1.200,5996,0,75394.652
KDFX20030313-22,KDFX20030314_013832,2,1.500,1.200,6003,0,7409.499
KDFX20030313-22,KDFX20030314_013832,4,2.400,1.200,5975,0,1275.269
KDFX20030313-22,KDFX20030314_013832,5,3.500,1.200,5982,0,158.287
KDFX20030313-22,KDFX20030314_013832,6,4.200,1.200,5987,0,14.450
KDFX20030313-15,KDFX20030314_004607,0,0.400,1.200,460,0,3851.054
KDFX20030313-15,KDFX20030314_004607,2,1.600,1.200,459,0,0.528
KDFX20030313-15,KDFX20030314_005156,0,0.400,1.200,1105,0,6784.437
KDFX20030313-15,KDFX20030314_005156,2,1.600,1.200,1101,0,1.264
KDFX20030313-15,KDFX20030314_005746,0,0.400,1.200,627,0,2234.548
KDFX20030313-15,KDFX20030314_005746,2,1.500,1.200,628,0,0.726
KDFX20030313-21,KDFX20030314_011514,0,0.400,1.200,284,0,1335.147
KDFX20030313-21,KDFX20030314_011514,2,1.500,1.200,291,0,42.379
KDFX20030313-21,KDFX20030314_011514,4,2.300,1.200,284,0,0.184
KDFX20030313-21,KDFX20030314_012103,0,0.400,1.200,1266,0,847.832
KDFX20030313-21,KDFX20030314_012103,2,1.500,1.200,1240,0,323.158
KDFX20030313-21,KDFX20030314_012103,4,2.400,1.200,1258,0,0.817
KDFX20030313-21,KDFX20030314_012653,0,0.400,1.200,1387,0,925.255
KDFX20030313-21,KDFX20030314_012653,2,1.600,1.200,1371,0,437.180
KDFX20030313-21,KDFX20030314_012653,4,2.300,1.200,1347,0,0.846
KDFX20030313-24,KDFX20030314_015010,0,0.400,1.200,3090,0,24447.127
KDFX20030313-24,KDFX20030314_015010,2,1.500,1.200,3103,0,4.677
KDFX20030313-24,KDFX20030314_015600,0,0.400,1.200,5286,3,151627.614
KDFX20030313-24,KDFX20030314_015600,2,1.600,1.200,5292,0,8.107
KDFX20030313-7,KDFX20030314_001108,0,0.400,1.200,1238,0,10247.429
KDFX20030313-7,KDFX20030314_001108,2,1.400,1.200,1239,0,266.132
KDFX20030313-7,KDFX20030314_001108,4,2.500,1.200,1242,0,37.887
KDFX20030313-7,KDFX20030314_001108,5,3.400,1.200,1244,0,2.096
KDFX20030313-7,KDFX20030314_001108,6,4.200,1.200,1245,0,0.332
KDFX20030313-7,KDFX20030314_001108,7,6.000,1.200,1247,0,0.160
KDFX20030313-11,KDFX20030314_003428,0,0.400,1.200,746,0,41456.190
KDFX20030313-11,KDFX20030314_003428,2,1.500,1.200,746,0,289.697
KDFX20030313-11,KDFX20030314_003428,4,2.300,1.200,747,0,111.155
KDFX20030313-11,KDFX20030314_003428,5,3.200,1.200,747,0,9.682
KDFX20030313-11,KDFX20030314_003428,6,4.300,1.200,746,0,0.770
KDFX20030313-11,KDFX20030314_003428,7,5.900,1.200,746,0,0.098
KDFX20030313-12,KDFX20030314_003428,0,0.400,1.200,484,0,1901.087
KDFX20030313-12,KDFX20030314_003428,2,1.500,1.200,482,0,364.267
KDFX20030313-12,KDFX20030314_003428,4,2.300,1.200,480,0,2.114
KDFX20030313-12,KDFX20030314_003428,5,3.200,1.200,479,0,0.109
KDFX20030313-12,KDFX20030314_003428,6,4.300,1.200,481,0,0.387
KDFX20030313-12,KDFX20030314_003428,7,5.900,1.200,479,0,0.061
KDFX20030313-13,KDFX20030314_004017,0,0.400,1.200,649,0,22479.468
KDFX20030313-13,KDFX20030314_004017,2,1.500,1.200,649,0,83566.532
KDFX20030313-13,KDFX20030314_004017,4,2.300,1.200,647,0,89793.039
KDFX20030313-13,KDFX20030314_004017,5,3.300,1.200,646,0,22207.349
KDFX20030313-16,KDFX20030314_005156,0,0.400,1.200,392,0,1076.810
KDFX20030313-16,KDFX20030314_005156,2,1.600,1.200,390,0,0.269
KDFX20030313-16,KDFX20030314_005156,4,2.300,1.200,388,0,0.267
KDFX20030313-23,KDFX20030314_012653,0,0.400,1.200,4779,0,12609.463
KDFX20030313-23,KDFX20030314_012653,2,1.600,1.200,4776,0,9.185
KDFX20030313-25,KDFX20030314_020150,0,0.400,1.200,308,0,78095.257
KDFX20030313-25,KDFX20030314_020150,2,1.500,1.200,307,0,56.030
KDFX20030313-25,KDFX20030314_020150,4,2.400,1.200,306,0,307.728
KDFX20030313-25,KDFX20030314_020150,5,3.400,1.200,309,0,9.050
KDFX20030313-25,KDFX20030314_020150,6,4.200,1.200,308,0,0.082
KDFX20030313-26,KDFX20030314_020740,0,0.400,1.200,8750,864,445836.853
KDFX20030313-26,KDFX20030314_020740,2,1.600,1.200,8746,580,365959.573
KDFX20030313-26,KDFX20030314_020740,4,2.300,1.200,8745,579,322970.698
KDFX20030313-26,KDFX20030314_020740,5,3.300,1.200,8758,585,312983.975
KDFX20030313-26,KDFX20030314_020740,6,4.100,1.200,8766,594,296704.543
KDFX20030313-26,KDFX20030314_020740,7,5.900,1.200,8796,482,225248.212
KDFX20030313-26,KDFX20030314_020740,8,10.200,1.200,8849,354,271491.692
KDFX20030313-27,KDFX20030314_021330,0,0.400,1.200,3545,0,5580.998
KDFX20030313-27,KDFX20030314_021330,2,1.500,1.200,3554,0,5.906
KDFX20030313-28,KDFX20030314_024238,0,0.400,1.200,8415,0,16891.737
KDFX20030313-28,KDFX20030314_024238,2,1.600,1.200,8444,0,45.053
